inicializar --t 360
agregarAgente --RioNegroNoLineal
103.68 103.68 103.68 103.68 103.68 103.68 103.68 103.68 103.68 103.68 103.68 103.68 103.68 103.68 103.68 103.68 103.68 103.68 103.68 103.68 103.68 104.48 105.28 106.08 106.88 107.68 108.48 108.48 108.48 109.88 111.28 112.68 114.08 115.48 116.88 116.88 116.88 118.28 119.68 121.08 122.48 123.88 125.28 125.28 125.28 126.72 128.16 129.6 131.04 132.48 133.92 133.92 133.92 135.34 136.76 138.18 139.6 141.02 142.44 142.44 142.44 143.84 145.24 146.64 148.04 149.44 150.84 150.84 150.84 152.24 153.64 155.04 156.44 157.84 159.24 159.24 159.24 160.64 162.04 163.44 164.84 166.24 167.64 167.64 167.64 169.06 170.48 171.9 173.32 174.74 176.16 176.16 176.16 177.6 179.04 180.48 181.92 183.36 184.8 184.8 184.8 186.2 187.6 189.0 190.4 191.8 193.2 193.2 193.2 194.6 196.0 197.4 198.8 200.2 201.6 201.6 201.6 202.4 203.2 204.0 204.8 205.6 206.4 206.4 206.4 206.4 206.4 206.4 206.4 206.4 206.4 206.4 206.4 206.4 206.4 206.4 206.4 206.4 206.4 206.4 206.4 206.4 206.4 206.4 206.4 206.4 206.4 206.4 206.4 206.4 206.4 206.4 206.4 206.4 206.4 206.4 206.4 206.4 206.4 206.4 206.4 206.4 206.4 206.4 206.4 206.4 206.4 206.4 206.4 206.4 206.4 206.4 206.4 206.4 206.4 206.4 206.4 206.4 206.4 206.4 206.4 206.4 206.4 206.4 206.4 206.4 206.4 206.4 206.4 209.52 212.64 215.76 218.88 222.0 225.12 225.12 225.12 230.66 236.2 241.74 247.28 252.82 258.36 258.36 258.36 263.92 269.48 275.04 280.6 286.16 291.72 291.72 291.72 297.26 302.8 308.34 313.88 319.42 324.96 324.96 324.96 330.5 336.04 341.58 347.12 352.66 358.2 358.2 358.2 363.76 369.32 374.88 380.44 386.0 391.56 391.56 391.56 397.04 402.52 408.0 413.48 418.96 424.44 424.44 424.44 430.0 435.56 441.12 446.68 452.24 457.8 457.8 457.8 463.34 468.88 474.42 479.96 485.5 491.04 491.04 491.04 496.58 502.12 507.66 513.2 518.74 524.28 524.28 524.28 529.84 535.4 540.96 546.52 552.08 557.64 557.64 557.64 563.18 568.72 574.26 579.8 585.34 590.88 590.88 590.88 594.0 597.12 600.24 603.36 606.48 609.6 609.6 609.6 609.6 609.6 609.6 609.6 609.6 609.6 609.6 609.6 609.6 609.6 609.6 609.6 609.6 609.6 609.6 609.6 609.6 609.6 609.6 609.6 609.6 609.6 609.6 609.6 609.6 609.6 609.6 609.6 609.6 609.6 609.6 609.6 609.6 609.6 609.6 609.6 609.6 609.6 609.6 609.6 609.6 609.6 609.6 609.6 609.6 609.6 609.6 609.6 609.6 609.6 609.6 609.6 609.6 609.6 609.6 609.6 609.6 609.6 609.6 609.6 609.6 609.6 609.6 609.6 611.44 613.28 615.12
0 0 0 0 0 0 0 0 0 0 0 0 0 0 0 0 0 0 0 0 0 0.05 0.1 0.16 0.21 0.26 0.31 0.31 0.31 0.42 0.52 0.62 0.73 0.83 0.94 0.94 0.94 1.05 1.17 1.28 1.4 1.51 1.62 1.62 1.62 1.72 1.81 1.91 2.0 2.09 2.19 2.19 2.19 2.29 2.4 2.5 2.6 2.71 2.81 2.81 2.81 2.91 3.0 3.09 3.19 3.28 3.38 3.38 3.38 3.5 3.62 3.75 3.88 4.0 4.12 4.12 4.12 4.22 4.31 4.41 4.5 4.59 4.69 4.69 4.69 4.79 4.9 5.0 5.1 5.21 5.31 5.31 5.31 5.41 5.5 5.59 5.69 5.78 5.88 5.88 5.88 5.99 6.1 6.22 6.33 6.45 6.56 6.56 6.56 6.67 6.77 6.88 6.98 7.08 7.19 7.19 7.19 7.24 7.29 7.34 7.4 7.45 7.5 7.5 7.5 7.5 7.5 7.5 7.5 7.5 7.5 7.5 7.5 7.5 7.5 7.5 7.5 7.5 7.5 7.5 7.5 7.5 7.5 7.5 7.5 7.5 7.5 7.5 7.5 7.5 7.5 7.5 7.5 7.5 7.5 7.5 7.5 7.5 7.5 7.5 7.5 7.5 7.5 7.5 7.5 7.5 7.5 7.5 7.5 7.5 7.5 7.5 7.5 7.5 7.5 7.5 7.5 7.5 7.5 7.5 7.5 7.5 7.5 7.5 7.5 7.5 7.5 7.5 7.5 7.77 8.04 8.31 8.58 8.85 9.12 9.12 9.12 9.59 10.06 10.53 11.0 11.47 11.94 11.94 11.94 12.42 12.9 13.38 13.85 14.33 14.81 14.81 14.81 15.28 15.75 16.22 16.69 17.16 17.62 17.62 17.62 18.09 18.56 19.03 19.5 19.97 20.44 20.44 20.44 20.92 21.4 21.88 22.35 22.83 23.31 23.31 23.31 23.79 24.27 24.75 25.23 25.71 26.19 26.19 26.19 26.67 27.15 27.62 28.1 28.58 29.06 29.06 29.06 29.53 30.0 30.47 30.94 31.41 31.88 31.88 31.88 32.34 32.81 33.28 33.75 34.22 34.69 34.69 34.69 35.17 35.65 36.12 36.6 37.08 37.56 37.56 37.56 38.03 38.5 38.97 39.44 39.91 40.38 40.38 40.38 40.65 40.92 41.19 41.46 41.73 42.0 42.0 42.0 42.0 42.0 42.0 42.0 42.0 42.0 42.0 42.0 42.0 42.0 42.0 42.0 42.0 42.0 42.0 42.0 42.0 42.0 42.0 42.0 42.0 42.0 42.0 42.0 42.0 42.0 42.0 42.0 42.0 42.0 42.0 42.0 42.0 42.0 42.0 42.0 42.0 42.0 42.0 42.0 42.0 42.0 42.0 42.0 42.0 42.0 42.0 42.0 42.0 42.0 42.0 42.0 42.0 42.0 42.0 42.0 42.0 42.0 42.0 42.0 42.0 42.0 42.0 42.0 41.69 41.38 41.06
111.8 111.8 111.8 111.8 111.8 111.8 111.8 111.8 111.8 111.8 111.8 111.8 111.8 111.8 111.8 111.8 111.8 111.8 111.8 111.8 111.8 112.14 112.47 112.81 113.14 113.48 113.82 113.82 113.82 114.44 115.07 115.7 116.32 116.95 117.58 117.58 117.58 118.21 118.83 119.46 120.09 120.71 121.34 121.34 121.34 121.97 122.59 123.22 123.85 124.48 125.1 125.1 125.1 125.71 126.31 126.92 127.52 128.13 128.73 128.73 128.73 129.36 129.99 130.61 131.24 131.87 132.49 132.49 132.49 133.12 133.75 134.38 135.0 135.63 136.26 136.26 136.26 136.88 137.51 138.14 138.76 139.39 140.02 140.02 140.02 140.62 141.23 141.83 142.44 143.04 143.65 143.65 143.65 144.27 144.9 145.53 146.16 146.78 147.41 147.41 147.41 148.04 148.66 149.29 149.92 150.54 151.17 151.17 151.17 151.8 152.43 153.05 153.68 154.31 154.93 154.93 154.93 155.27 155.61 155.94 156.28 156.61 156.95 156.95 156.95 156.95 156.95 156.95 156.95 156.95 156.95 156.95 156.95 156.95 156.95 156.95 156.95 156.95 156.95 156.95 156.95 156.95 156.95 156.95 156.95 156.95 156.95 156.95 156.95 156.95 156.95 156.95 156.95 156.95 156.95 156.95 156.95 156.95 156.95 156.95 156.95 156.95 156.95 156.95 156.95 156.95 156.95 156.95 156.95 156.95 156.95 156.95 156.95 156.95 156.95 156.95 156.95 156.95 156.95 156.95 156.95 156.95 156.95 156.95 156.95 156.95 156.95 156.95 156.95 155.7 154.44 153.19 151.93 150.68 149.42 149.42 149.42 147.27 145.12 142.97 140.83 138.67 136.53 136.53 136.53 134.38 132.22 130.07 127.92 125.77 123.62 123.62 123.62 121.48 119.33 117.17 115.02 112.88 110.72 110.72 110.72 108.58 106.42 104.28 102.12 99.98 97.83 97.83 97.83 95.67 93.52 91.38 89.23 87.08 84.92 84.92 84.92 82.77 80.62 78.47 76.32 74.17 72.02 72.02 72.02 69.87 67.72 65.57 63.42 61.27 59.12 59.12 59.12 56.98 54.82 52.67 50.52 48.38 46.23 46.23 46.23 44.07 41.93 39.77 37.62 35.47 33.32 33.32 33.32 31.17 29.02 26.88 24.72 22.57 20.43 20.43 20.43 18.28 16.12 13.97 11.83 9.67 7.52 7.52 7.52 6.27 5.02 3.76 2.51 1.25 0 0 0 0 0 0 0 0 0 0 0 0 0 0 0 0 0 0 0 0 0 0 0 0 0 0 0 0 0 0 0 0 0 0 0 0 0 0 0 0 0 0 0 0 0 0 0 0 0 0 0 0 0 0 0 0 0 0 0 0 0 0 0 0 0 0 0 1.07 2.15 3.22
6593288000.0
118
1487.0 1561.81037567084 1636.62075134168 1711.43112701252 1786.24150268336 1861.0518783542 1935.86225402504 2010.67262969589 2085.48300536673 2160.29338103757 2235.10375670841 2309.91413237925 2384.72450805009 2459.53488372093 2534.34525939177 2609.15563506261 2683.96601073345 2758.77638640429 2833.58676207513 2908.39713774597 2983.20751341682 3058.01788908766 3132.8282647585 3207.63864042934 3282.44901610018 3357.25939177102 3432.06976744186 3506.8801431127 3581.69051878354 3656.50089445438 3731.31127012522 3806.12164579606 3880.93202146691 3955.74239713775 4030.55277280859 4105.36314847943 4180.17352415027 4254.98389982111 4329.79427549195 4404.60465116279 4479.415026833631 4554.225402504469 4629.03577817531 4703.84615384615 4778.65652951699 4853.46690518784 4928.27728085868 5003.08765652952 5077.89803220036 5152.708407871201 5227.51878354204 5302.32915921288 5377.13953488372 5451.94991055456 5526.7602862254 5601.57066189624 5676.38103756708 5751.191413237921 5826.00178890877 5900.81216457961 5975.622540250451 6050.43291592129 6125.24329159213 6200.053667262971 6274.86404293381 6349.674418604651 6424.48479427549 6499.29516994633 6574.105545617171 6648.91592128801 6723.726296958859 6798.536672629701 6873.34704830054 6948.157423971379 7022.967799642221 7097.778175313059 7172.588550983901 7247.39892665474 7322.209302325579 7397.019677996421 7471.83005366726 7546.640429338099 7621.45080500894 7696.26118067979 7771.07155635063 7845.88193202147 7920.692307692309 7995.50268336315 8070.31305903399 8145.123434704829 8219.93381037567 8294.74418604651 8369.55456171735 8444.36493738819 8519.17531305903 8593.98568872987 8668.79606440071 8743.60644007156 8818.416815742401 8893.22719141324 8968.03756708408 9042.847942754921 9117.65831842576 9192.4686940966 9267.27906976744 9342.08944543828 9416.89982110912 9491.71019677996 9566.520572450809 9641.330948121651 9716.14132379249 9790.95169946333 9865.762075134171 9940.57245080501 10015.382826475801 10090.1932021466 10165.003577817499 10239.8139534883
4624927.02417817 9135530.41272472 13419322.62762 17480094.1443462 21321871.998902 24948919.7878027 28365737.6680797 31577062.357281398 34587867.1334723 37403361.8352335 40028992.8616625 42470443.1723736 44733632.28749719 46824716.2876805 48750087.8140868 50516376.06839629 52130446.8128055 53599402.3700274 54930581.6232913 56131560.0163433 57210149.553445905 58174398.7993779 59032592.8794348 59793253.4794284 60465138.845687196 61057243.78505611 61578799.6648963 62039186.8265237 62447496.6523991 62812093.6333179 63140527.7818487 63439858.7621584 63721892.161006995 63994945.2877153 64259018.1422833 64514110.7247109 64760223.0349983 64997355.0731453 65225506.839151904 65444678.3330183 65654869.5547443 65856080.504329994 66050117.0908939 66239037.3307628 66423093.331145294 66602285.0920414 66776612.61345109 66946075.895374395 67110674.9378114 67270409.7407619 67425280.3042261 67575286.6282038 67720428.71269521 67860706.5577002 67996120.16321869 68126669.5292509 68252354.6557967 68373175.5428561 68489132.19042909 68600224.5985158 68706452.767116 68807816.6962298 68904316.3858573 68995951.8359983 69082723.046653 69164630.0178212 69241672.7495031 69313851.2416986 69381165.4944077 69443615.50763041 69501201.2813667 69553922.8156166 69601780.1103802 69644773.1656573 69683445.08219649 69719283.8141053 69753267.318087 69785466.527459 69815961.8287953 69844841.8117744 69872197.0184199 69898113.69234121 69922672.5285812 69945948.6736165 69968011.7253575 69988925.7331481 70008749.1977662 70027535.0714231 70045330.75776389 70062178.1118674 70078113.4402461 70093167.5008461 70107365.9662811 70120731.74 70133287.2724561 70145055.0243399 70156057.4665797 70166317.08034119 70175856.3570279 70184697.7982806 70192863.9159779 70200377.2322359 70207260.2794082 70213535.600086 70219225.74709821 70224353.2835112 70228940.78262891 70233010.8279928 70236586.01338209 70239688.9428135 70242342.2305411 70244568.5010568 70246390.38909 70247830.5396077 70248911.60781449 70249656.2591524 70250087.1693012 70250227.0241781
61821.99972537829 58765.6419780349 55758.370940804 52803.3487488087 49903.73753717211 47062.699441017394 44283.396595467704 41568.9911356462 38922.645196676094 36347.5209136804 33846.7804217824 31423.585856105197 29081.0993517719 26822.4830439058 24650.8990676299 22569.509558067402 20581.476650341498 18689.9624795754 16898.1291808921 15209.138889414799 13626.1537402667 12152.3358685709 10790.847409450698 9544.8504980291 8417.50726942928 7411.9798587744 6531.43040118763 5776.679469911889 5139.18139066925 4608.04892730153 4172.39484365056 3829.99727443511 3709.95681133363 3589.91634823214 3469.87588513065 3349.83542202917 3229.79495892768 3109.7544958262 2989.71403272471 2869.67356962322 2749.63310652174 2629.59264342025 2557.83182340944 2492.81090294522 2427.789982481 2362.76906201679 2297.74814155257 2232.72722108835 2167.70630062413 2102.68538015991 2037.66445969569 1972.64353923147 1907.62261876725 1842.60169830303 1777.58077783881 1712.55985737459 1647.53893691037 1582.51801644615 1517.49709598194 1452.47617551772 1387.4552550535 1322.43433458928 1257.41341412506 1192.39249366084 1127.37157319662 1062.3506527324 997.32973226818 932.30881180396 867.28789133974 802.26697087552 737.2460504113 672.22512994708 607.20420948287 542.18328901865 491.68176492482 466.44019576201 442.08362000435 418.73840055879 396.53090033229 375.55406034632 355.76713408045 337.09595312877 319.46634908536 302.80415354432 287.03519809975 272.08531434573 257.88033387636 244.34608828572 231.40840916791 218.99312811701 207.02607672713 195.43308659234 184.15237351557 173.17169013496 162.49117329751 152.11095985019 142.03118663999 132.25199051387 122.77350831883 113.59587690184 104.71923310988 96.14371378993 87.86945578897 79.89659595399 72.22527113195 64.85561816985 57.78777391466 51.02187521336 44.55805891294 38.39646186036 32.53722090262 26.98047288668 21.72635465954 16.77500306817 12.12655495955 7.78114718066 3.73891657849 0
1695106000.0
0.000361
agregarAgente --SaltoGrande
0.000361
2032464238.0
9542.0 9596.0 9651.0 9705.0 9773.0 9786.0 9799.0 9812.0 9826.0 9839.0 9852.0 9865.0 9891.0 9904.0 9917.0 9930.0 9944.0 9957.0 9970.0 9983.0 10009.0 10022.0 10035.0 10048.0 10062.0 10075.0 10088.0 10101.0 10110.0 10106.0 10102.0 10097.0 10093.0 10089.0 10085.0 10081.0 10073.0 10068.0 10064.0 10060.0 10056.0 10052.0 10048.0 10043.0 10035.0 10031.0 10027.0 10023.0 10019.0 10014.0 10010.0 10006.0 9993.0 9984.0 9975.0 9966.0 9957.0 9948.0 9939.0 9930.0 9912.0 9903.0 9894.0 9885.0 9876.0 9867.0 9858.0 9849.0 9831.0 9822.0 9813.0 9804.0 9795.0 9786.0 9777.0 9768.0 9705.0 9651.0 9596.0 9542.0 9488.0 9434.0 9380.0 9326.0 9217.0 9163.0 9109.0 9055.0 9000.0 8946.0 8892.0 8838.0 8729.0 8675.0 8621.0 8567.0 8513.0 8459.0 8404.0 8350.0 8257.0 8218.0 8179.0 8140.0 8101.0 8062.0 8023.0 7984.0 7906.0 7867.0 7828.0 7789.0 7751.0 7712.0 7673.0 7634.0 7556.0 7517.0 7478.0 7439.0 7400.0 7361.0 7322.0 7283.0 7210.0 7177.0 7143.0 7109.0 7075.0 7042.0 7008.0 6974.0 6907.0 6873.0 6839.0 6805.0 6772.0 6738.0 6704.0 6670.0 6603.0 6569.0 6535.0 6502.0 6468.0 6434.0 6400.0 6367.0 6302.0 6271.0 6240.0 6208.0 6177.0 6146.0 6115.0 6084.0 6022.0 5990.0 5959.0 5928.0 5897.0 5866.0 5835.0 5803.0 5741.0 5710.0 5679.0 5648.0 5617.0 5585.0 5554.0 5523.0 5481.0 5470.0 5459.0 5448.0 5437.0 5426.0 5415.0 5404.0 5382.0 5371.0 5360.0 5349.0 5339.0 5328.0 5317.0 5306.0 5284.0 5273.0 5262.0 5251.0 5240.0 5229.0 5218.0 5207.0 5196.0 5195.0 5195.0 5194.0 5194.0 5194.0 5193.0 5193.0 5192.0 5192.0 5191.0 5191.0 5190.0 5190.0 5189.0 5189.0 5188.0 5188.0 5187.0 5187.0 5187.0 5186.0 5186.0 5185.0 5187.0 5190.0 5192.0 5194.0 5197.0 5199.0 5201.0 5204.0 5208.0 5211.0 5213.0 5215.0 5218.0 5220.0 5222.0 5225.0 5229.0 5232.0 5234.0 5236.0 5239.0 5241.0 5243.0 5246.0 5252.0 5257.0 5261.0 5265.0 5269.0 5274.0 5278.0 5282.0 5291.0 5295.0 5299.0 5303.0 5308.0 5312.0 5316.0 5320.0 5329.0 5333.0 5337.0 5342.0 5346.0 5350.0 5354.0 5359.0 5354.0 5346.0 5337.0 5328.0 5319.0 5311.0 5302.0 5293.0 5276.0 5267.0 5259.0 5250.0 5241.0 5232.0 5224.0 5215.0 5198.0 5189.0 5180.0 5172.0 5163.0 5154.0 5145.0 5137.0 5126.0 5123.0 5121.0 5118.0 5116.0 5113.0 5111.0 5108.0 5103.0 5101.0 5098.0 5096.0 5093.0 5091.0 5088.0 5086.0 5081.0 5078.0 5076.0 5073.0 5071.0 5068.0 5066.0 5063.0 5058.0 5055.0 5052.0 5049.0 5047.0 5044.0 5041.0 5038.0 5032.0 5029.0 5026.0 5023.0 5021.0 5018.0 5015.0 5012.0 5006.0 5003.0 5000.0 4997.0 4995.0 4992.0 4989.0 4986.0 4984.0 4984.0 4985.0 4986.0 4986.0 4987.0 4987.0 4988.0 4989.0 4990.0 4991.0 4991.0 4992.0 4992.0 4993.0 4994.0 4995.0 4996.0 4996.0 4997.0
agregarAgente --UnidadTermicaSimple
200.0
100.0
agregarAgente --DemandaFija
776.0 751.0 725.0 710.0 699.0 729.0 759.0 787.0 817.0 847.0 877.0 881.0 890.0 907.0 923.0 940.0 957.0 974.0 991.0 996.0 993.0 970.0 948.0 925.0 903.0 879.0 857.0 847.0 828.0 822.0 815.0 810.0 803.0 797.0 791.0 781.0 780.0 790.0 800.0 808.0 819.0 828.0 839.0 847.0 853.0 844.0 837.0 829.0 822.0 815.0 806.0 803.0 806.0 818.0 829.0 842.0 853.0 866.0 877.0 883.0 893.0 902.0 912.0 920.0 930.0 939.0 949.0 954.0 948.0 939.0 930.0 921.0 912.0 904.0 895.0 885.0 886.0 902.0 919.0 936.0 953.0 970.0 987.0 998.0 1017.0 1042.0 1067.0 1093.0 1119.0 1145.0 1171.0 1179.0 1187.0 1165.0 1142.0 1120.0 1098.0 1074.0 1052.0 1052.0 1045.0 1042.0 1040.0 1037.0 1035.0 1032.0 1029.0 1021.0 1011.0 1026.0 1040.0 1054.0 1068.0 1082.0 1096.0 1094.0 1097.0 1081.0 1065.0 1050.0 1033.0 1018.0 1002.0 1007.0 1015.0 1013.0 1011.0 1009.0 1007.0 1005.0 1003.0 1007.0 1014.0 1003.0 990.0 978.0 966.0 954.0 942.0 945.0 947.0 945.0 944.0 942.0 940.0 938.0 937.0 936.0 937.0 943.0 950.0 956.0 962.0 970.0 975.0 976.0 977.0 977.0 979.0 980.0 981.0 983.0 985.0 983.0 976.0 961.0 945.0 930.0 915.0 900.0 884.0 878.0 869.0 864.0 859.0 855.0 849.0 844.0 838.0 835.0 832.0 843.0 853.0 864.0 875.0 886.0 898.0 898.0 893.0 853.0 813.0 773.0 733.0 692.0 653.0 647.0 638.0 634.0 631.0 628.0 624.0 620.0 618.0 613.0 615.0 625.0 634.0 645.0 655.0 664.0 674.0 680.0 679.0 669.0 658.0 648.0 638.0 628.0 617.0 611.0 615.0 626.0 636.0 646.0 658.0 668.0 679.0 690.0 698.0 697.0 695.0 694.0 692.0 691.0 690.0 688.0 680.0 675.0 670.0 665.0 659.0 655.0 649.0 643.0 643.0 643.0 643.0 642.0 642.0 642.0 641.0 648.0 655.0 662.0 668.0 676.0 682.0 689.0 695.0 696.0 685.0 677.0 668.0 659.0 651.0 642.0 633.0 622.0 618.0 653.0 688.0 722.0 757.0 791.0 826.0 833.0 842.0 856.0 870.0 884.0 897.0 911.0 926.0 929.0 912.0 868.0 825.0 781.0 738.0 694.0 651.0 632.0 619.0 634.0 649.0 664.0 680.0 695.0 711.0 716.0 729.0 747.0 765.0 783.0 801.0 820.0 838.0 847.0 841.0 816.0 791.0 767.0 742.0 718.0 693.0 679.0 673.0 682.0 692.0 701.0 711.0 720.0 730.0 738.0 749.0 756.0 763.0 770.0 776.0 783.0 790.0 793.0 781.0 759.0 738.0 716.0 694.0 672.0 651.0 635.0 620.0 628.0 635.0 642.0 649.0 656.0 664.0 664.0 668.0 676.0 683.0 690.0 697.0 704.0 712.0 717.0 713.0 691.0 667.0 644.0
crearDespacho --mercado --conDemandaTotal
4
0.02 0.07 0.145 1.0
370.0 600.0 2400.0 4000.0
1082.1 1047.2 1011.0 990.1 974.7 1016.6 1058.4 1097.4 1139.3 1181.1 1222.9 1228.5 1241.1 1264.8 1287.1 1310.8 1334.5 1358.2 1381.9 1388.9 1384.7 1352.6 1322.0 1289.9 1259.2 1225.7 1195.1 1181.1 1154.6 1146.2 1136.5 1129.5 1119.8 1111.4 1103.0 1089.1 1087.7 1101.6 1115.6 1126.7 1142.1 1154.6 1170.0 1181.1 1189.5 1176.9 1167.2 1156.0 1146.2 1136.5 1123.9 1119.8 1123.9 1140.7 1156.0 1174.1 1189.5 1207.6 1222.9 1231.3 1245.3 1257.8 1271.8 1282.9 1296.9 1309.4 1323.3 1330.3 1322.0 1309.4 1296.9 1284.3 1271.8 1260.6 1248.0 1234.1 1235.5 1257.8 1281.5 1305.2 1328.9 1352.6 1376.3 1391.7 1418.2 1453.0 1487.9 1524.1 1560.4 1596.7 1632.9 1644.1 1655.2 1624.6 1592.5 1561.8 1531.1 1497.7 1467.0 1467.0 1457.2 1453.0 1450.2 1446.1 1443.3 1439.1 1434.9 1423.7 1409.8 1430.7 1450.2 1469.8 1489.3 1508.8 1528.3 1525.5 1529.7 1507.4 1485.1 1464.2 1440.5 1419.6 1397.3 1404.2 1415.4 1412.6 1409.8 1407.0 1404.2 1401.4 1398.6 1404.2 1414.0 1398.6 1380.5 1363.8 1347.1 1330.3 1313.6 1317.8 1320.6 1317.8 1316.4 1313.6 1310.8 1308.0 1306.6 1305.2 1306.6 1315.0 1324.7 1333.1 1341.5 1352.6 1359.6 1361.0 1362.4 1362.4 1365.2 1366.6 1368.0 1370.8 1373.5 1370.8 1361.0 1340.1 1317.8 1296.9 1275.9 1255.0 1232.7 1224.3 1211.8 1204.8 1197.8 1192.3 1183.9 1176.9 1168.6 1164.4 1160.2 1175.5 1189.5 1204.8 1220.2 1235.5 1252.2 1252.2 1245.3 1189.5 1133.7 1077.9 1022.1 965.0 910.6 902.2 889.7 884.1 879.9 875.7 870.1 864.6 861.8 854.8 857.6 871.5 884.1 899.4 913.4 925.9 939.9 948.2 946.8 932.9 917.6 903.6 889.7 875.7 860.4 852.0 857.6 872.9 886.9 900.8 917.6 931.5 946.8 962.2 973.3 971.9 969.2 967.8 965.0 963.6 962.2 959.4 948.2 941.3 934.3 927.3 919.0 913.4 905.0 896.6 896.6 896.6 896.6 895.2 895.2 895.2 893.9 903.6 913.4 923.1 931.5 942.7 951.0 960.8 969.2 970.5 955.2 944.1 931.5 919.0 907.8 895.2 882.7 867.4 861.8 910.6 959.4 1006.8 1055.6 1103.0 1151.8 1161.6 1174.1 1193.7 1213.2 1232.7 1250.8 1270.4 1291.3 1295.5 1271.8 1210.4 1150.4 1089.1 1029.1 967.8 907.8 881.3 863.2 884.1 905.0 925.9 948.2 969.2 991.5 998.4 1016.6 1041.7 1066.8 1091.9 1117.0 1143.5 1168.6 1181.1 1172.7 1137.9 1103.0 1069.6 1034.7 1001.2 966.4 946.8 938.5 951.0 965.0 977.5 991.5 1004.0 1018.0 1029.1 1044.5 1054.2 1064.0 1073.7 1082.1 1091.9 1101.6 1105.8 1089.1 1058.4 1029.1 998.4 967.8 937.1 907.8 885.5 864.6 875.7 885.5 895.2 905.0 914.8 925.9 925.9 931.5 942.7 952.4 962.2 971.9 981.7 992.9 999.8 994.3 963.6 930.1 898.0
configurarSolver --Gurobi
resolver --noConstante ejecuciones/bancos/recombinados/v1/directo/completo/v1_completo_000346.csv
finalizar
