inicializar --t 360
agregarAgente --RioNegro
0.48 0.24 0 0 0 0 0 0 0 0 0 0 0 0 0 0 0 0 0 0 0 0 0 0 0 0 0 0 0 0 0 0 0 0 0 0 0 0 0 0 0 0 0 0 0 0 0 0 0 0 0 0 0 0 0 0 0 0 0 0 0 0 0 0 0 0 0 0 0 0 0 0 0 0 0 0 0 0 0 0 0 0 0 0 0 0 0 0 0 0 0 0 0 0 0 0 0 0 0 0 0 0 0 0 0 0 0 0 0 0 0 0 0 0 0 0 0 0 0 0 0 0 0 0 0 0 0 0 0 0 0 0 0 0 0 0 0 0 0 0 0 0 0 0 0 0 0 0 0 0 0 0 0 0 0 0 0 0 0 0 0 0 0 0 0 0 0 0 0 0 0 0 0 0 0 0 0 0 0 0 0 0 0 0 0 0 0 0 0 0 0 0 0 0 0 0 0 0 0 0 0 0 0 0 0 0 0 0 0 0 0 0 0 0 0 0 0 0 0 0 0 0 0 0 0 0 0 0 0 0 0 0 0 0 0 0 0 0 0 0 0 0 0 0 0 0 0 0 0 0 0 0 0 0 0 0 0 0 0 0 0 0 0 0 0 0 0 0 0 0 0 0 0 0 0 0 0 0 0 0 0 0 0 0 0 0 0 0 0 0 0 0 0 0 0 0 0 0 0 0 0 0 0 0 0 0 0 0 0 0 0 0 0 0 0 0 0 0 0 0 0 0 0 0 0 0 0 0 0 0 0 0 0 0 0 0 0 0 0 0 0 0 0 0 0 0 0 0 0 0 0 0 0 0 0 0 0 0 0 0
32.98 33.24 33.5 33.5 33.5 33.5 33.5 33.5 33.5 33.5 33.5 33.5 33.5 33.5 33.5 33.5 33.5 33.5 33.5 33.5 33.5 33.5 33.5 33.5 33.5 33.5 33.5 33.5 33.5 33.5 33.5 33.5 33.5 33.5 33.5 33.5 33.5 33.5 33.5 33.5 33.5 33.5 33.5 33.5 33.5 33.5 33.5 33.5 33.5 33.5 33.5 33.5 33.5 33.5 33.5 33.5 33.5 33.5 33.5 33.5 33.5 33.5 33.5 33.5 33.5 33.5 33.5 33.5 33.5 33.24 32.98 32.72 32.46 32.2 31.94 31.94 31.94 31.48 31.02 30.56 30.1 29.65 29.19 29.19 29.19 28.72 28.25 27.78 27.31 26.84 26.38 26.38 26.38 25.93 25.48 25.03 24.58 24.14 23.69 23.69 23.69 23.22 22.75 22.28 21.81 21.34 20.88 20.88 20.88 20.43 19.98 19.53 19.08 18.64 18.19 18.19 18.19 17.71 17.23 16.75 16.27 15.79 15.31 15.31 15.31 14.86 14.42 13.97 13.52 13.07 12.63 12.63 12.63 12.16 11.69 11.22 10.75 10.28 9.81 9.81 9.81 9.36 8.92 8.47 8.02 7.57 7.13 7.13 7.13 6.66 6.19 5.72 5.25 4.78 4.31 4.31 4.31 3.85 3.4 2.94 2.48 2.02 1.56 1.56 1.56 1.3 1.04 0.78 0.52 0.26 0 0 0 0 0 0 0 0 0 0 0 0 0 0 0 0 0 0 0 0 0 0 0 0 0 0 0 0 0 0 0 0 0 0 0 0 0 0 0 0 0 0 0 0 0 0 0 0 0 0 0 0 0 0 0 0 0 0 0 0 0 0 0 0 0 0 0 0.23 0.46 0.69 0.92 1.15 1.38 1.38 1.38 1.75 2.13 2.5 2.88 3.25 3.63 3.63 3.63 4.03 4.44 4.84 5.25 5.66 6.06 6.06 6.06 6.45 6.83 7.22 7.6 7.99 8.38 8.38 8.38 8.77 9.17 9.56 9.96 10.35 10.75 10.75 10.75 11.14 11.52 11.91 12.29 12.68 13.06 13.06 13.06 13.46 13.85 14.25 14.65 15.04 15.44 15.44 15.44 15.82 16.21 16.59 16.98 17.36 17.75 17.75 17.75 18.15 18.54 18.94 19.33 19.73 20.13 20.13 20.13 20.51 20.9 21.28 21.67 22.05 22.44 22.44 22.44 22.84 23.25 23.66 24.06 24.47 24.88 24.88 24.88 25.25 25.63 26.0 26.38 26.75 27.13 27.13 27.13 27.35 27.58 27.81 28.04 28.27 28.5 28.5 28.5 28.5 28.5 28.5 28.5 28.5 28.5 28.5 28.5 28.5 28.5 28.5 28.5 28.5 28.5 28.5 28.5 28.5 28.5 28.5
1.03 0.52 0 0 0 0 0 0 0 0 0 0 0 0 0 0 0 0 0 0 0 0 0 0 0 0 0 0 0 0 0 0 0 0 0 0 0 0 0 0 0 0 0 0 0 0 0 0 0 0 0 0 0 0 0 0 0 0 0 0 0 0 0 0 0 0 0 0 0 0.22 0.45 0.67 0.9 1.12 1.34 1.34 1.34 1.77 2.19 2.62 3.05 3.47 3.9 3.9 3.9 4.3 4.7 5.11 5.51 5.91 6.32 6.32 6.32 6.74 7.17 7.59 8.02 8.44 8.87 8.87 8.87 9.29 9.72 10.15 10.57 11.0 11.42 11.42 11.42 11.83 12.23 12.63 13.03 13.44 13.84 13.84 13.84 14.24 14.65 15.05 15.45 15.86 16.26 16.26 16.26 16.66 17.07 17.47 17.87 18.27 18.68 18.68 18.68 19.1 19.53 19.95 20.38 20.81 21.23 21.23 21.23 21.66 22.08 22.51 22.93 23.36 23.78 23.78 23.78 24.19 24.59 24.99 25.4 25.8 26.2 26.2 26.2 26.63 27.05 27.48 27.91 28.33 28.76 28.76 28.76 28.98 29.2 29.43 29.65 29.88 30.1 30.1 30.1 30.1 30.1 30.1 30.1 30.1 30.1 30.1 30.1 30.1 30.1 30.1 30.1 30.1 30.1 30.1 30.1 30.1 30.1 30.1 30.1 30.1 30.1 30.1 30.1 30.1 30.1 30.1 30.1 30.1 30.1 30.1 30.1 30.1 30.1 30.1 30.1 30.1 30.1 30.1 30.1 30.1 30.1 30.1 30.1 30.1 30.1 30.1 30.1 30.1 30.1 30.1 30.1 30.1 30.1 30.1 30.1 30.1 30.1 30.1 30.1 30.1 30.1 30.1 30.1 29.88 29.65 29.43 29.2 28.98 28.76 28.76 28.76 28.33 27.91 27.48 27.05 26.63 26.2 26.2 26.2 25.8 25.4 24.99 24.59 24.19 23.78 23.78 23.78 23.36 22.93 22.51 22.08 21.66 21.23 21.23 21.23 20.81 20.38 19.95 19.53 19.1 18.68 18.68 18.68 18.27 17.87 17.47 17.07 16.66 16.26 16.26 16.26 15.86 15.45 15.05 14.65 14.24 13.84 13.84 13.84 13.44 13.03 12.63 12.23 11.83 11.42 11.42 11.42 11.0 10.57 10.15 9.72 9.29 8.87 8.87 8.87 8.44 8.02 7.59 7.17 6.74 6.32 6.32 6.32 5.91 5.51 5.11 4.7 4.3 3.9 3.9 3.9 3.47 3.05 2.62 2.19 1.77 1.34 1.34 1.34 1.12 0.9 0.67 0.45 0.22 0 0 0 0 0 0 0 0 0 0 0 0 0 0 0 0 0 0 0 0 0 0
6621704071.0
879755606.0
0.00479
0.00479
agregarAgente --DemandaFija
174.8 156.13 137.45 137.45 137.45 181.55 225.65 269.75 313.85 357.95 402.05 402.05 402.05 371.71 341.38 311.04 280.7 250.36 220.03 220.03 220.03 193.25 166.48 139.7 112.93 86.15 59.38 59.38 59.38 77.0 94.63 112.25 129.88 147.5 165.13 165.13 165.13 222.11 279.1 336.09 393.08 450.06 507.05 507.05 507.05 490.57 474.1 457.63 441.15 424.68 408.2 408.2 408.2 423.85 439.5 455.15 470.8 486.45 502.1 502.1 502.1 502.35 502.6 502.85 503.1 503.35 503.6 503.6 503.6 431.53 359.45 287.38 215.3 143.23 71.15 71.15 71.15 92.38 113.6 134.83 156.05 177.28 198.5 198.5 198.5 232.38 266.25 300.13 334.0 367.88 401.75 401.75 401.75 417.93 434.1 450.28 466.45 482.63 498.8 498.8 498.8 527.39 555.98 584.56 613.15 641.74 670.33 670.33 670.33 671.69 673.05 674.41 675.78 677.14 678.5 678.5 678.5 644.99 611.48 577.96 544.45 510.94 477.42 477.42 477.42 502.25 527.08 551.9 576.73 601.55 626.38 626.38 626.38 647.96 669.55 691.14 712.73 734.31 755.9 755.9 755.9 670.44 584.98 499.51 414.05 328.59 243.13 243.13 243.13 275.1 307.08 339.05 371.03 403.0 434.98 434.98 434.98 467.29 499.6 531.91 564.23 596.54 628.85 628.85 628.85 602.81 576.78 550.74 524.7 498.66 472.63 472.63 472.63 496.51 520.4 544.29 568.18 592.06 615.95 615.95 615.95 620.51 625.08 629.64 634.2 638.76 643.33 643.33 643.33 588.83 534.33 479.83 425.33 370.83 316.33 316.33 316.33 349.58 382.83 416.08 449.33 482.58 515.83 515.83 515.83 501.9 487.98 474.05 460.13 446.2 432.28 432.28 432.28 394.15 356.03 317.9 279.78 241.65 203.53 203.53 203.53 242.39 281.25 320.11 358.98 397.84 436.7 436.7 436.7 425.26 413.83 402.39 390.95 379.51 368.08 368.08 368.08 332.05 296.03 260.0 223.98 187.95 151.93 151.93 151.93 191.98 232.03 272.08 312.13 352.18 392.23 392.23 392.23 413.84 435.45 457.06 478.68 500.29 521.9 521.9 521.9 478.98 436.05 393.13 350.2 307.28 264.35 264.35 264.35 298.18 332.0 365.83 399.65 433.48 467.3 467.3 467.3 462.96 458.63 454.29 449.95 445.61 441.28 441.28 441.28 410.33 379.38 348.43 317.48 286.53 255.58 255.58 255.58 268.83 282.08 295.33 308.58 321.83 335.08 335.08 335.08 332.88 330.68 328.48 326.28 324.08 321.88 321.88 321.88 300.36 278.85 257.34 235.83 214.31 192.8 192.8 192.8 232.63 272.45 312.28 352.1 391.93 431.75 431.75 431.75 429.03 426.3 423.58 420.85 418.13 415.4 415.4 415.4 384.91 354.43 323.94 293.45 262.96 232.48 232.48 232.48 280.78 329.08 377.38 425.68 473.98 522.28 522.28 522.28 531.04 539.8 548.56 557.33 566.09 574.85 574.85 574.85 532.16 489.48 446.79
crearDespacho --fija
3200.0
configurarSolver --Gurobi
resolver --noConstante ejecuciones/bancos/recombinados/v1/directo/simple/v1_simple_000430.csv
finalizar
