inicializar --t 360
agregarAgente --RioNegro
332.16 332.16 332.16 332.16 332.16 332.16 332.16 332.16 332.16 332.16 332.16 332.16 332.16 332.16 332.16 332.16 332.16 332.16 332.16 332.16 332.16 330.72 329.28 327.84 326.4 324.96 323.52 323.52 323.52 320.82 318.12 315.42 312.72 310.02 307.32 307.32 307.32 304.74 302.16 299.58 297.0 294.42 291.84 291.84 291.84 289.22 286.6 283.98 281.36 278.74 276.12 276.12 276.12 273.46 270.8 268.14 265.48 262.82 260.16 260.16 260.16 257.6 255.04 252.48 249.92 247.36 244.8 244.8 244.8 242.08 239.36 236.64 233.92 231.2 228.48 228.48 228.48 225.92 223.36 220.8 218.24 215.68 213.12 213.12 213.12 210.46 207.8 205.14 202.48 199.82 197.16 197.16 197.16 194.54 191.92 189.3 186.68 184.06 181.44 181.44 181.44 178.86 176.28 173.7 171.12 168.54 165.96 165.96 165.96 163.26 160.56 157.86 155.16 152.46 149.76 149.76 149.76 148.32 146.88 145.44 144.0 142.56 141.12 141.12 141.12 141.12 141.12 141.12 141.12 141.12 141.12 141.12 141.12 141.12 141.12 141.12 141.12 141.12 141.12 141.12 141.12 141.12 141.12 141.12 141.12 141.12 141.12 141.12 141.12 141.12 141.12 141.12 141.12 141.12 141.12 141.12 141.12 141.12 141.12 141.12 141.12 141.12 141.12 141.12 141.12 141.12 141.12 141.12 141.12 141.12 141.12 141.12 141.12 141.12 141.12 141.12 141.12 141.12 141.12 141.12 141.12 141.12 141.12 141.12 141.12 141.12 141.12 141.12 141.12 146.0 150.88 155.76 160.64 165.52 170.4 170.4 170.4 179.04 187.68 196.32 204.96 213.6 222.24 222.24 222.24 230.9 239.56 248.22 256.88 265.54 274.2 274.2 274.2 282.86 291.52 300.18 308.84 317.5 326.16 326.16 326.16 334.82 343.48 352.14 360.8 369.46 378.12 378.12 378.12 386.78 395.44 404.1 412.76 421.42 430.08 430.08 430.08 438.72 447.36 456.0 464.64 473.28 481.92 481.92 481.92 490.58 499.24 507.9 516.56 525.22 533.88 533.88 533.88 542.54 551.2 559.86 568.52 577.18 585.84 585.84 585.84 594.5 603.16 611.82 620.48 629.14 637.8 637.8 637.8 646.46 655.12 663.78 672.44 681.1 689.76 689.76 689.76 698.4 707.04 715.68 724.32 732.96 741.6 741.6 741.6 746.48 751.36 756.24 761.12 766.0 770.88 770.88 770.88 770.88 770.88 770.88 770.88 770.88 770.88 770.88 770.88 770.88 770.88 770.88 770.88 770.88 770.88 770.88 770.88 770.88 770.88 770.88 770.88 770.88 770.88 770.88 770.88 770.88 770.88 770.88 770.88 770.88 770.88 770.88 770.88 770.88 770.88 770.88 770.88 770.88 770.88 770.88 770.88 770.88 770.88 770.88 770.88 770.88 770.88 770.88 770.88 770.88 770.88 770.88 770.88 770.88 770.88 770.88 770.88 770.88 770.88 770.88 770.88 770.88 770.88 770.88 770.88 773.84 776.8 779.76
0.8 0.8 0.8 0.8 0.8 0.8 0.8 0.8 0.8 0.8 0.8 0.8 0.8 0.8 0.8 0.8 0.8 0.8 0.8 0.8 0.8 0.8 0.8 0.8 0.8 0.8 0.8 0.8 0.8 0.8 0.8 0.8 0.8 0.8 0.8 0.8 0.8 0.8 0.8 0.8 0.8 0.8 0.8 0.8 0.8 0.8 0.8 0.8 0.8 0.8 0.8 0.8 0.8 0.8 0.8 0.8 0.8 0.8 0.8 0.8 0.8 0.8 0.8 0.8 0.8 0.8 0.8 0.8 0.8 0.67 0.53 0.4 0.27 0.13 0 0 0 0 0 0 0 0 0 0 0 0 0 0 0 0 0 0 0 0 0 0 0 0 0 0 0 0 0 0 0 0 0 0 0 0 0 0 0 0 0 0 0 0 0 0 0 0 0 0 0 0 0 0 0 0 0 0 0 0 0 0 0 0 0 0 0 0 0 0 0 0 0 0 0 0 0 0 0 0 0 0 0 0 0 0 0 0 0 0 0 0 0 0 0 0 0 0 0 0 0 0 0 0 0 0 0 0 0 0 0 0 0 0 0 0.47 0.93 1.4 1.87 2.33 2.8 2.8 2.8 3.65 4.5 5.35 6.2 7.05 7.9 7.9 7.9 8.72 9.53 10.35 11.17 11.98 12.8 12.8 12.8 13.65 14.5 15.35 16.2 17.05 17.9 17.9 17.9 18.73 19.57 20.4 21.23 22.07 22.9 22.9 22.9 23.73 24.57 25.4 26.23 27.07 27.9 27.9 27.9 28.73 29.57 30.4 31.23 32.07 32.9 32.9 32.9 33.73 34.57 35.4 36.23 37.07 37.9 37.9 37.9 38.73 39.57 40.4 41.23 42.07 42.9 42.9 42.9 43.75 44.6 45.45 46.3 47.15 48.0 48.0 48.0 48.82 49.63 50.45 51.27 52.08 52.9 52.9 52.9 53.75 54.6 55.45 56.3 57.15 58.0 58.0 58.0 58.47 58.93 59.4 59.87 60.33 60.8 60.8 60.8 60.8 60.8 60.8 60.8 60.8 60.8 60.8 60.8 60.8 60.8 60.8 60.8 60.8 60.8 60.8 60.8 60.8 60.8 60.8 60.8 60.8 60.8 60.8 60.8 60.8 60.8 60.8 60.8 60.8 60.8 60.8 60.8 60.8 60.8 60.8 60.8 60.8 60.8 60.8 60.8 60.8 60.8 60.8 60.8 60.8 60.8 60.8 60.8 60.8 60.8 60.8 60.8 60.8 60.8 60.8 60.8 60.8 60.8 60.8 60.8 60.8 60.8 60.8 60.8 61.77 62.73 63.7
401.1 401.1 401.1 401.1 401.1 401.1 401.1 401.1 401.1 401.1 401.1 401.1 401.1 401.1 401.1 401.1 401.1 401.1 401.1 401.1 401.1 398.45 395.79 393.14 390.48 387.83 385.17 385.17 385.17 380.42 375.67 370.91 366.16 361.4 356.65 356.65 356.65 351.93 347.2 342.47 337.75 333.02 328.3 328.3 328.3 323.58 318.85 314.13 309.4 304.68 299.95 299.95 299.95 295.2 290.44 285.69 280.93 276.18 271.42 271.42 271.42 266.73 262.03 257.34 252.64 247.95 243.25 243.25 243.25 238.47 233.68 228.9 224.12 219.33 214.55 214.55 214.55 209.85 205.16 200.46 195.77 191.07 186.38 186.38 186.38 181.62 176.87 172.11 167.36 162.6 157.85 157.85 157.85 153.13 148.4 143.68 138.95 134.23 129.5 129.5 129.5 124.77 120.05 115.32 110.6 105.88 101.15 101.15 101.15 96.4 91.64 86.89 82.13 77.38 72.63 72.63 72.63 69.97 67.32 64.66 62.01 59.35 56.7 56.7 56.7 56.7 56.7 56.7 56.7 56.7 56.7 56.7 56.7 56.7 56.7 56.7 56.7 56.7 56.7 56.7 56.7 56.7 56.7 56.7 56.7 56.7 56.7 56.7 56.7 56.7 56.7 56.7 56.7 56.7 56.7 56.7 56.7 56.7 56.7 56.7 56.7 56.7 56.7 56.7 56.7 56.7 56.7 56.7 56.7 56.7 56.7 56.7 56.7 56.7 56.7 56.7 56.7 56.7 56.7 56.7 56.7 56.7 56.7 56.7 56.7 56.7 56.7 56.7 56.7 56.6 56.5 56.39 56.29 56.19 56.09 56.09 56.09 55.9 55.71 55.52 55.33 55.14 54.95 54.95 54.95 54.76 54.57 54.38 54.19 54.0 53.81 53.81 53.81 53.65 53.49 53.33 53.17 53.01 52.85 52.85 52.85 52.66 52.47 52.28 52.09 51.9 51.71 51.71 51.71 51.54 51.36 51.19 51.01 50.84 50.66 50.66 50.66 50.46 50.25 50.05 49.85 49.64 49.44 49.44 49.44 49.26 49.09 48.91 48.74 48.56 48.39 48.39 48.39 48.2 48.01 47.82 47.63 47.44 47.25 47.25 47.25 47.09 46.93 46.77 46.61 46.45 46.29 46.29 46.29 46.1 45.91 45.72 45.53 45.34 45.15 45.15 45.15 44.96 44.77 44.58 44.39 44.2 44.01 44.01 44.01 43.91 43.81 43.71 43.6 43.5 43.4 43.4 43.4 43.4 43.4 43.4 43.4 43.4 43.4 43.4 43.4 43.4 43.4 43.4 43.4 43.4 43.4 43.4 43.4 43.4 43.4 43.4 43.4 43.4 43.4 43.4 43.4 43.4 43.4 43.4 43.4 43.4 43.4 43.4 43.4 43.4 43.4 43.4 43.4 43.4 43.4 43.4 43.4 43.4 43.4 43.4 43.4 43.4 43.4 43.4 43.4 43.4 43.4 43.4 43.4 43.4 43.4 43.4 43.4 43.4 43.4 43.4 43.4 43.4 43.4 43.4 43.4 48.55 53.7 58.84
4452102909.0
1690426309.0
0.00326
0.00633
agregarAgente --DemandaFija
75.1 47.25 19.4 19.4 19.4 52.05 84.7 117.35 150.0 182.65 215.3 215.3 215.3 180.46 145.62 110.78 75.93 41.09 6.25 6.25 6.25 6.25 6.25 6.25 6.25 6.25 6.25 6.25 6.25 8.74 11.23 13.73 16.22 18.71 21.2 21.2 21.2 20.42 19.63 18.85 18.07 17.28 16.5 16.5 16.5 14.79 13.08 11.38 9.67 7.96 6.25 6.25 6.25 9.34 12.43 15.53 18.62 21.71 24.8 24.8 24.8 31.15 37.5 43.85 50.2 56.55 62.9 62.9 62.9 60.81 58.72 56.63 54.53 52.44 50.35 50.35 50.35 103.41 156.47 209.53 262.58 315.64 368.7 368.7 368.7 360.9 353.1 345.3 337.5 329.7 321.9 321.9 321.9 277.92 233.93 189.95 145.97 101.98 58.0 58.0 58.0 103.18 148.37 193.55 238.73 283.92 329.1 329.1 329.1 318.98 308.87 298.75 288.63 278.52 268.4 268.4 268.4 236.23 204.07 171.9 139.73 107.57 75.4 75.4 75.4 98.73 122.07 145.4 168.73 192.07 215.4 215.4 215.4 233.02 250.63 268.25 285.87 303.48 321.1 321.1 321.1 291.17 261.23 231.3 201.37 171.43 141.5 141.5 141.5 118.96 96.42 73.88 51.33 28.79 6.25 6.25 6.25 28.42 50.58 72.75 94.92 117.08 139.25 139.25 139.25 129.06 118.87 108.68 98.48 88.29 78.1 78.1 78.1 72.73 67.37 62.0 56.63 51.27 45.9 45.9 45.9 56.18 66.45 76.73 87.0 97.27 107.55 107.55 107.55 93.06 78.57 64.08 49.58 35.09 20.6 20.6 20.6 51.45 82.3 113.15 144.0 174.85 205.7 205.7 205.7 217.72 229.73 241.75 253.77 265.78 277.8 277.8 277.8 234.09 190.38 146.68 102.97 59.26 15.55 15.55 15.55 56.07 96.58 137.1 177.62 218.13 258.65 258.65 258.65 259.98 261.3 262.63 263.95 265.28 266.6 266.6 266.6 226.32 186.03 145.75 105.47 65.18 24.9 24.9 24.9 65.35 105.8 146.25 186.7 227.15 267.6 267.6 267.6 268.37 269.13 269.9 270.67 271.43 272.2 272.2 272.2 233.98 195.77 157.55 119.33 81.12 42.9 42.9 42.9 75.82 108.73 141.65 174.57 207.48 240.4 240.4 240.4 252.55 264.7 276.85 289.0 301.15 313.3 313.3 313.3 263.33 213.35 163.38 113.4 63.43 13.45 13.45 13.45 37.18 60.9 84.63 108.35 132.08 155.8 155.8 155.8 169.25 182.7 196.15 209.6 223.05 236.5 236.5 236.5 206.51 176.52 146.53 116.53 86.54 56.55 56.55 56.55 81.58 106.62 131.65 156.68 181.72 206.75 206.75 206.75 229.13 251.52 273.9 296.28 318.67 341.05 341.05 341.05 302.22 263.4 224.58 185.75 146.92 108.1 108.1 108.1 111.66 115.22 118.78 122.33 125.89 129.45 129.45 129.45 164.74 200.03 235.33 270.62 305.91 341.2 341.2 341.2 302.03 262.87 223.7
crearDespacho --fija
1600.0
configurarSolver --Gurobi
resolver --noConstante ejecuciones/bancos/recombinados/v1/directo/simple/v1_simple_000014.csv
finalizar
