inicializar --t 360
agregarAgente --RioNegro
0.48 0.24 0 0 0 0 0 0 0 0 0 0 0 0 0 0 0 0 0 0 0 0 0 0 0 0 0 0 0 0 0 0 0 0 0 0 0 0 0 0 0 0 0 0 0 0 0 0 0 0 0 0 0 0 0 0 0 0 0 0 0 0 0 0 0 0 0 0 0 0 0 0 0 0 0 0 0 0 0 0 0 0 0 0 0 0 0 0 0 0 0 0 0 0 0 0 0 0 0 0 0 0 0 0 0 0 0 0 0 0 0 0 0 0 0 0 0 0 0 0 0 0 0 0 0 0 0 0 0 0 0 0 0 0 0 0 0 0 0 0 0 0 0 0 0 0 0 0 0 0 0 0 0 0 0 0 0 0 0 0 0 0 0 0 0 0 0 0 0 0 0 0 0 0 0 0 0 0 0 0 0 0 0 0 0 0 0 0 0 0 0 0 0 0 0 0 0 0 0 0 0 0 0 0 0 0 0 0 0 0 0 0 0 0 0 0 0 0 0 0 0 0 0 0 0 0 0 0 0 0 0 0 0 0 0 0 0 0 0 0 0 0 0 0 0 0 0 0 0 0 0 0 0 0 0 0 0 0 0 0 0 0 0 0 0 0 0 0 0 0 0 0 0 0 0 0 0 0 0 0 0 0 0 0 0 0 0 0 0 0 0 0 0 0 0 0 0 0 0 0 0 0 0 0 0 0 0 0 0 0 0 0 0 0 0 0 0 0 0 0 0 0 0 0 0 0 0 0 0 0 0 0 0 0 0 0 0 0 0 0 0 0 0 0 0 0 0 0 0 0 0 0 0 0 0 0 0 0 0 0
32.98 33.24 33.5 33.5 33.5 33.5 33.5 33.5 33.5 33.5 33.5 33.5 33.5 33.5 33.5 33.5 33.5 33.5 33.5 33.5 33.5 33.5 33.5 33.5 33.5 33.5 33.5 33.5 33.5 33.5 33.5 33.5 33.5 33.5 33.5 33.5 33.5 33.5 33.5 33.5 33.5 33.5 33.5 33.5 33.5 33.5 33.5 33.5 33.5 33.5 33.5 33.5 33.5 33.5 33.5 33.5 33.5 33.5 33.5 33.5 33.5 33.5 33.5 33.5 33.5 33.5 33.5 33.5 33.5 33.24 32.98 32.72 32.46 32.2 31.94 31.94 31.94 31.48 31.02 30.56 30.1 29.65 29.19 29.19 29.19 28.72 28.25 27.78 27.31 26.84 26.38 26.38 26.38 25.93 25.48 25.03 24.58 24.14 23.69 23.69 23.69 23.22 22.75 22.28 21.81 21.34 20.88 20.88 20.88 20.43 19.98 19.53 19.08 18.64 18.19 18.19 18.19 17.71 17.23 16.75 16.27 15.79 15.31 15.31 15.31 14.86 14.42 13.97 13.52 13.07 12.63 12.63 12.63 12.16 11.69 11.22 10.75 10.28 9.81 9.81 9.81 9.36 8.92 8.47 8.02 7.57 7.13 7.13 7.13 6.66 6.19 5.72 5.25 4.78 4.31 4.31 4.31 3.85 3.4 2.94 2.48 2.02 1.56 1.56 1.56 1.3 1.04 0.78 0.52 0.26 0 0 0 0 0 0 0 0 0 0 0 0 0 0 0 0 0 0 0 0 0 0 0 0 0 0 0 0 0 0 0 0 0 0 0 0 0 0 0 0 0 0 0 0 0 0 0 0 0 0 0 0 0 0 0 0 0 0 0 0 0 0 0 0 0 0 0 0.23 0.46 0.69 0.92 1.15 1.38 1.38 1.38 1.75 2.13 2.5 2.88 3.25 3.63 3.63 3.63 4.03 4.44 4.84 5.25 5.66 6.06 6.06 6.06 6.45 6.83 7.22 7.6 7.99 8.38 8.38 8.38 8.77 9.17 9.56 9.96 10.35 10.75 10.75 10.75 11.14 11.52 11.91 12.29 12.68 13.06 13.06 13.06 13.46 13.85 14.25 14.65 15.04 15.44 15.44 15.44 15.82 16.21 16.59 16.98 17.36 17.75 17.75 17.75 18.15 18.54 18.94 19.33 19.73 20.13 20.13 20.13 20.51 20.9 21.28 21.67 22.05 22.44 22.44 22.44 22.84 23.25 23.66 24.06 24.47 24.88 24.88 24.88 25.25 25.63 26.0 26.38 26.75 27.13 27.13 27.13 27.35 27.58 27.81 28.04 28.27 28.5 28.5 28.5 28.5 28.5 28.5 28.5 28.5 28.5 28.5 28.5 28.5 28.5 28.5 28.5 28.5 28.5 28.5 28.5 28.5 28.5 28.5
1.03 0.52 0 0 0 0 0 0 0 0 0 0 0 0 0 0 0 0 0 0 0 0 0 0 0 0 0 0 0 0 0 0 0 0 0 0 0 0 0 0 0 0 0 0 0 0 0 0 0 0 0 0 0 0 0 0 0 0 0 0 0 0 0 0 0 0 0 0 0 0.22 0.45 0.67 0.9 1.12 1.34 1.34 1.34 1.77 2.19 2.62 3.05 3.47 3.9 3.9 3.9 4.3 4.7 5.11 5.51 5.91 6.32 6.32 6.32 6.74 7.17 7.59 8.02 8.44 8.87 8.87 8.87 9.29 9.72 10.15 10.57 11.0 11.42 11.42 11.42 11.83 12.23 12.63 13.03 13.44 13.84 13.84 13.84 14.24 14.65 15.05 15.45 15.86 16.26 16.26 16.26 16.66 17.07 17.47 17.87 18.27 18.68 18.68 18.68 19.1 19.53 19.95 20.38 20.81 21.23 21.23 21.23 21.66 22.08 22.51 22.93 23.36 23.78 23.78 23.78 24.19 24.59 24.99 25.4 25.8 26.2 26.2 26.2 26.63 27.05 27.48 27.91 28.33 28.76 28.76 28.76 28.98 29.2 29.43 29.65 29.88 30.1 30.1 30.1 30.1 30.1 30.1 30.1 30.1 30.1 30.1 30.1 30.1 30.1 30.1 30.1 30.1 30.1 30.1 30.1 30.1 30.1 30.1 30.1 30.1 30.1 30.1 30.1 30.1 30.1 30.1 30.1 30.1 30.1 30.1 30.1 30.1 30.1 30.1 30.1 30.1 30.1 30.1 30.1 30.1 30.1 30.1 30.1 30.1 30.1 30.1 30.1 30.1 30.1 30.1 30.1 30.1 30.1 30.1 30.1 30.1 30.1 30.1 30.1 30.1 30.1 30.1 30.1 29.88 29.65 29.43 29.2 28.98 28.76 28.76 28.76 28.33 27.91 27.48 27.05 26.63 26.2 26.2 26.2 25.8 25.4 24.99 24.59 24.19 23.78 23.78 23.78 23.36 22.93 22.51 22.08 21.66 21.23 21.23 21.23 20.81 20.38 19.95 19.53 19.1 18.68 18.68 18.68 18.27 17.87 17.47 17.07 16.66 16.26 16.26 16.26 15.86 15.45 15.05 14.65 14.24 13.84 13.84 13.84 13.44 13.03 12.63 12.23 11.83 11.42 11.42 11.42 11.0 10.57 10.15 9.72 9.29 8.87 8.87 8.87 8.44 8.02 7.59 7.17 6.74 6.32 6.32 6.32 5.91 5.51 5.11 4.7 4.3 3.9 3.9 3.9 3.47 3.05 2.62 2.19 1.77 1.34 1.34 1.34 1.12 0.9 0.67 0.45 0.22 0 0 0 0 0 0 0 0 0 0 0 0 0 0 0 0 0 0 0 0 0 0
6621704071.0
879755606.0
0.00479
0.00479
agregarAgente --DemandaFija
369.77 323.21 276.65 276.65 276.65 306.71 336.77 366.83 396.88 426.94 457.0 457.0 457.0 473.48 489.97 506.45 522.93 539.42 555.9 555.9 555.9 528.94 501.98 475.03 448.07 421.11 394.15 394.15 394.15 415.78 437.42 459.05 480.68 502.32 523.95 523.95 523.95 544.38 564.8 585.23 605.65 626.07 646.5 646.5 646.5 588.8 531.1 473.4 415.7 358.0 300.3 300.3 300.3 311.41 322.52 333.63 344.73 355.84 366.95 366.95 366.95 378.77 390.58 402.4 414.22 426.03 437.85 437.85 437.85 387.84 337.83 287.83 237.82 187.81 137.8 137.8 137.8 194.65 251.5 308.35 365.2 422.05 478.9 478.9 478.9 471.72 464.53 457.35 450.17 442.98 435.8 435.8 435.8 376.32 316.83 257.35 197.87 138.38 78.9 78.9 78.9 119.58 160.27 200.95 241.63 282.32 323.0 323.0 323.0 323.51 324.02 324.53 325.03 325.54 326.05 326.05 326.05 289.83 253.62 217.4 181.18 144.97 108.75 108.75 108.75 168.92 229.1 289.28 349.45 409.63 469.8 469.8 469.8 445.96 422.12 398.28 374.43 350.59 326.75 326.75 326.75 274.83 222.9 170.98 119.05 67.13 15.2 15.2 15.2 32.5 49.8 67.1 84.4 101.7 119.0 119.0 119.0 140.99 162.98 184.98 206.97 228.96 250.95 250.95 250.95 261.47 271.98 282.5 293.02 303.53 314.05 314.05 314.05 332.01 349.97 367.93 385.88 403.84 421.8 421.8 421.8 407.48 393.17 378.85 364.53 350.22 335.9 335.9 335.9 316.83 297.77 278.7 259.63 240.57 221.5 221.5 221.5 235.61 249.72 263.83 277.93 292.04 306.15 306.15 306.15 295.1 284.05 273.0 261.95 250.9 239.85 239.85 239.85 216.7 193.55 170.4 147.25 124.1 100.95 100.95 100.95 153.72 206.48 259.25 312.02 364.78 417.55 417.55 417.55 447.53 477.5 507.48 537.45 567.43 597.4 597.4 597.4 555.27 513.13 471.0 428.87 386.73 344.6 344.6 344.6 375.52 406.43 437.35 468.27 499.18 530.1 530.1 530.1 515.08 500.07 485.05 470.03 455.02 440.0 440.0 440.0 402.33 364.65 326.98 289.3 251.63 213.95 213.95 213.95 250.89 287.83 324.78 361.72 398.66 435.6 435.6 435.6 441.28 446.97 452.65 458.33 464.02 469.7 469.7 469.7 409.66 349.62 289.58 229.53 169.49 109.45 109.45 109.45 143.17 176.9 210.63 244.35 278.08 311.8 311.8 311.8 339.72 367.63 395.55 423.47 451.38 479.3 479.3 479.3 462.49 445.68 428.88 412.07 395.26 378.45 378.45 378.45 392.6 406.75 420.9 435.05 449.2 463.35 463.35 463.35 456.12 448.88 441.65 434.42 427.18 419.95 419.95 419.95 398.03 376.12 354.2 332.28 310.37 288.45 288.45 288.45 327.33 366.2 405.08 443.95 482.83 521.7 521.7 521.7 535.24 548.78 562.33 575.87 589.41 602.95 602.95 602.95 574.82 546.7 518.58
crearDespacho --fija
1600.0
configurarSolver --Gurobi
resolver --noConstante ejecuciones/bancos/recombinados/v1/directo/simple/v1_simple_000072.csv
finalizar
