inicializar --t 360
agregarAgente --RioNegro
0.48 0.24 0 0 0 0 0 0 0 0 0 0 0 0 0 0 0 0 0 0 0 0 0 0 0 0 0 0 0 0 0 0 0 0 0 0 0 0 0 0 0 0 0 0 0 0 0 0 0 0 0 0 0 0 0 0 0 0 0 0 0 0 0 0 0 0 0 0 0 0 0 0 0 0 0 0 0 0 0 0 0 0 0 0 0 0 0 0 0 0 0 0 0 0 0 0 0 0 0 0 0 0 0 0 0 0 0 0 0 0 0 0 0 0 0 0 0 0 0 0 0 0 0 0 0 0 0 0 0 0 0 0 0 0 0 0 0 0 0 0 0 0 0 0 0 0 0 0 0 0 0 0 0 0 0 0 0 0 0 0 0 0 0 0 0 0 0 0 0 0 0 0 0 0 0 0 0 0 0 0 0 0 0 0 0 0 0 0 0 0 0 0 0 0 0 0 0 0 0 0 0 0 0 0 0 0 0 0 0 0 0 0 0 0 0 0 0 0 0 0 0 0 0 0 0 0 0 0 0 0 0 0 0 0 0 0 0 0 0 0 0 0 0 0 0 0 0 0 0 0 0 0 0 0 0 0 0 0 0 0 0 0 0 0 0 0 0 0 0 0 0 0 0 0 0 0 0 0 0 0 0 0 0 0 0 0 0 0 0 0 0 0 0 0 0 0 0 0 0 0 0 0 0 0 0 0 0 0 0 0 0 0 0 0 0 0 0 0 0 0 0 0 0 0 0 0 0 0 0 0 0 0 0 0 0 0 0 0 0 0 0 0 0 0 0 0 0 0 0 0 0 0 0 0 0 0 0 0 0 0
32.98 33.24 33.5 33.5 33.5 33.5 33.5 33.5 33.5 33.5 33.5 33.5 33.5 33.5 33.5 33.5 33.5 33.5 33.5 33.5 33.5 33.5 33.5 33.5 33.5 33.5 33.5 33.5 33.5 33.5 33.5 33.5 33.5 33.5 33.5 33.5 33.5 33.5 33.5 33.5 33.5 33.5 33.5 33.5 33.5 33.5 33.5 33.5 33.5 33.5 33.5 33.5 33.5 33.5 33.5 33.5 33.5 33.5 33.5 33.5 33.5 33.5 33.5 33.5 33.5 33.5 33.5 33.5 33.5 33.24 32.98 32.72 32.46 32.2 31.94 31.94 31.94 31.48 31.02 30.56 30.1 29.65 29.19 29.19 29.19 28.72 28.25 27.78 27.31 26.84 26.38 26.38 26.38 25.93 25.48 25.03 24.58 24.14 23.69 23.69 23.69 23.22 22.75 22.28 21.81 21.34 20.88 20.88 20.88 20.43 19.98 19.53 19.08 18.64 18.19 18.19 18.19 17.71 17.23 16.75 16.27 15.79 15.31 15.31 15.31 14.86 14.42 13.97 13.52 13.07 12.63 12.63 12.63 12.16 11.69 11.22 10.75 10.28 9.81 9.81 9.81 9.36 8.92 8.47 8.02 7.57 7.13 7.13 7.13 6.66 6.19 5.72 5.25 4.78 4.31 4.31 4.31 3.85 3.4 2.94 2.48 2.02 1.56 1.56 1.56 1.3 1.04 0.78 0.52 0.26 0 0 0 0 0 0 0 0 0 0 0 0 0 0 0 0 0 0 0 0 0 0 0 0 0 0 0 0 0 0 0 0 0 0 0 0 0 0 0 0 0 0 0 0 0 0 0 0 0 0 0 0 0 0 0 0 0 0 0 0 0 0 0 0 0 0 0 0.23 0.46 0.69 0.92 1.15 1.38 1.38 1.38 1.75 2.13 2.5 2.88 3.25 3.63 3.63 3.63 4.03 4.44 4.84 5.25 5.66 6.06 6.06 6.06 6.45 6.83 7.22 7.6 7.99 8.38 8.38 8.38 8.77 9.17 9.56 9.96 10.35 10.75 10.75 10.75 11.14 11.52 11.91 12.29 12.68 13.06 13.06 13.06 13.46 13.85 14.25 14.65 15.04 15.44 15.44 15.44 15.82 16.21 16.59 16.98 17.36 17.75 17.75 17.75 18.15 18.54 18.94 19.33 19.73 20.13 20.13 20.13 20.51 20.9 21.28 21.67 22.05 22.44 22.44 22.44 22.84 23.25 23.66 24.06 24.47 24.88 24.88 24.88 25.25 25.63 26.0 26.38 26.75 27.13 27.13 27.13 27.35 27.58 27.81 28.04 28.27 28.5 28.5 28.5 28.5 28.5 28.5 28.5 28.5 28.5 28.5 28.5 28.5 28.5 28.5 28.5 28.5 28.5 28.5 28.5 28.5 28.5 28.5
1.03 0.52 0 0 0 0 0 0 0 0 0 0 0 0 0 0 0 0 0 0 0 0 0 0 0 0 0 0 0 0 0 0 0 0 0 0 0 0 0 0 0 0 0 0 0 0 0 0 0 0 0 0 0 0 0 0 0 0 0 0 0 0 0 0 0 0 0 0 0 0.22 0.45 0.67 0.9 1.12 1.34 1.34 1.34 1.77 2.19 2.62 3.05 3.47 3.9 3.9 3.9 4.3 4.7 5.11 5.51 5.91 6.32 6.32 6.32 6.74 7.17 7.59 8.02 8.44 8.87 8.87 8.87 9.29 9.72 10.15 10.57 11.0 11.42 11.42 11.42 11.83 12.23 12.63 13.03 13.44 13.84 13.84 13.84 14.24 14.65 15.05 15.45 15.86 16.26 16.26 16.26 16.66 17.07 17.47 17.87 18.27 18.68 18.68 18.68 19.1 19.53 19.95 20.38 20.81 21.23 21.23 21.23 21.66 22.08 22.51 22.93 23.36 23.78 23.78 23.78 24.19 24.59 24.99 25.4 25.8 26.2 26.2 26.2 26.63 27.05 27.48 27.91 28.33 28.76 28.76 28.76 28.98 29.2 29.43 29.65 29.88 30.1 30.1 30.1 30.1 30.1 30.1 30.1 30.1 30.1 30.1 30.1 30.1 30.1 30.1 30.1 30.1 30.1 30.1 30.1 30.1 30.1 30.1 30.1 30.1 30.1 30.1 30.1 30.1 30.1 30.1 30.1 30.1 30.1 30.1 30.1 30.1 30.1 30.1 30.1 30.1 30.1 30.1 30.1 30.1 30.1 30.1 30.1 30.1 30.1 30.1 30.1 30.1 30.1 30.1 30.1 30.1 30.1 30.1 30.1 30.1 30.1 30.1 30.1 30.1 30.1 30.1 30.1 29.88 29.65 29.43 29.2 28.98 28.76 28.76 28.76 28.33 27.91 27.48 27.05 26.63 26.2 26.2 26.2 25.8 25.4 24.99 24.59 24.19 23.78 23.78 23.78 23.36 22.93 22.51 22.08 21.66 21.23 21.23 21.23 20.81 20.38 19.95 19.53 19.1 18.68 18.68 18.68 18.27 17.87 17.47 17.07 16.66 16.26 16.26 16.26 15.86 15.45 15.05 14.65 14.24 13.84 13.84 13.84 13.44 13.03 12.63 12.23 11.83 11.42 11.42 11.42 11.0 10.57 10.15 9.72 9.29 8.87 8.87 8.87 8.44 8.02 7.59 7.17 6.74 6.32 6.32 6.32 5.91 5.51 5.11 4.7 4.3 3.9 3.9 3.9 3.47 3.05 2.62 2.19 1.77 1.34 1.34 1.34 1.12 0.9 0.67 0.45 0.22 0 0 0 0 0 0 0 0 0 0 0 0 0 0 0 0 0 0 0 0 0 0
6979258281.0
959551981.0
0.00479
0.00479
agregarAgente --DemandaFija
171.38 126.32 81.25 81.25 81.25 96.86 112.47 128.08 143.68 159.29 174.9 174.9 174.9 176.07 177.23 178.4 179.57 180.73 181.9 181.9 181.9 153.58 125.27 96.95 68.63 40.32 12.0 12.0 12.0 31.28 50.55 69.83 89.1 108.38 127.65 127.65 127.65 136.53 145.42 154.3 163.18 172.07 180.95 180.95 180.95 153.64 126.33 99.03 71.72 44.41 17.1 17.1 17.1 38.35 59.6 80.85 102.1 123.35 144.6 144.6 144.6 170.58 196.55 222.52 248.5 274.47 300.45 300.45 300.45 276.33 252.22 228.1 203.98 179.87 155.75 155.75 155.75 187.45 219.15 250.85 282.55 314.25 345.95 345.95 345.95 370.29 394.63 418.98 443.32 467.66 492.0 492.0 492.0 459.91 427.82 395.73 363.63 331.54 299.45 299.45 299.45 334.34 369.23 404.13 439.02 473.91 508.8 508.8 508.8 516.18 523.57 530.95 538.33 545.72 553.1 553.1 553.1 525.44 497.78 470.13 442.47 414.81 387.15 387.15 387.15 405.38 423.62 441.85 460.08 478.32 496.55 496.55 496.55 513.57 530.6 547.63 564.65 581.68 598.7 598.7 598.7 560.28 521.85 483.43 445.0 406.58 368.15 368.15 368.15 368.63 369.1 369.58 370.05 370.53 371.0 371.0 371.0 355.88 340.77 325.65 310.53 295.42 280.3 280.3 280.3 242.17 204.05 165.93 127.8 89.68 51.55 51.55 51.55 73.73 95.9 118.08 140.25 162.43 184.6 184.6 184.6 201.85 219.1 236.35 253.6 270.85 288.1 288.1 288.1 265.8 243.5 221.2 198.9 176.6 154.3 154.3 154.3 180.74 207.18 233.63 260.07 286.51 312.95 312.95 312.95 312.29 311.63 310.98 310.32 309.66 309.0 309.0 309.0 275.07 241.13 207.2 173.27 139.33 105.4 105.4 105.4 152.42 199.43 246.45 293.47 340.48 387.5 387.5 387.5 368.51 349.52 330.53 311.53 292.54 273.55 273.55 273.55 244.28 215.02 185.75 156.48 127.22 97.95 97.95 97.95 137.22 176.48 215.75 255.02 294.28 333.55 333.55 333.55 365.53 397.52 429.5 461.48 493.47 525.45 525.45 525.45 473.46 421.47 369.48 317.48 265.49 213.5 213.5 213.5 225.72 237.93 250.15 262.37 274.58 286.8 286.8 286.8 312.89 338.98 365.08 391.17 417.26 443.35 443.35 443.35 421.7 400.05 378.4 356.75 335.1 313.45 313.45 313.45 321.83 330.2 338.58 346.95 355.33 363.7 363.7 363.7 331.04 298.38 265.73 233.07 200.41 167.75 167.75 167.75 141.51 115.27 89.03 62.78 36.54 10.3 10.3 10.3 39.09 67.88 96.68 125.47 154.26 183.05 183.05 183.05 218.75 254.45 290.15 325.85 361.55 397.25 397.25 397.25 377.25 357.25 337.25 317.25 297.25 277.25 277.25 277.25 310.75 344.25 377.75 411.25 444.75 478.25 478.25 478.25 491.21 504.17 517.13 530.08 543.04 556.0 556.0 556.0 509.44 462.88 416.33
crearDespacho --fija
1600.0
configurarSolver --Gurobi
resolver --noConstante ejecuciones/bancos/recombinados/v1/directo/simple/v1_simple_000186.csv
finalizar
