inicializar --t 360
agregarAgente --RioNegro
0 0 0 0 0 0 0 0 0 0 0 0 0 0 0 0 0 0 0 0 0 0 0 0 0 0 0 0 0 0 0 0 0 0 0 0 0 0 0 0 0 0 0 0 0 0 0 0 0 0 0 0 0 0 0 0 0 0 0 0 0 0 0 0 0 0 0 0 0 0 0 0 0 0 0 0 0 0 0 0 0 0 0 0 0 0 0 0 0 0 0 0 0 0 0 0 0 0 0 0 0 0 0 0 0 0 0 0 0 0 0 0 0 0 0 0 0 0 0 0 0 0 0 0 0 0 0 0 0 0 0 0 0 0 0 0 0 0 0 0 0 0 0 0 0 0 0 0 0 0 0 0 0 0 0 0 0 0 0 0 0 0 0 0 0 0 0 0 0 0 0 0 0 0 0 0 0 0 0 0 0 0 0 0 0 0 0 0 0 0 0 0 0 0 0 0 0 0 0 0 0 0 0 0 0 0 0 0 0 0 0 0 0 0 0 0 0 0 0 0 0 0 0 0 0 0 0 0 0 0 0 0 0 0 0 0 0 0 0 0 0 0 0 0 0 0 0 0 0 0 0 0 0 0 0 0 0 0 0 0 0 0 0 0 0 0 0 0 0 0 0 0 0 0 0 0 0 0 0 0 0 0 0 0 0 0 0 0 0 0 0 0 0 0 0 0 0 0 0 0 0 0 0 0 0 0 0 0 0 0 0 0 0 0 0 0 0 0 0 0 0 0 0 0 0 0 0 0 0 0 0 0 0 0.48 0.97 1.45 1.93 2.42 2.9 2.9 2.9 3.75 4.6 5.45 6.3 7.15 8.0 8.0 8.0 8.82 9.63 10.45 11.27 12.08 12.9 12.9 12.9 13.77 14.63 15.5
1.93 1.92 1.9 1.9 1.9 1.88 1.85 1.83 1.8 1.78 1.75 1.75 1.75 1.72 1.7 1.68 1.65 1.63 1.6 1.6 1.6 1.57 1.53 1.5 1.47 1.43 1.4 1.4 1.4 1.37 1.34 1.31 1.28 1.25 1.23 1.23 1.23 1.2 1.18 1.15 1.13 1.1 1.08 1.08 1.08 1.05 1.03 1.0 0.98 0.95 0.93 0.93 0.93 0.9 0.88 0.85 0.83 0.8 0.78 0.78 0.78 0.75 0.72 0.69 0.66 0.63 0.6 0.6 0.6 0.57 0.53 0.5 0.47 0.43 0.4 0.4 0.4 0.38 0.35 0.33 0.3 0.27 0.25 0.25 0.25 0.23 0.2 0.18 0.15 0.13 0.1 0.1 0.1 0.08 0.07 0.05 0.03 0.02 0 0 0 0 0 0 0 0 0 0 0 0 0 0 0 0 0 0 0 0 0 0 0 0 0 0 0 0 0 0 0 0 0 0 0 0 0 0 0 0 0 0 0 0 0 0 0 0 0 0 0 0 0 0 0 0 0 0 0 0 0 0 0 0 0 0 0 0.02 0.03 0.05 0.07 0.08 0.1 0.1 0.1 0.13 0.16 0.19 0.22 0.25 0.28 0.28 0.28 0.3 0.33 0.36 0.39 0.42 0.45 0.45 0.45 0.48 0.52 0.55 0.58 0.62 0.65 0.65 0.65 0.68 0.71 0.74 0.77 0.8 0.83 0.83 0.83 0.85 0.88 0.91 0.94 0.97 1.0 1.0 1.0 1.03 1.07 1.1 1.13 1.17 1.2 1.2 1.2 1.23 1.26 1.29 1.32 1.35 1.38 1.38 1.38 1.4 1.43 1.46 1.49 1.52 1.55 1.55 1.55 1.58 1.62 1.65 1.68 1.72 1.75 1.75 1.75 1.78 1.81 1.84 1.87 1.9 1.93 1.93 1.93 1.95 1.98 2.01 2.04 2.07 2.1 2.1 2.1 2.12 2.13 2.15 2.17 2.18 2.2 2.2 2.2 2.2 2.2 2.2 2.2 2.2 2.2 2.2 2.2 2.2 2.2 2.2 2.2 2.2 2.2 2.2 2.2 2.2 2.2 2.2 2.2 2.2 2.2 2.2 2.2 2.2 2.2 2.2 2.2 2.2 2.2 2.2 2.2 2.2 2.2 2.2 2.2 2.2 2.2 2.2 2.2 2.2 2.2 2.2 2.2 2.2 2.2 2.2 2.2 2.2 2.2 2.2 2.2 2.2 2.2 2.2 2.2 2.2 2.2 2.2 2.2 2.2 2.2 2.2 2.2 2.2 2.2 2.2 2.2 2.2 2.2 2.2 2.2 2.2 2.2 2.2 2.2 2.2 2.2 2.2 2.2 2.2 2.2 2.2 2.2 2.2 2.2 2.2 2.2 2.17 2.13 2.1
17.5 17.5 17.5 17.5 17.5 17.62 17.73 17.85 17.97 18.08 18.2 18.2 18.2 18.2 18.2 18.2 18.2 18.2 18.2 18.2 18.2 18.32 18.43 18.55 18.67 18.78 18.9 18.9 18.9 18.9 18.9 18.9 18.9 18.9 18.9 18.9 18.9 19.02 19.13 19.25 19.37 19.48 19.6 19.6 19.6 19.6 19.6 19.6 19.6 19.6 19.6 19.6 19.6 19.72 19.83 19.95 20.07 20.18 20.3 20.3 20.3 20.3 20.3 20.3 20.3 20.3 20.3 20.3 20.3 20.42 20.53 20.65 20.77 20.88 21.0 21.0 21.0 21.0 21.0 21.0 21.0 21.0 21.0 21.0 21.0 21.12 21.23 21.35 21.47 21.58 21.7 21.7 21.7 21.7 21.7 21.7 21.7 21.7 21.7 21.7 21.7 21.7 21.7 21.7 21.7 21.7 21.7 21.7 21.7 21.7 21.7 21.7 21.7 21.7 21.7 21.7 21.7 21.7 21.7 21.7 21.7 21.7 21.7 21.7 21.7 21.7 21.7 21.7 21.7 21.7 21.7 21.7 21.7 21.7 21.7 21.7 21.7 21.7 21.7 21.7 21.7 21.7 21.7 21.7 21.7 21.7 21.7 21.7 21.7 21.7 21.7 21.7 21.7 21.7 21.7 21.7 21.7 21.7 21.7 21.7 21.7 21.7 21.7 21.7 21.7 21.7 21.7 21.7 21.7 21.7 21.7 21.7 21.7 21.58 21.47 21.35 21.23 21.12 21.0 21.0 21.0 21.0 21.0 21.0 21.0 21.0 21.0 21.0 21.0 20.88 20.77 20.65 20.53 20.42 20.3 20.3 20.3 20.3 20.3 20.3 20.3 20.3 20.3 20.3 20.3 20.18 20.07 19.95 19.83 19.72 19.6 19.6 19.6 19.6 19.6 19.6 19.6 19.6 19.6 19.6 19.6 19.48 19.37 19.25 19.13 19.02 18.9 18.9 18.9 18.9 18.9 18.9 18.9 18.9 18.9 18.9 18.9 18.78 18.67 18.55 18.43 18.32 18.2 18.2 18.2 18.2 18.2 18.2 18.2 18.2 18.2 18.2 18.2 18.08 17.97 17.85 17.73 17.62 17.5 17.5 17.5 17.5 17.5 17.5 17.5 17.5 17.5 17.5 17.5 17.5 17.5 17.5 17.5 17.5 17.5 17.5 17.5 17.5 17.5 17.5 17.5 17.5 17.5 17.5 17.5 17.5 17.5 17.5 17.5 17.5 17.5 17.5 17.5 17.5 17.5 17.5 17.5 17.5 17.5 17.5 17.5 17.5 17.5 17.5 17.5 17.5 17.5 17.5 17.5 17.5 17.5 17.5 17.5 17.5 17.5 17.5 17.5 17.5 17.5 17.5 17.5 17.5 17.5 17.5 17.5 17.5 17.5 17.5 17.5 17.5 17.5 17.5 17.5 17.5 17.5 17.5 17.5 17.5 17.5 17.5 17.5 17.5 17.5 17.5 17.5 17.5 17.5 17.5 17.5 17.38 17.27 17.15 17.03 16.92 16.8 16.8 16.8 16.8 16.8 16.8
4545819321.0
1202479685.0
0.00633
0.00326
agregarAgente --DemandaFija
59.38 59.38 59.38 59.38 59.38 59.38 59.38 59.38 59.38 59.38 59.38 59.38 59.38 59.38 59.38 59.38 59.38 59.38 59.38 59.38 59.38 59.38 59.38 59.38 59.38 59.38 59.38 59.38 59.38 59.38 59.38 59.38 59.38 59.38 59.38 59.38 59.38 60.29 61.2 62.11 63.03 63.94 64.85 64.85 64.85 63.94 63.03 62.11 61.2 60.29 59.38 59.38 59.38 71.18 82.98 94.78 106.58 118.38 130.18 130.18 130.18 132.9 135.63 138.35 141.08 143.8 146.53 146.53 146.53 132.0 117.48 102.95 88.43 73.9 59.38 59.38 59.38 74.65 89.93 105.2 120.48 135.75 151.03 151.03 151.03 151.05 151.08 151.1 151.13 151.15 151.18 151.18 151.18 135.88 120.58 105.28 89.98 74.68 59.38 59.38 59.38 59.38 59.38 59.38 59.38 59.38 59.38 59.38 59.38 63.58 67.78 71.98 76.18 80.38 84.58 84.58 84.58 80.38 76.18 71.98 67.78 63.58 59.38 59.38 59.38 60.31 61.25 62.19 63.13 64.06 65.0 65.0 65.0 64.06 63.13 62.19 61.25 60.31 59.38 59.38 59.38 59.38 59.38 59.38 59.38 59.38 59.38 59.38 59.38 72.81 86.25 99.69 113.13 126.56 140.0 140.0 140.0 146.35 152.7 159.05 165.4 171.75 178.1 178.1 178.1 158.31 138.53 118.74 98.95 79.16 59.38 59.38 59.38 66.36 73.35 80.34 87.33 94.31 101.3 101.3 101.3 104.94 108.58 112.21 115.85 119.49 123.13 123.13 123.13 112.5 101.88 91.25 80.63 70.0 59.38 59.38 59.38 59.38 59.38 59.38 59.38 59.38 59.38 59.38 59.38 61.89 64.4 66.91 69.43 71.94 74.45 74.45 74.45 71.94 69.43 66.91 64.4 61.89 59.38 59.38 59.38 65.2 71.03 76.85 82.68 88.5 94.33 94.33 94.33 97.98 101.63 105.28 108.93 112.58 116.23 116.23 116.23 110.83 105.43 100.03 94.63 89.23 83.83 83.83 83.83 111.55 139.28 167.0 194.73 222.45 250.18 250.18 250.18 258.43 266.68 274.93 283.18 291.43 299.68 299.68 299.68 263.88 228.08 192.28 156.48 120.68 84.88 84.88 84.88 80.63 76.38 72.13 67.88 63.63 59.38 59.38 59.38 59.38 59.38 59.38 59.38 59.38 59.38 59.38 59.38 75.13 90.88 106.63 122.38 138.13 153.88 153.88 153.88 148.24 142.6 136.96 131.33 125.69 120.05 120.05 120.05 109.94 99.83 89.71 79.6 69.49 59.38 59.38 59.38 59.38 59.38 59.38 59.38 59.38 59.38 59.38 59.38 84.53 109.68 134.83 159.98 185.13 210.28 210.28 210.28 207.24 204.2 201.16 198.13 195.09 192.05 192.05 192.05 169.94 147.83 125.71 103.6 81.49 59.38 59.38 59.38 71.63 83.88 96.13 108.38 120.63 132.88 132.88 132.88 128.74 124.6 120.46 116.33 112.19 108.05 108.05 108.05 103.21 98.38 93.54
crearDespacho --fija
3200.0
configurarSolver --Gurobi
resolver --noConstante ejecuciones/bancos/recombinados/v1/directo/simple/v1_simple_000250.csv
finalizar
