inicializar --t 360
agregarAgente --RioNegro
19.0 19.0 19.0 19.0 19.0 19.32 19.63 19.95 20.27 20.58 20.9 20.9 20.9 21.23 21.57 21.9 22.23 22.57 22.9 22.9 22.9 23.08 23.27 23.45 23.63 23.82 24.0 24.0 24.0 24.0 24.0 24.0 24.0 24.0 24.0 24.0 24.0 24.0 24.0 24.0 24.0 24.0 24.0 24.0 24.0 24.0 24.0 24.0 24.0 24.0 24.0 24.0 24.0 24.0 24.0 24.0 24.0 24.0 24.0 24.0 24.0 24.0 24.0 24.0 24.0 24.0 24.0 24.0 24.0 24.0 24.0 24.0 24.0 24.0 24.0 24.0 24.0 24.0 24.0 24.0 24.0 24.0 24.0 24.0 24.0 24.0 24.0 24.0 24.0 24.0 24.0 24.0 24.0 23.82 23.63 23.45 23.27 23.08 22.9 22.9 22.9 22.57 22.23 21.9 21.57 21.23 20.9 20.9 20.9 20.58 20.27 19.95 19.63 19.32 19.0 19.0 19.0 18.65 18.3 17.95 17.6 17.25 16.9 16.9 16.9 16.58 16.27 15.95 15.63 15.32 15.0 15.0 15.0 14.65 14.3 13.95 13.6 13.25 12.9 12.9 12.9 12.6 12.3 12.0 11.7 11.4 11.1 11.1 11.1 10.75 10.4 10.05 9.7 9.35 9.0 9.0 9.0 8.68 8.37 8.05 7.73 7.42 7.1 7.1 7.1 6.75 6.4 6.05 5.7 5.35 5.0 5.0 5.0 4.68 4.37 4.05 3.73 3.42 3.1 3.1 3.1 2.77 2.43 2.1 1.77 1.43 1.1 1.1 1.1 0.92 0.73 0.55 0.37 0.18 0 0 0 0 0 0 0 0 0 0 0 0 0 0 0 0 0 0 0 0 0 0 0 0 0 0 0 0 0 0 0 0 0 0 0 0 0 0 0 0 0 0 0 0 0 0 0 0 0 0 0 0 0 0 0 0 0 0 0 0 0 0 0 0 0 0 0 0 0 0 0 0 0 0 0 0 0 0 0 0 0 0 0 0 0 0 0 0 0 0 0 0 0 0 0 0 0 0 0 0 0 0 0 0 0 0 0 0 0 0 0 0 0 0 0 0 0 0 0 0 0 0 0 0 0 0 0 0 0 0 0 0 0 0 0 0 0 0 0 0 0 0 0 0 0 0 0 0 0 0 0 0 0 0 0 0 0 0 0 0 0 0 0 0 0 0
0.45 0.45 0.45 0.45 0.45 0.42 0.39 0.36 0.33 0.3 0.28 0.28 0.28 0.25 0.22 0.19 0.16 0.13 0.1 0.1 0.1 0.08 0.07 0.05 0.03 0.02 0 0 0 0 0 0 0 0 0 0 0 0 0 0 0 0 0 0 0 0 0 0 0 0 0 0 0 0 0 0 0 0 0 0 0 0 0 0 0 0 0 0 0 0 0 0 0 0 0 0 0 0 0 0 0 0 0 0 0 0 0 0 0 0 0 0 0 0.02 0.04 0.06 0.08 0.1 0.13 0.13 0.13 0.17 0.22 0.26 0.31 0.35 0.4 0.4 0.4 0.45 0.49 0.54 0.58 0.63 0.68 0.68 0.68 0.72 0.76 0.8 0.84 0.88 0.93 0.93 0.93 0.97 1.02 1.06 1.11 1.15 1.2 1.2 1.2 1.25 1.29 1.34 1.38 1.43 1.48 1.48 1.48 1.52 1.56 1.6 1.64 1.68 1.73 1.73 1.73 1.77 1.82 1.86 1.91 1.95 2.0 2.0 2.0 2.05 2.09 2.14 2.18 2.23 2.28 2.28 2.28 2.32 2.36 2.4 2.44 2.48 2.53 2.53 2.53 2.57 2.62 2.66 2.71 2.75 2.8 2.8 2.8 2.85 2.89 2.94 2.98 3.03 3.08 3.08 3.08 3.1 3.12 3.14 3.16 3.18 3.2 3.2 3.2 3.2 3.2 3.2 3.2 3.2 3.2 3.2 3.2 3.2 3.2 3.2 3.2 3.2 3.2 3.2 3.2 3.2 3.2 3.2 3.2 3.2 3.2 3.2 3.2 3.2 3.2 3.2 3.2 3.2 3.2 3.2 3.2 3.2 3.2 3.2 3.2 3.2 3.2 3.2 3.2 3.2 3.2 3.2 3.2 3.2 3.2 3.2 3.2 3.2 3.2 3.2 3.2 3.2 3.2 3.2 3.2 3.2 3.2 3.2 3.2 3.2 3.2 3.2 3.2 3.2 3.2 3.2 3.2 3.2 3.2 3.2 3.2 3.17 3.14 3.11 3.08 3.05 3.03 3.03 3.03 3.02 3.02 3.01 3.01 3.0 3.0 3.0 3.0 2.99 2.98 2.96 2.95 2.94 2.93 2.93 2.93 2.9 2.88 2.86 2.84 2.82 2.8 2.8 2.8 2.8 2.8 2.8 2.8 2.8 2.8 2.8 2.8 2.77 2.73 2.7 2.67 2.63 2.6 2.6 2.6 2.6 2.6 2.6 2.6 2.6 2.6 2.6 2.6 2.58 2.56 2.54 2.52 2.5 2.48 2.48 2.48 2.46 2.45 2.44 2.43 2.41 2.4 2.4 2.4 2.4 2.39 2.39 2.38 2.38 2.38 2.38 2.38 2.35 2.32 2.29 2.26 2.23 2.2 2.2 2.2 2.2 2.2 2.2
15.4 15.4 15.4 15.4 15.4 15.34 15.28 15.22 15.17 15.11 15.05 15.05 15.05 14.99 14.93 14.88 14.82 14.76 14.7 14.7 14.7 14.7 14.7 14.7 14.7 14.7 14.7 14.7 14.7 14.7 14.7 14.7 14.7 14.7 14.7 14.7 14.7 14.7 14.7 14.7 14.7 14.7 14.7 14.7 14.7 14.7 14.7 14.7 14.7 14.7 14.7 14.7 14.7 14.7 14.7 14.7 14.7 14.7 14.7 14.7 14.7 14.7 14.7 14.7 14.7 14.7 14.7 14.7 14.7 14.7 14.7 14.7 14.7 14.7 14.7 14.7 14.7 14.7 14.7 14.7 14.7 14.7 14.7 14.7 14.7 14.7 14.7 14.7 14.7 14.7 14.7 14.7 14.7 14.77 14.85 14.92 14.99 15.06 15.14 15.14 15.14 15.3 15.46 15.62 15.78 15.94 16.1 16.1 16.1 16.26 16.42 16.58 16.74 16.9 17.06 17.06 17.06 17.21 17.35 17.5 17.65 17.79 17.94 17.94 17.94 18.1 18.26 18.42 18.58 18.74 18.9 18.9 18.9 19.06 19.22 19.38 19.54 19.7 19.86 19.86 19.86 20.01 20.15 20.3 20.45 20.59 20.74 20.74 20.74 20.9 21.06 21.22 21.38 21.54 21.7 21.7 21.7 21.86 22.02 22.18 22.34 22.5 22.66 22.66 22.66 22.81 22.95 23.1 23.25 23.39 23.54 23.54 23.54 23.7 23.86 24.02 24.18 24.34 24.5 24.5 24.5 24.66 24.82 24.98 25.14 25.3 25.46 25.46 25.46 25.54 25.61 25.68 25.75 25.83 25.9 25.9 25.9 25.9 25.9 25.9 25.9 25.9 25.9 25.9 25.9 25.9 25.9 25.9 25.9 25.9 25.9 25.9 25.9 25.9 25.9 25.9 25.9 25.9 25.9 25.9 25.9 25.9 25.9 25.9 25.9 25.9 25.9 25.9 25.9 25.9 25.9 25.9 25.9 25.9 25.9 25.9 25.9 25.9 25.9 25.9 25.9 25.9 25.9 25.9 25.9 25.9 25.9 25.9 25.9 25.9 25.9 25.9 25.9 25.9 25.9 25.9 25.9 25.9 25.9 25.9 25.9 25.84 25.78 25.72 25.67 25.61 25.55 25.55 25.55 25.45 25.35 25.24 25.14 25.04 24.94 24.94 24.94 24.84 24.73 24.63 24.53 24.43 24.33 24.33 24.33 24.21 24.09 23.98 23.86 23.74 23.63 23.63 23.63 23.52 23.42 23.32 23.22 23.11 23.01 23.01 23.01 22.91 22.81 22.71 22.6 22.5 22.4 22.4 22.4 22.28 22.17 22.05 21.93 21.82 21.7 21.7 21.7 21.6 21.5 21.39 21.29 21.19 21.09 21.09 21.09 20.99 20.88 20.78 20.68 20.58 20.47 20.47 20.47 20.36 20.24 20.13 20.01 19.89 19.78 19.78 19.78 19.67 19.57 19.47 19.37 19.26 19.16 19.16 19.16 19.06 18.96 18.86 18.75 18.65 18.55 18.55 18.55 18.49 18.43 18.38
5345000000.0
728000000.0
0.00479
0.00479
agregarAgente --DemandaFija
604.65 534.81 464.98 464.98 464.98 510.06 555.15 600.24 645.33 690.41 735.5 735.5 735.5 760.23 784.95 809.68 834.4 859.13 883.85 883.85 883.85 843.41 802.98 762.54 722.1 681.66 641.23 641.23 641.23 673.68 706.13 738.58 771.03 803.48 835.93 835.93 835.93 866.56 897.2 927.84 958.47 989.11 1019.75 1019.75 1019.75 933.2 846.65 760.1 673.55 587.0 500.45 500.45 500.45 517.11 533.78 550.44 567.1 583.76 600.43 600.43 600.43 618.15 635.88 653.6 671.33 689.05 706.78 706.78 706.78 631.76 556.75 481.74 406.73 331.71 256.7 256.7 256.7 341.98 427.25 512.53 597.8 683.08 768.35 768.35 768.35 757.58 746.8 736.03 725.25 714.48 703.7 703.7 703.7 614.48 525.25 436.03 346.8 257.58 168.35 168.35 168.35 229.38 290.4 351.42 412.45 473.48 534.5 534.5 534.5 535.26 536.03 536.79 537.55 538.31 539.08 539.08 539.08 484.75 430.43 376.1 321.78 267.45 213.13 213.13 213.13 303.39 393.65 483.91 574.18 664.44 754.7 754.7 754.7 718.94 683.18 647.41 611.65 575.89 540.13 540.13 540.13 462.24 384.35 306.46 228.58 150.69 72.8 72.8 72.8 98.75 124.7 150.65 176.6 202.55 228.5 228.5 228.5 261.49 294.48 327.46 360.45 393.44 426.43 426.43 426.43 442.2 457.98 473.75 489.53 505.3 521.08 521.08 521.08 548.01 574.95 601.89 628.83 655.76 682.7 682.7 682.7 661.23 639.75 618.28 596.8 575.33 553.85 553.85 553.85 525.25 496.65 468.05 439.45 410.85 382.25 382.25 382.25 403.41 424.58 445.74 466.9 488.06 509.23 509.23 509.23 492.65 476.08 459.5 442.93 426.35 409.78 409.78 409.78 375.05 340.33 305.6 270.88 236.15 201.43 201.43 201.43 280.58 359.73 438.88 518.03 597.18 676.33 676.33 676.33 721.29 766.25 811.21 856.18 901.14 946.1 946.1 946.1 882.9 819.7 756.5 693.3 630.1 566.9 566.9 566.9 613.28 659.65 706.03 752.4 798.78 845.15 845.15 845.15 822.63 800.1 777.58 755.05 732.53 710.0 710.0 710.0 653.49 596.98 540.46 483.95 427.44 370.93 370.93 370.93 426.34 481.75 537.16 592.58 647.99 703.4 703.4 703.4 711.93 720.45 728.98 737.5 746.03 754.55 754.55 754.55 664.49 574.43 484.36 394.3 304.24 214.18 214.18 214.18 264.76 315.35 365.94 416.53 467.11 517.7 517.7 517.7 559.57 601.45 643.33 685.2 727.08 768.95 768.95 768.95 743.74 718.53 693.31 668.1 642.89 617.68 617.68 617.68 638.9 660.13 681.35 702.58 723.8 745.03 745.03 745.03 734.18 723.33 712.48 701.63 690.78 679.93 679.93 679.93 647.05 614.18 581.3 548.43 515.55 482.67 482.67 482.67 540.99 599.3 657.61 715.93 774.24 832.55 832.55 832.55 852.86 873.18 893.49 913.8 934.11 954.43 954.43 954.43 912.24 870.05 827.86
crearDespacho --fija
3200.0
configurarSolver --Gurobi
resolver --noConstante ejecuciones/bancos/recombinados/v1/directo/simple/v1_simple_000306.csv
finalizar
