inicializar --t 360
agregarAgente --RioNegro
58.93 58.67 58.4 58.4 58.4 58.13 57.87 57.6 57.33 57.07 56.8 56.8 56.8 56.53 56.27 56.0 55.73 55.47 55.2 55.2 55.2 55.07 54.93 54.8 54.67 54.53 54.4 54.4 54.4 54.4 54.4 54.4 54.4 54.4 54.4 54.4 54.4 54.4 54.4 54.4 54.4 54.4 54.4 54.4 54.4 54.4 54.4 54.4 54.4 54.4 54.4 54.4 54.4 54.4 54.4 54.4 54.4 54.4 54.4 54.4 54.4 54.4 54.4 54.4 54.4 54.4 54.4 54.4 54.4 54.4 54.4 54.4 54.4 54.4 54.4 54.4 54.4 54.4 54.4 54.4 54.4 54.4 54.4 54.4 54.4 54.4 54.4 54.4 54.4 54.4 54.4 54.4 54.4 54.4 54.4 54.4 54.4 54.4 54.4 54.4 54.4 54.4 54.4 54.4 54.4 54.4 54.4 54.4 54.4 54.4 54.4 54.4 54.4 54.4 54.4 54.4 54.4 54.4 54.4 54.4 54.4 54.4 54.4 54.4 54.4 54.4 54.4 54.4 54.4 54.4 54.4 54.4 54.4 54.4 54.4 54.4 54.4 54.4 54.4 54.4 54.4 54.27 54.13 54.0 53.87 53.73 53.6 53.6 53.6 53.6 53.6 53.6 53.6 53.6 53.6 53.6 53.6 53.6 53.6 53.6 53.6 53.6 53.6 53.6 53.6 53.6 53.6 53.6 53.6 53.6 53.6 53.6 53.6 53.6 53.6 53.6 53.6 53.6 53.6 53.6 53.6 53.6 53.6 53.6 53.6 53.6 53.6 53.6 53.6 53.6 53.6 53.6 53.6 53.6 53.6 53.6 53.6 53.6 53.6 53.6 53.6 53.6 53.6 53.6 53.6 53.6 53.6 53.6 53.6 53.6 53.6 53.6 53.6 53.6 53.6 53.6 53.6 53.6 53.6 53.6 53.6 53.6 53.6 53.6 53.6 53.6 53.6 53.6 53.6 53.6 53.6 53.6 53.6 53.6 53.6 53.6 53.6 53.6 53.6 53.6 53.6 53.6 53.6 53.6 53.6 53.6 53.6 53.6 53.6 53.6 53.6 53.6 53.6 53.6 53.6 53.6 53.6 53.6 53.6 53.6 53.6 53.42 53.23 53.05 52.87 52.68 52.5 52.5 52.5 52.17 51.83 51.5 51.17 50.83 50.5 50.5 50.5 50.18 49.87 49.55 49.23 48.92 48.6 48.6 48.6 48.25 47.9 47.55 47.2 46.85 46.5 46.5 46.5 46.18 45.87 45.55 45.23 44.92 44.6 44.6 44.6 44.25 43.9 43.55 43.2 42.85 42.5 42.5 42.5 42.2 41.9 41.6 41.3 41.0 40.7 40.7 40.7 40.35 40.0 39.65 39.3 38.95 38.6 38.6 38.6 38.28 37.97 37.65 37.33 37.02 36.7 36.7 36.7 36.35 36.0 35.65 35.3 34.95 34.6 34.6 34.6 34.28 33.97 33.65 33.33 33.02 32.7 32.7 32.7 32.37 32.03 31.7 31.37 31.03 30.7 30.7 30.7 30.52 30.33 30.15
13.08 13.32 13.55 13.55 13.55 13.79 14.03 14.26 14.5 14.74 14.98 14.98 14.98 15.21 15.45 15.69 15.93 16.16 16.4 16.4 16.4 16.53 16.67 16.8 16.93 17.07 17.2 17.2 17.2 17.2 17.2 17.2 17.2 17.2 17.2 17.2 17.2 17.2 17.2 17.2 17.2 17.2 17.2 17.2 17.2 17.2 17.2 17.2 17.2 17.2 17.2 17.2 17.2 17.2 17.2 17.2 17.2 17.2 17.2 17.2 17.2 17.2 17.2 17.2 17.2 17.2 17.2 17.2 17.2 17.2 17.2 17.2 17.2 17.2 17.2 17.2 17.2 17.2 17.2 17.2 17.2 17.2 17.2 17.2 17.2 17.2 17.2 17.2 17.2 17.2 17.2 17.2 17.2 17.07 16.94 16.81 16.68 16.55 16.43 16.43 16.43 16.19 15.96 15.73 15.49 15.26 15.03 15.03 15.03 14.8 14.57 14.34 14.11 13.88 13.65 13.65 13.65 13.42 13.18 12.95 12.72 12.48 12.25 12.25 12.25 12.02 11.79 11.56 11.33 11.1 10.88 10.88 10.88 10.64 10.41 10.18 9.94 9.71 9.48 9.48 9.48 9.25 9.03 8.8 8.58 8.35 8.13 8.13 8.13 7.89 7.66 7.43 7.19 6.96 6.73 6.73 6.73 6.5 6.27 6.04 5.81 5.58 5.35 5.35 5.35 5.12 4.88 4.65 4.42 4.18 3.95 3.95 3.95 3.72 3.49 3.26 3.03 2.8 2.58 2.58 2.58 2.34 2.11 1.88 1.64 1.41 1.18 1.18 1.18 1.05 0.92 0.79 0.66 0.53 0.4 0.4 0.4 0.4 0.4 0.4 0.4 0.4 0.4 0.4 0.4 0.4 0.4 0.4 0.4 0.4 0.4 0.4 0.4 0.4 0.4 0.4 0.4 0.4 0.4 0.4 0.4 0.4 0.4 0.4 0.4 0.4 0.4 0.4 0.4 0.4 0.4 0.4 0.4 0.4 0.4 0.4 0.4 0.4 0.4 0.4 0.4 0.4 0.4 0.4 0.4 0.4 0.4 0.4 0.4 0.4 0.4 0.4 0.4 0.4 0.4 0.4 0.4 0.4 0.4 0.4 0.4 0.4 0.4 0.4 0.4 0.4 0.4 0.4 0.4 0.4 0.4 0.4 0.4 0.4 0.4 0.4 0.4 0.4 0.4 0.4 0.4 0.4 0.4 0.4 0.4 0.37 0.33 0.3 0.27 0.23 0.2 0.2 0.2 0.2 0.2 0.2 0.2 0.2 0.2 0.2 0.2 0.2 0.2 0.2 0.2 0.2 0.2 0.2 0.2 0.2 0.2 0.2 0.2 0.2 0.2 0.2 0.2 0.2 0.2 0.2 0.2 0.2 0.2 0.2 0.2 0.2 0.2 0.2 0.2 0.2 0.2 0.2 0.2 0.17 0.13 0.1 0.07 0.03 0 0 0 0 0 0 0 0 0 0 0 0 0 0 0 0 0 0 0 0 0 0
21.15 21.29 21.44 21.44 21.44 21.6 21.76 21.92 22.08 22.24 22.4 22.4 22.4 22.56 22.72 22.88 23.04 23.2 23.36 23.36 23.36 23.44 23.51 23.58 23.65 23.73 23.8 23.8 23.8 23.8 23.8 23.8 23.8 23.8 23.8 23.8 23.8 23.8 23.8 23.8 23.8 23.8 23.8 23.8 23.8 23.8 23.8 23.8 23.8 23.8 23.8 23.8 23.8 23.8 23.8 23.8 23.8 23.8 23.8 23.8 23.8 23.8 23.8 23.8 23.8 23.8 23.8 23.8 23.8 23.8 23.8 23.8 23.8 23.8 23.8 23.8 23.8 23.8 23.8 23.8 23.8 23.8 23.8 23.8 23.8 23.8 23.8 23.8 23.8 23.8 23.8 23.8 23.8 23.7 23.6 23.49 23.39 23.29 23.19 23.19 23.19 23.0 22.81 22.62 22.43 22.24 22.05 22.05 22.05 21.86 21.67 21.48 21.29 21.1 20.91 20.91 20.91 20.75 20.59 20.43 20.27 20.11 19.95 19.95 19.95 19.76 19.57 19.38 19.19 19.0 18.81 18.81 18.81 18.64 18.46 18.29 18.11 17.94 17.76 17.76 17.76 17.56 17.35 17.15 16.95 16.74 16.54 16.54 16.54 16.36 16.19 16.01 15.84 15.66 15.49 15.49 15.49 15.3 15.11 14.92 14.73 14.54 14.35 14.35 14.35 14.19 14.03 13.87 13.71 13.55 13.39 13.39 13.39 13.2 13.01 12.82 12.63 12.44 12.25 12.25 12.25 12.06 11.87 11.68 11.49 11.3 11.11 11.11 11.11 11.01 10.91 10.81 10.7 10.6 10.5 10.5 10.5 10.5 10.5 10.5 10.5 10.5 10.5 10.5 10.5 10.5 10.5 10.5 10.5 10.5 10.5 10.5 10.5 10.5 10.5 10.5 10.5 10.5 10.5 10.5 10.5 10.5 10.5 10.5 10.5 10.5 10.5 10.5 10.5 10.5 10.5 10.5 10.5 10.5 10.5 10.5 10.5 10.5 10.5 10.5 10.5 10.5 10.5 10.5 10.5 10.5 10.5 10.5 10.5 10.5 10.5 10.5 10.5 10.5 10.5 10.5 10.5 10.5 10.5 10.5 10.5 10.72 10.94 11.16 11.38 11.59 11.81 11.81 11.81 12.21 12.6 12.99 13.39 13.78 14.17 14.17 14.17 14.57 14.96 15.36 15.75 16.14 16.54 16.54 16.54 16.95 17.35 17.76 18.17 18.58 18.99 18.99 18.99 19.37 19.75 20.13 20.5 20.88 21.26 21.26 21.26 21.66 22.05 22.44 22.84 23.23 23.63 23.63 23.63 24.03 24.44 24.85 25.26 25.67 26.08 26.08 26.08 26.47 26.86 27.26 27.65 28.04 28.44 28.44 28.44 28.82 29.2 29.57 29.95 30.33 30.71 30.71 30.71 31.12 31.53 31.94 32.35 32.75 33.16 33.16 33.16 33.56 33.95 34.34 34.74 35.13 35.53 35.53 35.53 35.92 36.31 36.71 37.1 37.49 37.89 37.89 37.89 38.11 38.32 38.54
3860691501.0
1308904701.0
0.00633
0.00326
agregarAgente --DemandaFija
371.2 319.16 267.13 267.13 267.13 347.29 427.45 507.61 587.78 667.94 748.1 748.1 748.1 729.45 710.8 692.15 673.5 654.85 636.2 636.2 636.2 609.14 582.08 555.01 527.95 500.89 473.83 473.83 473.83 538.29 602.75 667.21 731.68 796.14 860.6 860.6 860.6 857.01 853.43 849.84 846.25 842.66 839.08 839.08 839.08 785.94 732.8 679.66 626.53 573.39 520.25 520.25 520.25 549.99 579.73 609.46 639.2 668.94 698.68 698.68 698.68 655.44 612.2 568.96 525.73 482.49 439.25 439.25 439.25 437.35 435.45 433.55 431.65 429.75 427.85 427.85 427.85 461.74 495.63 529.51 563.4 597.29 631.18 631.18 631.18 592.41 553.65 514.89 476.13 437.36 398.6 398.6 398.6 355.05 311.5 267.95 224.4 180.85 137.3 137.3 137.3 182.39 227.48 272.56 317.65 362.74 407.83 407.83 407.83 405.43 403.03 400.63 398.23 395.83 393.43 393.43 393.43 364.6 335.78 306.95 278.13 249.3 220.48 220.48 220.48 313.13 405.78 498.42 591.08 683.73 776.38 776.38 776.38 763.49 750.6 737.71 724.83 711.94 699.05 699.05 699.05 651.39 603.73 556.06 508.4 460.74 413.08 413.08 413.08 485.13 557.18 629.22 701.28 773.33 845.38 845.38 845.38 806.75 768.13 729.5 690.88 652.25 613.63 613.63 613.63 569.89 526.15 482.41 438.68 394.94 351.2 351.2 351.2 438.85 526.5 614.15 701.8 789.45 877.1 877.1 877.1 846.0 814.9 783.8 752.7 721.6 690.5 690.5 690.5 626.11 561.73 497.34 432.95 368.56 304.18 304.18 304.18 385.96 467.75 549.54 631.33 713.11 794.9 794.9 794.9 768.6 742.3 716.0 689.7 663.4 637.1 637.1 637.1 583.0 528.9 474.8 420.7 366.6 312.5 312.5 312.5 342.03 371.55 401.08 430.6 460.13 489.65 489.65 489.65 538.28 586.9 635.53 684.15 732.78 781.4 781.4 781.4 723.74 666.08 608.41 550.75 493.09 435.42 435.42 435.42 470.21 505.0 539.79 574.58 609.36 644.15 644.15 644.15 631.89 619.63 607.36 595.1 582.84 570.58 570.58 570.58 524.15 477.73 431.3 384.88 338.45 292.03 292.03 292.03 278.71 265.4 252.09 238.78 225.46 212.15 212.15 212.15 202.51 192.88 183.24 173.6 163.96 154.33 154.33 154.33 155.66 157.0 158.34 159.68 161.01 162.35 162.35 162.35 200.34 238.33 276.31 314.3 352.29 390.28 390.28 390.28 427.51 464.75 501.99 539.23 576.46 613.7 613.7 613.7 579.45 545.2 510.95 476.7 442.45 408.2 408.2 408.2 441.28 474.35 507.43 540.5 573.58 606.65 606.65 606.65 598.9 591.15 583.4 575.65 567.9 560.15 560.15 560.15 492.69 425.23 357.76 290.3 222.84 155.38 155.38 155.38 226.18 296.98 367.78 438.58 509.38 580.18 580.18 580.18 539.33 498.48 457.63 416.78 375.93 335.08 335.08 335.08 300.49 265.9 231.31
crearDespacho --fija
3200.0
configurarSolver --Gurobi
resolver --noConstante ejecuciones/bancos/recombinados/v1/directo/simple/v1_simple_000384.csv
finalizar
