inicializar --t 360
agregarAgente --RioNegro
161.28 161.28 161.28 161.28 161.28 161.28 161.28 161.28 161.28 161.28 161.28 161.28 161.28 161.28 161.28 161.28 161.28 161.28 161.28 161.28 161.28 161.28 161.28 161.28 161.28 161.28 161.28 161.28 161.28 161.28 161.28 161.28 161.28 161.28 161.28 161.28 161.28 161.28 161.28 161.28 161.28 161.28 161.28 161.28 161.28 168.62 175.96 183.3 190.64 197.98 205.32 205.32 205.32 218.38 231.44 244.5 257.56 270.62 283.68 283.68 283.68 296.78 309.88 322.98 336.08 349.18 362.28 362.28 362.28 375.32 388.36 401.4 414.44 427.48 440.52 440.52 440.52 453.58 466.64 479.7 492.76 505.82 518.88 518.88 518.88 531.94 545.0 558.06 571.12 584.18 597.24 597.24 597.24 610.32 623.4 636.48 649.56 662.64 675.72 675.72 675.72 688.78 701.84 714.9 727.96 741.02 754.08 754.08 754.08 767.14 780.2 793.26 806.32 819.38 832.44 832.44 832.44 845.48 858.52 871.56 884.6 897.64 910.68 910.68 910.68 923.78 936.88 949.98 963.08 976.18 989.28 989.28 989.28 1002.34 1015.4 1028.46 1041.52 1054.58 1067.64 1067.64 1067.64 1074.98 1082.32 1089.66 1097.0 1104.34 1111.68 1111.68 1111.68 1111.68 1111.68 1111.68 1111.68 1111.68 1111.68 1111.68 1111.68 1111.68 1111.68 1111.68 1111.68 1111.68 1111.68 1111.68 1111.68 1111.68 1111.68 1111.68 1111.68 1111.68 1111.68 1111.68 1111.68 1111.68 1111.68 1111.68 1111.68 1111.68 1111.68 1111.68 1111.68 1111.68 1111.68 1111.68 1111.68 1111.68 1111.68 1111.68 1111.68 1111.68 1111.68 1111.68 1111.68 1111.68 1111.68 1111.68 1111.68 1111.68 1111.68 1111.68 1111.68 1111.68 1111.68 1111.68 1111.68 1111.68 1111.68 1111.68 1111.68 1111.68 1111.68 1111.68 1111.68 1105.66 1099.64 1093.62 1087.6 1081.58 1075.56 1075.56 1075.56 1064.84 1054.12 1043.4 1032.68 1021.96 1011.24 1011.24 1011.24 1000.52 989.8 979.08 968.36 957.64 946.92 946.92 946.92 936.2 925.48 914.76 904.04 893.32 882.6 882.6 882.6 871.9 861.2 850.5 839.8 829.1 818.4 818.4 818.4 807.68 796.96 786.24 775.52 764.8 754.08 754.08 754.08 743.36 732.64 721.92 711.2 700.48 689.76 689.76 689.76 679.04 668.32 657.6 646.88 636.16 625.44 625.44 625.44 614.74 604.04 593.34 582.64 571.94 561.24 561.24 561.24 550.52 539.8 529.08 518.36 507.64 496.92 496.92 496.92 486.2 475.48 464.76 454.04 443.32 432.6 432.6 432.6 421.88 411.16 400.44 389.72 379.0 368.28 368.28 368.28 362.26 356.24 350.22 344.2 338.18 332.16 332.16 332.16 332.16 332.16 332.16 332.16 332.16 332.16 332.16 332.16 332.16 332.16 332.16 332.16 332.16 332.16 332.16 332.16 332.16 332.16 332.16 332.16 332.16 332.16 332.16 332.16 332.16 332.16 332.16 332.16 332.16 332.16 332.16 332.16 332.16 332.16 332.16 332.16 332.16 332.16 332.16 332.16 332.16 332.16 332.16
0.4 0.4 0.4 0.4 0.4 0.4 0.4 0.4 0.4 0.4 0.4 0.4 0.4 0.4 0.4 0.4 0.4 0.4 0.4 0.4 0.4 0.4 0.4 0.4 0.4 0.4 0.4 0.4 0.4 0.4 0.4 0.4 0.4 0.4 0.4 0.4 0.4 0.6 0.8 1.0 1.2 1.4 1.6 1.6 1.6 4.6 7.6 10.6 13.6 16.6 19.6 19.6 19.6 25.05 30.5 35.95 41.4 46.85 52.3 52.3 52.3 57.65 63.0 68.35 73.7 79.05 84.4 84.4 84.4 89.78 95.17 100.55 105.93 111.32 116.7 116.7 116.7 122.12 127.53 132.95 138.37 143.78 149.2 149.2 149.2 154.53 159.87 165.2 170.53 175.87 181.2 181.2 181.2 186.67 192.13 197.6 203.07 208.53 214.0 214.0 214.0 219.33 224.67 230.0 235.33 240.67 246.0 246.0 246.0 251.42 256.83 262.25 267.67 273.08 278.5 278.5 278.5 283.88 289.27 294.65 300.03 305.42 310.8 310.8 310.8 316.15 321.5 326.85 332.2 337.55 342.9 342.9 342.9 348.35 353.8 359.25 364.7 370.15 375.6 375.6 375.6 378.6 381.6 384.6 387.6 390.6 393.6 393.6 393.6 393.6 393.6 393.6 393.6 393.6 393.6 393.6 393.6 393.6 393.6 393.6 393.6 393.6 393.6 393.6 393.6 393.6 393.6 393.6 393.6 393.6 393.6 393.6 393.6 393.6 393.6 393.6 393.6 393.6 393.6 393.6 393.6 393.6 393.6 393.6 393.6 393.6 393.6 393.6 393.6 393.6 393.6 393.6 393.6 393.6 393.6 393.6 393.6 393.6 393.6 393.6 393.6 393.6 393.6 393.6 393.6 393.6 393.6 393.6 393.6 393.6 393.6 393.6 393.6 390.6 387.6 384.6 381.6 378.6 375.6 375.6 375.6 370.13 364.67 359.2 353.73 348.27 342.8 342.8 342.8 337.47 332.13 326.8 321.47 316.13 310.8 310.8 310.8 305.33 299.87 294.4 288.93 283.47 278.0 278.0 278.0 272.67 267.33 262.0 256.67 251.33 246.0 246.0 246.0 240.53 235.07 229.6 224.13 218.67 213.2 213.2 213.2 207.87 202.53 197.2 191.87 186.53 181.2 181.2 181.2 175.73 170.27 164.8 159.33 153.87 148.4 148.4 148.4 143.07 137.73 132.4 127.07 121.73 116.4 116.4 116.4 110.93 105.47 100.0 94.53 89.07 83.6 83.6 83.6 78.27 72.93 67.6 62.27 56.93 51.6 51.6 51.6 46.13 40.67 35.2 29.73 24.27 18.8 18.8 18.8 15.8 12.8 9.8 6.8 3.8 0.8 0.8 0.8 0.8 0.8 0.8 0.8 0.8 0.8 0.8 0.8 0.8 0.8 0.8 0.8 0.8 0.8 0.8 0.8 0.8 0.8 0.8 0.8 0.8 0.8 0.8 0.8 0.8 0.8 0.8 0.8 0.8 0.8 0.8 0.8 0.8 0.8 0.8 0.8 0.8 0.8 0.8 0.8 0.8 0.8 0.8
15.4 15.4 15.4 15.4 15.4 15.4 15.4 15.4 15.4 15.4 15.4 15.4 15.4 15.4 15.4 15.4 15.4 15.4 15.4 15.4 15.4 15.4 15.4 15.4 15.4 15.4 15.4 15.4 15.4 15.4 15.4 15.4 15.4 15.4 15.4 15.4 15.4 15.4 15.4 15.4 15.4 15.4 15.4 15.4 15.4 16.29 17.18 18.07 18.96 19.85 20.74 20.74 20.74 22.31 23.89 25.46 27.04 28.61 30.19 30.19 30.19 31.78 33.37 34.96 36.55 38.14 39.72 39.72 39.72 41.29 42.85 44.41 45.97 47.53 49.09 49.09 49.09 50.68 52.27 53.86 55.45 57.04 58.62 58.62 58.62 60.19 61.75 63.31 64.87 66.43 67.99 67.99 67.99 69.59 71.2 72.8 74.4 76.01 77.61 77.61 77.61 79.17 80.73 82.29 83.85 85.41 86.98 86.98 86.98 88.56 90.15 91.74 93.33 94.92 96.51 96.51 96.51 98.07 99.63 101.19 102.75 104.31 105.88 105.88 105.88 107.46 109.05 110.64 112.23 113.82 115.41 115.41 115.41 116.99 118.56 120.14 121.71 123.29 124.86 124.86 124.86 125.75 126.64 127.53 128.42 129.31 130.2 130.2 130.2 130.2 130.2 130.2 130.2 130.2 130.2 130.2 130.2 130.2 130.2 130.2 130.2 130.2 130.2 130.2 130.2 130.2 130.2 130.2 130.2 130.2 130.2 130.2 130.2 130.2 130.2 130.2 130.2 130.2 130.2 130.2 130.2 130.2 130.2 130.2 130.2 130.2 130.2 130.2 130.2 130.2 130.2 130.2 130.2 130.2 130.2 130.2 130.2 130.2 130.2 130.2 130.2 130.2 130.2 130.2 130.2 130.2 130.2 130.2 130.2 130.2 130.2 130.2 130.2 132.3 134.4 136.5 138.6 140.7 142.8 142.8 142.8 146.53 150.27 154.0 157.73 161.47 165.2 165.2 165.2 168.93 172.67 176.4 180.13 183.87 187.6 187.6 187.6 191.33 195.07 198.8 202.53 206.27 210.0 210.0 210.0 213.73 217.47 221.2 224.93 228.67 232.4 232.4 232.4 236.13 239.87 243.6 247.33 251.07 254.8 254.8 254.8 258.42 262.03 265.65 269.27 272.88 276.5 276.5 276.5 280.23 283.97 287.7 291.43 295.17 298.9 298.9 298.9 302.63 306.37 310.1 313.83 317.57 321.3 321.3 321.3 325.03 328.77 332.5 336.23 339.97 343.7 343.7 343.7 347.43 351.17 354.9 358.63 362.37 366.1 366.1 366.1 369.83 373.57 377.3 381.03 384.77 388.5 388.5 388.5 390.6 392.7 394.8 396.9 399.0 401.1 401.1 401.1 401.1 401.1 401.1 401.1 401.1 401.1 401.1 401.1 401.1 401.1 401.1 401.1 401.1 401.1 401.1 401.1 401.1 401.1 401.1 401.1 401.1 401.1 401.1 401.1 401.1 401.1 401.1 401.1 401.1 401.1 401.1 401.1 401.1 401.1 401.1 401.1 401.1 401.1 401.1 401.1 401.1 401.1 401.1
2402094772.0
1488361289.0
0.00479
0.00479
agregarAgente --DemandaFija
434.23 381.24 328.25 328.25 328.25 378.2 428.15 478.1 528.05 578.0 627.95 627.95 627.95 629.04 630.13 631.21 632.3 633.39 634.48 634.48 634.48 582.06 529.65 477.24 424.83 372.41 320.0 320.0 320.0 372.21 424.43 476.64 528.85 581.06 633.28 633.28 633.28 633.76 634.25 634.74 635.23 635.71 636.2 636.2 636.2 562.35 488.5 414.65 340.8 266.95 193.1 193.1 193.1 215.28 237.45 259.63 281.8 303.98 326.15 326.15 326.15 342.99 359.83 376.66 393.5 410.34 427.18 427.18 427.18 382.69 338.2 293.71 249.23 204.74 160.25 160.25 160.25 177.09 193.93 210.76 227.6 244.44 261.28 261.28 261.28 287.36 313.45 339.54 365.63 391.71 417.8 417.8 417.8 371.05 324.3 277.55 230.8 184.05 137.3 137.3 137.3 185.8 234.3 282.8 331.3 379.8 428.3 428.3 428.3 428.84 429.38 429.91 430.45 430.99 431.53 431.53 431.53 402.31 373.1 343.89 314.68 285.46 256.25 256.25 256.25 297.61 338.98 380.34 421.7 463.06 504.42 504.42 504.42 525.36 546.3 567.24 588.18 609.11 630.05 630.05 630.05 576.54 523.03 469.51 416.0 362.49 308.98 308.98 308.98 318.78 328.58 338.38 348.18 357.98 367.78 367.78 367.78 388.49 409.2 429.91 450.63 471.34 492.05 492.05 492.05 436.21 380.38 324.54 268.7 212.86 157.03 157.03 157.03 191.39 225.75 260.11 294.48 328.84 363.2 363.2 363.2 368.44 373.68 378.91 384.15 389.39 394.63 394.63 394.63 368.64 342.65 316.66 290.68 264.69 238.7 238.7 238.7 277.95 317.2 356.45 395.7 434.95 474.2 474.2 474.2 485.08 495.95 506.83 517.7 528.58 539.45 539.45 539.45 478.48 417.5 356.53 295.55 234.58 173.6 173.6 173.6 199.04 224.48 249.91 275.35 300.79 326.23 326.23 326.23 336.14 346.05 355.96 365.88 375.79 385.7 385.7 385.7 363.06 340.43 317.79 295.15 272.51 249.88 249.88 249.88 247.28 244.68 242.08 239.48 236.88 234.28 234.28 234.28 245.76 257.25 268.74 280.23 291.71 303.2 303.2 303.2 282.5 261.8 241.1 220.4 199.7 179.0 179.0 179.0 198.51 218.03 237.54 257.05 276.56 296.08 296.08 296.08 295.09 294.1 293.11 292.13 291.14 290.15 290.15 290.15 265.09 240.03 214.96 189.9 164.84 139.78 139.78 139.78 154.8 169.83 184.85 199.88 214.9 229.93 229.93 229.93 202.54 175.15 147.76 120.38 92.99 65.6 65.6 65.6 67.11 68.63 70.14 71.65 73.16 74.68 74.68 74.68 72.13 69.58 67.03 64.48 61.93 59.38 59.38 59.38 59.38 59.38 59.38 59.38 59.38 59.38 59.38 59.38 59.38 59.38 59.38 59.38 59.38 59.38 59.38 59.38 59.38 59.38 59.38 59.38 59.38 59.38 59.38 59.38 59.38 59.38 59.38 59.38 59.38 59.38 59.38 59.38 59.38 59.38 59.38
crearDespacho --fija
3200.0
configurarSolver --Gurobi
resolver --noConstante ejecuciones/bancos/recombinados/v1/directo/simple/v1_simple_000346.csv
finalizar
