inicializar --t 360
agregarAgente --RioNegro
750.16 745.76 741.36 741.36 741.36 737.02 732.68 728.34 724.0 719.66 715.32 715.32 715.32 710.96 706.6 702.24 697.88 693.52 689.16 689.16 689.16 684.82 680.48 676.14 671.8 667.46 663.12 663.12 663.12 658.76 654.4 650.04 645.68 641.32 636.96 636.96 636.96 632.6 628.24 623.88 619.52 615.16 610.8 610.8 610.8 608.36 605.92 603.48 601.04 598.6 596.16 596.16 596.16 596.16 596.16 596.16 596.16 596.16 596.16 596.16 596.16 596.16 596.16 596.16 596.16 596.16 596.16 596.16 596.16 596.16 596.16 596.16 596.16 596.16 596.16 596.16 596.16 596.16 596.16 596.16 596.16 596.16 596.16 596.16 596.16 596.16 596.16 596.16 596.16 596.16 596.16 596.16 596.16 596.16 596.16 596.16 596.16 596.16 596.16 596.16 596.16 596.16 596.16 596.16 596.16 596.16 596.16 596.16 596.16 596.16 596.16 596.16 596.16 596.16 596.16 596.16 596.16 593.92 591.68 589.44 587.2 584.96 582.72 582.72 582.72 578.76 574.8 570.84 566.88 562.92 558.96 558.96 558.96 555.0 551.04 547.08 543.12 539.16 535.2 535.2 535.2 531.2 527.2 523.2 519.2 515.2 511.2 511.2 511.2 507.22 503.24 499.26 495.28 491.3 487.32 487.32 487.32 483.36 479.4 475.44 471.48 467.52 463.56 463.56 463.56 459.6 455.64 451.68 447.72 443.76 439.8 439.8 439.8 435.84 431.88 427.92 423.96 420.0 416.04 416.04 416.04 412.06 408.08 404.1 400.12 396.14 392.16 392.16 392.16 388.16 384.16 380.16 376.16 372.16 368.16 368.16 368.16 364.2 360.24 356.28 352.32 348.36 344.4 344.4 344.4 340.44 336.48 332.52 328.56 324.6 320.64 320.64 320.64 318.4 316.16 313.92 311.68 309.44 307.2 307.2 307.2 307.2 307.2 307.2 307.2 307.2 307.2 307.2 307.2 307.2 307.2 307.2 307.2 307.2 307.2 307.2 307.2 307.2 307.2 307.2 307.2 307.2 307.2 307.2 307.2 307.2 307.2 307.2 307.2 307.2 307.2 307.2 307.2 307.2 307.2 307.2 307.2 307.2 307.2 307.2 307.2 307.2 307.2 307.2 307.2 307.2 307.2 307.2 307.2 307.2 307.2 307.2 307.2 307.2 307.2 307.2 307.2 307.2 307.2 307.2 307.2 307.2 307.2 307.2 307.2 311.92 316.64 321.36 326.08 330.8 335.52 335.52 335.52 343.84 352.16 360.48 368.8 377.12 385.44 385.44 385.44 393.76 402.08 410.4 418.72 427.04 435.36 435.36 435.36 443.68 452.0 460.32 468.64 476.96 485.28 485.28 485.28 493.6 501.92 510.24 518.56 526.88 535.2 535.2 535.2 543.52 551.84 560.16 568.48 576.8 585.12 585.12 585.12 593.44 601.76 610.08 618.4 626.72 635.04 635.04 635.04 643.36 651.68 660.0 668.32 676.64 684.96 684.96 684.96 693.28 701.6 709.92 718.24 726.56 734.88 734.88 734.88 743.2 751.52 759.84
230.83 236.47 242.1 242.1 242.1 247.73 253.37 259.0 264.63 270.27 275.9 275.9 275.9 281.55 287.2 292.85 298.5 304.15 309.8 309.8 309.8 315.45 321.1 326.75 332.4 338.05 343.7 343.7 343.7 349.33 354.97 360.6 366.23 371.87 377.5 377.5 377.5 383.15 388.8 394.45 400.1 405.75 411.4 411.4 411.4 414.57 417.73 420.9 424.07 427.23 430.4 430.4 430.4 430.4 430.4 430.4 430.4 430.4 430.4 430.4 430.4 430.4 430.4 430.4 430.4 430.4 430.4 430.4 430.4 430.4 430.4 430.4 430.4 430.4 430.4 430.4 430.4 430.4 430.4 430.4 430.4 430.4 430.4 430.4 430.4 430.4 430.4 430.4 430.4 430.4 430.4 430.4 430.4 430.4 430.4 430.4 430.4 430.4 430.4 430.4 430.4 430.4 430.4 430.4 430.4 430.4 430.4 430.4 430.4 430.4 430.4 430.4 430.4 430.4 430.4 430.4 430.4 427.13 423.87 420.6 417.33 414.07 410.8 410.8 410.8 405.0 399.2 393.4 387.6 381.8 376.0 376.0 376.0 370.18 364.37 358.55 352.73 346.92 341.1 341.1 341.1 335.3 329.5 323.7 317.9 312.1 306.3 306.3 306.3 300.48 294.67 288.85 283.03 277.22 271.4 271.4 271.4 265.6 259.8 254.0 248.2 242.4 236.6 236.6 236.6 230.8 225.0 219.2 213.4 207.6 201.8 201.8 201.8 196.0 190.2 184.4 178.6 172.8 167.0 167.0 167.0 161.18 155.37 149.55 143.73 137.92 132.1 132.1 132.1 126.3 120.5 114.7 108.9 103.1 97.3 97.3 97.3 91.48 85.67 79.85 74.03 68.22 62.4 62.4 62.4 56.6 50.8 45.0 39.2 33.4 27.6 27.6 27.6 24.33 21.07 17.8 14.53 11.27 8.0 8.0 8.0 8.0 8.0 8.0 8.0 8.0 8.0 8.0 8.0 8.0 8.0 8.0 8.0 8.0 8.0 8.0 8.0 8.0 8.0 8.0 8.0 8.0 8.0 8.0 8.0 8.0 8.0 8.0 8.0 8.0 8.0 8.0 8.0 8.0 8.0 8.0 8.0 8.0 8.0 8.0 8.0 8.0 8.0 8.0 8.0 8.0 8.0 8.0 8.0 8.0 8.0 8.0 8.0 8.0 8.0 8.0 8.0 8.0 8.0 8.0 8.0 8.0 8.0 8.0 8.0 8.93 9.87 10.8 11.73 12.67 13.6 13.6 13.6 15.2 16.8 18.4 20.0 21.6 23.2 23.2 23.2 24.85 26.5 28.15 29.8 31.45 33.1 33.1 33.1 34.72 36.33 37.95 39.57 41.18 42.8 42.8 42.8 44.42 46.03 47.65 49.27 50.88 52.5 52.5 52.5 54.15 55.8 57.45 59.1 60.75 62.4 62.4 62.4 64.0 65.6 67.2 68.8 70.4 72.0 72.0 72.0 73.65 75.3 76.95 78.6 80.25 81.9 81.9 81.9 83.52 85.13 86.75 88.37 89.98 91.6 91.6 91.6 93.22 94.83 96.45
754.83 772.75 790.66 790.66 790.66 808.49 826.32 844.14 861.97 879.8 897.63 897.63 897.63 915.5 933.37 951.24 969.11 986.98 1004.86 1004.86 1004.86 1022.73 1040.6 1058.47 1076.34 1094.22 1112.09 1112.09 1112.09 1129.96 1147.83 1165.7 1183.57 1201.45 1219.32 1219.32 1219.32 1237.19 1255.06 1272.93 1290.81 1308.68 1326.55 1326.55 1326.55 1336.58 1346.62 1356.65 1366.68 1376.72 1386.75 1386.75 1386.75 1386.75 1386.75 1386.75 1386.75 1386.75 1386.75 1386.75 1386.75 1386.75 1386.75 1386.75 1386.75 1386.75 1386.75 1386.75 1386.75 1386.75 1386.75 1386.75 1386.75 1386.75 1386.75 1386.75 1386.75 1386.75 1386.75 1386.75 1386.75 1386.75 1386.75 1386.75 1386.75 1386.75 1386.75 1386.75 1386.75 1386.75 1386.75 1386.75 1386.75 1386.75 1386.75 1386.75 1386.75 1386.75 1386.75 1386.75 1386.75 1386.75 1386.75 1386.75 1386.75 1386.75 1386.75 1386.75 1386.75 1386.75 1386.75 1386.75 1386.75 1386.75 1386.75 1386.75 1386.75 1381.35 1375.96 1370.56 1365.16 1359.76 1354.37 1354.37 1354.37 1344.78 1335.19 1325.61 1316.02 1306.44 1296.85 1296.85 1296.85 1287.25 1277.64 1268.03 1258.42 1248.81 1239.21 1239.21 1239.21 1229.64 1220.08 1210.52 1200.95 1191.39 1181.83 1181.83 1181.83 1172.22 1162.61 1153.0 1143.4 1133.79 1124.18 1124.18 1124.18 1114.62 1105.06 1095.49 1085.93 1076.37 1066.8 1066.8 1066.8 1057.17 1047.54 1037.91 1028.28 1018.65 1009.02 1009.02 1009.02 999.46 989.9 980.33 970.77 961.21 951.64 951.64 951.64 942.04 932.43 922.82 913.21 903.6 894.0 894.0 894.0 884.43 874.87 865.31 855.74 846.18 836.62 836.62 836.62 827.01 817.4 807.8 798.19 788.58 778.97 778.97 778.97 769.39 759.8 750.22 740.63 731.04 721.46 721.46 721.46 716.06 710.66 705.27 699.87 694.47 689.07 689.07 689.07 689.07 689.07 689.07 689.07 689.07 689.07 689.07 689.07 689.07 689.07 689.07 689.07 689.07 689.07 689.07 689.07 689.07 689.07 689.07 689.07 689.07 689.07 689.07 689.07 689.07 689.07 689.07 689.07 689.07 689.07 689.07 689.07 689.07 689.07 689.07 689.07 689.07 689.07 689.07 689.07 689.07 689.07 689.07 689.07 689.07 689.07 689.07 689.07 689.07 689.07 689.07 689.07 689.07 689.07 689.07 689.07 689.07 689.07 689.07 689.07 689.07 689.07 689.07 689.07 686.79 684.51 682.22 679.94 677.65 675.37 675.37 675.37 671.36 667.35 663.34 659.33 655.32 651.32 651.32 651.32 647.26 643.21 639.15 635.1 631.05 626.99 626.99 626.99 622.98 618.98 614.97 610.96 606.95 602.94 602.94 602.94 598.86 594.79 590.71 586.64 582.56 578.48 578.48 578.48 574.5 570.51 566.53 562.54 558.55 554.57 554.57 554.57 550.49 546.41 542.34 538.26 534.19 530.11 530.11 530.11 526.12 522.14 518.15 514.16 510.18 506.19 506.19 506.19 502.11 498.04 493.96 489.89 485.81 481.73 481.73 481.73 477.73 473.72 469.71
4076597044.0
1653463483.0
0.00326
0.00633
agregarAgente --DemandaFija
636.28 614.9 593.53 593.53 593.53 631.88 670.23 708.58 746.93 785.28 823.63 823.63 823.63 845.09 866.55 888.01 909.48 930.94 952.4 952.4 952.4 867.64 782.88 698.11 613.35 528.59 443.83 443.83 443.83 470.29 496.75 523.21 549.68 576.14 602.6 602.6 602.6 643.08 683.55 724.03 764.5 804.98 845.45 845.45 845.45 797.61 749.78 701.94 654.1 606.26 558.43 558.43 558.43 587.63 616.83 646.03 675.23 704.43 733.63 733.63 733.63 791.41 849.2 906.99 964.78 1022.56 1080.35 1080.35 1080.35 995.99 911.63 827.26 742.9 658.54 574.18 574.18 574.18 598.1 622.03 645.95 669.88 693.8 717.73 717.73 717.73 749.25 780.78 812.3 843.83 875.35 906.88 906.88 906.88 845.71 784.55 723.39 662.23 601.06 539.9 539.9 539.9 554.41 568.93 583.44 597.95 612.46 626.98 626.98 626.98 666.15 705.33 744.5 783.68 822.85 862.03 862.03 862.03 803.13 744.23 685.33 626.43 567.53 508.63 508.63 508.63 510.88 513.13 515.38 517.63 519.88 522.13 522.13 522.13 568.5 614.88 661.25 707.63 754.0 800.38 800.38 800.38 748.15 695.93 643.7 591.48 539.25 487.03 487.03 487.03 493.78 500.53 507.28 514.03 520.78 527.53 527.53 527.53 578.61 629.7 680.79 731.88 782.96 834.05 834.05 834.05 744.15 654.25 564.35 474.45 384.55 294.65 294.65 294.65 256.43 218.2 179.98 141.75 103.53 65.3 65.3 65.3 64.31 63.33 62.34 61.35 60.36 59.38 59.38 59.38 77.56 95.75 113.94 132.13 150.31 168.5 168.5 168.5 211.16 253.83 296.49 339.15 381.81 424.48 424.48 424.48 368.76 313.05 257.34 201.63 145.91 90.2 90.2 90.2 110.79 131.38 151.96 172.55 193.14 213.73 213.73 213.73 188.33 162.93 137.53 112.13 86.73 61.33 61.33 61.33 62.41 63.5 64.59 65.68 66.76 67.85 67.85 67.85 77.86 87.88 97.89 107.9 117.91 127.93 127.93 127.93 116.5 105.08 93.65 82.23 70.8 59.38 59.38 59.38 59.38 59.38 59.38 59.38 59.38 59.38 59.38 59.38 77.66 95.95 114.24 132.53 150.81 169.1 169.1 169.1 214.5 259.9 305.3 350.7 396.1 441.5 441.5 441.5 423.15 404.8 386.45 368.1 349.75 331.4 331.4 331.4 294.58 257.75 220.93 184.1 147.28 110.45 110.45 110.45 101.94 93.43 84.91 76.4 67.89 59.38 59.38 59.38 88.86 118.35 147.84 177.33 206.81 236.3 236.3 236.3 210.44 184.58 158.71 132.85 106.99 81.13 81.13 81.13 114.38 147.63 180.88 214.13 247.38 280.63 280.63 280.63 291.75 302.88 314.0 325.13 336.25 347.38 347.38 347.38 309.2 271.03 232.85 194.68 156.5 118.33 118.33 118.33 246.54 374.75 502.96 631.18 759.39 887.6 887.6 887.6 794.63 701.65 608.68 515.7 422.73 329.75 329.75 329.75 287.98 246.2 204.43
crearDespacho --fija
3200.0
configurarSolver --Gurobi
resolver --noConstante ejecuciones/bancos/recombinados/v1/directo/simple/v1_simple_000296.csv
finalizar
