inicializar --t 360
agregarAgente --RioNegro
343.0 340.88 338.76 338.76 338.76 336.58 334.4 332.22 330.04 327.86 325.68 325.68 325.68 323.54 321.4 319.26 317.12 314.98 312.84 312.84 312.84 310.7 308.56 306.42 304.28 302.14 300.0 300.0 300.0 297.84 295.68 293.52 291.36 289.2 287.04 287.04 287.04 284.88 282.72 280.56 278.4 276.24 274.08 274.08 274.08 272.88 271.68 270.48 269.28 268.08 266.88 266.88 266.88 266.88 266.88 266.88 266.88 266.88 266.88 266.88 266.88 266.88 266.88 266.88 266.88 266.88 266.88 266.88 266.88 266.88 266.88 266.88 266.88 266.88 266.88 266.88 266.88 266.88 266.88 266.88 266.88 266.88 266.88 266.88 266.88 266.88 266.88 266.88 266.88 266.88 266.88 266.88 266.88 266.88 266.88 266.88 266.88 266.88 266.88 266.88 266.88 266.88 266.88 266.88 266.88 266.88 266.88 266.88 266.88 266.88 266.88 266.88 266.88 266.88 266.88 266.88 266.88 264.82 262.76 260.7 258.64 256.58 254.52 254.52 254.52 250.84 247.16 243.48 239.8 236.12 232.44 232.44 232.44 228.78 225.12 221.46 217.8 214.14 210.48 210.48 210.48 206.8 203.12 199.44 195.76 192.08 188.4 188.4 188.4 184.74 181.08 177.42 173.76 170.1 166.44 166.44 166.44 162.76 159.08 155.4 151.72 148.04 144.36 144.36 144.36 140.72 137.08 133.44 129.8 126.16 122.52 122.52 122.52 118.84 115.16 111.48 107.8 104.12 100.44 100.44 100.44 96.78 93.12 89.46 85.8 82.14 78.48 78.48 78.48 74.8 71.12 67.44 63.76 60.08 56.4 56.4 56.4 52.74 49.08 45.42 41.76 38.1 34.44 34.44 34.44 30.76 27.08 23.4 19.72 16.04 12.36 12.36 12.36 10.3 8.24 6.18 4.12 2.06 0 0 0 0 0 0 0 0 0 0 0 0 0 0 0 0 0 0 0 0 0 0 0 0 0 0 0 0 0 0 0 0 0 0 0 0 0 0 0 0 0 0 0 0 0 0 0 0 0 0 0 0 0 0 0 0 0 0 0 0 0 0 0 0 0 0 0 1.72 3.44 5.16 6.88 8.6 10.32 10.32 10.32 13.44 16.56 19.68 22.8 25.92 29.04 29.04 29.04 32.1 35.16 38.22 41.28 44.34 47.4 47.4 47.4 50.5 53.6 56.7 59.8 62.9 66.0 66.0 66.0 69.08 72.16 75.24 78.32 81.4 84.48 84.48 84.48 87.58 90.68 93.78 96.88 99.98 103.08 103.08 103.08 106.16 109.24 112.32 115.4 118.48 121.56 121.56 121.56 124.66 127.76 130.86 133.96 137.06 140.16 140.16 140.16 143.24 146.32 149.4 152.48 155.56 158.64 158.64 158.64 161.74 164.84 167.94
32.31 32.88 33.44 33.44 33.44 33.96 34.48 35.0 35.52 36.04 36.56 36.56 36.56 37.13 37.69 38.25 38.81 39.38 39.94 39.94 39.94 40.47 41.0 41.53 42.06 42.59 43.13 43.13 43.13 43.68 44.23 44.78 45.33 45.89 46.44 46.44 46.44 46.97 47.5 48.03 48.56 49.09 49.63 49.63 49.63 49.94 50.25 50.56 50.88 51.19 51.5 51.5 51.5 51.5 51.5 51.5 51.5 51.5 51.5 51.5 51.5 51.5 51.5 51.5 51.5 51.5 51.5 51.5 51.5 51.5 51.5 51.5 51.5 51.5 51.5 51.5 51.5 51.5 51.5 51.5 51.5 51.5 51.5 51.5 51.5 51.5 51.5 51.5 51.5 51.5 51.5 51.5 51.5 51.5 51.5 51.5 51.5 51.5 51.5 51.5 51.5 51.5 51.5 51.5 51.5 51.5 51.5 51.5 51.5 51.5 51.5 51.5 51.5 51.5 51.5 51.5 51.5 51.13 50.75 50.38 50.0 49.63 49.25 49.25 49.25 48.5 47.75 47.0 46.25 45.5 44.75 44.75 44.75 44.08 43.42 42.75 42.08 41.42 40.75 40.75 40.75 40.0 39.25 38.5 37.75 37.0 36.25 36.25 36.25 35.58 34.92 34.25 33.58 32.92 32.25 32.25 32.25 31.5 30.75 30.0 29.25 28.5 27.75 27.75 27.75 27.08 26.42 25.75 25.08 24.42 23.75 23.75 23.75 23.0 22.25 21.5 20.75 20.0 19.25 19.25 19.25 18.58 17.92 17.25 16.58 15.92 15.25 15.25 15.25 14.5 13.75 13.0 12.25 11.5 10.75 10.75 10.75 10.08 9.42 8.75 8.08 7.42 6.75 6.75 6.75 6.0 5.25 4.5 3.75 3.0 2.25 2.25 2.25 1.88 1.5 1.13 0.75 0.38 0 0 0 0 0 0 0 0 0 0 0 0 0 0 0 0 0 0 0 0 0 0 0 0 0 0 0 0 0 0 0 0 0 0 0 0 0 0 0 0 0 0 0 0 0 0 0 0 0 0 0 0 0 0 0 0 0 0 0 0 0 0 0 0 0 0 0 0.14 0.27 0.41 0.54 0.68 0.81 0.81 0.81 1.05 1.29 1.53 1.77 2.01 2.25 2.25 2.25 2.49 2.73 2.97 3.21 3.45 3.69 3.69 3.69 3.93 4.17 4.41 4.65 4.89 5.13 5.13 5.13 5.36 5.6 5.84 6.08 6.32 6.56 6.56 6.56 6.81 7.06 7.31 7.56 7.81 8.06 8.06 8.06 8.29 8.52 8.75 8.98 9.21 9.44 9.44 9.44 9.69 9.94 10.19 10.44 10.69 10.94 10.94 10.94 11.18 11.42 11.66 11.9 12.14 12.38 12.38 12.38 12.61 12.85 13.09
29.29 28.49 27.68 27.68 27.68 26.85 26.02 25.2 24.37 23.54 22.71 22.71 22.71 21.86 21.01 20.16 19.31 18.45 17.6 17.6 17.6 16.8 15.99 15.18 14.38 13.57 12.77 12.77 12.77 11.94 11.11 10.28 9.45 8.62 7.79 7.79 7.79 6.97 6.14 5.31 4.48 3.65 2.82 2.82 2.82 2.35 1.88 1.41 0.94 0.47 0 0 0 0 0 0 0 0 0 0 0 0 0 0 0 0 0 0 0 0 0 0 0 0 0 0 0 0 0 0 0 0 0 0 0 0 0 0 0 0 0 0 0 0 0 0 0 0 0 0 0 0 0 0 0 0 0 0 0 0 0 0 0 0 0 0 0 0.54 1.08 1.61 2.15 2.69 3.22 3.22 3.22 4.12 5.02 5.91 6.81 7.7 8.6 8.6 8.6 9.56 10.53 11.49 12.45 13.42 14.38 14.38 14.38 15.3 16.21 17.13 18.05 18.97 19.89 19.89 19.89 20.81 21.72 22.64 23.56 24.48 25.4 25.4 25.4 26.36 27.32 28.29 29.25 30.21 31.17 31.17 31.17 32.07 32.97 33.86 34.76 35.65 36.55 36.55 36.55 37.51 38.48 39.44 40.4 41.37 42.33 42.33 42.33 43.25 44.16 45.08 46.0 46.92 47.84 47.84 47.84 48.76 49.67 50.59 51.51 52.43 53.35 53.35 53.35 54.31 55.27 56.24 57.2 58.16 59.13 59.13 59.13 60.02 60.92 61.81 62.71 63.6 64.5 64.5 64.5 65.04 65.58 66.11 66.65 67.19 67.73 67.73 67.73 67.73 67.73 67.73 67.73 67.73 67.73 67.73 67.73 67.73 67.73 67.73 67.73 67.73 67.73 67.73 67.73 67.73 67.73 67.73 67.73 67.73 67.73 67.73 67.73 67.73 67.73 67.73 67.73 67.73 67.73 67.73 67.73 67.73 67.73 67.73 67.73 67.73 67.73 67.73 67.73 67.73 67.73 67.73 67.73 67.73 67.73 67.73 67.73 67.73 67.73 67.73 67.73 67.73 67.73 67.73 67.73 67.73 67.73 67.73 67.73 67.73 67.73 67.73 67.73 67.37 67.01 66.65 66.29 65.93 65.58 65.58 65.58 64.86 64.14 63.43 62.71 61.99 61.28 61.28 61.28 60.63 59.98 59.33 58.68 58.03 57.38 57.38 57.38 56.68 55.99 55.3 54.6 53.91 53.21 53.21 53.21 52.52 51.82 51.13 50.44 49.74 49.05 49.05 49.05 48.4 47.75 47.1 46.45 45.8 45.15 45.15 45.15 44.43 43.72 43.0 42.28 41.57 40.85 40.85 40.85 40.2 39.55 38.9 38.25 37.6 36.95 36.95 36.95 36.26 35.56 34.87 34.18 33.48 32.79 32.79 32.79 32.09 31.4 30.7
7343346365.0
1193528402.0
0.00326
0.00633
agregarAgente --DemandaFija
196.73 162.14 127.55 127.55 127.55 191.05 254.55 318.05 381.55 445.05 508.55 508.55 508.55 484.63 460.7 436.78 412.85 388.93 365.0 365.0 365.0 326.91 288.83 250.74 212.65 174.56 136.48 136.48 136.48 200.8 265.13 329.45 393.78 458.1 522.43 522.43 522.43 508.7 494.98 481.25 467.53 453.8 440.08 440.08 440.08 401.31 362.55 323.79 285.03 246.26 207.5 207.5 207.5 272.39 337.28 402.16 467.05 531.94 596.83 596.83 596.83 579.83 562.83 545.83 528.83 511.83 494.83 494.83 494.83 448.91 403.0 357.09 311.18 265.26 219.35 219.35 219.35 269.56 319.78 369.99 420.2 470.41 520.63 520.63 520.63 540.3 559.98 579.65 599.33 619.0 638.68 638.68 638.68 593.71 548.75 503.79 458.83 413.86 368.9 368.9 368.9 442.43 515.95 589.48 663.0 736.53 810.05 810.05 810.05 799.14 788.23 777.31 766.4 755.49 744.58 744.58 744.58 729.99 715.4 700.81 686.23 671.64 657.05 657.05 657.05 658.19 659.33 660.46 661.6 662.74 663.88 663.88 663.88 646.06 628.25 610.44 592.63 574.81 557.0 557.0 557.0 536.48 515.95 495.42 474.9 454.38 433.85 433.85 433.85 405.05 376.25 347.45 318.65 289.85 261.05 261.05 261.05 264.04 267.03 270.01 273.0 275.99 278.98 278.98 278.98 284.03 289.08 294.13 299.18 304.23 309.28 309.28 309.28 355.41 401.55 447.69 493.83 539.96 586.1 586.1 586.1 591.25 596.4 601.55 606.7 611.85 617.0 617.0 617.0 590.75 564.5 538.25 512.0 485.75 459.5 459.5 459.5 495.09 530.68 566.26 601.85 637.44 673.03 673.03 673.03 650.59 628.15 605.71 583.28 560.84 538.4 538.4 538.4 519.98 501.55 483.13 464.7 446.28 427.85 427.85 427.85 452.91 477.98 503.04 528.1 553.16 578.23 578.23 578.23 540.58 502.93 465.28 427.63 389.98 352.33 352.33 352.33 347.1 341.88 336.65 331.43 326.2 320.98 320.98 320.98 342.66 364.35 386.04 407.73 429.41 451.1 451.1 451.1 428.64 406.18 383.71 361.25 338.79 316.33 316.33 316.33 314.53 312.73 310.93 309.13 307.33 305.53 305.53 305.53 368.23 430.93 493.63 556.33 619.03 681.73 681.73 681.73 645.54 609.35 573.16 536.98 500.79 464.6 464.6 464.6 438.25 411.9 385.55 359.2 332.85 306.5 306.5 306.5 376.11 445.73 515.34 584.95 654.56 724.18 724.18 724.18 694.11 664.05 633.99 603.93 573.86 543.8 543.8 543.8 522.21 500.63 479.04 457.45 435.86 414.28 414.28 414.28 459.06 503.85 548.64 593.43 638.21 683.0 683.0 683.0 668.79 654.58 640.36 626.15 611.94 597.73 597.73 597.73 572.69 547.65 522.61 497.58 472.54 447.5 447.5 447.5 510.66 573.83 636.99 700.15 763.31 826.47 826.47 826.47 808.71 790.95 773.19 755.43 737.66 719.9 719.9 719.9 691.56 663.23 634.89
crearDespacho --fija
3200.0
configurarSolver --Gurobi
resolver --noConstante ejecuciones/bancos/recombinados/v1/directo/simple/v1_simple_000281.csv
finalizar
