inicializar --t 360
agregarAgente --RioNegro
885.92 882.58 879.24 879.24 879.24 875.92 872.6 869.28 865.96 862.64 859.32 859.32 859.32 855.98 852.64 849.3 845.96 842.62 839.28 839.28 839.28 836.0 832.72 829.44 826.16 822.88 819.6 819.6 819.6 816.26 812.92 809.58 806.24 802.9 799.56 799.56 799.56 796.24 792.92 789.6 786.28 782.96 779.64 779.64 779.64 776.3 772.96 769.62 766.28 762.94 759.6 759.6 759.6 756.28 752.96 749.64 746.32 743.0 739.68 739.68 739.68 736.36 733.04 729.72 726.4 723.08 719.76 719.76 719.76 717.88 716.0 714.12 712.24 710.36 708.48 708.48 708.48 708.48 708.48 708.48 708.48 708.48 708.48 708.48 708.48 708.48 708.48 708.48 708.48 708.48 708.48 708.48 708.48 708.48 708.48 708.48 708.48 708.48 708.48 708.48 708.48 708.48 708.48 708.48 708.48 708.48 708.48 708.48 708.48 708.48 708.48 708.48 708.48 708.48 708.48 708.48 708.48 708.48 708.48 708.48 708.48 708.48 708.48 708.48 708.48 708.48 708.48 708.48 708.48 708.48 708.48 708.48 708.48 708.48 708.48 708.48 708.48 708.48 708.48 708.48 708.48 706.32 704.16 702.0 699.84 697.68 695.52 695.52 695.52 691.52 687.52 683.52 679.52 675.52 671.52 671.52 671.52 667.68 663.84 660.0 656.16 652.32 648.48 648.48 648.48 644.48 640.48 636.48 632.48 628.48 624.48 624.48 624.48 620.64 616.8 612.96 609.12 605.28 601.44 601.44 601.44 597.44 593.44 589.44 585.44 581.44 577.44 577.44 577.44 573.6 569.76 565.92 562.08 558.24 554.4 554.4 554.4 550.4 546.4 542.4 538.4 534.4 530.4 530.4 530.4 526.56 522.72 518.88 515.04 511.2 507.36 507.36 507.36 503.36 499.36 495.36 491.36 487.36 483.36 483.36 483.36 479.52 475.68 471.84 468.0 464.16 460.32 460.32 460.32 456.32 452.32 448.32 444.32 440.32 436.32 436.32 436.32 434.16 432.0 429.84 427.68 425.52 423.36 423.36 423.36 423.36 423.36 423.36 423.36 423.36 423.36 423.36 423.36 423.36 423.36 423.36 423.36 423.36 423.36 423.36 423.36 423.36 423.36 423.36 423.36 423.36 423.36 423.36 423.36 423.36 423.36 423.36 423.36 423.36 423.36 423.36 423.36 423.36 423.36 423.36 423.36 423.36 423.36 423.36 423.36 423.36 423.36 423.36 423.36 423.36 423.36 423.36 423.36 423.36 423.36 423.36 423.36 423.36 423.36 423.36 423.36 423.36 423.36 423.36 423.36 423.36 423.36 423.36 423.36 422.16 420.96 419.76 418.56 417.36 416.16 416.16 416.16 414.0 411.84 409.68 407.52 405.36 403.2 403.2 403.2 401.04 398.88 396.72 394.56 392.4 390.24 390.24 390.24 388.1 385.96 383.82 381.68 379.54 377.4 377.4 377.4 375.26 373.12 370.98 368.84 366.7 364.56 364.56 364.56 362.38 360.2 358.02 355.84 353.66 351.48 351.48 351.48 349.36 347.24 345.12
38.4 38.29 38.19 38.19 38.19 38.07 37.96 37.84 37.73 37.61 37.5 37.5 37.5 37.39 37.27 37.16 37.04 36.93 36.81 36.81 36.81 36.71 36.6 36.5 36.4 36.29 36.19 36.19 36.19 36.07 35.96 35.84 35.73 35.61 35.5 35.5 35.5 35.39 35.27 35.16 35.04 34.93 34.81 34.81 34.81 34.71 34.6 34.5 34.4 34.29 34.19 34.19 34.19 34.07 33.96 33.84 33.73 33.61 33.5 33.5 33.5 33.39 33.27 33.16 33.04 32.93 32.81 32.81 32.81 32.76 32.71 32.66 32.6 32.55 32.5 32.5 32.5 32.5 32.5 32.5 32.5 32.5 32.5 32.5 32.5 32.5 32.5 32.5 32.5 32.5 32.5 32.5 32.5 32.5 32.5 32.5 32.5 32.5 32.5 32.5 32.5 32.5 32.5 32.5 32.5 32.5 32.5 32.5 32.5 32.5 32.5 32.5 32.5 32.5 32.5 32.5 32.5 32.5 32.5 32.5 32.5 32.5 32.5 32.5 32.5 32.5 32.5 32.5 32.5 32.5 32.5 32.5 32.5 32.5 32.5 32.5 32.5 32.5 32.5 32.5 32.5 32.34 32.19 32.03 31.88 31.72 31.56 31.56 31.56 31.28 31.0 30.72 30.44 30.16 29.88 29.88 29.88 29.59 29.31 29.03 28.75 28.47 28.19 28.19 28.19 27.9 27.6 27.31 27.02 26.73 26.44 26.44 26.44 26.17 25.9 25.63 25.35 25.08 24.81 24.81 24.81 24.53 24.25 23.97 23.69 23.41 23.13 23.13 23.13 22.83 22.54 22.25 21.96 21.67 21.38 21.38 21.38 21.09 20.81 20.53 20.25 19.97 19.69 19.69 19.69 19.42 19.15 18.88 18.6 18.33 18.06 18.06 18.06 17.77 17.48 17.19 16.9 16.6 16.31 16.31 16.31 16.03 15.75 15.47 15.19 14.91 14.63 14.63 14.63 14.34 14.06 13.78 13.5 13.22 12.94 12.94 12.94 12.78 12.63 12.47 12.31 12.16 12.0 12.0 12.0 12.0 12.0 12.0 12.0 12.0 12.0 12.0 12.0 12.0 12.0 12.0 12.0 12.0 12.0 12.0 12.0 12.0 12.0 12.0 12.0 12.0 12.0 12.0 12.0 12.0 12.0 12.0 12.0 12.0 12.0 12.0 12.0 12.0 12.0 12.0 12.0 12.0 12.0 12.0 12.0 12.0 12.0 12.0 12.0 12.0 12.0 12.0 12.0 12.0 12.0 12.0 12.0 12.0 12.0 12.0 12.0 12.0 12.0 12.0 12.0 12.0 12.0 12.0 12.0 12.31 12.63 12.94 13.25 13.56 13.88 13.88 13.88 14.41 14.94 15.47 16.0 16.53 17.06 17.06 17.06 17.61 18.17 18.72 19.27 19.82 20.38 20.38 20.38 20.91 21.44 21.97 22.5 23.03 23.56 23.56 23.56 24.13 24.69 25.25 25.81 26.38 26.94 26.94 26.94 27.46 27.98 28.5 29.02 29.54 30.06 30.06 30.06 30.63 31.19 31.75
408.68 407.04 405.41 405.41 405.41 403.75 402.09 400.44 398.78 397.12 395.47 395.47 395.47 393.83 392.2 390.56 388.93 387.29 385.66 385.66 385.66 383.95 382.25 380.55 378.85 377.15 375.44 375.44 375.44 373.81 372.17 370.54 368.9 367.27 365.63 365.63 365.63 363.98 362.32 360.66 359.01 357.35 355.69 355.69 355.69 354.06 352.42 350.79 349.15 347.52 345.88 345.88 345.88 344.2 342.52 340.84 339.16 337.48 335.8 335.8 335.8 334.15 332.49 330.83 329.17 327.52 325.86 325.86 325.86 324.94 324.02 323.1 322.19 321.27 320.35 320.35 320.35 320.35 320.35 320.35 320.35 320.35 320.35 320.35 320.35 320.35 320.35 320.35 320.35 320.35 320.35 320.35 320.35 320.35 320.35 320.35 320.35 320.35 320.35 320.35 320.35 320.35 320.35 320.35 320.35 320.35 320.35 320.35 320.35 320.35 320.35 320.35 320.35 320.35 320.35 320.35 320.35 320.35 320.35 320.35 320.35 320.35 320.35 320.35 320.35 320.35 320.35 320.35 320.35 320.35 320.35 320.35 320.35 320.35 320.35 320.35 320.35 320.35 320.35 320.35 320.35 318.38 316.41 314.44 312.47 310.5 308.53 308.53 308.53 304.94 301.36 297.78 294.19 290.61 287.03 287.03 287.03 283.44 279.86 276.28 272.69 269.11 265.53 265.53 265.53 261.94 258.36 254.77 251.19 247.61 244.02 244.02 244.02 240.44 236.86 233.27 229.69 226.11 222.52 222.52 222.52 218.94 215.36 211.77 208.19 204.61 201.03 201.03 201.03 197.44 193.86 190.28 186.69 183.11 179.53 179.53 179.53 175.94 172.36 168.78 165.19 161.61 158.03 158.03 158.03 154.44 150.86 147.28 143.69 140.11 136.53 136.53 136.53 132.94 129.36 125.78 122.19 118.61 115.02 115.02 115.02 111.44 107.86 104.27 100.69 97.11 93.52 93.52 93.52 89.94 86.36 82.77 79.19 75.61 72.02 72.02 72.02 70.05 68.08 66.11 64.14 62.17 60.2 60.2 60.2 60.2 60.2 60.2 60.2 60.2 60.2 60.2 60.2 60.2 60.2 60.2 60.2 60.2 60.2 60.2 60.2 60.2 60.2 60.2 60.2 60.2 60.2 60.2 60.2 60.2 60.2 60.2 60.2 60.2 60.2 60.2 60.2 60.2 60.2 60.2 60.2 60.2 60.2 60.2 60.2 60.2 60.2 60.2 60.2 60.2 60.2 60.2 60.2 60.2 60.2 60.2 60.2 60.2 60.2 60.2 60.2 60.2 60.2 60.2 60.2 60.2 60.2 60.2 60.2 59.73 59.26 58.79 58.32 57.85 57.38 57.38 57.38 56.55 55.72 54.89 54.06 53.23 52.41 52.41 52.41 51.58 50.75 49.92 49.09 48.26 47.43 47.43 47.43 46.63 45.82 45.02 44.21 43.4 42.6 42.6 42.6 41.75 40.89 40.04 39.19 38.34 37.49 37.49 37.49 36.66 35.83 35.0 34.18 33.35 32.52 32.52 32.52 31.71 30.91 30.1
7267615022.0
1257695630.0
0.00633
0.00326
agregarAgente --DemandaFija
195.4 195.4 195.4 195.4 195.4 206.07 216.73 227.4 238.07 248.73 259.4 259.4 259.4 251.27 243.13 235.0 226.87 218.73 210.6 210.6 210.6 223.86 237.12 250.38 263.63 276.89 290.15 290.15 290.15 311.03 331.92 352.8 373.68 394.57 415.45 415.45 415.45 413.12 410.78 408.45 406.12 403.78 401.45 401.45 401.45 381.96 362.47 342.98 323.48 303.99 284.5 284.5 284.5 289.35 294.2 299.05 303.9 308.75 313.6 313.6 313.6 316.34 319.08 321.83 324.57 327.31 330.05 330.05 330.05 310.67 291.28 271.9 252.52 233.13 213.75 213.75 213.75 224.22 234.68 245.15 255.62 266.08 276.55 276.55 276.55 281.15 285.75 290.35 294.95 299.55 304.15 304.15 304.15 270.5 236.85 203.2 169.55 135.9 102.25 102.25 102.25 124.13 146.0 167.88 189.75 211.63 233.5 233.5 233.5 251.8 270.1 288.4 306.7 325.0 343.3 343.3 343.3 327.93 312.55 297.18 281.8 266.43 251.05 251.05 251.05 238.3 225.55 212.8 200.05 187.3 174.55 174.55 174.55 184.38 194.22 204.05 213.88 223.72 233.55 233.55 233.55 199.82 166.08 132.35 98.62 64.88 31.15 31.15 31.15 64.76 98.37 131.98 165.58 199.19 232.8 232.8 232.8 259.87 286.93 314.0 341.07 368.13 395.2 395.2 395.2 344.53 293.87 243.2 192.53 141.87 91.2 91.2 91.2 138.08 184.97 231.85 278.73 325.62 372.5 372.5 372.5 352.09 331.68 311.28 290.87 270.46 250.05 250.05 250.05 217.88 185.72 153.55 121.38 89.22 57.05 57.05 57.05 96.83 136.62 176.4 216.18 255.97 295.75 295.75 295.75 275.79 255.83 235.88 215.92 195.96 176.0 176.0 176.0 164.13 152.27 140.4 128.53 116.67 104.8 104.8 104.8 169.28 233.75 298.23 362.7 427.18 491.65 491.65 491.65 477.83 464.02 450.2 436.38 422.57 408.75 408.75 408.75 392.77 376.78 360.8 344.82 328.83 312.85 312.85 312.85 359.56 406.27 452.98 499.68 546.39 593.1 593.1 593.1 557.38 521.67 485.95 450.23 414.52 378.8 378.8 378.8 350.47 322.13 293.8 265.47 237.13 208.8 208.8 208.8 254.75 300.7 346.65 392.6 438.55 484.5 484.5 484.5 468.64 452.78 436.93 421.07 405.21 389.35 389.35 389.35 378.57 367.78 357.0 346.22 335.43 324.65 324.65 324.65 347.07 369.48 391.9 414.32 436.73 459.15 459.15 459.15 444.6 430.05 415.5 400.95 386.4 371.85 371.85 371.85 366.94 362.03 357.13 352.22 347.31 342.4 342.4 342.4 337.07 331.73 326.4 321.07 315.73 310.4 310.4 310.4 276.06 241.72 207.38 173.03 138.69 104.35 104.35 104.35 93.58 82.82 72.05 61.28 50.52 39.75 39.75 39.75 60.29 80.83 101.38 121.92 142.46 163.0 163.0 163.0 186.76 210.52 234.28 258.03 281.79 305.55 305.55 305.55 298.09 290.63 283.18
crearDespacho --fija
1600.0
configurarSolver --Gurobi
resolver --noConstante ejecuciones/bancos/recombinados/v1/directo/simple/v1_simple_000192.csv
finalizar
