inicializar --t 360
agregarAgente --RioNegro
885.92 882.58 879.24 879.24 879.24 875.92 872.6 869.28 865.96 862.64 859.32 859.32 859.32 855.98 852.64 849.3 845.96 842.62 839.28 839.28 839.28 836.0 832.72 829.44 826.16 822.88 819.6 819.6 819.6 816.26 812.92 809.58 806.24 802.9 799.56 799.56 799.56 796.24 792.92 789.6 786.28 782.96 779.64 779.64 779.64 776.3 772.96 769.62 766.28 762.94 759.6 759.6 759.6 756.28 752.96 749.64 746.32 743.0 739.68 739.68 739.68 736.36 733.04 729.72 726.4 723.08 719.76 719.76 719.76 717.88 716.0 714.12 712.24 710.36 708.48 708.48 708.48 708.48 708.48 708.48 708.48 708.48 708.48 708.48 708.48 708.48 708.48 708.48 708.48 708.48 708.48 708.48 708.48 708.48 708.48 708.48 708.48 708.48 708.48 708.48 708.48 708.48 708.48 708.48 708.48 708.48 708.48 708.48 708.48 708.48 708.48 708.48 708.48 708.48 708.48 708.48 708.48 708.48 708.48 708.48 708.48 708.48 708.48 708.48 708.48 708.48 708.48 708.48 708.48 708.48 708.48 708.48 708.48 708.48 708.48 708.48 708.48 708.48 708.48 708.48 708.48 706.32 704.16 702.0 699.84 697.68 695.52 695.52 695.52 691.52 687.52 683.52 679.52 675.52 671.52 671.52 671.52 667.68 663.84 660.0 656.16 652.32 648.48 648.48 648.48 644.48 640.48 636.48 632.48 628.48 624.48 624.48 624.48 620.64 616.8 612.96 609.12 605.28 601.44 601.44 601.44 597.44 593.44 589.44 585.44 581.44 577.44 577.44 577.44 573.6 569.76 565.92 562.08 558.24 554.4 554.4 554.4 550.4 546.4 542.4 538.4 534.4 530.4 530.4 530.4 526.56 522.72 518.88 515.04 511.2 507.36 507.36 507.36 503.36 499.36 495.36 491.36 487.36 483.36 483.36 483.36 479.52 475.68 471.84 468.0 464.16 460.32 460.32 460.32 456.32 452.32 448.32 444.32 440.32 436.32 436.32 436.32 434.16 432.0 429.84 427.68 425.52 423.36 423.36 423.36 423.36 423.36 423.36 423.36 423.36 423.36 423.36 423.36 423.36 423.36 423.36 423.36 423.36 423.36 423.36 423.36 423.36 423.36 423.36 423.36 423.36 423.36 423.36 423.36 423.36 423.36 423.36 423.36 423.36 423.36 423.36 423.36 423.36 423.36 423.36 423.36 423.36 423.36 423.36 423.36 423.36 423.36 423.36 423.36 423.36 423.36 423.36 423.36 423.36 423.36 423.36 423.36 423.36 423.36 423.36 423.36 423.36 423.36 423.36 423.36 423.36 423.36 423.36 423.36 422.16 420.96 419.76 418.56 417.36 416.16 416.16 416.16 414.0 411.84 409.68 407.52 405.36 403.2 403.2 403.2 401.04 398.88 396.72 394.56 392.4 390.24 390.24 390.24 388.1 385.96 383.82 381.68 379.54 377.4 377.4 377.4 375.26 373.12 370.98 368.84 366.7 364.56 364.56 364.56 362.38 360.2 358.02 355.84 353.66 351.48 351.48 351.48 349.36 347.24 345.12
38.4 38.29 38.19 38.19 38.19 38.07 37.96 37.84 37.73 37.61 37.5 37.5 37.5 37.39 37.27 37.16 37.04 36.93 36.81 36.81 36.81 36.71 36.6 36.5 36.4 36.29 36.19 36.19 36.19 36.07 35.96 35.84 35.73 35.61 35.5 35.5 35.5 35.39 35.27 35.16 35.04 34.93 34.81 34.81 34.81 34.71 34.6 34.5 34.4 34.29 34.19 34.19 34.19 34.07 33.96 33.84 33.73 33.61 33.5 33.5 33.5 33.39 33.27 33.16 33.04 32.93 32.81 32.81 32.81 32.76 32.71 32.66 32.6 32.55 32.5 32.5 32.5 32.5 32.5 32.5 32.5 32.5 32.5 32.5 32.5 32.5 32.5 32.5 32.5 32.5 32.5 32.5 32.5 32.5 32.5 32.5 32.5 32.5 32.5 32.5 32.5 32.5 32.5 32.5 32.5 32.5 32.5 32.5 32.5 32.5 32.5 32.5 32.5 32.5 32.5 32.5 32.5 32.5 32.5 32.5 32.5 32.5 32.5 32.5 32.5 32.5 32.5 32.5 32.5 32.5 32.5 32.5 32.5 32.5 32.5 32.5 32.5 32.5 32.5 32.5 32.5 32.34 32.19 32.03 31.88 31.72 31.56 31.56 31.56 31.28 31.0 30.72 30.44 30.16 29.88 29.88 29.88 29.59 29.31 29.03 28.75 28.47 28.19 28.19 28.19 27.9 27.6 27.31 27.02 26.73 26.44 26.44 26.44 26.17 25.9 25.63 25.35 25.08 24.81 24.81 24.81 24.53 24.25 23.97 23.69 23.41 23.13 23.13 23.13 22.83 22.54 22.25 21.96 21.67 21.38 21.38 21.38 21.09 20.81 20.53 20.25 19.97 19.69 19.69 19.69 19.42 19.15 18.88 18.6 18.33 18.06 18.06 18.06 17.77 17.48 17.19 16.9 16.6 16.31 16.31 16.31 16.03 15.75 15.47 15.19 14.91 14.63 14.63 14.63 14.34 14.06 13.78 13.5 13.22 12.94 12.94 12.94 12.78 12.63 12.47 12.31 12.16 12.0 12.0 12.0 12.0 12.0 12.0 12.0 12.0 12.0 12.0 12.0 12.0 12.0 12.0 12.0 12.0 12.0 12.0 12.0 12.0 12.0 12.0 12.0 12.0 12.0 12.0 12.0 12.0 12.0 12.0 12.0 12.0 12.0 12.0 12.0 12.0 12.0 12.0 12.0 12.0 12.0 12.0 12.0 12.0 12.0 12.0 12.0 12.0 12.0 12.0 12.0 12.0 12.0 12.0 12.0 12.0 12.0 12.0 12.0 12.0 12.0 12.0 12.0 12.0 12.0 12.0 12.0 12.31 12.63 12.94 13.25 13.56 13.88 13.88 13.88 14.41 14.94 15.47 16.0 16.53 17.06 17.06 17.06 17.61 18.17 18.72 19.27 19.82 20.38 20.38 20.38 20.91 21.44 21.97 22.5 23.03 23.56 23.56 23.56 24.13 24.69 25.25 25.81 26.38 26.94 26.94 26.94 27.46 27.98 28.5 29.02 29.54 30.06 30.06 30.06 30.63 31.19 31.75
408.68 407.04 405.41 405.41 405.41 403.75 402.09 400.44 398.78 397.12 395.47 395.47 395.47 393.83 392.2 390.56 388.93 387.29 385.66 385.66 385.66 383.95 382.25 380.55 378.85 377.15 375.44 375.44 375.44 373.81 372.17 370.54 368.9 367.27 365.63 365.63 365.63 363.98 362.32 360.66 359.01 357.35 355.69 355.69 355.69 354.06 352.42 350.79 349.15 347.52 345.88 345.88 345.88 344.2 342.52 340.84 339.16 337.48 335.8 335.8 335.8 334.15 332.49 330.83 329.17 327.52 325.86 325.86 325.86 324.94 324.02 323.1 322.19 321.27 320.35 320.35 320.35 320.35 320.35 320.35 320.35 320.35 320.35 320.35 320.35 320.35 320.35 320.35 320.35 320.35 320.35 320.35 320.35 320.35 320.35 320.35 320.35 320.35 320.35 320.35 320.35 320.35 320.35 320.35 320.35 320.35 320.35 320.35 320.35 320.35 320.35 320.35 320.35 320.35 320.35 320.35 320.35 320.35 320.35 320.35 320.35 320.35 320.35 320.35 320.35 320.35 320.35 320.35 320.35 320.35 320.35 320.35 320.35 320.35 320.35 320.35 320.35 320.35 320.35 320.35 320.35 318.38 316.41 314.44 312.47 310.5 308.53 308.53 308.53 304.94 301.36 297.78 294.19 290.61 287.03 287.03 287.03 283.44 279.86 276.28 272.69 269.11 265.53 265.53 265.53 261.94 258.36 254.77 251.19 247.61 244.02 244.02 244.02 240.44 236.86 233.27 229.69 226.11 222.52 222.52 222.52 218.94 215.36 211.77 208.19 204.61 201.03 201.03 201.03 197.44 193.86 190.28 186.69 183.11 179.53 179.53 179.53 175.94 172.36 168.78 165.19 161.61 158.03 158.03 158.03 154.44 150.86 147.28 143.69 140.11 136.53 136.53 136.53 132.94 129.36 125.78 122.19 118.61 115.02 115.02 115.02 111.44 107.86 104.27 100.69 97.11 93.52 93.52 93.52 89.94 86.36 82.77 79.19 75.61 72.02 72.02 72.02 70.05 68.08 66.11 64.14 62.17 60.2 60.2 60.2 60.2 60.2 60.2 60.2 60.2 60.2 60.2 60.2 60.2 60.2 60.2 60.2 60.2 60.2 60.2 60.2 60.2 60.2 60.2 60.2 60.2 60.2 60.2 60.2 60.2 60.2 60.2 60.2 60.2 60.2 60.2 60.2 60.2 60.2 60.2 60.2 60.2 60.2 60.2 60.2 60.2 60.2 60.2 60.2 60.2 60.2 60.2 60.2 60.2 60.2 60.2 60.2 60.2 60.2 60.2 60.2 60.2 60.2 60.2 60.2 60.2 60.2 60.2 60.2 59.73 59.26 58.79 58.32 57.85 57.38 57.38 57.38 56.55 55.72 54.89 54.06 53.23 52.41 52.41 52.41 51.58 50.75 49.92 49.09 48.26 47.43 47.43 47.43 46.63 45.82 45.02 44.21 43.4 42.6 42.6 42.6 41.75 40.89 40.04 39.19 38.34 37.49 37.49 37.49 36.66 35.83 35.0 34.18 33.35 32.52 32.52 32.52 31.71 30.91 30.1
6924357316.0
1239630753.0
0.00633
0.00326
agregarAgente --DemandaFija
636.28 614.9 593.53 593.53 593.53 631.88 670.23 708.58 746.93 785.28 823.63 823.63 823.63 845.09 866.55 888.01 909.48 930.94 952.4 952.4 952.4 867.64 782.88 698.11 613.35 528.59 443.83 443.83 443.83 470.29 496.75 523.21 549.68 576.14 602.6 602.6 602.6 643.08 683.55 724.03 764.5 804.98 845.45 845.45 845.45 797.61 749.78 701.94 654.1 606.26 558.43 558.43 558.43 587.63 616.83 646.03 675.23 704.43 733.63 733.63 733.63 791.41 849.2 906.99 964.78 1022.56 1080.35 1080.35 1080.35 995.99 911.63 827.26 742.9 658.54 574.18 574.18 574.18 598.1 622.03 645.95 669.88 693.8 717.73 717.73 717.73 749.25 780.78 812.3 843.83 875.35 906.88 906.88 906.88 845.71 784.55 723.39 662.23 601.06 539.9 539.9 539.9 554.41 568.93 583.44 597.95 612.46 626.98 626.98 626.98 666.15 705.33 744.5 783.68 822.85 862.03 862.03 862.03 803.13 744.23 685.33 626.43 567.53 508.63 508.63 508.63 510.88 513.13 515.38 517.63 519.88 522.13 522.13 522.13 568.5 614.88 661.25 707.63 754.0 800.38 800.38 800.38 748.15 695.93 643.7 591.48 539.25 487.03 487.03 487.03 493.78 500.53 507.28 514.03 520.78 527.53 527.53 527.53 578.61 629.7 680.79 731.88 782.96 834.05 834.05 834.05 744.15 654.25 564.35 474.45 384.55 294.65 294.65 294.65 256.43 218.2 179.98 141.75 103.53 65.3 65.3 65.3 64.31 63.33 62.34 61.35 60.36 59.38 59.38 59.38 77.56 95.75 113.94 132.13 150.31 168.5 168.5 168.5 211.16 253.83 296.49 339.15 381.81 424.48 424.48 424.48 368.76 313.05 257.34 201.63 145.91 90.2 90.2 90.2 110.79 131.38 151.96 172.55 193.14 213.73 213.73 213.73 188.33 162.93 137.53 112.13 86.73 61.33 61.33 61.33 62.41 63.5 64.59 65.68 66.76 67.85 67.85 67.85 77.86 87.88 97.89 107.9 117.91 127.93 127.93 127.93 116.5 105.08 93.65 82.23 70.8 59.38 59.38 59.38 59.38 59.38 59.38 59.38 59.38 59.38 59.38 59.38 77.66 95.95 114.24 132.53 150.81 169.1 169.1 169.1 214.5 259.9 305.3 350.7 396.1 441.5 441.5 441.5 423.15 404.8 386.45 368.1 349.75 331.4 331.4 331.4 294.58 257.75 220.93 184.1 147.28 110.45 110.45 110.45 101.94 93.43 84.91 76.4 67.89 59.38 59.38 59.38 88.86 118.35 147.84 177.33 206.81 236.3 236.3 236.3 210.44 184.58 158.71 132.85 106.99 81.13 81.13 81.13 114.38 147.63 180.88 214.13 247.38 280.63 280.63 280.63 291.75 302.88 314.0 325.13 336.25 347.38 347.38 347.38 309.2 271.03 232.85 194.68 156.5 118.33 118.33 118.33 246.54 374.75 502.96 631.18 759.39 887.6 887.6 887.6 794.63 701.65 608.68 515.7 422.73 329.75 329.75 329.75 287.98 246.2 204.43
crearDespacho --fija
1600.0
configurarSolver --Gurobi
resolver --noConstante ejecuciones/bancos/recombinados/v1/directo/simple/v1_simple_000264.csv
finalizar
