inicializar --t 360
agregarAgente --RioNegro
12.8 12.8 12.8 12.8 12.8 12.8 12.8 12.8 12.8 12.8 12.8 12.8 12.8 12.8 12.8 12.8 12.8 12.8 12.8 12.8 12.8 12.8 12.8 12.8 12.8 12.8 12.8 12.8 12.8 12.8 12.8 12.8 12.8 12.8 12.8 12.8 12.8 12.8 12.8 12.8 12.8 12.8 12.8 12.8 12.8 14.22 15.63 17.05 18.47 19.88 21.3 21.3 21.3 23.82 26.33 28.85 31.37 33.88 36.4 36.4 36.4 38.92 41.43 43.95 46.47 48.98 51.5 51.5 51.5 54.02 56.53 59.05 61.57 64.08 66.6 66.6 66.6 69.12 71.63 74.15 76.67 79.18 81.7 81.7 81.7 84.23 86.77 89.3 91.83 94.37 96.9 96.9 96.9 99.4 101.9 104.4 106.9 109.4 111.9 111.9 111.9 114.43 116.97 119.5 122.03 124.57 127.1 127.1 127.1 129.62 132.13 134.65 137.17 139.68 142.2 142.2 142.2 144.72 147.23 149.75 152.27 154.78 157.3 157.3 157.3 159.82 162.33 164.85 167.37 169.88 172.4 172.4 172.4 174.92 177.43 179.95 182.47 184.98 187.5 187.5 187.5 188.92 190.33 191.75 193.17 194.58 196.0 196.0 196.0 196.0 196.0 196.0 196.0 196.0 196.0 196.0 196.0 196.0 196.0 196.0 196.0 196.0 196.0 196.0 196.0 196.0 196.0 196.0 196.0 196.0 196.0 196.0 196.0 196.0 196.0 196.0 196.0 196.0 196.0 196.0 196.0 196.0 196.0 196.0 196.0 196.0 196.0 196.0 196.0 196.0 196.0 196.0 196.0 196.0 196.0 196.0 196.0 196.0 196.0 196.0 196.0 196.0 196.0 196.0 196.0 196.0 196.0 196.0 196.0 196.0 196.0 196.0 196.0 194.57 193.13 191.7 190.27 188.83 187.4 187.4 187.4 184.85 182.3 179.75 177.2 174.65 172.1 172.1 172.1 169.55 167.0 164.45 161.9 159.35 156.8 156.8 156.8 154.23 151.67 149.1 146.53 143.97 141.4 141.4 141.4 138.87 136.33 133.8 131.27 128.73 126.2 126.2 126.2 123.65 121.1 118.55 116.0 113.45 110.9 110.9 110.9 108.33 105.77 103.2 100.63 98.07 95.5 95.5 95.5 92.95 90.4 87.85 85.3 82.75 80.2 80.2 80.2 77.67 75.13 72.6 70.07 67.53 65.0 65.0 65.0 62.43 59.87 57.3 54.73 52.17 49.6 49.6 49.6 47.05 44.5 41.95 39.4 36.85 34.3 34.3 34.3 31.75 29.2 26.65 24.1 21.55 19.0 19.0 19.0 17.57 16.13 14.7 13.27 11.83 10.4 10.4 10.4 10.4 10.4 10.4 10.4 10.4 10.4 10.4 10.4 10.4 10.4 10.4 10.4 10.4 10.4 10.4 10.4 10.4 10.4 10.4 10.4 10.4 10.4 10.4 10.4 10.4 10.4 10.4 10.4 10.4 10.4 10.4 10.4 10.4 10.4 10.4 10.4 10.4 10.4 10.4 10.4 10.4 10.4 10.4
0 0 0 0 0 0 0 0 0 0 0 0 0 0 0 0 0 0 0 0 0 0 0 0 0 0 0 0 0 0 0 0 0 0 0 0 0 0 0 0 0 0 0 0 0 0.05 0.1 0.15 0.2 0.25 0.3 0.3 0.3 0.4 0.5 0.6 0.7 0.8 0.9 0.9 0.9 0.99 1.08 1.16 1.25 1.34 1.43 1.43 1.43 1.52 1.62 1.71 1.81 1.9 2.0 2.0 2.0 2.1 2.19 2.29 2.38 2.48 2.58 2.58 2.58 2.66 2.75 2.84 2.93 3.01 3.1 3.1 3.1 3.2 3.3 3.4 3.5 3.6 3.7 3.7 3.7 3.79 3.88 3.96 4.05 4.14 4.23 4.23 4.23 4.32 4.42 4.51 4.61 4.7 4.8 4.8 4.8 4.9 4.99 5.09 5.18 5.28 5.38 5.38 5.38 5.46 5.55 5.64 5.73 5.81 5.9 5.9 5.9 6.0 6.1 6.2 6.3 6.4 6.5 6.5 6.5 6.55 6.6 6.65 6.7 6.75 6.8 6.8 6.8 6.8 6.8 6.8 6.8 6.8 6.8 6.8 6.8 6.8 6.8 6.8 6.8 6.8 6.8 6.8 6.8 6.8 6.8 6.8 6.8 6.8 6.8 6.8 6.8 6.8 6.8 6.8 6.8 6.8 6.8 6.8 6.8 6.8 6.8 6.8 6.8 6.8 6.8 6.8 6.8 6.8 6.8 6.8 6.8 6.8 6.8 6.8 6.8 6.8 6.8 6.8 6.8 6.8 6.8 6.8 6.8 6.8 6.8 6.8 6.8 6.8 6.8 6.8 6.8 6.75 6.7 6.65 6.6 6.55 6.5 6.5 6.5 6.41 6.33 6.24 6.15 6.06 5.98 5.98 5.98 5.88 5.79 5.7 5.61 5.52 5.43 5.43 5.43 5.33 5.23 5.13 5.03 4.93 4.83 4.83 4.83 4.74 4.65 4.56 4.48 4.39 4.3 4.3 4.3 4.21 4.13 4.04 3.95 3.86 3.78 3.78 3.78 3.68 3.59 3.5 3.41 3.32 3.23 3.23 3.23 3.14 3.05 2.96 2.88 2.79 2.7 2.7 2.7 2.61 2.53 2.44 2.35 2.26 2.18 2.18 2.18 2.08 1.98 1.88 1.78 1.68 1.58 1.58 1.58 1.48 1.39 1.3 1.21 1.12 1.03 1.03 1.03 0.94 0.85 0.76 0.68 0.59 0.5 0.5 0.5 0.45 0.4 0.35 0.3 0.25 0.2 0.2 0.2 0.2 0.2 0.2 0.2 0.2 0.2 0.2 0.2 0.2 0.2 0.2 0.2 0.2 0.2 0.2 0.2 0.2 0.2 0.2 0.2 0.2 0.2 0.2 0.2 0.2 0.2 0.2 0.2 0.2 0.2 0.2 0.2 0.2 0.2 0.2 0.2 0.2 0.2 0.2 0.2 0.2 0.2 0.2
11.9 11.9 11.9 11.9 11.9 11.9 11.9 11.9 11.9 11.9 11.9 11.9 11.9 11.9 11.9 11.9 11.9 11.9 11.9 11.9 11.9 11.9 11.9 11.9 11.9 11.9 11.9 11.9 11.9 11.9 11.9 11.9 11.9 11.9 11.9 11.9 11.9 11.9 11.9 11.9 11.9 11.9 11.9 11.9 11.9 12.25 12.6 12.95 13.3 13.65 14.0 14.0 14.0 14.58 15.17 15.75 16.33 16.92 17.5 17.5 17.5 18.13 18.75 19.38 20.01 20.64 21.26 21.26 21.26 21.86 22.46 23.06 23.65 24.25 24.85 24.85 24.85 25.45 26.05 26.64 27.24 27.84 28.44 28.44 28.44 29.06 29.69 30.32 30.95 31.57 32.2 32.2 32.2 32.78 33.37 33.95 34.53 35.12 35.7 35.7 35.7 36.33 36.95 37.58 38.21 38.84 39.46 39.46 39.46 40.06 40.66 41.26 41.85 42.45 43.05 43.05 43.05 43.65 44.25 44.84 45.44 46.04 46.64 46.64 46.64 47.26 47.89 48.52 49.15 49.77 50.4 50.4 50.4 50.98 51.57 52.15 52.73 53.32 53.9 53.9 53.9 54.25 54.6 54.95 55.3 55.65 56.0 56.0 56.0 56.0 56.0 56.0 56.0 56.0 56.0 56.0 56.0 56.0 56.0 56.0 56.0 56.0 56.0 56.0 56.0 56.0 56.0 56.0 56.0 56.0 56.0 56.0 56.0 56.0 56.0 56.0 56.0 56.0 56.0 56.0 56.0 56.0 56.0 56.0 56.0 56.0 56.0 56.0 56.0 56.0 56.0 56.0 56.0 56.0 56.0 56.0 56.0 56.0 56.0 56.0 56.0 56.0 56.0 56.0 56.0 56.0 56.0 56.0 56.0 56.0 56.0 56.0 56.0 55.65 55.3 54.95 54.6 54.25 53.9 53.9 53.9 53.26 52.62 51.97 51.33 50.69 50.05 50.05 50.05 49.41 48.77 48.13 47.48 46.84 46.2 46.2 46.2 45.57 44.95 44.32 43.69 43.06 42.44 42.44 42.44 41.81 41.18 40.56 39.93 39.3 38.68 38.68 38.68 38.02 37.36 36.71 36.05 35.39 34.74 34.74 34.74 34.13 33.51 32.9 32.29 31.67 31.06 31.06 31.06 30.41 29.75 29.09 28.44 27.78 27.13 27.13 27.13 26.5 25.87 25.24 24.62 23.99 23.36 23.36 23.36 22.74 22.11 21.48 20.85 20.23 19.6 19.6 19.6 18.96 18.32 17.67 17.03 16.39 15.75 15.75 15.75 15.11 14.47 13.83 13.18 12.54 11.9 11.9 11.9 11.55 11.2 10.85 10.5 10.15 9.8 9.8 9.8 9.8 9.8 9.8 9.8 9.8 9.8 9.8 9.8 9.8 9.8 9.8 9.8 9.8 9.8 9.8 9.8 9.8 9.8 9.8 9.8 9.8 9.8 9.8 9.8 9.8 9.8 9.8 9.8 9.8 9.8 9.8 9.8 9.8 9.8 9.8 9.8 9.8 9.8 9.8 9.8 9.8 9.8 9.8
4527456576.0
1203195424.0
0.00479
0.00479
agregarAgente --DemandaFija
422.23 393.95 365.68 365.68 365.68 369.74 373.8 377.86 381.93 385.99 390.05 390.05 390.05 379.18 368.3 357.43 346.55 335.68 324.8 324.8 324.8 290.15 255.5 220.85 186.2 151.55 116.9 116.9 116.9 156.85 196.8 236.75 276.7 316.65 356.6 356.6 356.6 384.05 411.5 438.95 466.4 493.85 521.3 521.3 521.3 457.33 393.35 329.38 265.4 201.43 137.45 137.45 137.45 179.84 222.23 264.61 307.0 349.39 391.78 391.78 391.78 427.23 462.68 498.13 533.58 569.03 604.48 604.48 604.48 604.76 605.05 605.34 605.63 605.91 606.2 606.2 606.2 615.73 625.25 634.78 644.3 653.83 663.35 663.35 663.35 650.46 637.58 624.69 611.8 598.91 586.03 586.03 586.03 526.94 467.85 408.76 349.68 290.59 231.5 231.5 231.5 289.0 346.5 404.0 461.5 519.0 576.5 576.5 576.5 602.1 627.7 653.3 678.9 704.5 730.1 730.1 730.1 665.46 600.83 536.19 471.55 406.91 342.28 342.28 342.28 344.76 347.25 349.74 352.23 354.71 357.2 357.2 357.2 355.19 353.18 351.16 349.15 347.14 345.13 345.13 345.13 300.74 256.35 211.96 167.58 123.19 78.8 78.8 78.8 97.05 115.3 133.55 151.8 170.05 188.3 188.3 188.3 256.26 324.23 392.19 460.15 528.11 596.08 596.08 596.08 547.25 498.42 449.6 400.78 351.95 303.13 303.13 303.13 345.39 387.65 429.91 472.17 514.44 556.7 556.7 556.7 621.06 685.43 749.79 814.15 878.51 942.88 942.88 942.88 838.24 733.6 628.96 524.33 419.69 315.05 315.05 315.05 339.84 364.63 389.41 414.2 438.99 463.78 463.78 463.78 515.11 566.45 617.79 669.13 720.46 771.8 771.8 771.8 715.21 658.63 602.04 545.45 488.86 432.28 432.28 432.28 458.58 484.88 511.18 537.48 563.78 590.08 590.08 590.08 603.0 615.93 628.85 641.78 654.7 667.63 667.63 667.63 602.78 537.93 473.08 408.23 343.38 278.53 278.53 278.53 318.84 359.15 399.46 439.78 480.09 520.4 520.4 520.4 532.21 544.03 555.84 567.65 579.46 591.28 591.28 591.28 547.06 502.85 458.64 414.43 370.21 326.0 326.0 326.0 412.33 498.65 584.98 671.3 757.63 843.95 843.95 843.95 869.54 895.13 920.71 946.3 971.89 997.48 997.48 997.48 943.76 890.05 836.34 782.63 728.91 675.2 675.2 675.2 710.15 745.1 780.05 815.0 849.95 884.9 884.9 884.9 907.75 930.6 953.45 976.3 999.15 1022.0 1022.0 1022.0 969.34 916.68 864.01 811.35 758.69 706.03 706.03 706.03 719.93 733.83 747.73 761.63 775.53 789.43 789.43 789.43 779.08 768.73 758.38 748.03 737.68 727.33 727.33 727.33 630.73 534.13 437.53 340.93 244.33 147.73 147.73 147.73 149.0 150.28 151.55 152.83 154.1 155.38 155.38 155.38 227.15 298.93 370.7 442.48 514.25 586.03 586.03 586.03 574.69 563.35 552.01
crearDespacho --fija
1600.0
configurarSolver --Gurobi
resolver --noConstante ejecuciones/bancos/recombinados/v1/directo/simple/v1_simple_000392.csv
finalizar
