inicializar --t 360
agregarAgente --RioNegro
0.48 0.24 0 0 0 0 0 0 0 0 0 0 0 0 0 0 0 0 0 0 0 0 0 0 0 0 0 0 0 0 0 0 0 0 0 0 0 0 0 0 0 0 0 0 0 0 0 0 0 0 0 0 0 0 0 0 0 0 0 0 0 0 0 0 0 0 0 0 0 0 0 0 0 0 0 0 0 0 0 0 0 0 0 0 0 0 0 0 0 0 0 0 0 0 0 0 0 0 0 0 0 0 0 0 0 0 0 0 0 0 0 0 0 0 0 0 0 0 0 0 0 0 0 0 0 0 0 0 0 0 0 0 0 0 0 0 0 0 0 0 0 0 0 0 0 0 0 0 0 0 0 0 0 0 0 0 0 0 0 0 0 0 0 0 0 0 0 0 0 0 0 0 0 0 0 0 0 0 0 0 0 0 0 0 0 0 0 0 0 0 0 0 0 0 0 0 0 0 0 0 0 0 0 0 0 0 0 0 0 0 0 0 0 0 0 0 0 0 0 0 0 0 0 0 0 0 0 0 0 0 0 0 0 0 0 0 0 0 0 0 0 0 0 0 0 0 0 0 0 0 0 0 0 0 0 0 0 0 0 0 0 0 0 0 0 0 0 0 0 0 0 0 0 0 0 0 0 0 0 0 0 0 0 0 0 0 0 0 0 0 0 0 0 0 0 0 0 0 0 0 0 0 0 0 0 0 0 0 0 0 0 0 0 0 0 0 0 0 0 0 0 0 0 0 0 0 0 0 0 0 0 0 0 0 0 0 0 0 0 0 0 0 0 0 0 0 0 0 0 0 0 0 0 0 0 0 0 0 0 0
32.98 33.24 33.5 33.5 33.5 33.5 33.5 33.5 33.5 33.5 33.5 33.5 33.5 33.5 33.5 33.5 33.5 33.5 33.5 33.5 33.5 33.5 33.5 33.5 33.5 33.5 33.5 33.5 33.5 33.5 33.5 33.5 33.5 33.5 33.5 33.5 33.5 33.5 33.5 33.5 33.5 33.5 33.5 33.5 33.5 33.5 33.5 33.5 33.5 33.5 33.5 33.5 33.5 33.5 33.5 33.5 33.5 33.5 33.5 33.5 33.5 33.5 33.5 33.5 33.5 33.5 33.5 33.5 33.5 33.24 32.98 32.72 32.46 32.2 31.94 31.94 31.94 31.48 31.02 30.56 30.1 29.65 29.19 29.19 29.19 28.72 28.25 27.78 27.31 26.84 26.38 26.38 26.38 25.93 25.48 25.03 24.58 24.14 23.69 23.69 23.69 23.22 22.75 22.28 21.81 21.34 20.88 20.88 20.88 20.43 19.98 19.53 19.08 18.64 18.19 18.19 18.19 17.71 17.23 16.75 16.27 15.79 15.31 15.31 15.31 14.86 14.42 13.97 13.52 13.07 12.63 12.63 12.63 12.16 11.69 11.22 10.75 10.28 9.81 9.81 9.81 9.36 8.92 8.47 8.02 7.57 7.13 7.13 7.13 6.66 6.19 5.72 5.25 4.78 4.31 4.31 4.31 3.85 3.4 2.94 2.48 2.02 1.56 1.56 1.56 1.3 1.04 0.78 0.52 0.26 0 0 0 0 0 0 0 0 0 0 0 0 0 0 0 0 0 0 0 0 0 0 0 0 0 0 0 0 0 0 0 0 0 0 0 0 0 0 0 0 0 0 0 0 0 0 0 0 0 0 0 0 0 0 0 0 0 0 0 0 0 0 0 0 0 0 0 0.23 0.46 0.69 0.92 1.15 1.38 1.38 1.38 1.75 2.13 2.5 2.88 3.25 3.63 3.63 3.63 4.03 4.44 4.84 5.25 5.66 6.06 6.06 6.06 6.45 6.83 7.22 7.6 7.99 8.38 8.38 8.38 8.77 9.17 9.56 9.96 10.35 10.75 10.75 10.75 11.14 11.52 11.91 12.29 12.68 13.06 13.06 13.06 13.46 13.85 14.25 14.65 15.04 15.44 15.44 15.44 15.82 16.21 16.59 16.98 17.36 17.75 17.75 17.75 18.15 18.54 18.94 19.33 19.73 20.13 20.13 20.13 20.51 20.9 21.28 21.67 22.05 22.44 22.44 22.44 22.84 23.25 23.66 24.06 24.47 24.88 24.88 24.88 25.25 25.63 26.0 26.38 26.75 27.13 27.13 27.13 27.35 27.58 27.81 28.04 28.27 28.5 28.5 28.5 28.5 28.5 28.5 28.5 28.5 28.5 28.5 28.5 28.5 28.5 28.5 28.5 28.5 28.5 28.5 28.5 28.5 28.5 28.5
1.03 0.52 0 0 0 0 0 0 0 0 0 0 0 0 0 0 0 0 0 0 0 0 0 0 0 0 0 0 0 0 0 0 0 0 0 0 0 0 0 0 0 0 0 0 0 0 0 0 0 0 0 0 0 0 0 0 0 0 0 0 0 0 0 0 0 0 0 0 0 0.22 0.45 0.67 0.9 1.12 1.34 1.34 1.34 1.77 2.19 2.62 3.05 3.47 3.9 3.9 3.9 4.3 4.7 5.11 5.51 5.91 6.32 6.32 6.32 6.74 7.17 7.59 8.02 8.44 8.87 8.87 8.87 9.29 9.72 10.15 10.57 11.0 11.42 11.42 11.42 11.83 12.23 12.63 13.03 13.44 13.84 13.84 13.84 14.24 14.65 15.05 15.45 15.86 16.26 16.26 16.26 16.66 17.07 17.47 17.87 18.27 18.68 18.68 18.68 19.1 19.53 19.95 20.38 20.81 21.23 21.23 21.23 21.66 22.08 22.51 22.93 23.36 23.78 23.78 23.78 24.19 24.59 24.99 25.4 25.8 26.2 26.2 26.2 26.63 27.05 27.48 27.91 28.33 28.76 28.76 28.76 28.98 29.2 29.43 29.65 29.88 30.1 30.1 30.1 30.1 30.1 30.1 30.1 30.1 30.1 30.1 30.1 30.1 30.1 30.1 30.1 30.1 30.1 30.1 30.1 30.1 30.1 30.1 30.1 30.1 30.1 30.1 30.1 30.1 30.1 30.1 30.1 30.1 30.1 30.1 30.1 30.1 30.1 30.1 30.1 30.1 30.1 30.1 30.1 30.1 30.1 30.1 30.1 30.1 30.1 30.1 30.1 30.1 30.1 30.1 30.1 30.1 30.1 30.1 30.1 30.1 30.1 30.1 30.1 30.1 30.1 30.1 30.1 29.88 29.65 29.43 29.2 28.98 28.76 28.76 28.76 28.33 27.91 27.48 27.05 26.63 26.2 26.2 26.2 25.8 25.4 24.99 24.59 24.19 23.78 23.78 23.78 23.36 22.93 22.51 22.08 21.66 21.23 21.23 21.23 20.81 20.38 19.95 19.53 19.1 18.68 18.68 18.68 18.27 17.87 17.47 17.07 16.66 16.26 16.26 16.26 15.86 15.45 15.05 14.65 14.24 13.84 13.84 13.84 13.44 13.03 12.63 12.23 11.83 11.42 11.42 11.42 11.0 10.57 10.15 9.72 9.29 8.87 8.87 8.87 8.44 8.02 7.59 7.17 6.74 6.32 6.32 6.32 5.91 5.51 5.11 4.7 4.3 3.9 3.9 3.9 3.47 3.05 2.62 2.19 1.77 1.34 1.34 1.34 1.12 0.9 0.67 0.45 0.22 0 0 0 0 0 0 0 0 0 0 0 0 0 0 0 0 0 0 0 0 0 0
6979258281.0
959551981.0
0.00479
0.00479
agregarAgente --DemandaFija
214.13 179.44 144.75 144.75 144.75 198.19 251.63 305.08 358.52 411.96 465.4 465.4 465.4 452.97 440.53 428.1 415.67 403.23 390.8 390.8 390.8 372.76 354.72 336.68 318.63 300.59 282.55 282.55 282.55 325.53 368.5 411.48 454.45 497.43 540.4 540.4 540.4 538.01 535.62 533.23 530.83 528.44 526.05 526.05 526.05 490.63 455.2 419.78 384.35 348.93 313.5 313.5 313.5 333.33 353.15 372.98 392.8 412.63 432.45 432.45 432.45 403.63 374.8 345.98 317.15 288.33 259.5 259.5 259.5 258.23 256.97 255.7 254.43 253.17 251.9 251.9 251.9 274.49 297.08 319.68 342.27 364.86 387.45 387.45 387.45 361.61 335.77 309.93 284.08 258.24 232.4 232.4 232.4 203.37 174.33 145.3 116.27 87.23 58.2 58.2 58.2 88.26 118.32 148.38 178.43 208.49 238.55 238.55 238.55 236.95 235.35 233.75 232.15 230.55 228.95 228.95 228.95 209.73 190.52 171.3 152.08 132.87 113.65 113.65 113.65 175.42 237.18 298.95 360.72 422.48 484.25 484.25 484.25 475.66 467.07 458.48 449.88 441.29 432.7 432.7 432.7 400.93 369.15 337.38 305.6 273.83 242.05 242.05 242.05 290.08 338.12 386.15 434.18 482.22 530.25 530.25 530.25 504.5 478.75 453.0 427.25 401.5 375.75 375.75 375.75 346.59 317.43 288.28 259.12 229.96 200.8 200.8 200.8 259.23 317.67 376.1 434.53 492.97 551.4 551.4 551.4 530.67 509.93 489.2 468.47 447.73 427.0 427.0 427.0 384.08 341.15 298.23 255.3 212.38 169.45 169.45 169.45 223.98 278.5 333.03 387.55 442.08 496.6 496.6 496.6 479.07 461.53 444.0 426.47 408.93 391.4 391.4 391.4 355.33 319.27 283.2 247.13 211.07 175.0 175.0 175.0 194.68 214.37 234.05 253.73 273.42 293.1 293.1 293.1 325.52 357.93 390.35 422.77 455.18 487.6 487.6 487.6 449.16 410.72 372.28 333.83 295.39 256.95 256.95 256.95 280.14 303.33 326.53 349.72 372.91 396.1 396.1 396.1 387.93 379.75 371.58 363.4 355.22 347.05 347.05 347.05 316.1 285.15 254.2 223.25 192.3 161.35 161.35 161.35 152.48 143.6 134.73 125.85 116.98 108.1 108.1 108.1 101.68 95.25 88.83 82.4 75.98 69.55 69.55 69.55 70.44 71.33 72.23 73.12 74.01 74.9 74.9 74.9 100.23 125.55 150.88 176.2 201.53 226.85 226.85 226.85 251.67 276.5 301.33 326.15 350.97 375.8 375.8 375.8 352.97 330.13 307.3 284.47 261.63 238.8 238.8 238.8 260.85 282.9 304.95 327.0 349.05 371.1 371.1 371.1 365.93 360.77 355.6 350.43 345.27 340.1 340.1 340.1 295.13 250.15 205.18 160.2 115.23 70.25 70.25 70.25 117.45 164.65 211.85 259.05 306.25 353.45 353.45 353.45 326.22 298.98 271.75 244.52 217.28 190.05 190.05 190.05 166.99 143.93 120.88
crearDespacho --fija
1600.0
configurarSolver --Gurobi
resolver --noConstante ejecuciones/bancos/recombinados/v1/directo/simple/v1_simple_000292.csv
finalizar
