inicializar --t 360
agregarAgente --RioNegro
10.4 10.4 10.4 10.4 10.4 10.4 10.4 10.4 10.4 10.4 10.4 10.4 10.4 10.4 10.4 10.4 10.4 10.4 10.4 10.4 10.4 10.32 10.23 10.15 10.07 9.98 9.9 9.9 9.9 9.77 9.63 9.5 9.37 9.23 9.1 9.1 9.1 8.95 8.8 8.65 8.5 8.35 8.2 8.2 8.2 8.07 7.93 7.8 7.67 7.53 7.4 7.4 7.4 7.25 7.1 6.95 6.8 6.65 6.5 6.5 6.5 6.37 6.23 6.1 5.97 5.83 5.7 5.7 5.7 5.53 5.37 5.2 5.03 4.87 4.7 4.7 4.7 4.57 4.43 4.3 4.17 4.03 3.9 3.9 3.9 3.75 3.6 3.45 3.3 3.15 3.0 3.0 3.0 2.87 2.73 2.6 2.47 2.33 2.2 2.2 2.2 2.05 1.9 1.75 1.6 1.45 1.3 1.3 1.3 1.17 1.03 0.9 0.77 0.63 0.5 0.5 0.5 0.42 0.33 0.25 0.17 0.08 0 0 0 0 0 0 0 0 0 0 0 0 0 0 0 0 0 0 0 0 0 0 0 0 0 0 0 0 0 0 0 0 0 0 0 0 0 0 0 0 0 0 0 0 0 0 0 0 0 0 0 0 0 0 0 0 0 0 0 0 0 0 0 0 0 0 0 0 0 0 0 0 0 0 0 0 0 0 0 0 0 0 0 0 0 0 0 0 0 0 0 0 0 0 0 0 0 0 0 0 0 0 0 0 0 0 0 0 0 0 0 0 0 0 0 0 0 0 0 0 0 0 0 0 0 0 0 0 0 0 0 0 0 0 0 0 0 0 0 0 0 0 0 0 0 0 0 0 0 0 0 0 0 0 0 0 0 0 0 0 0 0 0 0 0 0 0 0 0 0 0 0 0 0 0 0 0 0 0 0 0 0 0 0 0 0 0 0 0 0 0 0 0 0 0 0 0 0 0 0 0 0 0 0 0 0 0 0 0 0 0 0 0 0 0 0 0 0 0 0 0 0 0 0 0 0 0 0 0 0 0 0 0 0 0 0 0 0
0.2 0.2 0.2 0.2 0.2 0.2 0.2 0.2 0.2 0.2 0.2 0.2 0.2 0.2 0.2 0.2 0.2 0.2 0.2 0.2 0.2 0.2 0.2 0.2 0.2 0.2 0.2 0.2 0.2 0.2 0.2 0.2 0.2 0.2 0.2 0.2 0.2 0.2 0.2 0.2 0.2 0.2 0.2 0.2 0.2 0.2 0.2 0.2 0.2 0.2 0.2 0.2 0.2 0.2 0.2 0.2 0.2 0.2 0.2 0.2 0.2 0.2 0.2 0.2 0.2 0.2 0.2 0.2 0.2 0.17 0.13 0.1 0.07 0.03 0 0 0 0 0 0 0 0 0 0 0 0 0 0 0 0 0 0 0 0 0 0 0 0 0 0 0 0 0 0 0 0 0 0 0 0 0 0 0 0 0 0 0 0 0 0 0 0 0 0 0 0 0 0 0 0 0 0 0 0 0 0 0 0 0 0 0 0 0 0 0 0 0 0 0 0 0 0 0 0 0 0 0 0 0 0 0 0 0 0 0 0 0 0 0 0 0 0 0 0 0 0 0 0 0 0 0 0 0 0 0 0 0 0 0 0.02 0.03 0.05 0.07 0.08 0.1 0.1 0.1 0.13 0.15 0.18 0.2 0.23 0.25 0.25 0.25 0.27 0.3 0.33 0.35 0.38 0.4 0.4 0.4 0.43 0.47 0.5 0.53 0.57 0.6 0.6 0.6 0.63 0.66 0.69 0.72 0.75 0.78 0.78 0.78 0.8 0.83 0.85 0.88 0.9 0.93 0.93 0.93 0.95 0.98 1.0 1.03 1.05 1.08 1.08 1.08 1.1 1.13 1.15 1.18 1.2 1.23 1.23 1.23 1.25 1.28 1.31 1.34 1.37 1.4 1.4 1.4 1.43 1.47 1.5 1.53 1.57 1.6 1.6 1.6 1.63 1.65 1.68 1.7 1.72 1.75 1.75 1.75 1.78 1.8 1.83 1.85 1.88 1.9 1.9 1.9 1.92 1.93 1.95 1.97 1.98 2.0 2.0 2.0 2.0 2.0 2.0 2.0 2.0 2.0 2.0 2.0 2.0 2.0 2.0 2.0 2.0 2.0 2.0 2.0 2.0 2.0 2.0 2.0 2.0 2.0 2.0 2.0 2.0 2.0 2.0 2.0 2.0 2.0 2.0 2.0 2.0 2.0 2.0 2.0 2.0 2.0 2.0 2.0 2.0 2.0 2.0 2.0 2.0 2.0 2.0 2.0 2.0 2.0 2.0 2.0 2.0 2.0 2.0 2.0 2.0 2.0 2.0 2.0 2.0 2.0 2.0 2.0 1.98 1.97 1.95
9.8 9.8 9.8 9.8 9.8 9.8 9.8 9.8 9.8 9.8 9.8 9.8 9.8 9.8 9.8 9.8 9.8 9.8 9.8 9.8 9.8 10.09 10.38 10.67 10.97 11.26 11.55 11.55 11.55 12.06 12.57 13.08 13.59 14.1 14.61 14.61 14.61 15.11 15.6 16.1 16.6 17.09 17.59 17.59 17.59 18.1 18.61 19.12 19.63 20.14 20.65 20.65 20.65 21.18 21.7 22.22 22.75 23.27 23.8 23.8 23.8 24.3 24.79 25.29 25.78 26.28 26.78 26.78 26.78 27.3 27.83 28.35 28.88 29.4 29.92 29.92 29.92 30.42 30.92 31.41 31.91 32.4 32.9 32.9 32.9 33.43 33.95 34.47 35.0 35.53 36.05 36.05 36.05 36.56 37.07 37.58 38.09 38.6 39.11 39.11 39.11 39.61 40.1 40.6 41.1 41.59 42.09 42.09 42.09 42.6 43.11 43.62 44.13 44.64 45.15 45.15 45.15 45.44 45.73 46.03 46.32 46.61 46.9 46.9 46.9 46.9 46.9 46.9 46.9 46.9 46.9 46.9 46.9 46.9 46.9 46.9 46.9 46.9 46.9 46.9 46.9 46.9 46.9 46.9 46.9 46.9 46.9 46.9 46.9 46.9 46.9 46.9 46.9 46.9 46.9 46.9 46.9 46.9 46.9 46.9 46.9 46.9 46.9 46.9 46.9 46.9 46.9 46.9 46.9 46.9 46.9 46.9 46.9 46.9 46.9 46.9 46.9 46.9 46.9 46.9 46.9 46.9 46.9 46.9 46.9 46.9 46.9 46.9 46.9 46.68 46.46 46.24 46.03 45.81 45.59 45.59 45.59 45.18 44.77 44.36 43.95 43.55 43.14 43.14 43.14 42.73 42.32 41.91 41.5 41.1 40.69 40.69 40.69 40.28 39.87 39.46 39.05 38.65 38.24 38.24 38.24 37.84 37.45 37.06 36.66 36.27 35.88 35.88 35.88 35.47 35.06 34.65 34.24 33.83 33.43 33.43 33.43 33.02 32.61 32.2 31.79 31.38 30.97 30.97 30.97 30.57 30.16 29.75 29.34 28.93 28.53 28.53 28.53 28.13 27.74 27.34 26.95 26.56 26.16 26.16 26.16 25.75 25.35 24.94 24.53 24.12 23.71 23.71 23.71 23.3 22.9 22.49 22.08 21.67 21.26 21.26 21.26 20.85 20.45 20.04 19.63 19.22 18.81 18.81 18.81 18.59 18.38 18.16 17.94 17.72 17.5 17.5 17.5 17.5 17.5 17.5 17.5 17.5 17.5 17.5 17.5 17.5 17.5 17.5 17.5 17.5 17.5 17.5 17.5 17.5 17.5 17.5 17.5 17.5 17.5 17.5 17.5 17.5 17.5 17.5 17.5 17.5 17.5 17.5 17.5 17.5 17.5 17.5 17.5 17.5 17.5 17.5 17.5 17.5 17.5 17.5 17.5 17.5 17.5 17.5 17.5 17.5 17.5 17.5 17.5 17.5 17.5 17.5 17.5 17.5 17.5 17.5 17.5 17.5 17.5 17.5 17.5 17.5 17.5 17.5
4649900603.0
1102551957.0
0.00633
0.00326
agregarAgente --DemandaFija
860.1 850.38 840.65 840.65 840.65 856.83 873.0 889.18 905.35 921.53 937.7 937.7 937.7 937.65 937.6 937.55 937.5 937.45 937.4 937.4 937.4 925.65 913.9 902.15 890.4 878.65 866.9 866.9 866.9 877.99 889.08 900.16 911.25 922.34 933.43 933.43 933.43 933.13 932.83 932.53 932.22 931.93 931.63 931.63 931.63 922.34 913.05 903.76 894.48 885.19 875.9 875.9 875.9 880.68 885.45 890.23 895.0 899.78 904.55 904.55 904.55 904.6 904.65 904.7 904.75 904.8 904.85 904.85 904.85 875.66 846.48 817.29 788.1 758.91 729.73 729.73 729.73 751.61 773.5 795.39 817.28 839.16 861.05 861.05 861.05 865.7 870.35 875.0 879.65 884.3 888.95 888.95 888.95 863.28 837.6 811.93 786.25 760.58 734.9 734.9 734.9 755.24 775.58 795.91 816.25 836.59 856.93 856.93 856.93 864.69 872.45 880.21 887.97 895.74 903.5 903.5 903.5 857.43 811.35 765.28 719.2 673.13 627.05 627.05 627.05 625.45 623.85 622.25 620.65 619.05 617.45 617.45 617.45 634.41 651.38 668.34 685.3 702.26 719.23 719.23 719.23 699.64 680.05 660.46 640.88 621.29 601.7 601.7 601.7 597.11 592.53 587.94 583.35 578.76 574.18 574.18 574.18 590.19 606.2 622.21 638.23 654.24 670.25 670.25 670.25 663.15 656.05 648.95 641.85 634.75 627.65 627.65 627.65 621.54 615.43 609.31 603.2 597.09 590.98 590.98 590.98 606.14 621.3 636.46 651.63 666.79 681.95 681.95 681.95 667.63 653.3 638.97 624.65 610.33 596.0 596.0 596.0 592.83 589.65 586.47 583.3 580.13 576.95 576.95 576.95 590.95 604.95 618.95 632.95 646.95 660.95 660.95 660.95 648.78 636.6 624.43 612.25 600.08 587.9 587.9 587.9 589.19 590.48 591.76 593.05 594.34 595.63 595.63 595.63 624.1 652.58 681.05 709.53 738.0 766.48 766.48 766.48 773.49 780.5 787.51 794.53 801.54 808.55 808.55 808.55 808.88 809.2 809.53 809.85 810.18 810.5 810.5 810.5 820.49 830.48 840.46 850.45 860.44 870.43 870.43 870.43 859.74 849.05 838.36 827.68 816.99 806.3 806.3 806.3 821.5 836.7 851.9 867.1 882.3 897.5 897.5 897.5 897.14 896.78 896.41 896.05 895.69 895.33 895.33 895.33 874.41 853.5 832.59 811.68 790.76 769.85 769.85 769.85 790.25 810.65 831.05 851.45 871.85 892.25 892.25 892.25 900.05 907.85 915.65 923.45 931.25 939.05 939.05 939.05 926.9 914.75 902.6 890.45 878.3 866.15 866.15 866.15 853.13 840.1 827.07 814.05 801.03 788.0 788.0 788.0 790.24 792.48 794.71 796.95 799.19 801.43 801.43 801.43 774.83 748.23 721.63 695.03 668.43 641.83 641.83 641.83 646.55 651.28 656.0 660.73 665.45 670.18 670.18 670.18 657.3 644.43 631.55 618.68 605.8 592.93 592.93 592.93 578.21 563.5 548.79
crearDespacho --fija
3200.0
configurarSolver --Gurobi
resolver --noConstante ejecuciones/bancos/recombinados/v1/directo/simple/v1_simple_000162.csv
finalizar
