inicializar --t 360
agregarAgente --RioNegro
103.68 103.68 103.68 103.68 103.68 103.68 103.68 103.68 103.68 103.68 103.68 103.68 103.68 103.68 103.68 103.68 103.68 103.68 103.68 103.68 103.68 104.48 105.28 106.08 106.88 107.68 108.48 108.48 108.48 109.88 111.28 112.68 114.08 115.48 116.88 116.88 116.88 118.28 119.68 121.08 122.48 123.88 125.28 125.28 125.28 126.72 128.16 129.6 131.04 132.48 133.92 133.92 133.92 135.34 136.76 138.18 139.6 141.02 142.44 142.44 142.44 143.84 145.24 146.64 148.04 149.44 150.84 150.84 150.84 152.24 153.64 155.04 156.44 157.84 159.24 159.24 159.24 160.64 162.04 163.44 164.84 166.24 167.64 167.64 167.64 169.06 170.48 171.9 173.32 174.74 176.16 176.16 176.16 177.6 179.04 180.48 181.92 183.36 184.8 184.8 184.8 186.2 187.6 189.0 190.4 191.8 193.2 193.2 193.2 194.6 196.0 197.4 198.8 200.2 201.6 201.6 201.6 202.4 203.2 204.0 204.8 205.6 206.4 206.4 206.4 206.4 206.4 206.4 206.4 206.4 206.4 206.4 206.4 206.4 206.4 206.4 206.4 206.4 206.4 206.4 206.4 206.4 206.4 206.4 206.4 206.4 206.4 206.4 206.4 206.4 206.4 206.4 206.4 206.4 206.4 206.4 206.4 206.4 206.4 206.4 206.4 206.4 206.4 206.4 206.4 206.4 206.4 206.4 206.4 206.4 206.4 206.4 206.4 206.4 206.4 206.4 206.4 206.4 206.4 206.4 206.4 206.4 206.4 206.4 206.4 206.4 206.4 206.4 206.4 209.52 212.64 215.76 218.88 222.0 225.12 225.12 225.12 230.66 236.2 241.74 247.28 252.82 258.36 258.36 258.36 263.92 269.48 275.04 280.6 286.16 291.72 291.72 291.72 297.26 302.8 308.34 313.88 319.42 324.96 324.96 324.96 330.5 336.04 341.58 347.12 352.66 358.2 358.2 358.2 363.76 369.32 374.88 380.44 386.0 391.56 391.56 391.56 397.04 402.52 408.0 413.48 418.96 424.44 424.44 424.44 430.0 435.56 441.12 446.68 452.24 457.8 457.8 457.8 463.34 468.88 474.42 479.96 485.5 491.04 491.04 491.04 496.58 502.12 507.66 513.2 518.74 524.28 524.28 524.28 529.84 535.4 540.96 546.52 552.08 557.64 557.64 557.64 563.18 568.72 574.26 579.8 585.34 590.88 590.88 590.88 594.0 597.12 600.24 603.36 606.48 609.6 609.6 609.6 609.6 609.6 609.6 609.6 609.6 609.6 609.6 609.6 609.6 609.6 609.6 609.6 609.6 609.6 609.6 609.6 609.6 609.6 609.6 609.6 609.6 609.6 609.6 609.6 609.6 609.6 609.6 609.6 609.6 609.6 609.6 609.6 609.6 609.6 609.6 609.6 609.6 609.6 609.6 609.6 609.6 609.6 609.6 609.6 609.6 609.6 609.6 609.6 609.6 609.6 609.6 609.6 609.6 609.6 609.6 609.6 609.6 609.6 609.6 609.6 609.6 609.6 609.6 609.6 611.44 613.28 615.12
0 0 0 0 0 0 0 0 0 0 0 0 0 0 0 0 0 0 0 0 0 0.05 0.1 0.16 0.21 0.26 0.31 0.31 0.31 0.42 0.52 0.63 0.73 0.83 0.94 0.94 0.94 1.05 1.17 1.28 1.4 1.51 1.63 1.63 1.63 1.72 1.81 1.91 2.0 2.09 2.19 2.19 2.19 2.29 2.4 2.5 2.6 2.71 2.81 2.81 2.81 2.91 3.0 3.09 3.19 3.28 3.38 3.38 3.38 3.5 3.63 3.75 3.88 4.0 4.13 4.13 4.13 4.22 4.31 4.41 4.5 4.59 4.69 4.69 4.69 4.79 4.9 5.0 5.1 5.21 5.31 5.31 5.31 5.41 5.5 5.59 5.69 5.78 5.88 5.88 5.88 5.99 6.1 6.22 6.33 6.45 6.56 6.56 6.56 6.67 6.77 6.88 6.98 7.08 7.19 7.19 7.19 7.24 7.29 7.34 7.4 7.45 7.5 7.5 7.5 7.5 7.5 7.5 7.5 7.5 7.5 7.5 7.5 7.5 7.5 7.5 7.5 7.5 7.5 7.5 7.5 7.5 7.5 7.5 7.5 7.5 7.5 7.5 7.5 7.5 7.5 7.5 7.5 7.5 7.5 7.5 7.5 7.5 7.5 7.5 7.5 7.5 7.5 7.5 7.5 7.5 7.5 7.5 7.5 7.5 7.5 7.5 7.5 7.5 7.5 7.5 7.5 7.5 7.5 7.5 7.5 7.5 7.5 7.5 7.5 7.5 7.5 7.5 7.5 7.77 8.04 8.31 8.58 8.85 9.13 9.13 9.13 9.59 10.06 10.53 11.0 11.47 11.94 11.94 11.94 12.42 12.9 13.38 13.85 14.33 14.81 14.81 14.81 15.28 15.75 16.22 16.69 17.16 17.63 17.63 17.63 18.09 18.56 19.03 19.5 19.97 20.44 20.44 20.44 20.92 21.4 21.88 22.35 22.83 23.31 23.31 23.31 23.79 24.27 24.75 25.23 25.71 26.19 26.19 26.19 26.67 27.15 27.63 28.1 28.58 29.06 29.06 29.06 29.53 30.0 30.47 30.94 31.41 31.88 31.88 31.88 32.34 32.81 33.28 33.75 34.22 34.69 34.69 34.69 35.17 35.65 36.13 36.6 37.08 37.56 37.56 37.56 38.03 38.5 38.97 39.44 39.91 40.38 40.38 40.38 40.65 40.92 41.19 41.46 41.73 42.0 42.0 42.0 42.0 42.0 42.0 42.0 42.0 42.0 42.0 42.0 42.0 42.0 42.0 42.0 42.0 42.0 42.0 42.0 42.0 42.0 42.0 42.0 42.0 42.0 42.0 42.0 42.0 42.0 42.0 42.0 42.0 42.0 42.0 42.0 42.0 42.0 42.0 42.0 42.0 42.0 42.0 42.0 42.0 42.0 42.0 42.0 42.0 42.0 42.0 42.0 42.0 42.0 42.0 42.0 42.0 42.0 42.0 42.0 42.0 42.0 42.0 42.0 42.0 42.0 42.0 42.0 41.69 41.38 41.06
111.8 111.8 111.8 111.8 111.8 111.8 111.8 111.8 111.8 111.8 111.8 111.8 111.8 111.8 111.8 111.8 111.8 111.8 111.8 111.8 111.8 112.14 112.47 112.81 113.14 113.48 113.82 113.82 113.82 114.44 115.07 115.7 116.32 116.95 117.58 117.58 117.58 118.21 118.83 119.46 120.09 120.71 121.34 121.34 121.34 121.97 122.59 123.22 123.85 124.48 125.1 125.1 125.1 125.71 126.31 126.92 127.52 128.13 128.73 128.73 128.73 129.36 129.99 130.61 131.24 131.87 132.49 132.49 132.49 133.12 133.75 134.38 135.0 135.63 136.26 136.26 136.26 136.88 137.51 138.14 138.76 139.39 140.02 140.02 140.02 140.62 141.23 141.83 142.44 143.04 143.65 143.65 143.65 144.27 144.9 145.53 146.16 146.78 147.41 147.41 147.41 148.04 148.66 149.29 149.92 150.54 151.17 151.17 151.17 151.8 152.43 153.05 153.68 154.31 154.93 154.93 154.93 155.27 155.61 155.94 156.28 156.61 156.95 156.95 156.95 156.95 156.95 156.95 156.95 156.95 156.95 156.95 156.95 156.95 156.95 156.95 156.95 156.95 156.95 156.95 156.95 156.95 156.95 156.95 156.95 156.95 156.95 156.95 156.95 156.95 156.95 156.95 156.95 156.95 156.95 156.95 156.95 156.95 156.95 156.95 156.95 156.95 156.95 156.95 156.95 156.95 156.95 156.95 156.95 156.95 156.95 156.95 156.95 156.95 156.95 156.95 156.95 156.95 156.95 156.95 156.95 156.95 156.95 156.95 156.95 156.95 156.95 156.95 156.95 155.7 154.44 153.19 151.93 150.68 149.42 149.42 149.42 147.27 145.13 142.98 140.83 138.67 136.53 136.53 136.53 134.38 132.23 130.08 127.93 125.77 123.63 123.63 123.63 121.48 119.33 117.18 115.02 112.88 110.73 110.73 110.73 108.58 106.43 104.28 102.13 99.98 97.83 97.83 97.83 95.68 93.52 91.38 89.23 87.08 84.93 84.93 84.93 82.77 80.63 78.48 76.32 74.18 72.02 72.02 72.02 69.87 67.73 65.57 63.42 61.28 59.13 59.13 59.13 56.98 54.82 52.68 50.53 48.38 46.23 46.23 46.23 44.07 41.93 39.78 37.63 35.47 33.32 33.32 33.32 31.17 29.02 26.88 24.72 22.58 20.43 20.43 20.43 18.28 16.13 13.98 11.83 9.67 7.52 7.52 7.52 6.27 5.02 3.76 2.51 1.25 0 0 0 0 0 0 0 0 0 0 0 0 0 0 0 0 0 0 0 0 0 0 0 0 0 0 0 0 0 0 0 0 0 0 0 0 0 0 0 0 0 0 0 0 0 0 0 0 0 0 0 0 0 0 0 0 0 0 0 0 0 0 0 0 0 0 0 1.08 2.15 3.22
6593288389.0
1695105956.0
0.00479
0.00479
agregarAgente --DemandaFija
254.9 261.58 268.25 268.25 268.25 299.83 331.4 362.98 394.55 426.13 457.7 457.7 457.7 428.76 399.82 370.88 341.93 312.99 284.05 284.05 284.05 238.87 193.68 148.5 103.32 58.13 12.95 12.95 12.95 17.77 22.58 27.4 32.22 37.03 41.85 41.85 41.85 47.15 52.45 57.75 63.05 68.35 73.65 73.65 73.65 67.12 60.58 54.05 47.52 40.98 34.45 34.45 34.45 66.32 98.18 130.05 161.92 193.78 225.65 225.65 225.65 229.92 234.18 238.45 242.72 246.98 251.25 251.25 251.25 234.35 217.45 200.55 183.65 166.75 149.85 149.85 149.85 186.48 223.12 259.75 296.38 333.02 369.65 369.65 369.65 369.78 369.9 370.03 370.15 370.28 370.4 370.4 370.4 315.81 261.22 206.63 152.03 97.44 42.85 42.85 42.85 85.5 128.15 170.8 213.45 256.1 298.75 298.75 298.75 308.58 318.42 328.25 338.08 347.92 357.75 357.75 357.75 317.05 276.35 235.65 194.95 154.25 113.55 113.55 113.55 137.61 161.67 185.73 209.78 233.84 257.9 257.9 257.9 257.04 256.18 255.33 254.47 253.61 252.75 252.75 252.75 231.48 210.22 188.95 167.68 146.42 125.15 125.15 125.15 154.98 184.8 214.63 244.45 274.28 304.1 304.1 304.1 312.43 320.75 329.08 337.4 345.72 354.05 354.05 354.05 342.0 329.95 317.9 305.85 293.8 281.75 281.75 281.75 300.25 318.75 337.25 355.75 374.25 392.75 392.75 392.75 396.43 400.1 403.78 407.45 411.13 414.8 414.8 414.8 405.79 396.78 387.78 378.77 369.76 360.75 360.75 360.75 379.48 398.22 416.95 435.68 454.42 473.15 473.15 473.15 464.73 456.32 447.9 439.48 431.07 422.65 422.65 422.65 410.09 397.53 384.98 372.42 359.86 347.3 347.3 347.3 351.07 354.83 358.6 362.37 366.13 369.9 369.9 369.9 361.99 354.08 346.18 338.27 330.36 322.45 322.45 322.45 313.82 305.18 296.55 287.92 279.28 270.65 270.65 270.65 270.23 269.82 269.4 268.98 268.57 268.15 268.15 268.15 277.34 286.53 295.73 304.92 314.11 323.3 323.3 323.3 322.57 321.83 321.1 320.37 319.63 318.9 318.9 318.9 323.96 329.02 334.08 339.13 344.19 349.25 349.25 349.25 349.08 348.92 348.75 348.58 348.42 348.25 348.25 348.25 321.43 294.62 267.8 240.98 214.17 187.35 187.35 187.35 220.02 252.68 285.35 318.02 350.68 383.35 383.35 383.35 361.22 339.1 316.98 294.85 272.72 250.6 250.6 250.6 218.36 186.12 153.88 121.63 89.39 57.15 57.15 57.15 74.92 92.68 110.45 128.22 145.98 163.75 163.75 163.75 161.52 159.28 157.05 154.82 152.58 150.35 150.35 150.35 147.16 143.97 140.78 137.58 134.39 131.2 131.2 131.2 181.59 231.98 282.38 332.77 383.16 433.55 433.55 433.55 409.38 385.2 361.03 336.85 312.68 288.5 288.5 288.5 266.6 244.7 222.8
crearDespacho --fija
3200.0
configurarSolver --Gurobi
resolver --noConstante ejecuciones/bancos/recombinados/v1/directo/simple/v1_simple_000082.csv
finalizar
