inicializar --t 360
agregarAgente --RioNegro
0.48 0.24 0 0 0 0 0 0 0 0 0 0 0 0 0 0 0 0 0 0 0 0 0 0 0 0 0 0 0 0 0 0 0 0 0 0 0 0 0 0 0 0 0 0 0 0 0 0 0 0 0 0 0 0 0 0 0 0 0 0 0 0 0 0 0 0 0 0 0 0 0 0 0 0 0 0 0 0 0 0 0 0 0 0 0 0 0 0 0 0 0 0 0 0 0 0 0 0 0 0 0 0 0 0 0 0 0 0 0 0 0 0 0 0 0 0 0 0 0 0 0 0 0 0 0 0 0 0 0 0 0 0 0 0 0 0 0 0 0 0 0 0 0 0 0 0 0 0 0 0 0 0 0 0 0 0 0 0 0 0 0 0 0 0 0 0 0 0 0 0 0 0 0 0 0 0 0 0 0 0 0 0 0 0 0 0 0 0 0 0 0 0 0 0 0 0 0 0 0 0 0 0 0 0 0 0 0 0 0 0 0 0 0 0 0 0 0 0 0 0 0 0 0 0 0 0 0 0 0 0 0 0 0 0 0 0 0 0 0 0 0 0 0 0 0 0 0 0 0 0 0 0 0 0 0 0 0 0 0 0 0 0 0 0 0 0 0 0 0 0 0 0 0 0 0 0 0 0 0 0 0 0 0 0 0 0 0 0 0 0 0 0 0 0 0 0 0 0 0 0 0 0 0 0 0 0 0 0 0 0 0 0 0 0 0 0 0 0 0 0 0 0 0 0 0 0 0 0 0 0 0 0 0 0 0 0 0 0 0 0 0 0 0 0 0 0 0 0 0 0 0 0 0 0 0 0 0 0 0 0
32.98 33.24 33.5 33.5 33.5 33.5 33.5 33.5 33.5 33.5 33.5 33.5 33.5 33.5 33.5 33.5 33.5 33.5 33.5 33.5 33.5 33.5 33.5 33.5 33.5 33.5 33.5 33.5 33.5 33.5 33.5 33.5 33.5 33.5 33.5 33.5 33.5 33.5 33.5 33.5 33.5 33.5 33.5 33.5 33.5 33.5 33.5 33.5 33.5 33.5 33.5 33.5 33.5 33.5 33.5 33.5 33.5 33.5 33.5 33.5 33.5 33.5 33.5 33.5 33.5 33.5 33.5 33.5 33.5 33.24 32.98 32.72 32.46 32.2 31.94 31.94 31.94 31.48 31.02 30.56 30.1 29.65 29.19 29.19 29.19 28.72 28.25 27.78 27.31 26.84 26.38 26.38 26.38 25.93 25.48 25.03 24.58 24.14 23.69 23.69 23.69 23.22 22.75 22.28 21.81 21.34 20.88 20.88 20.88 20.43 19.98 19.53 19.08 18.64 18.19 18.19 18.19 17.71 17.23 16.75 16.27 15.79 15.31 15.31 15.31 14.86 14.42 13.97 13.52 13.07 12.63 12.63 12.63 12.16 11.69 11.22 10.75 10.28 9.81 9.81 9.81 9.36 8.92 8.47 8.02 7.57 7.13 7.13 7.13 6.66 6.19 5.72 5.25 4.78 4.31 4.31 4.31 3.85 3.4 2.94 2.48 2.02 1.56 1.56 1.56 1.3 1.04 0.78 0.52 0.26 0 0 0 0 0 0 0 0 0 0 0 0 0 0 0 0 0 0 0 0 0 0 0 0 0 0 0 0 0 0 0 0 0 0 0 0 0 0 0 0 0 0 0 0 0 0 0 0 0 0 0 0 0 0 0 0 0 0 0 0 0 0 0 0 0 0 0 0.23 0.46 0.69 0.92 1.15 1.38 1.38 1.38 1.75 2.13 2.5 2.88 3.25 3.63 3.63 3.63 4.03 4.44 4.84 5.25 5.66 6.06 6.06 6.06 6.45 6.83 7.22 7.6 7.99 8.38 8.38 8.38 8.77 9.17 9.56 9.96 10.35 10.75 10.75 10.75 11.14 11.52 11.91 12.29 12.68 13.06 13.06 13.06 13.46 13.85 14.25 14.65 15.04 15.44 15.44 15.44 15.82 16.21 16.59 16.98 17.36 17.75 17.75 17.75 18.15 18.54 18.94 19.33 19.73 20.13 20.13 20.13 20.51 20.9 21.28 21.67 22.05 22.44 22.44 22.44 22.84 23.25 23.66 24.06 24.47 24.88 24.88 24.88 25.25 25.63 26.0 26.38 26.75 27.13 27.13 27.13 27.35 27.58 27.81 28.04 28.27 28.5 28.5 28.5 28.5 28.5 28.5 28.5 28.5 28.5 28.5 28.5 28.5 28.5 28.5 28.5 28.5 28.5 28.5 28.5 28.5 28.5 28.5
1.03 0.52 0 0 0 0 0 0 0 0 0 0 0 0 0 0 0 0 0 0 0 0 0 0 0 0 0 0 0 0 0 0 0 0 0 0 0 0 0 0 0 0 0 0 0 0 0 0 0 0 0 0 0 0 0 0 0 0 0 0 0 0 0 0 0 0 0 0 0 0.22 0.45 0.67 0.9 1.12 1.34 1.34 1.34 1.77 2.19 2.62 3.05 3.47 3.9 3.9 3.9 4.3 4.7 5.11 5.51 5.91 6.32 6.32 6.32 6.74 7.17 7.59 8.02 8.44 8.87 8.87 8.87 9.29 9.72 10.15 10.57 11.0 11.42 11.42 11.42 11.83 12.23 12.63 13.03 13.44 13.84 13.84 13.84 14.24 14.65 15.05 15.45 15.86 16.26 16.26 16.26 16.66 17.07 17.47 17.87 18.27 18.68 18.68 18.68 19.1 19.53 19.95 20.38 20.81 21.23 21.23 21.23 21.66 22.08 22.51 22.93 23.36 23.78 23.78 23.78 24.19 24.59 24.99 25.4 25.8 26.2 26.2 26.2 26.63 27.05 27.48 27.91 28.33 28.76 28.76 28.76 28.98 29.2 29.43 29.65 29.88 30.1 30.1 30.1 30.1 30.1 30.1 30.1 30.1 30.1 30.1 30.1 30.1 30.1 30.1 30.1 30.1 30.1 30.1 30.1 30.1 30.1 30.1 30.1 30.1 30.1 30.1 30.1 30.1 30.1 30.1 30.1 30.1 30.1 30.1 30.1 30.1 30.1 30.1 30.1 30.1 30.1 30.1 30.1 30.1 30.1 30.1 30.1 30.1 30.1 30.1 30.1 30.1 30.1 30.1 30.1 30.1 30.1 30.1 30.1 30.1 30.1 30.1 30.1 30.1 30.1 30.1 30.1 29.88 29.65 29.43 29.2 28.98 28.76 28.76 28.76 28.33 27.91 27.48 27.05 26.63 26.2 26.2 26.2 25.8 25.4 24.99 24.59 24.19 23.78 23.78 23.78 23.36 22.93 22.51 22.08 21.66 21.23 21.23 21.23 20.81 20.38 19.95 19.53 19.1 18.68 18.68 18.68 18.27 17.87 17.47 17.07 16.66 16.26 16.26 16.26 15.86 15.45 15.05 14.65 14.24 13.84 13.84 13.84 13.44 13.03 12.63 12.23 11.83 11.42 11.42 11.42 11.0 10.57 10.15 9.72 9.29 8.87 8.87 8.87 8.44 8.02 7.59 7.17 6.74 6.32 6.32 6.32 5.91 5.51 5.11 4.7 4.3 3.9 3.9 3.9 3.47 3.05 2.62 2.19 1.77 1.34 1.34 1.34 1.12 0.9 0.67 0.45 0.22 0 0 0 0 0 0 0 0 0 0 0 0 0 0 0 0 0 0 0 0 0 0
6979258281.0
959551981.0
0.00326
0.00633
agregarAgente --DemandaFija
534.08 519.36 504.65 504.65 504.65 543.31 581.98 620.64 659.3 697.96 736.63 736.63 736.63 752.91 769.2 785.49 801.78 818.06 834.35 834.35 834.35 814.86 795.38 775.89 756.4 736.91 717.43 717.43 717.43 723.21 729.0 734.79 740.58 746.36 752.15 752.15 752.15 753.29 754.43 755.56 756.7 757.84 758.98 758.98 758.98 752.66 746.35 740.04 733.73 727.41 721.1 721.1 721.1 730.8 740.5 750.2 759.9 769.6 779.3 779.3 779.3 785.93 792.55 799.18 805.8 812.43 819.05 819.05 819.05 820.81 822.58 824.34 826.1 827.86 829.63 829.63 829.63 838.34 847.05 855.76 864.48 873.19 881.9 881.9 881.9 908.73 935.55 962.38 989.2 1016.03 1042.85 1042.85 1042.85 1007.89 972.93 937.96 903.0 868.04 833.08 833.08 833.08 841.16 849.25 857.34 865.43 873.51 881.6 881.6 881.6 905.83 930.05 954.28 978.5 1002.73 1026.95 1026.95 1026.95 995.28 963.6 931.93 900.25 868.58 836.9 836.9 836.9 828.1 819.3 810.5 801.7 792.9 784.1 784.1 784.1 761.88 739.65 717.43 695.2 672.98 650.75 650.75 650.75 649.04 647.33 645.61 643.9 642.19 640.48 640.48 640.48 648.58 656.68 664.78 672.88 680.98 689.08 689.08 689.08 692.23 695.38 698.53 701.68 704.83 707.98 707.98 707.98 694.08 680.18 666.28 652.38 638.48 624.58 624.58 624.58 621.86 619.15 616.44 613.73 611.01 608.3 608.3 608.3 624.88 641.45 658.03 674.6 691.18 707.75 707.75 707.75 655.43 603.1 550.78 498.45 446.13 393.8 393.8 393.8 395.3 396.8 398.3 399.8 401.3 402.8 402.8 402.8 409.36 415.93 422.49 429.05 435.61 442.17 442.17 442.17 436.6 431.03 425.45 419.88 414.3 408.73 408.73 408.73 409.34 409.95 410.56 411.18 411.79 412.4 412.4 412.4 412.54 412.68 412.81 412.95 413.09 413.23 413.23 413.23 415.21 417.2 419.19 421.18 423.16 425.15 425.15 425.15 414.2 403.25 392.3 381.35 370.4 359.45 359.45 359.45 369.21 378.98 388.74 398.5 408.26 418.03 418.03 418.03 421.3 424.58 427.85 431.13 434.4 437.67 437.67 437.67 479.06 520.45 561.84 603.23 644.61 686.0 686.0 686.0 702.64 719.28 735.91 752.55 769.19 785.83 785.83 785.83 749.13 712.43 675.72 639.03 602.33 565.63 565.63 565.63 580.61 595.6 610.59 625.58 640.56 655.55 655.55 655.55 670.75 685.95 701.15 716.35 731.55 746.75 746.75 746.75 730.93 715.1 699.28 683.45 667.63 651.8 651.8 651.8 653.16 654.53 655.89 657.25 658.61 659.98 659.98 659.98 665.89 671.8 677.71 683.63 689.54 695.45 695.45 695.45 685.23 675.0 664.78 654.55 644.33 634.1 634.1 634.1 645.98 657.85 669.73 681.6 693.48 705.35 705.35 705.35 708.09 710.83 713.56 716.3 719.04 721.78 721.78 721.78 700.4 679.03 657.65
crearDespacho --fija
1600.0
configurarSolver --Gurobi
resolver --noConstante ejecuciones/bancos/recombinados/v1/directo/simple/v1_simple_000019.csv
finalizar
