inicializar --t 360
agregarAgente --RioNegro
0.48 0.24 0 0 0 0 0 0 0 0 0 0 0 0 0 0 0 0 0 0 0 0 0 0 0 0 0 0 0 0 0 0 0 0 0 0 0 0 0 0 0 0 0 0 0 0 0 0 0 0 0 0 0 0 0 0 0 0 0 0 0 0 0 0 0 0 0 0 0 0 0 0 0 0 0 0 0 0 0 0 0 0 0 0 0 0 0 0 0 0 0 0 0 0 0 0 0 0 0 0 0 0 0 0 0 0 0 0 0 0 0 0 0 0 0 0 0 0 0 0 0 0 0 0 0 0 0 0 0 0 0 0 0 0 0 0 0 0 0 0 0 0 0 0 0 0 0 0 0 0 0 0 0 0 0 0 0 0 0 0 0 0 0 0 0 0 0 0 0 0 0 0 0 0 0 0 0 0 0 0 0 0 0 0 0 0 0 0 0 0 0 0 0 0 0 0 0 0 0 0 0 0 0 0 0 0 0 0 0 0 0 0 0 0 0 0 0 0 0 0 0 0 0 0 0 0 0 0 0 0 0 0 0 0 0 0 0 0 0 0 0 0 0 0 0 0 0 0 0 0 0 0 0 0 0 0 0 0 0 0 0 0 0 0 0 0 0 0 0 0 0 0 0 0 0 0 0 0 0 0 0 0 0 0 0 0 0 0 0 0 0 0 0 0 0 0 0 0 0 0 0 0 0 0 0 0 0 0 0 0 0 0 0 0 0 0 0 0 0 0 0 0 0 0 0 0 0 0 0 0 0 0 0 0 0 0 0 0 0 0 0 0 0 0 0 0 0 0 0 0 0 0 0 0 0 0 0 0 0 0
32.98 33.24 33.5 33.5 33.5 33.5 33.5 33.5 33.5 33.5 33.5 33.5 33.5 33.5 33.5 33.5 33.5 33.5 33.5 33.5 33.5 33.5 33.5 33.5 33.5 33.5 33.5 33.5 33.5 33.5 33.5 33.5 33.5 33.5 33.5 33.5 33.5 33.5 33.5 33.5 33.5 33.5 33.5 33.5 33.5 33.5 33.5 33.5 33.5 33.5 33.5 33.5 33.5 33.5 33.5 33.5 33.5 33.5 33.5 33.5 33.5 33.5 33.5 33.5 33.5 33.5 33.5 33.5 33.5 33.24 32.98 32.72 32.46 32.2 31.94 31.94 31.94 31.48 31.02 30.56 30.1 29.65 29.19 29.19 29.19 28.72 28.25 27.78 27.31 26.84 26.38 26.38 26.38 25.93 25.48 25.03 24.58 24.14 23.69 23.69 23.69 23.22 22.75 22.28 21.81 21.34 20.88 20.88 20.88 20.43 19.98 19.53 19.08 18.64 18.19 18.19 18.19 17.71 17.23 16.75 16.27 15.79 15.31 15.31 15.31 14.86 14.42 13.97 13.52 13.07 12.63 12.63 12.63 12.16 11.69 11.22 10.75 10.28 9.81 9.81 9.81 9.36 8.92 8.47 8.02 7.57 7.13 7.13 7.13 6.66 6.19 5.72 5.25 4.78 4.31 4.31 4.31 3.85 3.4 2.94 2.48 2.02 1.56 1.56 1.56 1.3 1.04 0.78 0.52 0.26 0 0 0 0 0 0 0 0 0 0 0 0 0 0 0 0 0 0 0 0 0 0 0 0 0 0 0 0 0 0 0 0 0 0 0 0 0 0 0 0 0 0 0 0 0 0 0 0 0 0 0 0 0 0 0 0 0 0 0 0 0 0 0 0 0 0 0 0.23 0.46 0.69 0.92 1.15 1.38 1.38 1.38 1.75 2.13 2.5 2.88 3.25 3.63 3.63 3.63 4.03 4.44 4.84 5.25 5.66 6.06 6.06 6.06 6.45 6.83 7.22 7.6 7.99 8.38 8.38 8.38 8.77 9.17 9.56 9.96 10.35 10.75 10.75 10.75 11.14 11.52 11.91 12.29 12.68 13.06 13.06 13.06 13.46 13.85 14.25 14.65 15.04 15.44 15.44 15.44 15.82 16.21 16.59 16.98 17.36 17.75 17.75 17.75 18.15 18.54 18.94 19.33 19.73 20.13 20.13 20.13 20.51 20.9 21.28 21.67 22.05 22.44 22.44 22.44 22.84 23.25 23.66 24.06 24.47 24.88 24.88 24.88 25.25 25.63 26.0 26.38 26.75 27.13 27.13 27.13 27.35 27.58 27.81 28.04 28.27 28.5 28.5 28.5 28.5 28.5 28.5 28.5 28.5 28.5 28.5 28.5 28.5 28.5 28.5 28.5 28.5 28.5 28.5 28.5 28.5 28.5 28.5
1.03 0.52 0 0 0 0 0 0 0 0 0 0 0 0 0 0 0 0 0 0 0 0 0 0 0 0 0 0 0 0 0 0 0 0 0 0 0 0 0 0 0 0 0 0 0 0 0 0 0 0 0 0 0 0 0 0 0 0 0 0 0 0 0 0 0 0 0 0 0 0.22 0.45 0.67 0.9 1.12 1.34 1.34 1.34 1.77 2.19 2.62 3.05 3.47 3.9 3.9 3.9 4.3 4.7 5.11 5.51 5.91 6.32 6.32 6.32 6.74 7.17 7.59 8.02 8.44 8.87 8.87 8.87 9.29 9.72 10.15 10.57 11.0 11.42 11.42 11.42 11.83 12.23 12.63 13.03 13.44 13.84 13.84 13.84 14.24 14.65 15.05 15.45 15.86 16.26 16.26 16.26 16.66 17.07 17.47 17.87 18.27 18.68 18.68 18.68 19.1 19.53 19.95 20.38 20.81 21.23 21.23 21.23 21.66 22.08 22.51 22.93 23.36 23.78 23.78 23.78 24.19 24.59 24.99 25.4 25.8 26.2 26.2 26.2 26.63 27.05 27.48 27.91 28.33 28.76 28.76 28.76 28.98 29.2 29.43 29.65 29.88 30.1 30.1 30.1 30.1 30.1 30.1 30.1 30.1 30.1 30.1 30.1 30.1 30.1 30.1 30.1 30.1 30.1 30.1 30.1 30.1 30.1 30.1 30.1 30.1 30.1 30.1 30.1 30.1 30.1 30.1 30.1 30.1 30.1 30.1 30.1 30.1 30.1 30.1 30.1 30.1 30.1 30.1 30.1 30.1 30.1 30.1 30.1 30.1 30.1 30.1 30.1 30.1 30.1 30.1 30.1 30.1 30.1 30.1 30.1 30.1 30.1 30.1 30.1 30.1 30.1 30.1 30.1 29.88 29.65 29.43 29.2 28.98 28.76 28.76 28.76 28.33 27.91 27.48 27.05 26.63 26.2 26.2 26.2 25.8 25.4 24.99 24.59 24.19 23.78 23.78 23.78 23.36 22.93 22.51 22.08 21.66 21.23 21.23 21.23 20.81 20.38 19.95 19.53 19.1 18.68 18.68 18.68 18.27 17.87 17.47 17.07 16.66 16.26 16.26 16.26 15.86 15.45 15.05 14.65 14.24 13.84 13.84 13.84 13.44 13.03 12.63 12.23 11.83 11.42 11.42 11.42 11.0 10.57 10.15 9.72 9.29 8.87 8.87 8.87 8.44 8.02 7.59 7.17 6.74 6.32 6.32 6.32 5.91 5.51 5.11 4.7 4.3 3.9 3.9 3.9 3.47 3.05 2.62 2.19 1.77 1.34 1.34 1.34 1.12 0.9 0.67 0.45 0.22 0 0 0 0 0 0 0 0 0 0 0 0 0 0 0 0 0 0 0 0 0 0
6621704071.0
879755606.0
0.00326
0.00633
agregarAgente --DemandaFija
59.38 59.38 59.38 59.38 59.38 59.38 59.38 59.38 59.38 59.38 59.38 59.38 59.38 59.38 59.38 59.38 59.38 59.38 59.38 59.38 59.38 59.38 59.38 59.38 59.38 59.38 59.38 59.38 59.38 59.38 59.38 59.38 59.38 59.38 59.38 59.38 59.38 60.29 61.2 62.11 63.03 63.94 64.85 64.85 64.85 63.94 63.03 62.11 61.2 60.29 59.38 59.38 59.38 71.18 82.98 94.78 106.58 118.38 130.18 130.18 130.18 132.9 135.63 138.35 141.08 143.8 146.53 146.53 146.53 132.0 117.48 102.95 88.43 73.9 59.38 59.38 59.38 74.65 89.93 105.2 120.48 135.75 151.03 151.03 151.03 151.05 151.08 151.1 151.13 151.15 151.18 151.18 151.18 135.88 120.58 105.28 89.98 74.68 59.38 59.38 59.38 59.38 59.38 59.38 59.38 59.38 59.38 59.38 59.38 63.58 67.78 71.98 76.18 80.38 84.58 84.58 84.58 80.38 76.18 71.98 67.78 63.58 59.38 59.38 59.38 60.31 61.25 62.19 63.13 64.06 65.0 65.0 65.0 64.06 63.13 62.19 61.25 60.31 59.38 59.38 59.38 59.38 59.38 59.38 59.38 59.38 59.38 59.38 59.38 72.81 86.25 99.69 113.13 126.56 140.0 140.0 140.0 146.35 152.7 159.05 165.4 171.75 178.1 178.1 178.1 158.31 138.53 118.74 98.95 79.16 59.38 59.38 59.38 66.36 73.35 80.34 87.33 94.31 101.3 101.3 101.3 104.94 108.58 112.21 115.85 119.49 123.13 123.13 123.13 112.5 101.88 91.25 80.63 70.0 59.38 59.38 59.38 59.38 59.38 59.38 59.38 59.38 59.38 59.38 59.38 61.89 64.4 66.91 69.43 71.94 74.45 74.45 74.45 71.94 69.43 66.91 64.4 61.89 59.38 59.38 59.38 65.2 71.03 76.85 82.68 88.5 94.33 94.33 94.33 97.98 101.63 105.28 108.93 112.58 116.23 116.23 116.23 110.83 105.43 100.03 94.63 89.23 83.83 83.83 83.83 111.55 139.28 167.0 194.73 222.45 250.18 250.18 250.18 258.43 266.68 274.93 283.18 291.43 299.68 299.68 299.68 263.88 228.08 192.28 156.48 120.68 84.88 84.88 84.88 80.63 76.38 72.13 67.88 63.63 59.38 59.38 59.38 59.38 59.38 59.38 59.38 59.38 59.38 59.38 59.38 75.13 90.88 106.63 122.38 138.13 153.88 153.88 153.88 148.24 142.6 136.96 131.33 125.69 120.05 120.05 120.05 109.94 99.83 89.71 79.6 69.49 59.38 59.38 59.38 59.38 59.38 59.38 59.38 59.38 59.38 59.38 59.38 84.53 109.68 134.83 159.98 185.13 210.28 210.28 210.28 207.24 204.2 201.16 198.13 195.09 192.05 192.05 192.05 169.94 147.83 125.71 103.6 81.49 59.38 59.38 59.38 71.63 83.88 96.13 108.38 120.63 132.88 132.88 132.88 128.74 124.6 120.46 116.33 112.19 108.05 108.05 108.05 103.21 98.38 93.54
crearDespacho --fija
3200.0
configurarSolver --Gurobi
resolver --noConstante ejecuciones/bancos/recombinados/v1/directo/simple/v1_simple_000114.csv
finalizar
