inicializar --t 360
agregarAgente --RioNegro
0 0 0 0 0 0 0 0 0 0 0 0 0 0 0 0 0 0 0 0 0 0 0 0 0 0 0 0 0 0 0 0 0 0 0 0 0 0 0 0 0 0 0 0 0 0 0 0 0 0 0 0 0 0 0 0 0 0 0 0 0 0 0 0 0 0 0 0 0 0 0 0 0 0 0 0 0 0 0 0 0 0 0 0 0 0 0 0 0 0 0 0 0 0 0 0 0 0 0 0 0 0 0 0 0 0 0 0 0 0 0 0 0 0 0 0 0 0 0 0 0 0 0 0 0 0 0 0 0 0 0 0 0 0 0 0 0 0 0 0 0 0 0 0 0 0 0 0 0 0 0 0 0 0 0 0 0 0 0 0 0 0 0 0 0 0 0 0 0 0 0 0 0 0 0 0 0 0 0 0 0 0 0 0 0 0 0 0 0 0 0 0 0 0 0 0 0 0 0 0 0 0 0 0 0 0 0 0 0 0 0 0 0 0 0 0 0 0 0 0 0 0 0 0 0 0 0 0 0 0 0 0 0 0 0 0 0 0.08 0.17 0.25 0.33 0.42 0.5 0.5 0.5 0.68 0.87 1.05 1.23 1.42 1.6 1.6 1.6 1.78 1.97 2.15 2.33 2.52 2.7 2.7 2.7 2.87 3.03 3.2 3.37 3.53 3.7 3.7 3.7 3.88 4.07 4.25 4.43 4.62 4.8 4.8 4.8 4.98 5.17 5.35 5.53 5.72 5.9 5.9 5.9 6.07 6.23 6.4 6.57 6.73 6.9 6.9 6.9 7.08 7.27 7.45 7.63 7.82 8.0 8.0 8.0 8.18 8.37 8.55 8.73 8.92 9.1 9.1 9.1 9.27 9.43 9.6 9.77 9.93 10.1 10.1 10.1 10.28 10.47 10.65 10.83 11.02 11.2 11.2 11.2 11.38 11.57 11.75 11.93 12.12 12.3 12.3 12.3 12.38 12.47 12.55 12.63 12.72 12.8 12.8 12.8 12.8 12.8 12.8 12.8 12.8 12.8 12.8 12.8 12.8 12.8 12.8 12.8 12.8 12.8 12.8 12.8 12.8 12.8 12.8
2.2 2.2 2.2 2.2 2.2 2.2 2.2 2.2 2.2 2.2 2.2 2.2 2.2 2.2 2.2 2.2 2.2 2.2 2.2 2.2 2.2 2.2 2.2 2.2 2.2 2.2 2.2 2.2 2.2 2.2 2.2 2.2 2.2 2.2 2.2 2.2 2.2 2.2 2.2 2.2 2.2 2.2 2.2 2.2 2.2 2.2 2.2 2.2 2.2 2.2 2.2 2.2 2.2 2.2 2.2 2.2 2.2 2.2 2.2 2.2 2.2 2.2 2.2 2.2 2.2 2.2 2.2 2.2 2.2 2.2 2.2 2.2 2.2 2.2 2.2 2.2 2.2 2.23 2.27 2.3 2.33 2.37 2.4 2.4 2.4 2.4 2.4 2.4 2.4 2.4 2.4 2.4 2.4 2.43 2.47 2.5 2.53 2.57 2.6 2.6 2.6 2.6 2.6 2.6 2.6 2.6 2.6 2.6 2.6 2.63 2.67 2.7 2.73 2.77 2.8 2.8 2.8 2.8 2.8 2.8 2.8 2.8 2.8 2.8 2.8 2.83 2.87 2.9 2.93 2.97 3.0 3.0 3.0 3.0 3.0 3.0 3.0 3.0 3.0 3.0 3.0 3.03 3.07 3.1 3.13 3.17 3.2 3.2 3.2 3.2 3.2 3.2 3.2 3.2 3.2 3.2 3.2 3.23 3.27 3.3 3.33 3.37 3.4 3.4 3.4 3.4 3.4 3.4 3.4 3.4 3.4 3.4 3.4 3.4 3.4 3.4 3.4 3.4 3.4 3.4 3.4 3.4 3.4 3.4 3.4 3.4 3.4 3.4 3.4 3.4 3.4 3.4 3.4 3.4 3.4 3.4 3.4 3.4 3.4 3.4 3.4 3.4 3.4 3.4 3.4 3.4 3.4 3.4 3.4 3.4 3.4 3.4 3.4 3.4 3.4 3.4 3.4 3.4 3.4 3.4 3.4 3.4 3.4 3.4 3.4 3.4 3.4 3.4 3.4 3.4 3.4 3.4 3.4 3.4 3.4 3.4 3.4 3.38 3.35 3.33 3.3 3.28 3.25 3.25 3.25 3.2 3.15 3.1 3.05 3.0 2.95 2.95 2.95 2.9 2.86 2.81 2.77 2.72 2.68 2.68 2.68 2.63 2.58 2.54 2.49 2.45 2.4 2.4 2.4 2.35 2.31 2.26 2.22 2.17 2.13 2.13 2.13 2.08 2.03 1.99 1.94 1.9 1.85 1.85 1.85 1.8 1.75 1.7 1.65 1.6 1.55 1.55 1.55 1.5 1.46 1.41 1.37 1.32 1.28 1.28 1.28 1.23 1.18 1.14 1.09 1.05 1.0 1.0 1.0 0.95 0.91 0.86 0.82 0.77 0.73 0.73 0.73 0.68 0.63 0.59 0.54 0.5 0.45 0.45 0.45 0.4 0.35 0.3 0.25 0.2 0.15 0.15 0.15 0.13 0.1 0.08 0.05 0.03 0 0 0 0 0 0 0 0 0 0 0 0 0 0 0 0 0 0 0 0 0 0
18.32 18.26 18.2 18.2 18.2 18.2 18.2 18.2 18.2 18.2 18.2 18.2 18.2 18.2 18.2 18.2 18.2 18.2 18.2 18.2 18.2 18.2 18.2 18.2 18.2 18.2 18.2 18.2 18.2 18.2 18.2 18.2 18.2 18.2 18.2 18.2 18.2 18.2 18.2 18.2 18.2 18.2 18.2 18.2 18.2 18.2 18.2 18.2 18.2 18.2 18.2 18.2 18.2 18.2 18.2 18.2 18.2 18.2 18.2 18.2 18.2 18.2 18.2 18.2 18.2 18.2 18.2 18.2 18.2 18.13 18.05 17.98 17.91 17.84 17.76 17.76 17.76 17.63 17.5 17.37 17.24 17.11 16.97 16.97 16.97 16.84 16.71 16.58 16.45 16.32 16.19 16.19 16.19 16.04 15.9 15.75 15.6 15.46 15.31 15.31 15.31 15.18 15.05 14.92 14.79 14.66 14.52 14.52 14.52 14.39 14.26 14.13 14.0 13.87 13.74 13.74 13.74 13.59 13.45 13.3 13.15 13.01 12.86 12.86 12.86 12.73 12.6 12.47 12.34 12.21 12.08 12.08 12.08 11.94 11.81 11.68 11.55 11.42 11.29 11.29 11.29 11.14 11.0 10.85 10.7 10.56 10.41 10.41 10.41 10.28 10.15 10.02 9.89 9.76 9.63 9.63 9.63 9.49 9.36 9.23 9.1 8.97 8.84 8.84 8.84 8.76 8.69 8.62 8.55 8.47 8.4 8.4 8.4 8.4 8.4 8.4 8.4 8.4 8.4 8.4 8.4 8.4 8.4 8.4 8.4 8.4 8.4 8.4 8.4 8.4 8.4 8.4 8.4 8.4 8.4 8.4 8.4 8.4 8.4 8.4 8.4 8.4 8.4 8.4 8.4 8.4 8.4 8.4 8.4 8.4 8.4 8.4 8.4 8.4 8.4 8.4 8.4 8.4 8.4 8.4 8.4 8.4 8.4 8.4 8.4 8.4 8.4 8.4 8.4 8.4 8.4 8.4 8.4 8.4 8.4 8.4 8.4 8.4 8.4 8.4 8.4 8.4 8.4 8.4 8.4 8.5 8.6 8.71 8.81 8.91 9.01 9.01 9.01 9.03 9.04 9.06 9.07 9.09 9.1 9.1 9.1 9.14 9.19 9.23 9.27 9.32 9.36 9.36 9.36 9.44 9.51 9.58 9.65 9.73 9.8 9.8 9.8 9.8 9.8 9.8 9.8 9.8 9.8 9.8 9.8 9.92 10.03 10.15 10.27 10.38 10.5 10.5 10.5 10.5 10.5 10.5 10.5 10.5 10.5 10.5 10.5 10.57 10.65 10.72 10.79 10.86 10.94 10.94 10.94 10.98 11.03 11.07 11.11 11.16 11.2 11.2 11.2 11.21 11.23 11.24 11.26 11.27 11.29 11.29 11.29 11.39 11.49 11.59 11.7 11.8 11.9 11.9 11.9 11.9 11.9 11.9 11.9 11.9 11.9 11.9 11.9 11.9 11.9 11.9 11.9 11.9 11.9 11.9 11.9 11.9 11.9 11.9 11.9 11.9 11.9 11.9 11.9 11.9 11.9 11.9
5155584765.0
776879460.0
0.00479
0.00479
agregarAgente --DemandaFija
636.28 614.9 593.53 593.53 593.53 631.88 670.23 708.58 746.93 785.28 823.63 823.63 823.63 845.09 866.55 888.01 909.48 930.94 952.4 952.4 952.4 867.64 782.88 698.11 613.35 528.59 443.83 443.83 443.83 470.29 496.75 523.21 549.68 576.14 602.6 602.6 602.6 643.08 683.55 724.03 764.5 804.98 845.45 845.45 845.45 797.61 749.78 701.94 654.1 606.26 558.43 558.43 558.43 587.63 616.83 646.03 675.23 704.43 733.63 733.63 733.63 791.41 849.2 906.99 964.78 1022.56 1080.35 1080.35 1080.35 995.99 911.63 827.26 742.9 658.54 574.18 574.18 574.18 598.1 622.03 645.95 669.88 693.8 717.73 717.73 717.73 749.25 780.78 812.3 843.83 875.35 906.88 906.88 906.88 845.71 784.55 723.39 662.23 601.06 539.9 539.9 539.9 554.41 568.93 583.44 597.95 612.46 626.98 626.98 626.98 666.15 705.33 744.5 783.68 822.85 862.03 862.03 862.03 803.13 744.23 685.33 626.43 567.53 508.63 508.63 508.63 510.88 513.13 515.38 517.63 519.88 522.13 522.13 522.13 568.5 614.88 661.25 707.63 754.0 800.38 800.38 800.38 748.15 695.93 643.7 591.48 539.25 487.03 487.03 487.03 493.78 500.53 507.28 514.03 520.78 527.53 527.53 527.53 578.61 629.7 680.79 731.88 782.96 834.05 834.05 834.05 744.15 654.25 564.35 474.45 384.55 294.65 294.65 294.65 256.43 218.2 179.98 141.75 103.53 65.3 65.3 65.3 64.31 63.33 62.34 61.35 60.36 59.38 59.38 59.38 77.56 95.75 113.94 132.13 150.31 168.5 168.5 168.5 211.16 253.83 296.49 339.15 381.81 424.48 424.48 424.48 368.76 313.05 257.34 201.63 145.91 90.2 90.2 90.2 110.79 131.38 151.96 172.55 193.14 213.73 213.73 213.73 188.33 162.93 137.53 112.13 86.73 61.33 61.33 61.33 62.41 63.5 64.59 65.68 66.76 67.85 67.85 67.85 77.86 87.88 97.89 107.9 117.91 127.93 127.93 127.93 116.5 105.08 93.65 82.23 70.8 59.38 59.38 59.38 59.38 59.38 59.38 59.38 59.38 59.38 59.38 59.38 77.66 95.95 114.24 132.53 150.81 169.1 169.1 169.1 214.5 259.9 305.3 350.7 396.1 441.5 441.5 441.5 423.15 404.8 386.45 368.1 349.75 331.4 331.4 331.4 294.58 257.75 220.93 184.1 147.28 110.45 110.45 110.45 101.94 93.43 84.91 76.4 67.89 59.38 59.38 59.38 88.86 118.35 147.84 177.33 206.81 236.3 236.3 236.3 210.44 184.58 158.71 132.85 106.99 81.13 81.13 81.13 114.38 147.63 180.88 214.13 247.38 280.63 280.63 280.63 291.75 302.88 314.0 325.13 336.25 347.38 347.38 347.38 309.2 271.03 232.85 194.68 156.5 118.33 118.33 118.33 246.54 374.75 502.96 631.18 759.39 887.6 887.6 887.6 794.63 701.65 608.68 515.7 422.73 329.75 329.75 329.75 287.98 246.2 204.43
crearDespacho --fija
1600.0
configurarSolver --Gurobi
resolver --noConstante ejecuciones/bancos/recombinados/v1/directo/simple/v1_simple_000044.csv
finalizar
