inicializar --t 360
agregarAgente --RioNegro
343.0 340.88 338.76 338.76 338.76 336.58 334.4 332.22 330.04 327.86 325.68 325.68 325.68 323.54 321.4 319.26 317.12 314.98 312.84 312.84 312.84 310.7 308.56 306.42 304.28 302.14 300.0 300.0 300.0 297.84 295.68 293.52 291.36 289.2 287.04 287.04 287.04 284.88 282.72 280.56 278.4 276.24 274.08 274.08 274.08 272.88 271.68 270.48 269.28 268.08 266.88 266.88 266.88 266.88 266.88 266.88 266.88 266.88 266.88 266.88 266.88 266.88 266.88 266.88 266.88 266.88 266.88 266.88 266.88 266.88 266.88 266.88 266.88 266.88 266.88 266.88 266.88 266.88 266.88 266.88 266.88 266.88 266.88 266.88 266.88 266.88 266.88 266.88 266.88 266.88 266.88 266.88 266.88 266.88 266.88 266.88 266.88 266.88 266.88 266.88 266.88 266.88 266.88 266.88 266.88 266.88 266.88 266.88 266.88 266.88 266.88 266.88 266.88 266.88 266.88 266.88 266.88 264.82 262.76 260.7 258.64 256.58 254.52 254.52 254.52 250.84 247.16 243.48 239.8 236.12 232.44 232.44 232.44 228.78 225.12 221.46 217.8 214.14 210.48 210.48 210.48 206.8 203.12 199.44 195.76 192.08 188.4 188.4 188.4 184.74 181.08 177.42 173.76 170.1 166.44 166.44 166.44 162.76 159.08 155.4 151.72 148.04 144.36 144.36 144.36 140.72 137.08 133.44 129.8 126.16 122.52 122.52 122.52 118.84 115.16 111.48 107.8 104.12 100.44 100.44 100.44 96.78 93.12 89.46 85.8 82.14 78.48 78.48 78.48 74.8 71.12 67.44 63.76 60.08 56.4 56.4 56.4 52.74 49.08 45.42 41.76 38.1 34.44 34.44 34.44 30.76 27.08 23.4 19.72 16.04 12.36 12.36 12.36 10.3 8.24 6.18 4.12 2.06 0 0 0 0 0 0 0 0 0 0 0 0 0 0 0 0 0 0 0 0 0 0 0 0 0 0 0 0 0 0 0 0 0 0 0 0 0 0 0 0 0 0 0 0 0 0 0 0 0 0 0 0 0 0 0 0 0 0 0 0 0 0 0 0 0 0 0 1.72 3.44 5.16 6.88 8.6 10.32 10.32 10.32 13.44 16.56 19.68 22.8 25.92 29.04 29.04 29.04 32.1 35.16 38.22 41.28 44.34 47.4 47.4 47.4 50.5 53.6 56.7 59.8 62.9 66.0 66.0 66.0 69.08 72.16 75.24 78.32 81.4 84.48 84.48 84.48 87.58 90.68 93.78 96.88 99.98 103.08 103.08 103.08 106.16 109.24 112.32 115.4 118.48 121.56 121.56 121.56 124.66 127.76 130.86 133.96 137.06 140.16 140.16 140.16 143.24 146.32 149.4 152.48 155.56 158.64 158.64 158.64 161.74 164.84 167.94
32.31 32.88 33.44 33.44 33.44 33.96 34.48 35.0 35.52 36.04 36.56 36.56 36.56 37.13 37.69 38.25 38.81 39.38 39.94 39.94 39.94 40.47 41.0 41.53 42.06 42.59 43.13 43.13 43.13 43.68 44.23 44.78 45.33 45.89 46.44 46.44 46.44 46.97 47.5 48.03 48.56 49.09 49.63 49.63 49.63 49.94 50.25 50.56 50.88 51.19 51.5 51.5 51.5 51.5 51.5 51.5 51.5 51.5 51.5 51.5 51.5 51.5 51.5 51.5 51.5 51.5 51.5 51.5 51.5 51.5 51.5 51.5 51.5 51.5 51.5 51.5 51.5 51.5 51.5 51.5 51.5 51.5 51.5 51.5 51.5 51.5 51.5 51.5 51.5 51.5 51.5 51.5 51.5 51.5 51.5 51.5 51.5 51.5 51.5 51.5 51.5 51.5 51.5 51.5 51.5 51.5 51.5 51.5 51.5 51.5 51.5 51.5 51.5 51.5 51.5 51.5 51.5 51.13 50.75 50.38 50.0 49.63 49.25 49.25 49.25 48.5 47.75 47.0 46.25 45.5 44.75 44.75 44.75 44.08 43.42 42.75 42.08 41.42 40.75 40.75 40.75 40.0 39.25 38.5 37.75 37.0 36.25 36.25 36.25 35.58 34.92 34.25 33.58 32.92 32.25 32.25 32.25 31.5 30.75 30.0 29.25 28.5 27.75 27.75 27.75 27.08 26.42 25.75 25.08 24.42 23.75 23.75 23.75 23.0 22.25 21.5 20.75 20.0 19.25 19.25 19.25 18.58 17.92 17.25 16.58 15.92 15.25 15.25 15.25 14.5 13.75 13.0 12.25 11.5 10.75 10.75 10.75 10.08 9.42 8.75 8.08 7.42 6.75 6.75 6.75 6.0 5.25 4.5 3.75 3.0 2.25 2.25 2.25 1.88 1.5 1.13 0.75 0.38 0 0 0 0 0 0 0 0 0 0 0 0 0 0 0 0 0 0 0 0 0 0 0 0 0 0 0 0 0 0 0 0 0 0 0 0 0 0 0 0 0 0 0 0 0 0 0 0 0 0 0 0 0 0 0 0 0 0 0 0 0 0 0 0 0 0 0 0.14 0.27 0.41 0.54 0.68 0.81 0.81 0.81 1.05 1.29 1.53 1.77 2.01 2.25 2.25 2.25 2.49 2.73 2.97 3.21 3.45 3.69 3.69 3.69 3.93 4.17 4.41 4.65 4.89 5.13 5.13 5.13 5.36 5.6 5.84 6.08 6.32 6.56 6.56 6.56 6.81 7.06 7.31 7.56 7.81 8.06 8.06 8.06 8.29 8.52 8.75 8.98 9.21 9.44 9.44 9.44 9.69 9.94 10.19 10.44 10.69 10.94 10.94 10.94 11.18 11.42 11.66 11.9 12.14 12.38 12.38 12.38 12.61 12.85 13.09
29.29 28.49 27.68 27.68 27.68 26.85 26.02 25.2 24.37 23.54 22.71 22.71 22.71 21.86 21.01 20.16 19.31 18.45 17.6 17.6 17.6 16.8 15.99 15.18 14.38 13.57 12.77 12.77 12.77 11.94 11.11 10.28 9.45 8.62 7.79 7.79 7.79 6.97 6.14 5.31 4.48 3.65 2.82 2.82 2.82 2.35 1.88 1.41 0.94 0.47 0 0 0 0 0 0 0 0 0 0 0 0 0 0 0 0 0 0 0 0 0 0 0 0 0 0 0 0 0 0 0 0 0 0 0 0 0 0 0 0 0 0 0 0 0 0 0 0 0 0 0 0 0 0 0 0 0 0 0 0 0 0 0 0 0 0 0 0.54 1.08 1.61 2.15 2.69 3.22 3.22 3.22 4.12 5.02 5.91 6.81 7.7 8.6 8.6 8.6 9.56 10.53 11.49 12.45 13.42 14.38 14.38 14.38 15.3 16.21 17.13 18.05 18.97 19.89 19.89 19.89 20.81 21.72 22.64 23.56 24.48 25.4 25.4 25.4 26.36 27.32 28.29 29.25 30.21 31.17 31.17 31.17 32.07 32.97 33.86 34.76 35.65 36.55 36.55 36.55 37.51 38.48 39.44 40.4 41.37 42.33 42.33 42.33 43.25 44.16 45.08 46.0 46.92 47.84 47.84 47.84 48.76 49.67 50.59 51.51 52.43 53.35 53.35 53.35 54.31 55.27 56.24 57.2 58.16 59.13 59.13 59.13 60.02 60.92 61.81 62.71 63.6 64.5 64.5 64.5 65.04 65.58 66.11 66.65 67.19 67.73 67.73 67.73 67.73 67.73 67.73 67.73 67.73 67.73 67.73 67.73 67.73 67.73 67.73 67.73 67.73 67.73 67.73 67.73 67.73 67.73 67.73 67.73 67.73 67.73 67.73 67.73 67.73 67.73 67.73 67.73 67.73 67.73 67.73 67.73 67.73 67.73 67.73 67.73 67.73 67.73 67.73 67.73 67.73 67.73 67.73 67.73 67.73 67.73 67.73 67.73 67.73 67.73 67.73 67.73 67.73 67.73 67.73 67.73 67.73 67.73 67.73 67.73 67.73 67.73 67.73 67.73 67.37 67.01 66.65 66.29 65.93 65.58 65.58 65.58 64.86 64.14 63.43 62.71 61.99 61.28 61.28 61.28 60.63 59.98 59.33 58.68 58.03 57.38 57.38 57.38 56.68 55.99 55.3 54.6 53.91 53.21 53.21 53.21 52.52 51.82 51.13 50.44 49.74 49.05 49.05 49.05 48.4 47.75 47.1 46.45 45.8 45.15 45.15 45.15 44.43 43.72 43.0 42.28 41.57 40.85 40.85 40.85 40.2 39.55 38.9 38.25 37.6 36.95 36.95 36.95 36.26 35.56 34.87 34.18 33.48 32.79 32.79 32.79 32.09 31.4 30.7
7337359838.0
1102935797.0
0.00633
0.00326
agregarAgente --DemandaFija
307.08 239.48 171.88 171.88 171.88 195.29 218.7 242.11 265.53 288.94 312.35 312.35 312.35 314.1 315.85 317.6 319.35 321.1 322.85 322.85 322.85 280.38 237.9 195.43 152.95 110.48 68.0 68.0 68.0 96.91 125.83 154.74 183.65 212.56 241.48 241.48 241.48 254.8 268.13 281.45 294.78 308.1 321.43 321.43 321.43 280.46 239.5 198.54 157.58 116.61 75.65 75.65 75.65 107.53 139.4 171.27 203.15 235.03 266.9 266.9 266.9 305.86 344.83 383.79 422.75 461.71 500.67 500.67 500.67 464.5 428.33 392.15 355.98 319.8 283.63 283.63 283.63 331.18 378.73 426.28 473.83 521.38 568.93 568.93 568.93 605.44 641.95 678.46 714.98 751.49 788.0 788.0 788.0 739.86 691.73 643.59 595.45 547.31 499.17 499.17 499.17 551.51 603.85 656.19 708.53 760.86 813.2 813.2 813.2 824.27 835.35 846.43 857.5 868.58 879.65 879.65 879.65 838.16 796.68 755.19 713.7 672.21 630.73 630.73 630.73 658.08 685.43 712.78 740.13 767.48 794.83 794.83 794.83 820.36 845.9 871.44 896.97 922.51 948.05 948.05 948.05 890.41 832.78 775.14 717.5 659.86 602.23 602.23 602.23 602.94 603.65 604.36 605.08 605.79 606.5 606.5 606.5 583.83 561.15 538.47 515.8 493.13 470.45 470.45 470.45 413.26 356.08 298.89 241.7 184.51 127.33 127.33 127.33 160.59 193.85 227.11 260.38 293.64 326.9 326.9 326.9 352.78 378.65 404.53 430.4 456.28 482.15 482.15 482.15 448.7 415.25 381.8 348.35 314.9 281.45 281.45 281.45 321.11 360.78 400.44 440.1 479.76 519.43 519.43 519.43 518.44 517.45 516.46 515.48 514.49 513.5 513.5 513.5 462.6 411.7 360.8 309.9 259.0 208.1 208.1 208.1 278.63 349.15 419.67 490.2 560.73 631.25 631.25 631.25 602.76 574.28 545.79 517.3 488.81 460.33 460.33 460.33 416.43 372.53 328.63 284.73 240.83 196.93 196.93 196.93 255.83 314.73 373.63 432.53 491.43 550.33 550.33 550.33 598.3 646.28 694.25 742.23 790.2 838.18 838.18 838.18 760.19 682.2 604.21 526.23 448.24 370.25 370.25 370.25 388.58 406.9 425.23 443.55 461.88 480.2 480.2 480.2 519.34 558.48 597.61 636.75 675.89 715.03 715.03 715.03 682.55 650.08 617.6 585.13 552.65 520.18 520.18 520.18 532.74 545.3 557.86 570.43 582.99 595.55 595.55 595.55 546.56 497.58 448.59 399.6 350.61 301.63 301.63 301.63 262.26 222.9 183.54 144.18 104.81 65.45 65.45 65.45 108.64 151.83 195.01 238.2 281.39 324.58 324.58 324.58 378.13 431.68 485.22 538.78 592.33 645.88 645.88 645.88 615.88 585.88 555.88 525.88 495.88 465.88 465.88 465.88 516.13 566.38 616.63 666.88 717.13 767.38 767.38 767.38 786.81 806.25 825.69 845.13 864.56 884.0 884.0 884.0 814.16 744.33 674.49
crearDespacho --fija
3200.0
configurarSolver --Gurobi
resolver --noConstante ejecuciones/bancos/recombinados/v1/directo/simple/v1_simple_000255.csv
finalizar
