inicializar --t 360
agregarAgente --RioNegro
16.37 17.23 18.1 18.1 18.1 18.95 19.8 20.65 21.5 22.35 23.2 23.2 23.2 24.05 24.9 25.75 26.6 27.45 28.3 28.3 28.3 29.13 29.97 30.8 31.63 32.47 33.3 33.3 33.3 34.15 35.0 35.85 36.7 37.55 38.4 38.4 38.4 39.25 40.1 40.95 41.8 42.65 43.5 43.5 43.5 44.37 45.23 46.1 46.97 47.83 48.7 48.7 48.7 49.52 50.33 51.15 51.97 52.78 53.6 53.6 53.6 54.45 55.3 56.15 57.0 57.85 58.7 58.7 58.7 59.18 59.67 60.15 60.63 61.12 61.6 61.6 61.6 61.6 61.6 61.6 61.6 61.6 61.6 61.6 61.6 61.6 61.6 61.6 61.6 61.6 61.6 61.6 61.6 61.6 61.6 61.6 61.6 61.6 61.6 61.6 61.6 61.6 61.6 61.6 61.6 61.6 61.6 61.6 61.6 61.6 61.6 61.6 61.6 61.6 61.6 61.6 61.6 61.6 61.6 61.6 61.6 61.6 61.6 61.6 61.6 61.6 61.6 61.6 61.6 61.6 61.6 61.6 61.6 61.6 61.6 61.6 61.6 61.6 61.6 61.6 61.6 61.52 61.43 61.35 61.27 61.18 61.1 61.1 61.1 60.93 60.77 60.6 60.43 60.27 60.1 60.1 60.1 59.92 59.73 59.55 59.37 59.18 59.0 59.0 59.0 58.85 58.7 58.55 58.4 58.25 58.1 58.1 58.1 57.93 57.77 57.6 57.43 57.27 57.1 57.1 57.1 56.95 56.8 56.65 56.5 56.35 56.2 56.2 56.2 56.0 55.8 55.6 55.4 55.2 55.0 55.0 55.0 54.85 54.7 54.55 54.4 54.25 54.1 54.1 54.1 53.93 53.77 53.6 53.43 53.27 53.1 53.1 53.1 52.95 52.8 52.65 52.5 52.35 52.2 52.2 52.2 52.02 51.83 51.65 51.47 51.28 51.1 51.1 51.1 50.93 50.77 50.6 50.43 50.27 50.1 50.1 50.1 50.02 49.93 49.85 49.77 49.68 49.6 49.6 49.6 49.6 49.6 49.6 49.6 49.6 49.6 49.6 49.6 49.6 49.6 49.6 49.6 49.6 49.6 49.6 49.6 49.6 49.6 49.6 49.6 49.6 49.6 49.6 49.6 49.6 49.6 49.6 49.6 49.6 49.6 49.6 49.6 49.6 49.6 49.6 49.6 49.6 49.6 49.6 49.6 49.6 49.6 49.6 49.6 49.6 49.6 49.6 49.6 49.6 49.6 49.6 49.6 49.6 49.6 49.6 49.6 49.6 49.6 49.6 49.6 49.6 49.6 49.6 49.6 49.22 48.83 48.45 48.07 47.68 47.3 47.3 47.3 46.62 45.93 45.25 44.57 43.88 43.2 43.2 43.2 42.52 41.83 41.15 40.47 39.78 39.1 39.1 39.1 38.42 37.73 37.05 36.37 35.68 35.0 35.0 35.0 34.32 33.63 32.95 32.27 31.58 30.9 30.9 30.9 30.23 29.57 28.9 28.23 27.57 26.9 26.9 26.9 26.2 25.5 24.8
2.07 2.03 2.0 2.0 2.0 2.0 2.0 2.0 2.0 2.0 2.0 2.0 2.0 2.0 2.0 2.0 2.0 2.0 2.0 2.0 2.0 2.0 2.0 2.0 2.0 2.0 2.0 2.0 2.0 2.0 2.0 2.0 2.0 2.0 2.0 2.0 2.0 2.0 2.0 2.0 2.0 2.0 2.0 2.0 2.0 1.97 1.93 1.9 1.87 1.83 1.8 1.8 1.8 1.8 1.8 1.8 1.8 1.8 1.8 1.8 1.8 1.8 1.8 1.8 1.8 1.8 1.8 1.8 1.8 1.8 1.8 1.8 1.8 1.8 1.8 1.8 1.8 1.8 1.8 1.8 1.8 1.8 1.8 1.8 1.8 1.8 1.8 1.8 1.8 1.8 1.8 1.8 1.8 1.8 1.8 1.8 1.8 1.8 1.8 1.8 1.8 1.8 1.8 1.8 1.8 1.8 1.8 1.8 1.8 1.8 1.8 1.8 1.8 1.8 1.8 1.8 1.8 1.8 1.8 1.8 1.8 1.8 1.8 1.8 1.8 1.8 1.8 1.8 1.8 1.8 1.8 1.8 1.8 1.8 1.8 1.8 1.8 1.8 1.8 1.8 1.8 1.8 1.8 1.8 1.8 1.8 1.8 1.8 1.8 1.77 1.74 1.71 1.68 1.65 1.63 1.63 1.63 1.62 1.62 1.61 1.61 1.6 1.6 1.6 1.6 1.59 1.58 1.56 1.55 1.54 1.53 1.53 1.53 1.5 1.48 1.46 1.44 1.42 1.4 1.4 1.4 1.4 1.4 1.4 1.4 1.4 1.4 1.4 1.4 1.37 1.33 1.3 1.27 1.23 1.2 1.2 1.2 1.2 1.2 1.2 1.2 1.2 1.2 1.2 1.2 1.18 1.16 1.14 1.12 1.1 1.08 1.08 1.08 1.06 1.05 1.04 1.03 1.01 1.0 1.0 1.0 1.0 0.99 0.99 0.98 0.98 0.98 0.98 0.98 0.95 0.92 0.89 0.86 0.83 0.8 0.8 0.8 0.8 0.8 0.8 0.8 0.8 0.8 0.8 0.8 0.8 0.8 0.8 0.8 0.8 0.8 0.8 0.8 0.8 0.8 0.8 0.8 0.8 0.8 0.8 0.8 0.8 0.8 0.8 0.8 0.8 0.8 0.8 0.8 0.8 0.8 0.8 0.8 0.8 0.8 0.8 0.8 0.8 0.8 0.8 0.8 0.8 0.8 0.8 0.8 0.8 0.8 0.8 0.8 0.8 0.8 0.8 0.8 0.8 0.8 0.8 0.8 0.8 0.8 0.8 0.8 0.8 0.8 0.8 0.8 0.8 0.8 0.8 0.8 0.8 0.8 0.8 0.8 0.8 0.8 0.8 0.8 0.8 0.8 0.8 0.8 0.8 0.8 0.8 0.8 0.77 0.73 0.7 0.67 0.63 0.6 0.6 0.6 0.6 0.6 0.6 0.6 0.6 0.6 0.6 0.6 0.6 0.6 0.6 0.6 0.6 0.6 0.6 0.6 0.6 0.6 0.6 0.6 0.6 0.6 0.6 0.6 0.57 0.53 0.5
16.8 16.8 16.8 16.8 16.8 16.8 16.8 16.8 16.8 16.8 16.8 16.8 16.8 16.8 16.8 16.8 16.8 16.8 16.8 16.8 16.8 16.68 16.57 16.45 16.33 16.22 16.1 16.1 16.1 16.1 16.1 16.1 16.1 16.1 16.1 16.1 16.1 16.1 16.1 16.1 16.1 16.1 16.1 16.1 16.1 16.1 16.1 16.1 16.1 16.1 16.1 16.1 16.1 15.98 15.87 15.75 15.63 15.52 15.4 15.4 15.4 15.4 15.4 15.4 15.4 15.4 15.4 15.4 15.4 15.4 15.4 15.4 15.4 15.4 15.4 15.4 15.4 15.4 15.4 15.4 15.4 15.4 15.4 15.4 15.4 15.4 15.4 15.4 15.4 15.4 15.4 15.4 15.4 15.4 15.4 15.4 15.4 15.4 15.4 15.4 15.4 15.4 15.4 15.4 15.4 15.4 15.4 15.4 15.4 15.4 15.4 15.4 15.4 15.4 15.4 15.4 15.4 15.4 15.4 15.4 15.4 15.4 15.4 15.4 15.4 15.4 15.4 15.4 15.4 15.4 15.4 15.4 15.4 15.4 15.4 15.4 15.4 15.4 15.4 15.4 15.4 15.4 15.4 15.4 15.4 15.4 15.4 15.4 15.4 15.46 15.52 15.58 15.63 15.69 15.75 15.75 15.75 15.81 15.87 15.92 15.98 16.04 16.1 16.1 16.1 16.1 16.1 16.1 16.1 16.1 16.1 16.1 16.1 16.16 16.22 16.28 16.33 16.39 16.45 16.45 16.45 16.51 16.57 16.63 16.68 16.74 16.8 16.8 16.8 16.8 16.8 16.8 16.8 16.8 16.8 16.8 16.8 16.86 16.92 16.97 17.03 17.09 17.15 17.15 17.15 17.21 17.27 17.33 17.38 17.44 17.5 17.5 17.5 17.5 17.5 17.5 17.5 17.5 17.5 17.5 17.5 17.56 17.62 17.67 17.73 17.79 17.85 17.85 17.85 17.91 17.97 18.03 18.08 18.14 18.2 18.2 18.2 18.2 18.2 18.2 18.2 18.2 18.2 18.2 18.2 18.2 18.2 18.2 18.2 18.2 18.2 18.2 18.2 18.2 18.2 18.2 18.2 18.2 18.2 18.2 18.2 18.2 18.2 18.2 18.2 18.2 18.2 18.2 18.2 18.2 18.2 18.2 18.2 18.2 18.2 18.2 18.2 18.2 18.2 18.2 18.2 18.2 18.2 18.2 18.2 18.2 18.2 18.2 18.2 18.2 18.2 18.2 18.2 18.2 18.2 18.2 18.2 18.2 18.2 18.2 18.2 18.2 18.2 18.2 18.2 18.2 18.2 18.2 18.2 18.08 17.97 17.85 17.73 17.62 17.5 17.5 17.5 17.27 17.03 16.8 16.57 16.33 16.1 16.1 16.1 15.88 15.66 15.44 15.23 15.01 14.79 14.79 14.79 14.57 14.35 14.13 13.91 13.69 13.48 13.48 13.48 13.26 13.04 12.82 12.6 12.38 12.16 12.16 12.16 11.94 11.73 11.51 11.29 11.07 10.85 10.85 10.85 10.62 10.38 10.15
4150177636.0
1222573692.0
0.00479
0.00479
agregarAgente --DemandaFija
235.07 221.66 208.25 208.25 208.25 225.05 241.85 258.65 275.45 292.25 309.05 309.05 309.05 296.85 284.65 272.45 260.25 248.05 235.85 235.85 235.85 200.04 164.23 128.43 92.62 56.81 21.0 21.0 21.0 55.07 89.13 123.2 157.27 191.33 225.4 225.4 225.4 223.64 221.88 220.13 218.37 216.61 214.85 214.85 214.85 187.76 160.67 133.58 106.48 79.39 52.3 52.3 52.3 101.62 150.93 200.25 249.57 298.88 348.2 348.2 348.2 347.93 347.67 347.4 347.13 346.87 346.6 346.6 346.6 322.17 297.73 273.3 248.87 224.43 200.0 200.0 200.0 198.42 196.85 195.28 193.7 192.13 190.55 190.55 190.55 179.39 168.23 157.08 145.92 134.76 123.6 123.6 123.6 121.15 118.7 116.25 113.8 111.35 108.9 108.9 108.9 131.08 153.25 175.43 197.6 219.78 241.95 241.95 241.95 252.82 263.68 274.55 285.42 296.28 307.15 307.15 307.15 274.88 242.6 210.33 178.05 145.78 113.5 113.5 113.5 128.92 144.33 159.75 175.17 190.58 206.0 206.0 206.0 198.24 190.48 182.73 174.97 167.21 159.45 159.45 159.45 142.3 125.15 108.0 90.85 73.7 56.55 56.55 56.55 94.07 131.58 169.1 206.62 244.13 281.65 281.65 281.65 299.02 316.38 333.75 351.12 368.48 385.85 385.85 385.85 362.97 340.1 317.23 294.35 271.47 248.6 248.6 248.6 248.9 249.2 249.5 249.8 250.1 250.4 250.4 250.4 233.72 217.03 200.35 183.67 166.98 150.3 150.3 150.3 140.09 129.88 119.68 109.47 99.26 89.05 89.05 89.05 134.92 180.78 226.65 272.52 318.38 364.25 364.25 364.25 359.7 355.15 350.6 346.05 341.5 336.95 336.95 336.95 333.8 330.65 327.5 324.35 321.2 318.05 318.05 318.05 307.61 297.17 286.73 276.28 265.84 255.4 255.4 255.4 236.88 218.35 199.83 181.3 162.78 144.25 144.25 144.25 140.24 136.23 132.23 128.22 124.21 120.2 120.2 120.2 132.6 145.0 157.4 169.8 182.2 194.6 194.6 194.6 183.23 171.87 160.5 149.13 137.77 126.4 126.4 126.4 107.55 88.7 69.85 51.0 32.15 13.3 13.3 13.3 26.03 38.75 51.48 64.2 76.93 89.65 89.65 89.65 103.65 117.65 131.65 145.65 159.65 173.65 173.65 173.65 154.36 135.07 115.78 96.48 77.19 57.9 57.9 57.9 103.27 148.63 194.0 239.37 284.73 330.1 330.1 330.1 325.07 320.03 315.0 309.97 304.93 299.9 299.9 299.9 267.36 234.82 202.28 169.73 137.19 104.65 104.65 104.65 125.79 146.93 168.08 189.22 210.36 231.5 231.5 231.5 228.0 224.5 221.0 217.5 214.0 210.5 210.5 210.5 202.25 194.0 185.75 177.5 169.25 161.0 161.0 161.0 181.91 202.82 223.73 244.63 265.54 286.45 286.45 286.45 275.42 264.38 253.35 242.32 231.28 220.25 220.25 220.25 200.39 180.53 160.68
crearDespacho --fija
1600.0
configurarSolver --Gurobi
resolver --noConstante ejecuciones/bancos/recombinados/v1/directo/simple/v1_simple_000458.csv
finalizar
