inicializar --t 360
agregarAgente --RioNegro
885.92 882.58 879.24 879.24 879.24 875.92 872.6 869.28 865.96 862.64 859.32 859.32 859.32 855.98 852.64 849.3 845.96 842.62 839.28 839.28 839.28 836.0 832.72 829.44 826.16 822.88 819.6 819.6 819.6 816.26 812.92 809.58 806.24 802.9 799.56 799.56 799.56 796.24 792.92 789.6 786.28 782.96 779.64 779.64 779.64 776.3 772.96 769.62 766.28 762.94 759.6 759.6 759.6 756.28 752.96 749.64 746.32 743.0 739.68 739.68 739.68 736.36 733.04 729.72 726.4 723.08 719.76 719.76 719.76 717.88 716.0 714.12 712.24 710.36 708.48 708.48 708.48 708.48 708.48 708.48 708.48 708.48 708.48 708.48 708.48 708.48 708.48 708.48 708.48 708.48 708.48 708.48 708.48 708.48 708.48 708.48 708.48 708.48 708.48 708.48 708.48 708.48 708.48 708.48 708.48 708.48 708.48 708.48 708.48 708.48 708.48 708.48 708.48 708.48 708.48 708.48 708.48 708.48 708.48 708.48 708.48 708.48 708.48 708.48 708.48 708.48 708.48 708.48 708.48 708.48 708.48 708.48 708.48 708.48 708.48 708.48 708.48 708.48 708.48 708.48 708.48 706.32 704.16 702.0 699.84 697.68 695.52 695.52 695.52 691.52 687.52 683.52 679.52 675.52 671.52 671.52 671.52 667.68 663.84 660.0 656.16 652.32 648.48 648.48 648.48 644.48 640.48 636.48 632.48 628.48 624.48 624.48 624.48 620.64 616.8 612.96 609.12 605.28 601.44 601.44 601.44 597.44 593.44 589.44 585.44 581.44 577.44 577.44 577.44 573.6 569.76 565.92 562.08 558.24 554.4 554.4 554.4 550.4 546.4 542.4 538.4 534.4 530.4 530.4 530.4 526.56 522.72 518.88 515.04 511.2 507.36 507.36 507.36 503.36 499.36 495.36 491.36 487.36 483.36 483.36 483.36 479.52 475.68 471.84 468.0 464.16 460.32 460.32 460.32 456.32 452.32 448.32 444.32 440.32 436.32 436.32 436.32 434.16 432.0 429.84 427.68 425.52 423.36 423.36 423.36 423.36 423.36 423.36 423.36 423.36 423.36 423.36 423.36 423.36 423.36 423.36 423.36 423.36 423.36 423.36 423.36 423.36 423.36 423.36 423.36 423.36 423.36 423.36 423.36 423.36 423.36 423.36 423.36 423.36 423.36 423.36 423.36 423.36 423.36 423.36 423.36 423.36 423.36 423.36 423.36 423.36 423.36 423.36 423.36 423.36 423.36 423.36 423.36 423.36 423.36 423.36 423.36 423.36 423.36 423.36 423.36 423.36 423.36 423.36 423.36 423.36 423.36 423.36 423.36 422.16 420.96 419.76 418.56 417.36 416.16 416.16 416.16 414.0 411.84 409.68 407.52 405.36 403.2 403.2 403.2 401.04 398.88 396.72 394.56 392.4 390.24 390.24 390.24 388.1 385.96 383.82 381.68 379.54 377.4 377.4 377.4 375.26 373.12 370.98 368.84 366.7 364.56 364.56 364.56 362.38 360.2 358.02 355.84 353.66 351.48 351.48 351.48 349.36 347.24 345.12
38.4 38.29 38.19 38.19 38.19 38.07 37.96 37.84 37.73 37.61 37.5 37.5 37.5 37.39 37.27 37.16 37.04 36.93 36.81 36.81 36.81 36.71 36.6 36.5 36.4 36.29 36.19 36.19 36.19 36.07 35.96 35.84 35.73 35.61 35.5 35.5 35.5 35.39 35.27 35.16 35.04 34.93 34.81 34.81 34.81 34.71 34.6 34.5 34.4 34.29 34.19 34.19 34.19 34.07 33.96 33.84 33.73 33.61 33.5 33.5 33.5 33.39 33.27 33.16 33.04 32.93 32.81 32.81 32.81 32.76 32.71 32.66 32.6 32.55 32.5 32.5 32.5 32.5 32.5 32.5 32.5 32.5 32.5 32.5 32.5 32.5 32.5 32.5 32.5 32.5 32.5 32.5 32.5 32.5 32.5 32.5 32.5 32.5 32.5 32.5 32.5 32.5 32.5 32.5 32.5 32.5 32.5 32.5 32.5 32.5 32.5 32.5 32.5 32.5 32.5 32.5 32.5 32.5 32.5 32.5 32.5 32.5 32.5 32.5 32.5 32.5 32.5 32.5 32.5 32.5 32.5 32.5 32.5 32.5 32.5 32.5 32.5 32.5 32.5 32.5 32.5 32.34 32.19 32.03 31.88 31.72 31.56 31.56 31.56 31.28 31.0 30.72 30.44 30.16 29.88 29.88 29.88 29.59 29.31 29.03 28.75 28.47 28.19 28.19 28.19 27.9 27.6 27.31 27.02 26.73 26.44 26.44 26.44 26.17 25.9 25.63 25.35 25.08 24.81 24.81 24.81 24.53 24.25 23.97 23.69 23.41 23.13 23.13 23.13 22.83 22.54 22.25 21.96 21.67 21.38 21.38 21.38 21.09 20.81 20.53 20.25 19.97 19.69 19.69 19.69 19.42 19.15 18.88 18.6 18.33 18.06 18.06 18.06 17.77 17.48 17.19 16.9 16.6 16.31 16.31 16.31 16.03 15.75 15.47 15.19 14.91 14.63 14.63 14.63 14.34 14.06 13.78 13.5 13.22 12.94 12.94 12.94 12.78 12.63 12.47 12.31 12.16 12.0 12.0 12.0 12.0 12.0 12.0 12.0 12.0 12.0 12.0 12.0 12.0 12.0 12.0 12.0 12.0 12.0 12.0 12.0 12.0 12.0 12.0 12.0 12.0 12.0 12.0 12.0 12.0 12.0 12.0 12.0 12.0 12.0 12.0 12.0 12.0 12.0 12.0 12.0 12.0 12.0 12.0 12.0 12.0 12.0 12.0 12.0 12.0 12.0 12.0 12.0 12.0 12.0 12.0 12.0 12.0 12.0 12.0 12.0 12.0 12.0 12.0 12.0 12.0 12.0 12.0 12.0 12.31 12.63 12.94 13.25 13.56 13.88 13.88 13.88 14.41 14.94 15.47 16.0 16.53 17.06 17.06 17.06 17.61 18.17 18.72 19.27 19.82 20.38 20.38 20.38 20.91 21.44 21.97 22.5 23.03 23.56 23.56 23.56 24.13 24.69 25.25 25.81 26.38 26.94 26.94 26.94 27.46 27.98 28.5 29.02 29.54 30.06 30.06 30.06 30.63 31.19 31.75
408.68 407.04 405.41 405.41 405.41 403.75 402.09 400.44 398.78 397.12 395.47 395.47 395.47 393.83 392.2 390.56 388.93 387.29 385.66 385.66 385.66 383.95 382.25 380.55 378.85 377.15 375.44 375.44 375.44 373.81 372.17 370.54 368.9 367.27 365.63 365.63 365.63 363.98 362.32 360.66 359.01 357.35 355.69 355.69 355.69 354.06 352.42 350.79 349.15 347.52 345.88 345.88 345.88 344.2 342.52 340.84 339.16 337.48 335.8 335.8 335.8 334.15 332.49 330.83 329.17 327.52 325.86 325.86 325.86 324.94 324.02 323.1 322.19 321.27 320.35 320.35 320.35 320.35 320.35 320.35 320.35 320.35 320.35 320.35 320.35 320.35 320.35 320.35 320.35 320.35 320.35 320.35 320.35 320.35 320.35 320.35 320.35 320.35 320.35 320.35 320.35 320.35 320.35 320.35 320.35 320.35 320.35 320.35 320.35 320.35 320.35 320.35 320.35 320.35 320.35 320.35 320.35 320.35 320.35 320.35 320.35 320.35 320.35 320.35 320.35 320.35 320.35 320.35 320.35 320.35 320.35 320.35 320.35 320.35 320.35 320.35 320.35 320.35 320.35 320.35 320.35 318.38 316.41 314.44 312.47 310.5 308.53 308.53 308.53 304.94 301.36 297.78 294.19 290.61 287.03 287.03 287.03 283.44 279.86 276.28 272.69 269.11 265.53 265.53 265.53 261.94 258.36 254.77 251.19 247.61 244.02 244.02 244.02 240.44 236.86 233.27 229.69 226.11 222.52 222.52 222.52 218.94 215.36 211.77 208.19 204.61 201.03 201.03 201.03 197.44 193.86 190.28 186.69 183.11 179.53 179.53 179.53 175.94 172.36 168.78 165.19 161.61 158.03 158.03 158.03 154.44 150.86 147.28 143.69 140.11 136.53 136.53 136.53 132.94 129.36 125.78 122.19 118.61 115.02 115.02 115.02 111.44 107.86 104.27 100.69 97.11 93.52 93.52 93.52 89.94 86.36 82.77 79.19 75.61 72.02 72.02 72.02 70.05 68.08 66.11 64.14 62.17 60.2 60.2 60.2 60.2 60.2 60.2 60.2 60.2 60.2 60.2 60.2 60.2 60.2 60.2 60.2 60.2 60.2 60.2 60.2 60.2 60.2 60.2 60.2 60.2 60.2 60.2 60.2 60.2 60.2 60.2 60.2 60.2 60.2 60.2 60.2 60.2 60.2 60.2 60.2 60.2 60.2 60.2 60.2 60.2 60.2 60.2 60.2 60.2 60.2 60.2 60.2 60.2 60.2 60.2 60.2 60.2 60.2 60.2 60.2 60.2 60.2 60.2 60.2 60.2 60.2 60.2 60.2 59.73 59.26 58.79 58.32 57.85 57.38 57.38 57.38 56.55 55.72 54.89 54.06 53.23 52.41 52.41 52.41 51.58 50.75 49.92 49.09 48.26 47.43 47.43 47.43 46.63 45.82 45.02 44.21 43.4 42.6 42.6 42.6 41.75 40.89 40.04 39.19 38.34 37.49 37.49 37.49 36.66 35.83 35.0 34.18 33.35 32.52 32.52 32.52 31.71 30.91 30.1
6924357316.0
1239630753.0
0.00479
0.00479
agregarAgente --DemandaFija
371.2 319.16 267.13 267.13 267.13 347.29 427.45 507.61 587.78 667.94 748.1 748.1 748.1 729.45 710.8 692.15 673.5 654.85 636.2 636.2 636.2 609.14 582.08 555.01 527.95 500.89 473.83 473.83 473.83 538.29 602.75 667.21 731.68 796.14 860.6 860.6 860.6 857.01 853.43 849.84 846.25 842.66 839.08 839.08 839.08 785.94 732.8 679.66 626.53 573.39 520.25 520.25 520.25 549.99 579.73 609.46 639.2 668.94 698.68 698.68 698.68 655.44 612.2 568.96 525.73 482.49 439.25 439.25 439.25 437.35 435.45 433.55 431.65 429.75 427.85 427.85 427.85 461.74 495.63 529.51 563.4 597.29 631.18 631.18 631.18 592.41 553.65 514.89 476.13 437.36 398.6 398.6 398.6 355.05 311.5 267.95 224.4 180.85 137.3 137.3 137.3 182.39 227.48 272.56 317.65 362.74 407.83 407.83 407.83 405.43 403.03 400.63 398.23 395.83 393.43 393.43 393.43 364.6 335.78 306.95 278.13 249.3 220.48 220.48 220.48 313.13 405.78 498.42 591.08 683.73 776.38 776.38 776.38 763.49 750.6 737.71 724.83 711.94 699.05 699.05 699.05 651.39 603.73 556.06 508.4 460.74 413.08 413.08 413.08 485.13 557.18 629.22 701.28 773.33 845.38 845.38 845.38 806.75 768.13 729.5 690.88 652.25 613.63 613.63 613.63 569.89 526.15 482.41 438.68 394.94 351.2 351.2 351.2 438.85 526.5 614.15 701.8 789.45 877.1 877.1 877.1 846.0 814.9 783.8 752.7 721.6 690.5 690.5 690.5 626.11 561.73 497.34 432.95 368.56 304.18 304.18 304.18 385.96 467.75 549.54 631.33 713.11 794.9 794.9 794.9 768.6 742.3 716.0 689.7 663.4 637.1 637.1 637.1 583.0 528.9 474.8 420.7 366.6 312.5 312.5 312.5 342.03 371.55 401.08 430.6 460.13 489.65 489.65 489.65 538.28 586.9 635.53 684.15 732.78 781.4 781.4 781.4 723.74 666.08 608.41 550.75 493.09 435.42 435.42 435.42 470.21 505.0 539.79 574.58 609.36 644.15 644.15 644.15 631.89 619.63 607.36 595.1 582.84 570.58 570.58 570.58 524.15 477.73 431.3 384.88 338.45 292.03 292.03 292.03 278.71 265.4 252.09 238.78 225.46 212.15 212.15 212.15 202.51 192.88 183.24 173.6 163.96 154.33 154.33 154.33 155.66 157.0 158.34 159.68 161.01 162.35 162.35 162.35 200.34 238.33 276.31 314.3 352.29 390.28 390.28 390.28 427.51 464.75 501.99 539.23 576.46 613.7 613.7 613.7 579.45 545.2 510.95 476.7 442.45 408.2 408.2 408.2 441.28 474.35 507.43 540.5 573.58 606.65 606.65 606.65 598.9 591.15 583.4 575.65 567.9 560.15 560.15 560.15 492.69 425.23 357.76 290.3 222.84 155.38 155.38 155.38 226.18 296.98 367.78 438.58 509.38 580.18 580.18 580.18 539.33 498.48 457.63 416.78 375.93 335.08 335.08 335.08 300.49 265.9 231.31
crearDespacho --fija
3200.0
configurarSolver --Gurobi
resolver --noConstante ejecuciones/bancos/recombinados/v1/directo/simple/v1_simple_000121.csv
finalizar
