inicializar --t 360
agregarAgente --RioNegro
0 0 0 0 0 0 0 0 0 0 0 0 0 0 0 0 0 0 0 0 0 0 0 0 0 0 0 0 0 0 0 0 0 0 0 0 0 0 0 0 0 0 0 0 0 0 0 0 0 0 0 0 0 0 0 0 0 0 0 0 0 0 0 0 0 0 0 0 0 0 0 0 0 0 0 0 0 0 0 0 0 0 0 0 0 0 0 0 0 0 0 0 0 0 0 0 0 0 0 0 0 0 0 0 0 0 0 0 0 0 0 0 0 0 0 0 0 0 0 0 0 0 0 0 0 0 0 0 0 0 0 0 0 0 0 0 0 0 0 0 0 0 0 0 0 0 0 0 0 0 0 0 0 0 0 0 0 0 0 0 0 0 0 0 0 0 0 0 0 0 0 0 0 0 0 0 0 0 0 0 0 0 0 0 0 0 0 0 0 0 0 0 0 0 0 0 0 0 0 0 0 0 0 0 0 0 0 0 0 0 0 0 0 0 0 0 0 0 0 0 0 0 0 0 0 0 0 0 0 0 0 0 0 0 0 0 0 0 0 0 0 0 0 0 0 0 0 0 0 0 0 0 0 0 0 0 0 0 0 0 0 0 0 0 0 0 0 0 0 0 0 0 0 0 0 0 0 0 0 0 0 0 0 0 0 0 0 0 0 0 0 0 0 0 0 0 0 0 0 0 0 0 0 0 0 0 0 0 0 0 0 0 0 0 0 0 0 0 0 0 0 0 0 0 0 0 0 0 0 0 0 0 0 0.48 0.97 1.45 1.93 2.42 2.9 2.9 2.9 3.75 4.6 5.45 6.3 7.15 8.0 8.0 8.0 8.82 9.63 10.45 11.27 12.08 12.9 12.9 12.9 13.77 14.63 15.5
1.93 1.92 1.9 1.9 1.9 1.88 1.85 1.83 1.8 1.78 1.75 1.75 1.75 1.72 1.7 1.68 1.65 1.63 1.6 1.6 1.6 1.57 1.53 1.5 1.47 1.43 1.4 1.4 1.4 1.37 1.34 1.31 1.28 1.25 1.23 1.23 1.23 1.2 1.18 1.15 1.13 1.1 1.08 1.08 1.08 1.05 1.03 1.0 0.98 0.95 0.93 0.93 0.93 0.9 0.88 0.85 0.83 0.8 0.78 0.78 0.78 0.75 0.72 0.69 0.66 0.63 0.6 0.6 0.6 0.57 0.53 0.5 0.47 0.43 0.4 0.4 0.4 0.38 0.35 0.33 0.3 0.27 0.25 0.25 0.25 0.23 0.2 0.18 0.15 0.13 0.1 0.1 0.1 0.08 0.07 0.05 0.03 0.02 0 0 0 0 0 0 0 0 0 0 0 0 0 0 0 0 0 0 0 0 0 0 0 0 0 0 0 0 0 0 0 0 0 0 0 0 0 0 0 0 0 0 0 0 0 0 0 0 0 0 0 0 0 0 0 0 0 0 0 0 0 0 0 0 0 0 0 0.02 0.03 0.05 0.07 0.08 0.1 0.1 0.1 0.13 0.16 0.19 0.22 0.25 0.28 0.28 0.28 0.3 0.33 0.36 0.39 0.42 0.45 0.45 0.45 0.48 0.52 0.55 0.58 0.62 0.65 0.65 0.65 0.68 0.71 0.74 0.77 0.8 0.83 0.83 0.83 0.85 0.88 0.91 0.94 0.97 1.0 1.0 1.0 1.03 1.07 1.1 1.13 1.17 1.2 1.2 1.2 1.23 1.26 1.29 1.32 1.35 1.38 1.38 1.38 1.4 1.43 1.46 1.49 1.52 1.55 1.55 1.55 1.58 1.62 1.65 1.68 1.72 1.75 1.75 1.75 1.78 1.81 1.84 1.87 1.9 1.93 1.93 1.93 1.95 1.98 2.01 2.04 2.07 2.1 2.1 2.1 2.12 2.13 2.15 2.17 2.18 2.2 2.2 2.2 2.2 2.2 2.2 2.2 2.2 2.2 2.2 2.2 2.2 2.2 2.2 2.2 2.2 2.2 2.2 2.2 2.2 2.2 2.2 2.2 2.2 2.2 2.2 2.2 2.2 2.2 2.2 2.2 2.2 2.2 2.2 2.2 2.2 2.2 2.2 2.2 2.2 2.2 2.2 2.2 2.2 2.2 2.2 2.2 2.2 2.2 2.2 2.2 2.2 2.2 2.2 2.2 2.2 2.2 2.2 2.2 2.2 2.2 2.2 2.2 2.2 2.2 2.2 2.2 2.2 2.2 2.2 2.2 2.2 2.2 2.2 2.2 2.2 2.2 2.2 2.2 2.2 2.2 2.2 2.2 2.2 2.2 2.2 2.2 2.2 2.2 2.2 2.2 2.17 2.13 2.1
17.5 17.5 17.5 17.5 17.5 17.62 17.73 17.85 17.97 18.08 18.2 18.2 18.2 18.2 18.2 18.2 18.2 18.2 18.2 18.2 18.2 18.32 18.43 18.55 18.67 18.78 18.9 18.9 18.9 18.9 18.9 18.9 18.9 18.9 18.9 18.9 18.9 19.02 19.13 19.25 19.37 19.48 19.6 19.6 19.6 19.6 19.6 19.6 19.6 19.6 19.6 19.6 19.6 19.72 19.83 19.95 20.07 20.18 20.3 20.3 20.3 20.3 20.3 20.3 20.3 20.3 20.3 20.3 20.3 20.42 20.53 20.65 20.77 20.88 21.0 21.0 21.0 21.0 21.0 21.0 21.0 21.0 21.0 21.0 21.0 21.12 21.23 21.35 21.47 21.58 21.7 21.7 21.7 21.7 21.7 21.7 21.7 21.7 21.7 21.7 21.7 21.7 21.7 21.7 21.7 21.7 21.7 21.7 21.7 21.7 21.7 21.7 21.7 21.7 21.7 21.7 21.7 21.7 21.7 21.7 21.7 21.7 21.7 21.7 21.7 21.7 21.7 21.7 21.7 21.7 21.7 21.7 21.7 21.7 21.7 21.7 21.7 21.7 21.7 21.7 21.7 21.7 21.7 21.7 21.7 21.7 21.7 21.7 21.7 21.7 21.7 21.7 21.7 21.7 21.7 21.7 21.7 21.7 21.7 21.7 21.7 21.7 21.7 21.7 21.7 21.7 21.7 21.7 21.7 21.7 21.7 21.7 21.7 21.58 21.47 21.35 21.23 21.12 21.0 21.0 21.0 21.0 21.0 21.0 21.0 21.0 21.0 21.0 21.0 20.88 20.77 20.65 20.53 20.42 20.3 20.3 20.3 20.3 20.3 20.3 20.3 20.3 20.3 20.3 20.3 20.18 20.07 19.95 19.83 19.72 19.6 19.6 19.6 19.6 19.6 19.6 19.6 19.6 19.6 19.6 19.6 19.48 19.37 19.25 19.13 19.02 18.9 18.9 18.9 18.9 18.9 18.9 18.9 18.9 18.9 18.9 18.9 18.78 18.67 18.55 18.43 18.32 18.2 18.2 18.2 18.2 18.2 18.2 18.2 18.2 18.2 18.2 18.2 18.08 17.97 17.85 17.73 17.62 17.5 17.5 17.5 17.5 17.5 17.5 17.5 17.5 17.5 17.5 17.5 17.5 17.5 17.5 17.5 17.5 17.5 17.5 17.5 17.5 17.5 17.5 17.5 17.5 17.5 17.5 17.5 17.5 17.5 17.5 17.5 17.5 17.5 17.5 17.5 17.5 17.5 17.5 17.5 17.5 17.5 17.5 17.5 17.5 17.5 17.5 17.5 17.5 17.5 17.5 17.5 17.5 17.5 17.5 17.5 17.5 17.5 17.5 17.5 17.5 17.5 17.5 17.5 17.5 17.5 17.5 17.5 17.5 17.5 17.5 17.5 17.5 17.5 17.5 17.5 17.5 17.5 17.5 17.5 17.5 17.5 17.5 17.5 17.5 17.5 17.5 17.5 17.5 17.5 17.5 17.5 17.38 17.27 17.15 17.03 16.92 16.8 16.8 16.8 16.8 16.8 16.8
3735291483.0
1547162966.0
0.00633
0.00326
agregarAgente --DemandaFija
640.8 630.63 620.45 620.45 620.45 632.28 644.1 655.93 667.75 679.58 691.4 691.4 691.4 692.38 693.35 694.33 695.3 696.28 697.25 697.25 697.25 663.97 630.68 597.4 564.12 530.83 497.55 497.55 497.55 529.73 561.9 594.08 626.25 658.43 690.6 690.6 690.6 691.43 692.27 693.1 693.93 694.77 695.6 695.6 695.6 664.93 634.25 603.58 572.9 542.23 511.55 511.55 511.55 538.48 565.4 592.33 619.25 646.18 673.1 673.1 673.1 678.43 683.77 689.1 694.43 699.77 705.1 705.1 705.1 671.57 638.05 604.53 571.0 537.48 503.95 503.95 503.95 534.25 564.55 594.85 625.15 655.45 685.75 685.75 685.75 685.3 684.85 684.4 683.95 683.5 683.05 683.05 683.05 647.73 612.42 577.1 541.78 506.47 471.15 471.15 471.15 493.09 515.03 536.98 558.92 580.86 602.8 602.8 602.8 605.18 607.57 609.95 612.33 614.72 617.1 617.1 617.1 590.25 563.4 536.55 509.7 482.85 456.0 456.0 456.0 476.08 496.15 516.23 536.3 556.38 576.45 576.45 576.45 596.08 615.72 635.35 654.98 674.62 694.25 694.25 694.25 663.99 633.73 603.48 573.22 542.96 512.7 512.7 512.7 534.6 556.5 578.4 600.3 622.2 644.1 644.1 644.1 642.86 641.62 640.38 639.13 637.89 636.65 636.65 636.65 604.93 573.2 541.48 509.75 478.03 446.3 446.3 446.3 448.0 449.7 451.4 453.1 454.8 456.5 456.5 456.5 460.96 465.42 469.88 474.33 478.79 483.25 483.25 483.25 468.11 452.97 437.83 422.68 407.54 392.4 392.4 392.4 415.33 438.27 461.2 484.13 507.07 530.0 530.0 530.0 531.47 532.93 534.4 535.87 537.33 538.8 538.8 538.8 506.68 474.57 442.45 410.33 378.22 346.1 346.1 346.1 373.86 401.62 429.38 457.13 484.89 512.65 512.65 512.65 514.83 517.02 519.2 521.38 523.57 525.75 525.75 525.75 494.38 463.02 431.65 400.28 368.92 337.55 337.55 337.55 369.39 401.23 433.08 464.92 496.76 528.6 528.6 528.6 531.42 534.23 537.05 539.87 542.68 545.5 545.5 545.5 502.35 459.2 416.05 372.9 329.75 286.6 286.6 286.6 306.75 326.9 347.05 367.2 387.35 407.5 407.5 407.5 414.71 421.92 429.13 436.33 443.54 450.75 450.75 450.75 398.33 345.92 293.5 241.08 188.67 136.25 136.25 136.25 149.28 162.32 175.35 188.38 201.42 214.45 214.45 214.45 246.58 278.72 310.85 342.98 375.12 407.25 407.25 407.25 357.03 306.82 256.6 206.38 156.17 105.95 105.95 105.95 168.55 231.15 293.75 356.35 418.95 481.55 481.55 481.55 489.11 496.67 504.23 511.78 519.34 526.9 526.9 526.9 481.85 436.8 391.75 346.7 301.65 256.6 256.6 256.6 292.63 328.65 364.68 400.7 436.72 472.75 472.75 472.75 472.46 472.17 471.88 471.58 471.29 471.0 471.0 471.0 422.28 373.57 324.85
crearDespacho --fija
1600.0
configurarSolver --Gurobi
resolver --noConstante ejecuciones/bancos/recombinados/v1/directo/simple/v1_simple_000370.csv
finalizar
