inicializar --t 360
agregarAgente --RioNegro
0 0 0 0 0 0 0 0 0 0 0 0 0 0 0 0 0 0 0 0 0 0 0 0 0 0 0 0 0 0 0 0 0 0 0 0 0 0 0 0 0 0 0 0 0 0 0 0 0 0 0 0 0 0 0 0 0 0 0 0 0 0 0 0 0 0 0 0 0 0 0 0 0 0 0 0 0 0 0 0 0 0 0 0 0 0 0 0 0 0 0 0 0 0 0 0 0 0 0 0 0 0 0 0 0 0 0 0 0 0 0 0 0 0 0 0 0 0 0 0 0 0 0 0 0 0 0 0 0 0 0 0 0 0 0 0 0 0 0 0 0 0 0 0 0 0 0 0 0 0 0 0 0 0 0 0 0 0 0 0 0 0 0 0 0 0 0 0 0 0 0 0 0 0 0 0 0 0 0 0 0 0 0 0 0 0 0 0 0 0 0 0 0 0 0 0 0 0 0 0 0 0 0 0 0 0 0 0 0 0 0 0 0 0 0 0 0 0 0 0 0 0 0 0 0 0 0 0 0 0 0 0 0 0 0 0 0 0 0 0 0 0 0 0 0 0 0 0 0 0 0 0 0 0 0 0 0 0 0 0 0 0 0 0 0 0 0 0 0 0 0 0 0 0 0 0 0 0 0 0 0 0 0 0 0 0 0 0 0 0 0 0 0 0 0 0 0 0 0 0 0 0 0 0 0 0 0 0 0 0 0 0 0 0 0 0 0 0 0 0 0 0 0 0 0 0 0 0 0 0 0 0 0 0.48 0.97 1.45 1.93 2.42 2.9 2.9 2.9 3.75 4.6 5.45 6.3 7.15 8.0 8.0 8.0 8.82 9.63 10.45 11.27 12.08 12.9 12.9 12.9 13.77 14.63 15.5
1.93 1.92 1.9 1.9 1.9 1.88 1.85 1.83 1.8 1.78 1.75 1.75 1.75 1.72 1.7 1.68 1.65 1.63 1.6 1.6 1.6 1.57 1.53 1.5 1.47 1.43 1.4 1.4 1.4 1.37 1.34 1.31 1.28 1.25 1.23 1.23 1.23 1.2 1.18 1.15 1.13 1.1 1.08 1.08 1.08 1.05 1.03 1.0 0.98 0.95 0.93 0.93 0.93 0.9 0.88 0.85 0.83 0.8 0.78 0.78 0.78 0.75 0.72 0.69 0.66 0.63 0.6 0.6 0.6 0.57 0.53 0.5 0.47 0.43 0.4 0.4 0.4 0.38 0.35 0.33 0.3 0.27 0.25 0.25 0.25 0.23 0.2 0.18 0.15 0.13 0.1 0.1 0.1 0.08 0.07 0.05 0.03 0.02 0 0 0 0 0 0 0 0 0 0 0 0 0 0 0 0 0 0 0 0 0 0 0 0 0 0 0 0 0 0 0 0 0 0 0 0 0 0 0 0 0 0 0 0 0 0 0 0 0 0 0 0 0 0 0 0 0 0 0 0 0 0 0 0 0 0 0 0.02 0.03 0.05 0.07 0.08 0.1 0.1 0.1 0.13 0.16 0.19 0.22 0.25 0.28 0.28 0.28 0.3 0.33 0.36 0.39 0.42 0.45 0.45 0.45 0.48 0.52 0.55 0.58 0.62 0.65 0.65 0.65 0.68 0.71 0.74 0.77 0.8 0.83 0.83 0.83 0.85 0.88 0.91 0.94 0.97 1.0 1.0 1.0 1.03 1.07 1.1 1.13 1.17 1.2 1.2 1.2 1.23 1.26 1.29 1.32 1.35 1.38 1.38 1.38 1.4 1.43 1.46 1.49 1.52 1.55 1.55 1.55 1.58 1.62 1.65 1.68 1.72 1.75 1.75 1.75 1.78 1.81 1.84 1.87 1.9 1.93 1.93 1.93 1.95 1.98 2.01 2.04 2.07 2.1 2.1 2.1 2.12 2.13 2.15 2.17 2.18 2.2 2.2 2.2 2.2 2.2 2.2 2.2 2.2 2.2 2.2 2.2 2.2 2.2 2.2 2.2 2.2 2.2 2.2 2.2 2.2 2.2 2.2 2.2 2.2 2.2 2.2 2.2 2.2 2.2 2.2 2.2 2.2 2.2 2.2 2.2 2.2 2.2 2.2 2.2 2.2 2.2 2.2 2.2 2.2 2.2 2.2 2.2 2.2 2.2 2.2 2.2 2.2 2.2 2.2 2.2 2.2 2.2 2.2 2.2 2.2 2.2 2.2 2.2 2.2 2.2 2.2 2.2 2.2 2.2 2.2 2.2 2.2 2.2 2.2 2.2 2.2 2.2 2.2 2.2 2.2 2.2 2.2 2.2 2.2 2.2 2.2 2.2 2.2 2.2 2.2 2.2 2.17 2.13 2.1
17.5 17.5 17.5 17.5 17.5 17.62 17.73 17.85 17.97 18.08 18.2 18.2 18.2 18.2 18.2 18.2 18.2 18.2 18.2 18.2 18.2 18.32 18.43 18.55 18.67 18.78 18.9 18.9 18.9 18.9 18.9 18.9 18.9 18.9 18.9 18.9 18.9 19.02 19.13 19.25 19.37 19.48 19.6 19.6 19.6 19.6 19.6 19.6 19.6 19.6 19.6 19.6 19.6 19.72 19.83 19.95 20.07 20.18 20.3 20.3 20.3 20.3 20.3 20.3 20.3 20.3 20.3 20.3 20.3 20.42 20.53 20.65 20.77 20.88 21.0 21.0 21.0 21.0 21.0 21.0 21.0 21.0 21.0 21.0 21.0 21.12 21.23 21.35 21.47 21.58 21.7 21.7 21.7 21.7 21.7 21.7 21.7 21.7 21.7 21.7 21.7 21.7 21.7 21.7 21.7 21.7 21.7 21.7 21.7 21.7 21.7 21.7 21.7 21.7 21.7 21.7 21.7 21.7 21.7 21.7 21.7 21.7 21.7 21.7 21.7 21.7 21.7 21.7 21.7 21.7 21.7 21.7 21.7 21.7 21.7 21.7 21.7 21.7 21.7 21.7 21.7 21.7 21.7 21.7 21.7 21.7 21.7 21.7 21.7 21.7 21.7 21.7 21.7 21.7 21.7 21.7 21.7 21.7 21.7 21.7 21.7 21.7 21.7 21.7 21.7 21.7 21.7 21.7 21.7 21.7 21.7 21.7 21.7 21.58 21.47 21.35 21.23 21.12 21.0 21.0 21.0 21.0 21.0 21.0 21.0 21.0 21.0 21.0 21.0 20.88 20.77 20.65 20.53 20.42 20.3 20.3 20.3 20.3 20.3 20.3 20.3 20.3 20.3 20.3 20.3 20.18 20.07 19.95 19.83 19.72 19.6 19.6 19.6 19.6 19.6 19.6 19.6 19.6 19.6 19.6 19.6 19.48 19.37 19.25 19.13 19.02 18.9 18.9 18.9 18.9 18.9 18.9 18.9 18.9 18.9 18.9 18.9 18.78 18.67 18.55 18.43 18.32 18.2 18.2 18.2 18.2 18.2 18.2 18.2 18.2 18.2 18.2 18.2 18.08 17.97 17.85 17.73 17.62 17.5 17.5 17.5 17.5 17.5 17.5 17.5 17.5 17.5 17.5 17.5 17.5 17.5 17.5 17.5 17.5 17.5 17.5 17.5 17.5 17.5 17.5 17.5 17.5 17.5 17.5 17.5 17.5 17.5 17.5 17.5 17.5 17.5 17.5 17.5 17.5 17.5 17.5 17.5 17.5 17.5 17.5 17.5 17.5 17.5 17.5 17.5 17.5 17.5 17.5 17.5 17.5 17.5 17.5 17.5 17.5 17.5 17.5 17.5 17.5 17.5 17.5 17.5 17.5 17.5 17.5 17.5 17.5 17.5 17.5 17.5 17.5 17.5 17.5 17.5 17.5 17.5 17.5 17.5 17.5 17.5 17.5 17.5 17.5 17.5 17.5 17.5 17.5 17.5 17.5 17.5 17.38 17.27 17.15 17.03 16.92 16.8 16.8 16.8 16.8 16.8 16.8
4545819321.0
1202479685.0
0.00479
0.00479
agregarAgente --DemandaFija
254.9 261.58 268.25 268.25 268.25 299.83 331.4 362.98 394.55 426.13 457.7 457.7 457.7 428.76 399.82 370.88 341.93 312.99 284.05 284.05 284.05 238.87 193.68 148.5 103.32 58.13 12.95 12.95 12.95 17.77 22.58 27.4 32.22 37.03 41.85 41.85 41.85 47.15 52.45 57.75 63.05 68.35 73.65 73.65 73.65 67.12 60.58 54.05 47.52 40.98 34.45 34.45 34.45 66.32 98.18 130.05 161.92 193.78 225.65 225.65 225.65 229.92 234.18 238.45 242.72 246.98 251.25 251.25 251.25 234.35 217.45 200.55 183.65 166.75 149.85 149.85 149.85 186.48 223.12 259.75 296.38 333.02 369.65 369.65 369.65 369.78 369.9 370.03 370.15 370.28 370.4 370.4 370.4 315.81 261.22 206.63 152.03 97.44 42.85 42.85 42.85 85.5 128.15 170.8 213.45 256.1 298.75 298.75 298.75 308.58 318.42 328.25 338.08 347.92 357.75 357.75 357.75 317.05 276.35 235.65 194.95 154.25 113.55 113.55 113.55 137.61 161.67 185.73 209.78 233.84 257.9 257.9 257.9 257.04 256.18 255.33 254.47 253.61 252.75 252.75 252.75 231.48 210.22 188.95 167.68 146.42 125.15 125.15 125.15 154.98 184.8 214.63 244.45 274.28 304.1 304.1 304.1 312.43 320.75 329.08 337.4 345.72 354.05 354.05 354.05 342.0 329.95 317.9 305.85 293.8 281.75 281.75 281.75 300.25 318.75 337.25 355.75 374.25 392.75 392.75 392.75 396.43 400.1 403.78 407.45 411.13 414.8 414.8 414.8 405.79 396.78 387.78 378.77 369.76 360.75 360.75 360.75 379.48 398.22 416.95 435.68 454.42 473.15 473.15 473.15 464.73 456.32 447.9 439.48 431.07 422.65 422.65 422.65 410.09 397.53 384.98 372.42 359.86 347.3 347.3 347.3 351.07 354.83 358.6 362.37 366.13 369.9 369.9 369.9 361.99 354.08 346.18 338.27 330.36 322.45 322.45 322.45 313.82 305.18 296.55 287.92 279.28 270.65 270.65 270.65 270.23 269.82 269.4 268.98 268.57 268.15 268.15 268.15 277.34 286.53 295.73 304.92 314.11 323.3 323.3 323.3 322.57 321.83 321.1 320.37 319.63 318.9 318.9 318.9 323.96 329.02 334.08 339.13 344.19 349.25 349.25 349.25 349.08 348.92 348.75 348.58 348.42 348.25 348.25 348.25 321.43 294.62 267.8 240.98 214.17 187.35 187.35 187.35 220.02 252.68 285.35 318.02 350.68 383.35 383.35 383.35 361.22 339.1 316.98 294.85 272.72 250.6 250.6 250.6 218.36 186.12 153.88 121.63 89.39 57.15 57.15 57.15 74.92 92.68 110.45 128.22 145.98 163.75 163.75 163.75 161.52 159.28 157.05 154.82 152.58 150.35 150.35 150.35 147.16 143.97 140.78 137.58 134.39 131.2 131.2 131.2 181.59 231.98 282.38 332.77 383.16 433.55 433.55 433.55 409.38 385.2 361.03 336.85 312.68 288.5 288.5 288.5 266.6 244.7 222.8
crearDespacho --fija
1600.0
configurarSolver --Gurobi
resolver --noConstante ejecuciones/bancos/recombinados/v1/directo/simple/v1_simple_000040.csv
finalizar
