inicializar --t 360
agregarAgente --RioNegro
161.28 161.28 161.28 161.28 161.28 161.28 161.28 161.28 161.28 161.28 161.28 161.28 161.28 161.28 161.28 161.28 161.28 161.28 161.28 161.28 161.28 161.28 161.28 161.28 161.28 161.28 161.28 161.28 161.28 161.28 161.28 161.28 161.28 161.28 161.28 161.28 161.28 161.28 161.28 161.28 161.28 161.28 161.28 161.28 161.28 168.62 175.96 183.3 190.64 197.98 205.32 205.32 205.32 218.38 231.44 244.5 257.56 270.62 283.68 283.68 283.68 296.78 309.88 322.98 336.08 349.18 362.28 362.28 362.28 375.32 388.36 401.4 414.44 427.48 440.52 440.52 440.52 453.58 466.64 479.7 492.76 505.82 518.88 518.88 518.88 531.94 545.0 558.06 571.12 584.18 597.24 597.24 597.24 610.32 623.4 636.48 649.56 662.64 675.72 675.72 675.72 688.78 701.84 714.9 727.96 741.02 754.08 754.08 754.08 767.14 780.2 793.26 806.32 819.38 832.44 832.44 832.44 845.48 858.52 871.56 884.6 897.64 910.68 910.68 910.68 923.78 936.88 949.98 963.08 976.18 989.28 989.28 989.28 1002.34 1015.4 1028.46 1041.52 1054.58 1067.64 1067.64 1067.64 1074.98 1082.32 1089.66 1097.0 1104.34 1111.68 1111.68 1111.68 1111.68 1111.68 1111.68 1111.68 1111.68 1111.68 1111.68 1111.68 1111.68 1111.68 1111.68 1111.68 1111.68 1111.68 1111.68 1111.68 1111.68 1111.68 1111.68 1111.68 1111.68 1111.68 1111.68 1111.68 1111.68 1111.68 1111.68 1111.68 1111.68 1111.68 1111.68 1111.68 1111.68 1111.68 1111.68 1111.68 1111.68 1111.68 1111.68 1111.68 1111.68 1111.68 1111.68 1111.68 1111.68 1111.68 1111.68 1111.68 1111.68 1111.68 1111.68 1111.68 1111.68 1111.68 1111.68 1111.68 1111.68 1111.68 1111.68 1111.68 1111.68 1111.68 1111.68 1111.68 1105.66 1099.64 1093.62 1087.6 1081.58 1075.56 1075.56 1075.56 1064.84 1054.12 1043.4 1032.68 1021.96 1011.24 1011.24 1011.24 1000.52 989.8 979.08 968.36 957.64 946.92 946.92 946.92 936.2 925.48 914.76 904.04 893.32 882.6 882.6 882.6 871.9 861.2 850.5 839.8 829.1 818.4 818.4 818.4 807.68 796.96 786.24 775.52 764.8 754.08 754.08 754.08 743.36 732.64 721.92 711.2 700.48 689.76 689.76 689.76 679.04 668.32 657.6 646.88 636.16 625.44 625.44 625.44 614.74 604.04 593.34 582.64 571.94 561.24 561.24 561.24 550.52 539.8 529.08 518.36 507.64 496.92 496.92 496.92 486.2 475.48 464.76 454.04 443.32 432.6 432.6 432.6 421.88 411.16 400.44 389.72 379.0 368.28 368.28 368.28 362.26 356.24 350.22 344.2 338.18 332.16 332.16 332.16 332.16 332.16 332.16 332.16 332.16 332.16 332.16 332.16 332.16 332.16 332.16 332.16 332.16 332.16 332.16 332.16 332.16 332.16 332.16 332.16 332.16 332.16 332.16 332.16 332.16 332.16 332.16 332.16 332.16 332.16 332.16 332.16 332.16 332.16 332.16 332.16 332.16 332.16 332.16 332.16 332.16 332.16 332.16
0.4 0.4 0.4 0.4 0.4 0.4 0.4 0.4 0.4 0.4 0.4 0.4 0.4 0.4 0.4 0.4 0.4 0.4 0.4 0.4 0.4 0.4 0.4 0.4 0.4 0.4 0.4 0.4 0.4 0.4 0.4 0.4 0.4 0.4 0.4 0.4 0.4 0.6 0.8 1.0 1.2 1.4 1.6 1.6 1.6 4.6 7.6 10.6 13.6 16.6 19.6 19.6 19.6 25.05 30.5 35.95 41.4 46.85 52.3 52.3 52.3 57.65 63.0 68.35 73.7 79.05 84.4 84.4 84.4 89.78 95.17 100.55 105.93 111.32 116.7 116.7 116.7 122.12 127.53 132.95 138.37 143.78 149.2 149.2 149.2 154.53 159.87 165.2 170.53 175.87 181.2 181.2 181.2 186.67 192.13 197.6 203.07 208.53 214.0 214.0 214.0 219.33 224.67 230.0 235.33 240.67 246.0 246.0 246.0 251.42 256.83 262.25 267.67 273.08 278.5 278.5 278.5 283.88 289.27 294.65 300.03 305.42 310.8 310.8 310.8 316.15 321.5 326.85 332.2 337.55 342.9 342.9 342.9 348.35 353.8 359.25 364.7 370.15 375.6 375.6 375.6 378.6 381.6 384.6 387.6 390.6 393.6 393.6 393.6 393.6 393.6 393.6 393.6 393.6 393.6 393.6 393.6 393.6 393.6 393.6 393.6 393.6 393.6 393.6 393.6 393.6 393.6 393.6 393.6 393.6 393.6 393.6 393.6 393.6 393.6 393.6 393.6 393.6 393.6 393.6 393.6 393.6 393.6 393.6 393.6 393.6 393.6 393.6 393.6 393.6 393.6 393.6 393.6 393.6 393.6 393.6 393.6 393.6 393.6 393.6 393.6 393.6 393.6 393.6 393.6 393.6 393.6 393.6 393.6 393.6 393.6 393.6 393.6 390.6 387.6 384.6 381.6 378.6 375.6 375.6 375.6 370.13 364.67 359.2 353.73 348.27 342.8 342.8 342.8 337.47 332.13 326.8 321.47 316.13 310.8 310.8 310.8 305.33 299.87 294.4 288.93 283.47 278.0 278.0 278.0 272.67 267.33 262.0 256.67 251.33 246.0 246.0 246.0 240.53 235.07 229.6 224.13 218.67 213.2 213.2 213.2 207.87 202.53 197.2 191.87 186.53 181.2 181.2 181.2 175.73 170.27 164.8 159.33 153.87 148.4 148.4 148.4 143.07 137.73 132.4 127.07 121.73 116.4 116.4 116.4 110.93 105.47 100.0 94.53 89.07 83.6 83.6 83.6 78.27 72.93 67.6 62.27 56.93 51.6 51.6 51.6 46.13 40.67 35.2 29.73 24.27 18.8 18.8 18.8 15.8 12.8 9.8 6.8 3.8 0.8 0.8 0.8 0.8 0.8 0.8 0.8 0.8 0.8 0.8 0.8 0.8 0.8 0.8 0.8 0.8 0.8 0.8 0.8 0.8 0.8 0.8 0.8 0.8 0.8 0.8 0.8 0.8 0.8 0.8 0.8 0.8 0.8 0.8 0.8 0.8 0.8 0.8 0.8 0.8 0.8 0.8 0.8 0.8 0.8 0.8
15.4 15.4 15.4 15.4 15.4 15.4 15.4 15.4 15.4 15.4 15.4 15.4 15.4 15.4 15.4 15.4 15.4 15.4 15.4 15.4 15.4 15.4 15.4 15.4 15.4 15.4 15.4 15.4 15.4 15.4 15.4 15.4 15.4 15.4 15.4 15.4 15.4 15.4 15.4 15.4 15.4 15.4 15.4 15.4 15.4 16.29 17.18 18.07 18.96 19.85 20.74 20.74 20.74 22.31 23.89 25.46 27.04 28.61 30.19 30.19 30.19 31.78 33.37 34.96 36.55 38.14 39.72 39.72 39.72 41.29 42.85 44.41 45.97 47.53 49.09 49.09 49.09 50.68 52.27 53.86 55.45 57.04 58.62 58.62 58.62 60.19 61.75 63.31 64.87 66.43 67.99 67.99 67.99 69.59 71.2 72.8 74.4 76.01 77.61 77.61 77.61 79.17 80.73 82.29 83.85 85.41 86.98 86.98 86.98 88.56 90.15 91.74 93.33 94.92 96.51 96.51 96.51 98.07 99.63 101.19 102.75 104.31 105.88 105.88 105.88 107.46 109.05 110.64 112.23 113.82 115.41 115.41 115.41 116.99 118.56 120.14 121.71 123.29 124.86 124.86 124.86 125.75 126.64 127.53 128.42 129.31 130.2 130.2 130.2 130.2 130.2 130.2 130.2 130.2 130.2 130.2 130.2 130.2 130.2 130.2 130.2 130.2 130.2 130.2 130.2 130.2 130.2 130.2 130.2 130.2 130.2 130.2 130.2 130.2 130.2 130.2 130.2 130.2 130.2 130.2 130.2 130.2 130.2 130.2 130.2 130.2 130.2 130.2 130.2 130.2 130.2 130.2 130.2 130.2 130.2 130.2 130.2 130.2 130.2 130.2 130.2 130.2 130.2 130.2 130.2 130.2 130.2 130.2 130.2 130.2 130.2 130.2 130.2 132.3 134.4 136.5 138.6 140.7 142.8 142.8 142.8 146.53 150.27 154.0 157.73 161.47 165.2 165.2 165.2 168.93 172.67 176.4 180.13 183.87 187.6 187.6 187.6 191.33 195.07 198.8 202.53 206.27 210.0 210.0 210.0 213.73 217.47 221.2 224.93 228.67 232.4 232.4 232.4 236.13 239.87 243.6 247.33 251.07 254.8 254.8 254.8 258.42 262.03 265.65 269.27 272.88 276.5 276.5 276.5 280.23 283.97 287.7 291.43 295.17 298.9 298.9 298.9 302.63 306.37 310.1 313.83 317.57 321.3 321.3 321.3 325.03 328.77 332.5 336.23 339.97 343.7 343.7 343.7 347.43 351.17 354.9 358.63 362.37 366.1 366.1 366.1 369.83 373.57 377.3 381.03 384.77 388.5 388.5 388.5 390.6 392.7 394.8 396.9 399.0 401.1 401.1 401.1 401.1 401.1 401.1 401.1 401.1 401.1 401.1 401.1 401.1 401.1 401.1 401.1 401.1 401.1 401.1 401.1 401.1 401.1 401.1 401.1 401.1 401.1 401.1 401.1 401.1 401.1 401.1 401.1 401.1 401.1 401.1 401.1 401.1 401.1 401.1 401.1 401.1 401.1 401.1 401.1 401.1 401.1 401.1
2402094772.0
1488361289.0
0.00633
0.00326
agregarAgente --DemandaFija
36.55 36.55 36.55 36.55 36.55 47.98 59.4 70.83 82.25 93.68 105.1 105.1 105.1 95.91 86.72 77.53 68.33 59.14 49.95 49.95 49.95 43.88 37.82 31.75 25.68 19.62 13.55 13.55 13.55 16.16 18.77 21.38 23.98 26.59 29.2 29.2 29.2 25.38 21.55 17.73 13.9 10.08 6.25 6.25 6.25 35.52 64.78 94.05 123.32 152.58 181.85 181.85 181.85 206.79 231.73 256.68 281.62 306.56 331.5 331.5 331.5 331.06 330.62 330.18 329.73 329.29 328.85 328.85 328.85 300.91 272.97 245.03 217.08 189.14 161.2 161.2 161.2 175.64 190.08 204.53 218.97 233.41 247.85 247.85 247.85 242.33 236.8 231.28 225.75 220.23 214.7 214.7 214.7 203.63 192.55 181.48 170.4 159.33 148.25 148.25 148.25 151.96 155.67 159.38 163.08 166.79 170.5 170.5 170.5 171.81 173.12 174.43 175.73 177.04 178.35 178.35 178.35 153.07 127.78 102.5 77.22 51.93 26.65 26.65 26.65 23.25 19.85 16.45 13.05 9.65 6.25 6.25 6.25 6.25 6.25 6.25 6.25 6.25 6.25 6.25 6.25 6.25 6.25 6.25 6.25 6.25 6.25 6.25 6.25 6.25 6.25 6.25 6.25 6.25 6.25 6.25 6.25 6.25 6.25 6.25 6.25 6.25 6.25 6.25 6.25 6.25 6.25 6.25 6.25 6.25 6.25 6.25 6.25 6.25 6.25 6.25 6.25 6.25 6.25 6.25 6.25 6.25 6.25 6.25 6.25 6.25 6.25 6.25 6.25 9.57 12.88 16.2 19.52 22.83 26.15 26.15 26.15 27.6 29.05 30.5 31.95 33.4 34.85 34.85 34.85 30.08 25.32 20.55 15.78 11.02 6.25 6.25 6.25 8.35 10.45 12.55 14.65 16.75 18.85 18.85 18.85 16.75 14.65 12.55 10.45 8.35 6.25 6.25 6.25 6.25 6.25 6.25 6.25 6.25 6.25 6.25 6.25 6.25 6.25 6.25 6.25 6.25 6.25 6.25 6.25 6.25 6.25 6.25 6.25 6.25 6.25 6.25 6.25 6.25 6.25 6.25 6.25 6.25 6.25 6.25 6.25 8.05 9.85 11.65 13.45 15.25 17.05 17.05 17.05 15.25 13.45 11.65 9.85 8.05 6.25 6.25 6.25 12.03 17.82 23.6 29.38 35.17 40.95 40.95 40.95 46.65 52.35 58.05 63.75 69.45 75.15 75.15 75.15 88.29 101.43 114.58 127.72 140.86 154.0 154.0 154.0 160.04 166.08 172.13 178.17 184.21 190.25 190.25 190.25 219.42 248.58 277.75 306.92 336.08 365.25 365.25 365.25 365.14 365.03 364.93 364.82 364.71 364.6 364.6 364.6 363.4 362.2 361.0 359.8 358.6 357.4 357.4 357.4 306.67 255.93 205.2 154.47 103.73 53.0 53.0 53.0 65.9 78.8 91.7 104.6 117.5 130.4 130.4 130.4 161.49 192.58 223.68 254.77 285.86 316.95 316.95 316.95 299.15 281.35 263.55
crearDespacho --fija
1600.0
configurarSolver --Gurobi
resolver --noConstante ejecuciones/bancos/recombinados/v1/directo/simple/v1_simple_000287.csv
finalizar
