inicializar --t 360
agregarAgente --RioNegro
10.4 10.4 10.4 10.4 10.4 10.4 10.4 10.4 10.4 10.4 10.4 10.4 10.4 10.4 10.4 10.4 10.4 10.4 10.4 10.4 10.4 10.32 10.23 10.15 10.07 9.98 9.9 9.9 9.9 9.77 9.63 9.5 9.37 9.23 9.1 9.1 9.1 8.95 8.8 8.65 8.5 8.35 8.2 8.2 8.2 8.07 7.93 7.8 7.67 7.53 7.4 7.4 7.4 7.25 7.1 6.95 6.8 6.65 6.5 6.5 6.5 6.37 6.23 6.1 5.97 5.83 5.7 5.7 5.7 5.53 5.37 5.2 5.03 4.87 4.7 4.7 4.7 4.57 4.43 4.3 4.17 4.03 3.9 3.9 3.9 3.75 3.6 3.45 3.3 3.15 3.0 3.0 3.0 2.87 2.73 2.6 2.47 2.33 2.2 2.2 2.2 2.05 1.9 1.75 1.6 1.45 1.3 1.3 1.3 1.17 1.03 0.9 0.77 0.63 0.5 0.5 0.5 0.42 0.33 0.25 0.17 0.08 0 0 0 0 0 0 0 0 0 0 0 0 0 0 0 0 0 0 0 0 0 0 0 0 0 0 0 0 0 0 0 0 0 0 0 0 0 0 0 0 0 0 0 0 0 0 0 0 0 0 0 0 0 0 0 0 0 0 0 0 0 0 0 0 0 0 0 0 0 0 0 0 0 0 0 0 0 0 0 0 0 0 0 0 0 0 0 0 0 0 0 0 0 0 0 0 0 0 0 0 0 0 0 0 0 0 0 0 0 0 0 0 0 0 0 0 0 0 0 0 0 0 0 0 0 0 0 0 0 0 0 0 0 0 0 0 0 0 0 0 0 0 0 0 0 0 0 0 0 0 0 0 0 0 0 0 0 0 0 0 0 0 0 0 0 0 0 0 0 0 0 0 0 0 0 0 0 0 0 0 0 0 0 0 0 0 0 0 0 0 0 0 0 0 0 0 0 0 0 0 0 0 0 0 0 0 0 0 0 0 0 0 0 0 0 0 0 0 0 0 0 0 0 0 0 0 0 0 0 0 0 0 0 0 0 0 0 0
0.2 0.2 0.2 0.2 0.2 0.2 0.2 0.2 0.2 0.2 0.2 0.2 0.2 0.2 0.2 0.2 0.2 0.2 0.2 0.2 0.2 0.2 0.2 0.2 0.2 0.2 0.2 0.2 0.2 0.2 0.2 0.2 0.2 0.2 0.2 0.2 0.2 0.2 0.2 0.2 0.2 0.2 0.2 0.2 0.2 0.2 0.2 0.2 0.2 0.2 0.2 0.2 0.2 0.2 0.2 0.2 0.2 0.2 0.2 0.2 0.2 0.2 0.2 0.2 0.2 0.2 0.2 0.2 0.2 0.17 0.13 0.1 0.07 0.03 0 0 0 0 0 0 0 0 0 0 0 0 0 0 0 0 0 0 0 0 0 0 0 0 0 0 0 0 0 0 0 0 0 0 0 0 0 0 0 0 0 0 0 0 0 0 0 0 0 0 0 0 0 0 0 0 0 0 0 0 0 0 0 0 0 0 0 0 0 0 0 0 0 0 0 0 0 0 0 0 0 0 0 0 0 0 0 0 0 0 0 0 0 0 0 0 0 0 0 0 0 0 0 0 0 0 0 0 0 0 0 0 0 0 0 0.02 0.03 0.05 0.07 0.08 0.1 0.1 0.1 0.13 0.15 0.18 0.2 0.23 0.25 0.25 0.25 0.27 0.3 0.33 0.35 0.38 0.4 0.4 0.4 0.43 0.47 0.5 0.53 0.57 0.6 0.6 0.6 0.63 0.66 0.69 0.72 0.75 0.78 0.78 0.78 0.8 0.83 0.85 0.88 0.9 0.93 0.93 0.93 0.95 0.98 1.0 1.03 1.05 1.08 1.08 1.08 1.1 1.13 1.15 1.18 1.2 1.23 1.23 1.23 1.25 1.28 1.31 1.34 1.37 1.4 1.4 1.4 1.43 1.47 1.5 1.53 1.57 1.6 1.6 1.6 1.63 1.65 1.68 1.7 1.72 1.75 1.75 1.75 1.78 1.8 1.83 1.85 1.88 1.9 1.9 1.9 1.92 1.93 1.95 1.97 1.98 2.0 2.0 2.0 2.0 2.0 2.0 2.0 2.0 2.0 2.0 2.0 2.0 2.0 2.0 2.0 2.0 2.0 2.0 2.0 2.0 2.0 2.0 2.0 2.0 2.0 2.0 2.0 2.0 2.0 2.0 2.0 2.0 2.0 2.0 2.0 2.0 2.0 2.0 2.0 2.0 2.0 2.0 2.0 2.0 2.0 2.0 2.0 2.0 2.0 2.0 2.0 2.0 2.0 2.0 2.0 2.0 2.0 2.0 2.0 2.0 2.0 2.0 2.0 2.0 2.0 2.0 2.0 1.98 1.97 1.95
9.8 9.8 9.8 9.8 9.8 9.8 9.8 9.8 9.8 9.8 9.8 9.8 9.8 9.8 9.8 9.8 9.8 9.8 9.8 9.8 9.8 10.09 10.38 10.67 10.97 11.26 11.55 11.55 11.55 12.06 12.57 13.08 13.59 14.1 14.61 14.61 14.61 15.11 15.6 16.1 16.6 17.09 17.59 17.59 17.59 18.1 18.61 19.12 19.63 20.14 20.65 20.65 20.65 21.18 21.7 22.22 22.75 23.27 23.8 23.8 23.8 24.3 24.79 25.29 25.78 26.28 26.78 26.78 26.78 27.3 27.83 28.35 28.88 29.4 29.92 29.92 29.92 30.42 30.92 31.41 31.91 32.4 32.9 32.9 32.9 33.43 33.95 34.47 35.0 35.53 36.05 36.05 36.05 36.56 37.07 37.58 38.09 38.6 39.11 39.11 39.11 39.61 40.1 40.6 41.1 41.59 42.09 42.09 42.09 42.6 43.11 43.62 44.13 44.64 45.15 45.15 45.15 45.44 45.73 46.03 46.32 46.61 46.9 46.9 46.9 46.9 46.9 46.9 46.9 46.9 46.9 46.9 46.9 46.9 46.9 46.9 46.9 46.9 46.9 46.9 46.9 46.9 46.9 46.9 46.9 46.9 46.9 46.9 46.9 46.9 46.9 46.9 46.9 46.9 46.9 46.9 46.9 46.9 46.9 46.9 46.9 46.9 46.9 46.9 46.9 46.9 46.9 46.9 46.9 46.9 46.9 46.9 46.9 46.9 46.9 46.9 46.9 46.9 46.9 46.9 46.9 46.9 46.9 46.9 46.9 46.9 46.9 46.9 46.9 46.68 46.46 46.24 46.03 45.81 45.59 45.59 45.59 45.18 44.77 44.36 43.95 43.55 43.14 43.14 43.14 42.73 42.32 41.91 41.5 41.1 40.69 40.69 40.69 40.28 39.87 39.46 39.05 38.65 38.24 38.24 38.24 37.84 37.45 37.06 36.66 36.27 35.88 35.88 35.88 35.47 35.06 34.65 34.24 33.83 33.43 33.43 33.43 33.02 32.61 32.2 31.79 31.38 30.97 30.97 30.97 30.57 30.16 29.75 29.34 28.93 28.53 28.53 28.53 28.13 27.74 27.34 26.95 26.56 26.16 26.16 26.16 25.75 25.35 24.94 24.53 24.12 23.71 23.71 23.71 23.3 22.9 22.49 22.08 21.67 21.26 21.26 21.26 20.85 20.45 20.04 19.63 19.22 18.81 18.81 18.81 18.59 18.38 18.16 17.94 17.72 17.5 17.5 17.5 17.5 17.5 17.5 17.5 17.5 17.5 17.5 17.5 17.5 17.5 17.5 17.5 17.5 17.5 17.5 17.5 17.5 17.5 17.5 17.5 17.5 17.5 17.5 17.5 17.5 17.5 17.5 17.5 17.5 17.5 17.5 17.5 17.5 17.5 17.5 17.5 17.5 17.5 17.5 17.5 17.5 17.5 17.5 17.5 17.5 17.5 17.5 17.5 17.5 17.5 17.5 17.5 17.5 17.5 17.5 17.5 17.5 17.5 17.5 17.5 17.5 17.5 17.5 17.5 17.5 17.5 17.5
4649900603.0
1102551957.0
0.00479
0.00479
agregarAgente --DemandaFija
326.8 268.05 209.3 209.3 209.3 270.7 332.1 393.5 454.9 516.3 577.7 577.7 577.7 576.74 575.78 574.81 573.85 572.89 571.93 571.93 571.93 499.58 427.23 354.88 282.53 210.18 137.83 137.83 137.83 194.04 250.25 306.46 362.68 418.89 475.1 475.1 475.1 462.51 449.93 437.34 424.75 412.16 399.58 399.58 399.58 358.35 317.13 275.9 234.68 193.45 152.23 152.23 152.23 224.34 296.45 368.56 440.67 512.79 584.9 584.9 584.9 593.64 602.38 611.11 619.85 628.59 637.33 637.33 637.33 580.59 523.85 467.11 410.38 353.64 296.9 296.9 296.9 310.2 323.5 336.8 350.1 363.4 376.7 376.7 376.7 386.13 395.55 404.98 414.4 423.83 433.25 433.25 433.25 386.1 338.95 291.8 244.65 197.5 150.35 150.35 150.35 193.69 237.03 280.36 323.7 367.04 410.38 410.38 410.38 362.4 314.43 266.45 218.48 170.5 122.53 122.53 122.53 112.0 101.48 90.95 80.43 69.9 59.38 59.38 59.38 59.38 59.38 59.38 59.38 59.38 59.38 59.38 59.38 62.76 66.15 69.54 72.93 76.31 79.7 79.7 79.7 88.05 96.4 104.75 113.1 121.45 129.8 129.8 129.8 125.23 120.65 116.07 111.5 106.93 102.35 102.35 102.35 104.2 106.05 107.9 109.75 111.6 113.45 113.45 113.45 136.7 159.95 183.2 206.45 229.7 252.95 252.95 252.95 367.88 482.8 597.72 712.65 827.58 942.5 942.5 942.5 950.11 957.72 965.34 972.95 980.56 988.18 988.18 988.18 891.43 794.68 697.93 601.18 504.42 407.68 407.68 407.68 506.91 606.15 705.39 804.63 903.86 1003.1 1003.1 1003.1 1015.26 1027.43 1039.59 1051.75 1063.91 1076.08 1076.08 1076.08 978.96 881.85 784.74 687.63 590.51 493.4 493.4 493.4 591.71 690.03 788.34 886.65 984.96 1083.28 1083.28 1083.28 1092.01 1100.75 1109.49 1118.23 1126.96 1135.7 1135.7 1135.7 1027.05 918.4 809.75 701.1 592.45 483.8 483.8 483.8 570.36 656.93 743.49 830.05 916.61 1003.18 1003.18 1003.18 1012.04 1020.9 1029.76 1038.63 1047.49 1056.35 1056.35 1056.35 963.26 870.18 777.09 684.0 590.91 497.83 497.83 497.83 581.74 665.65 749.56 833.48 917.39 1001.3 1001.3 1001.3 965.14 928.98 892.81 856.65 820.49 784.33 784.33 784.33 676.93 569.53 462.13 354.73 247.33 139.93 139.93 139.93 128.18 116.43 104.68 92.93 81.18 69.43 69.43 69.43 93.75 118.08 142.4 166.73 191.05 215.38 215.38 215.38 192.19 169.0 145.81 122.63 99.44 76.25 76.25 76.25 73.44 70.63 67.81 65.0 62.19 59.38 59.38 59.38 59.38 59.38 59.38 59.38 59.38 59.38 59.38 59.38 59.38 59.38 59.38 59.38 59.38 59.38 59.38 59.38 59.38 59.38 59.38 59.38 59.38 59.38 59.38 59.38 59.38 59.38 59.38 59.38 59.38 59.38 59.38 59.38 59.38 59.38 59.38
crearDespacho --fija
3200.0
configurarSolver --Gurobi
resolver --noConstante ejecuciones/bancos/recombinados/v1/directo/simple/v1_simple_000377.csv
finalizar
