inicializar --t 360
agregarAgente --RioNegro
19.0 19.0 19.0 19.0 19.0 19.32 19.63 19.95 20.27 20.58 20.9 20.9 20.9 21.23 21.57 21.9 22.23 22.57 22.9 22.9 22.9 23.08 23.27 23.45 23.63 23.82 24.0 24.0 24.0 24.0 24.0 24.0 24.0 24.0 24.0 24.0 24.0 24.0 24.0 24.0 24.0 24.0 24.0 24.0 24.0 24.0 24.0 24.0 24.0 24.0 24.0 24.0 24.0 24.0 24.0 24.0 24.0 24.0 24.0 24.0 24.0 24.0 24.0 24.0 24.0 24.0 24.0 24.0 24.0 24.0 24.0 24.0 24.0 24.0 24.0 24.0 24.0 24.0 24.0 24.0 24.0 24.0 24.0 24.0 24.0 24.0 24.0 24.0 24.0 24.0 24.0 24.0 24.0 23.82 23.63 23.45 23.27 23.08 22.9 22.9 22.9 22.57 22.23 21.9 21.57 21.23 20.9 20.9 20.9 20.58 20.27 19.95 19.63 19.32 19.0 19.0 19.0 18.65 18.3 17.95 17.6 17.25 16.9 16.9 16.9 16.58 16.27 15.95 15.63 15.32 15.0 15.0 15.0 14.65 14.3 13.95 13.6 13.25 12.9 12.9 12.9 12.6 12.3 12.0 11.7 11.4 11.1 11.1 11.1 10.75 10.4 10.05 9.7 9.35 9.0 9.0 9.0 8.68 8.37 8.05 7.73 7.42 7.1 7.1 7.1 6.75 6.4 6.05 5.7 5.35 5.0 5.0 5.0 4.68 4.37 4.05 3.73 3.42 3.1 3.1 3.1 2.77 2.43 2.1 1.77 1.43 1.1 1.1 1.1 0.92 0.73 0.55 0.37 0.18 0 0 0 0 0 0 0 0 0 0 0 0 0 0 0 0 0 0 0 0 0 0 0 0 0 0 0 0 0 0 0 0 0 0 0 0 0 0 0 0 0 0 0 0 0 0 0 0 0 0 0 0 0 0 0 0 0 0 0 0 0 0 0 0 0 0 0 0 0 0 0 0 0 0 0 0 0 0 0 0 0 0 0 0 0 0 0 0 0 0 0 0 0 0 0 0 0 0 0 0 0 0 0 0 0 0 0 0 0 0 0 0 0 0 0 0 0 0 0 0 0 0 0 0 0 0 0 0 0 0 0 0 0 0 0 0 0 0 0 0 0 0 0 0 0 0 0 0 0 0 0 0 0 0 0 0 0 0 0 0 0 0 0 0 0 0
0.45 0.45 0.45 0.45 0.45 0.42 0.39 0.36 0.33 0.3 0.28 0.28 0.28 0.25 0.22 0.19 0.16 0.13 0.1 0.1 0.1 0.08 0.07 0.05 0.03 0.02 0 0 0 0 0 0 0 0 0 0 0 0 0 0 0 0 0 0 0 0 0 0 0 0 0 0 0 0 0 0 0 0 0 0 0 0 0 0 0 0 0 0 0 0 0 0 0 0 0 0 0 0 0 0 0 0 0 0 0 0 0 0 0 0 0 0 0 0.02 0.04 0.06 0.08 0.1 0.13 0.13 0.13 0.17 0.22 0.26 0.31 0.35 0.4 0.4 0.4 0.45 0.49 0.54 0.58 0.63 0.68 0.68 0.68 0.72 0.76 0.8 0.84 0.88 0.93 0.93 0.93 0.97 1.02 1.06 1.11 1.15 1.2 1.2 1.2 1.25 1.29 1.34 1.38 1.43 1.48 1.48 1.48 1.52 1.56 1.6 1.64 1.68 1.73 1.73 1.73 1.77 1.82 1.86 1.91 1.95 2.0 2.0 2.0 2.05 2.09 2.14 2.18 2.23 2.28 2.28 2.28 2.32 2.36 2.4 2.44 2.48 2.53 2.53 2.53 2.57 2.62 2.66 2.71 2.75 2.8 2.8 2.8 2.85 2.89 2.94 2.98 3.03 3.08 3.08 3.08 3.1 3.12 3.14 3.16 3.18 3.2 3.2 3.2 3.2 3.2 3.2 3.2 3.2 3.2 3.2 3.2 3.2 3.2 3.2 3.2 3.2 3.2 3.2 3.2 3.2 3.2 3.2 3.2 3.2 3.2 3.2 3.2 3.2 3.2 3.2 3.2 3.2 3.2 3.2 3.2 3.2 3.2 3.2 3.2 3.2 3.2 3.2 3.2 3.2 3.2 3.2 3.2 3.2 3.2 3.2 3.2 3.2 3.2 3.2 3.2 3.2 3.2 3.2 3.2 3.2 3.2 3.2 3.2 3.2 3.2 3.2 3.2 3.2 3.2 3.2 3.2 3.2 3.2 3.2 3.2 3.17 3.14 3.11 3.08 3.05 3.03 3.03 3.03 3.02 3.02 3.01 3.01 3.0 3.0 3.0 3.0 2.99 2.98 2.96 2.95 2.94 2.93 2.93 2.93 2.9 2.88 2.86 2.84 2.82 2.8 2.8 2.8 2.8 2.8 2.8 2.8 2.8 2.8 2.8 2.8 2.77 2.73 2.7 2.67 2.63 2.6 2.6 2.6 2.6 2.6 2.6 2.6 2.6 2.6 2.6 2.6 2.58 2.56 2.54 2.52 2.5 2.48 2.48 2.48 2.46 2.45 2.44 2.43 2.41 2.4 2.4 2.4 2.4 2.39 2.39 2.38 2.38 2.38 2.38 2.38 2.35 2.32 2.29 2.26 2.23 2.2 2.2 2.2 2.2 2.2 2.2
15.4 15.4 15.4 15.4 15.4 15.34 15.28 15.22 15.17 15.11 15.05 15.05 15.05 14.99 14.93 14.88 14.82 14.76 14.7 14.7 14.7 14.7 14.7 14.7 14.7 14.7 14.7 14.7 14.7 14.7 14.7 14.7 14.7 14.7 14.7 14.7 14.7 14.7 14.7 14.7 14.7 14.7 14.7 14.7 14.7 14.7 14.7 14.7 14.7 14.7 14.7 14.7 14.7 14.7 14.7 14.7 14.7 14.7 14.7 14.7 14.7 14.7 14.7 14.7 14.7 14.7 14.7 14.7 14.7 14.7 14.7 14.7 14.7 14.7 14.7 14.7 14.7 14.7 14.7 14.7 14.7 14.7 14.7 14.7 14.7 14.7 14.7 14.7 14.7 14.7 14.7 14.7 14.7 14.77 14.85 14.92 14.99 15.06 15.14 15.14 15.14 15.3 15.46 15.62 15.78 15.94 16.1 16.1 16.1 16.26 16.42 16.58 16.74 16.9 17.06 17.06 17.06 17.21 17.35 17.5 17.65 17.79 17.94 17.94 17.94 18.1 18.26 18.42 18.58 18.74 18.9 18.9 18.9 19.06 19.22 19.38 19.54 19.7 19.86 19.86 19.86 20.01 20.15 20.3 20.45 20.59 20.74 20.74 20.74 20.9 21.06 21.22 21.38 21.54 21.7 21.7 21.7 21.86 22.02 22.18 22.34 22.5 22.66 22.66 22.66 22.81 22.95 23.1 23.25 23.39 23.54 23.54 23.54 23.7 23.86 24.02 24.18 24.34 24.5 24.5 24.5 24.66 24.82 24.98 25.14 25.3 25.46 25.46 25.46 25.54 25.61 25.68 25.75 25.83 25.9 25.9 25.9 25.9 25.9 25.9 25.9 25.9 25.9 25.9 25.9 25.9 25.9 25.9 25.9 25.9 25.9 25.9 25.9 25.9 25.9 25.9 25.9 25.9 25.9 25.9 25.9 25.9 25.9 25.9 25.9 25.9 25.9 25.9 25.9 25.9 25.9 25.9 25.9 25.9 25.9 25.9 25.9 25.9 25.9 25.9 25.9 25.9 25.9 25.9 25.9 25.9 25.9 25.9 25.9 25.9 25.9 25.9 25.9 25.9 25.9 25.9 25.9 25.9 25.9 25.9 25.9 25.84 25.78 25.72 25.67 25.61 25.55 25.55 25.55 25.45 25.35 25.24 25.14 25.04 24.94 24.94 24.94 24.84 24.73 24.63 24.53 24.43 24.33 24.33 24.33 24.21 24.09 23.98 23.86 23.74 23.63 23.63 23.63 23.52 23.42 23.32 23.22 23.11 23.01 23.01 23.01 22.91 22.81 22.71 22.6 22.5 22.4 22.4 22.4 22.28 22.17 22.05 21.93 21.82 21.7 21.7 21.7 21.6 21.5 21.39 21.29 21.19 21.09 21.09 21.09 20.99 20.88 20.78 20.68 20.58 20.47 20.47 20.47 20.36 20.24 20.13 20.01 19.89 19.78 19.78 19.78 19.67 19.57 19.47 19.37 19.26 19.16 19.16 19.16 19.06 18.96 18.86 18.75 18.65 18.55 18.55 18.55 18.49 18.43 18.38
5345000000.0
728000000.0
0.00479
0.00479
agregarAgente --DemandaFija
245.2 216.38 187.55 187.55 187.55 199.44 211.33 223.21 235.1 246.99 258.88 258.88 258.88 267.19 275.5 283.81 292.13 300.44 308.75 308.75 308.75 268.88 229.0 189.13 149.25 109.38 69.5 69.5 69.5 111.83 154.15 196.48 238.8 281.13 323.45 323.45 323.45 344.33 365.2 386.08 406.95 427.83 448.7 448.7 448.7 461.74 474.78 487.81 500.85 513.89 526.93 526.93 526.93 552.56 578.2 603.84 629.48 655.11 680.75 680.75 680.75 693.16 705.58 717.99 730.4 742.81 755.23 755.23 755.23 707.99 660.75 613.51 566.28 519.04 471.8 471.8 471.8 501.34 530.88 560.41 589.95 619.49 649.03 649.03 649.03 650.74 652.45 654.16 655.88 657.59 659.3 659.3 659.3 611.48 563.65 515.83 468.0 420.18 372.35 372.35 372.35 391.25 410.15 429.05 447.95 466.85 485.75 485.75 485.75 468.71 451.68 434.64 417.6 400.56 383.53 383.53 383.53 353.58 323.63 293.68 263.73 233.78 203.83 203.83 203.83 210.51 217.2 223.89 230.58 237.26 243.95 243.95 243.95 247.79 251.63 255.46 259.3 263.14 266.98 266.98 266.98 232.38 197.78 163.18 128.58 93.98 59.38 59.38 59.38 63.31 67.25 71.19 75.13 79.06 83.0 83.0 83.0 97.85 112.7 127.55 142.4 157.25 172.1 172.1 172.1 154.28 136.45 118.63 100.8 82.98 65.15 65.15 65.15 134.6 204.05 273.5 342.95 412.4 481.85 481.85 481.85 460.9 439.95 419.0 398.05 377.1 356.15 356.15 356.15 342.71 329.28 315.84 302.4 288.96 275.53 275.53 275.53 348.83 422.13 495.42 568.73 642.03 715.33 715.33 715.33 729.29 743.25 757.21 771.18 785.14 799.1 799.1 799.1 759.33 719.55 679.78 640.0 600.23 560.45 560.45 560.45 578.24 596.03 613.81 631.6 649.39 667.18 667.18 667.18 632.58 597.98 563.38 528.78 494.18 459.58 459.58 459.58 416.91 374.25 331.59 288.93 246.26 203.6 203.6 203.6 211.09 218.58 226.06 233.55 241.04 248.52 248.52 248.52 265.65 282.78 299.9 317.03 334.15 351.28 351.28 351.28 336.76 322.25 307.74 293.23 278.71 264.2 264.2 264.2 295.06 325.93 356.79 387.65 418.51 449.38 449.38 449.38 493.33 537.28 581.22 625.18 669.13 713.08 713.08 713.08 681.33 649.58 617.83 586.08 554.32 522.58 522.58 522.58 530.32 538.08 545.83 553.58 561.33 569.08 569.08 569.08 543.35 517.63 491.9 466.17 440.45 414.73 414.73 414.73 362.93 311.13 259.33 207.53 155.73 103.93 103.93 103.93 176.3 248.68 321.05 393.43 465.8 538.18 538.18 538.18 556.19 574.2 592.21 610.23 628.24 646.25 646.25 646.25 588.5 530.75 473.0 415.25 357.5 299.75 299.75 299.75 335.45 371.15 406.85 442.55 478.25 513.95 513.95 513.95 503.94 493.92 483.91 473.9 463.89 453.88 453.88 453.88 399.66 345.45 291.24
crearDespacho --fija
3200.0
configurarSolver --Gurobi
resolver --noConstante ejecuciones/bancos/recombinados/v1/directo/simple/v1_simple_000343.csv
finalizar
