inicializar --t 360
agregarAgente --RioNegro
616.96 618.8 620.64 620.64 620.64 623.84 627.04 630.24 633.44 636.64 639.84 639.84 639.84 643.1 646.36 649.62 652.88 656.14 659.4 659.4 659.4 662.62 665.84 669.06 672.28 675.5 678.72 678.72 678.72 681.94 685.16 688.38 691.6 694.82 698.04 698.04 698.04 701.3 704.56 707.82 711.08 714.34 717.6 717.6 717.6 720.8 724.0 727.2 730.4 733.6 736.8 736.8 736.8 740.06 743.32 746.58 749.84 753.1 756.36 756.36 756.36 759.58 762.8 766.02 769.24 772.46 775.68 775.68 775.68 778.9 782.12 785.34 788.56 791.78 795.0 795.0 795.0 798.26 801.52 804.78 808.04 811.3 814.56 814.56 814.56 817.76 820.96 824.16 827.36 830.56 833.76 833.76 833.76 835.6 837.44 839.28 841.12 842.96 844.8 844.8 844.8 844.8 844.8 844.8 844.8 844.8 844.8 844.8 844.8 844.8 844.8 844.8 844.8 844.8 844.8 844.8 844.8 844.8 844.8 844.8 844.8 844.8 844.8 844.8 844.8 844.8 844.8 844.8 844.8 844.8 844.8 844.8 844.8 844.8 844.8 844.8 844.8 844.8 844.8 844.8 844.8 844.8 844.8 844.8 844.8 844.8 844.8 844.8 844.8 844.8 844.8 844.8 844.8 844.8 844.8 844.8 844.8 844.8 844.8 844.8 844.8 844.8 844.8 844.8 844.8 845.62 846.44 847.26 848.08 848.9 849.72 849.72 849.72 851.16 852.6 854.04 855.48 856.92 858.36 858.36 858.36 859.82 861.28 862.74 864.2 865.66 867.12 867.12 867.12 868.56 870.0 871.44 872.88 874.32 875.76 875.76 875.76 877.22 878.68 880.14 881.6 883.06 884.52 884.52 884.52 885.96 887.4 888.84 890.28 891.72 893.16 893.16 893.16 894.64 896.12 897.6 899.08 900.56 902.04 902.04 902.04 903.48 904.92 906.36 907.8 909.24 910.68 910.68 910.68 912.14 913.6 915.06 916.52 917.98 919.44 919.44 919.44 920.88 922.32 923.76 925.2 926.64 928.08 928.08 928.08 929.54 931.0 932.46 933.92 935.38 936.84 936.84 936.84 938.28 939.72 941.16 942.6 944.04 945.48 945.48 945.48 946.3 947.12 947.94 948.76 949.58 950.4 950.4 950.4 950.4 950.4 950.4 950.4 950.4 950.4 950.4 950.4 950.4 950.4 950.4 950.4 950.4 950.4 950.4 950.4 950.4 950.4 950.4 950.4 950.4 950.4 950.4 950.4 950.4 950.4 950.4 950.4 950.4 950.4 950.4 950.4 950.4 950.4 950.4 950.4 950.4 950.4 950.4 950.4 950.4 950.4 950.4 950.4 950.4 950.4 950.4 950.4 950.4 950.4 950.4 950.4 950.4 950.4 950.4 950.4 950.4 950.4 950.4 950.4 950.4 950.4 950.4 950.4 948.52 946.64 944.76 942.88 941.0 939.12 939.12 939.12 935.8 932.48 929.16 925.84 922.52 919.2 919.2 919.2 915.88 912.56 909.24 905.92 902.6 899.28 899.28 899.28 895.94 892.6 889.26
40.75 40.44 40.13 40.13 40.13 39.59 39.06 38.53 38.0 37.47 36.94 36.94 36.94 36.39 35.83 35.28 34.73 34.18 33.63 33.63 33.63 33.09 32.56 32.03 31.5 30.97 30.44 30.44 30.44 29.88 29.31 28.75 28.19 27.63 27.06 27.06 27.06 26.54 26.02 25.5 24.98 24.46 23.94 23.94 23.94 23.38 22.81 22.25 21.69 21.13 20.56 20.56 20.56 20.04 19.52 19.0 18.48 17.96 17.44 17.44 17.44 16.88 16.31 15.75 15.19 14.63 14.06 14.06 14.06 13.53 13.0 12.47 11.94 11.41 10.88 10.88 10.88 10.32 9.77 9.22 8.67 8.11 7.56 7.56 7.56 7.03 6.5 5.97 5.44 4.91 4.38 4.38 4.38 4.06 3.75 3.44 3.13 2.81 2.5 2.5 2.5 2.5 2.5 2.5 2.5 2.5 2.5 2.5 2.5 2.5 2.5 2.5 2.5 2.5 2.5 2.5 2.5 2.5 2.5 2.5 2.5 2.5 2.5 2.5 2.5 2.5 2.5 2.5 2.5 2.5 2.5 2.5 2.5 2.5 2.5 2.5 2.5 2.5 2.5 2.5 2.5 2.5 2.5 2.5 2.5 2.5 2.5 2.5 2.5 2.5 2.5 2.5 2.5 2.5 2.5 2.5 2.5 2.5 2.5 2.5 2.5 2.5 2.5 2.5 2.5 2.79 3.08 3.38 3.67 3.96 4.25 4.25 4.25 4.78 5.31 5.84 6.38 6.91 7.44 7.44 7.44 7.95 8.46 8.97 9.48 9.99 10.5 10.5 10.5 11.03 11.56 12.09 12.63 13.16 13.69 13.69 13.69 14.21 14.73 15.25 15.77 16.29 16.81 16.81 16.81 17.33 17.85 18.38 18.9 19.42 19.94 19.94 19.94 20.46 20.98 21.5 22.02 22.54 23.06 23.06 23.06 23.58 24.1 24.63 25.15 25.67 26.19 26.19 26.19 26.71 27.23 27.75 28.27 28.79 29.31 29.31 29.31 29.84 30.38 30.91 31.44 31.97 32.5 32.5 32.5 33.01 33.52 34.03 34.54 35.05 35.56 35.56 35.56 36.09 36.63 37.16 37.69 38.22 38.75 38.75 38.75 39.04 39.33 39.63 39.92 40.21 40.5 40.5 40.5 40.5 40.5 40.5 40.5 40.5 40.5 40.5 40.5 40.5 40.5 40.5 40.5 40.5 40.5 40.5 40.5 40.5 40.5 40.5 40.5 40.5 40.5 40.5 40.5 40.5 40.5 40.5 40.5 40.5 40.5 40.5 40.5 40.5 40.5 40.5 40.5 40.5 40.5 40.5 40.5 40.5 40.5 40.5 40.5 40.5 40.5 40.5 40.5 40.5 40.5 40.5 40.5 40.5 40.5 40.5 40.5 40.5 40.5 40.5 40.5 40.5 40.5 40.5 40.5 40.45 40.4 40.34 40.29 40.24 40.19 40.19 40.19 40.07 39.96 39.84 39.73 39.61 39.5 39.5 39.5 39.39 39.27 39.16 39.04 38.93 38.81 38.81 38.81 38.71 38.6 38.5
4.3 5.38 6.45 6.45 6.45 8.35 10.26 12.16 14.06 15.97 17.87 17.87 17.87 19.8 21.72 23.65 25.58 27.5 29.43 29.43 29.43 31.4 33.37 35.34 37.31 39.28 41.25 41.25 41.25 43.16 45.06 46.96 48.87 50.77 52.68 52.68 52.68 54.58 56.48 58.39 60.29 62.19 64.1 64.1 64.1 66.02 67.95 69.88 71.8 73.73 75.65 75.65 75.65 77.56 79.46 81.36 83.27 85.17 87.08 87.08 87.08 88.98 90.88 92.79 94.69 96.59 98.5 98.5 98.5 100.47 102.44 104.41 106.38 108.35 110.32 110.32 110.32 112.25 114.17 116.1 118.03 119.95 121.88 121.88 121.88 123.78 125.69 127.59 129.49 131.4 133.3 133.3 133.3 134.37 135.45 136.52 137.6 138.67 139.75 139.75 139.75 139.75 139.75 139.75 139.75 139.75 139.75 139.75 139.75 139.75 139.75 139.75 139.75 139.75 139.75 139.75 139.75 139.75 139.75 139.75 139.75 139.75 139.75 139.75 139.75 139.75 139.75 139.75 139.75 139.75 139.75 139.75 139.75 139.75 139.75 139.75 139.75 139.75 139.75 139.75 139.75 139.75 139.75 139.75 139.75 139.75 139.75 139.75 139.75 139.75 139.75 139.75 139.75 139.75 139.75 139.75 139.75 139.75 139.75 139.75 139.75 139.75 139.75 139.75 139.75 142.08 144.41 146.74 149.07 151.4 153.73 153.73 153.73 157.87 162.01 166.15 170.3 174.44 178.58 178.58 178.58 182.73 186.87 191.01 195.16 199.3 203.44 203.44 203.44 207.56 211.69 215.81 219.93 224.05 228.17 228.17 228.17 232.31 236.46 240.6 244.74 248.88 253.03 253.03 253.03 257.17 261.31 265.46 269.6 273.74 277.89 277.89 277.89 282.01 286.13 290.25 294.37 298.49 302.61 302.61 302.61 306.76 310.9 315.04 319.19 323.33 327.47 327.47 327.47 331.62 335.76 339.9 344.04 348.19 352.33 352.33 352.33 356.45 360.57 364.69 368.81 372.94 377.06 377.06 377.06 381.2 385.34 389.49 393.63 397.77 401.92 401.92 401.92 406.06 410.2 414.35 418.49 422.63 426.78 426.78 426.78 429.1 431.43 433.76 436.09 438.42 440.75 440.75 440.75 440.75 440.75 440.75 440.75 440.75 440.75 440.75 440.75 440.75 440.75 440.75 440.75 440.75 440.75 440.75 440.75 440.75 440.75 440.75 440.75 440.75 440.75 440.75 440.75 440.75 440.75 440.75 440.75 440.75 440.75 440.75 440.75 440.75 440.75 440.75 440.75 440.75 440.75 440.75 440.75 440.75 440.75 440.75 440.75 440.75 440.75 440.75 440.75 440.75 440.75 440.75 440.75 440.75 440.75 440.75 440.75 440.75 440.75 440.75 440.75 440.75 440.75 440.75 440.75 439.83 438.91 438.0 437.08 436.16 435.24 435.24 435.24 433.58 431.93 430.27 428.61 426.95 425.3 425.3 425.3 423.62 421.94 420.26 418.58 416.9 415.22 415.22 415.22 413.58 411.95 410.31
6128465716.0
1390376119.0
0.00479
0.00479
agregarAgente --DemandaFija
432.35 442.36 452.38 452.38 452.38 499.74 547.1 594.46 641.83 689.19 736.55 736.55 736.55 693.14 649.73 606.31 562.9 519.49 476.08 476.08 476.08 408.3 340.53 272.75 204.98 137.2 69.43 69.43 69.43 76.65 83.88 91.1 98.33 105.55 112.78 112.78 112.78 120.73 128.68 136.63 144.58 152.53 160.48 160.48 160.48 150.67 140.88 131.08 121.28 111.48 101.68 101.68 101.68 149.48 197.28 245.08 292.88 340.68 388.48 388.48 388.48 394.88 401.28 407.67 414.08 420.48 426.88 426.88 426.88 401.53 376.18 350.83 325.48 300.13 274.78 274.78 274.78 329.73 384.68 439.63 494.58 549.53 604.48 604.48 604.48 604.66 604.85 605.04 605.23 605.41 605.6 605.6 605.6 523.71 441.83 359.94 278.05 196.16 114.28 114.28 114.28 178.25 242.23 306.2 370.18 434.15 498.13 498.13 498.13 512.88 527.63 542.38 557.13 571.88 586.63 586.63 586.63 525.58 464.53 403.48 342.43 281.38 220.33 220.33 220.33 256.41 292.5 328.59 364.68 400.76 436.85 436.85 436.85 435.56 434.28 432.99 431.7 430.41 429.13 429.13 429.13 397.23 365.33 333.42 301.53 269.63 237.73 237.73 237.73 282.46 327.2 371.94 416.68 461.41 506.15 506.15 506.15 518.64 531.13 543.61 556.1 568.59 581.08 581.08 581.08 563.0 544.93 526.85 508.78 490.7 472.63 472.63 472.63 500.38 528.13 555.88 583.63 611.38 639.13 639.13 639.13 644.64 650.15 655.66 661.18 666.69 672.2 672.2 672.2 658.69 645.18 631.66 618.15 604.64 591.13 591.13 591.13 619.23 647.33 675.43 703.53 731.63 759.73 759.73 759.73 747.1 734.48 721.85 709.23 696.6 683.98 683.98 683.98 665.14 646.3 627.46 608.63 589.79 570.95 570.95 570.95 576.6 582.25 587.9 593.55 599.2 604.85 604.85 604.85 592.99 581.13 569.26 557.4 545.54 533.68 533.68 533.68 520.73 507.78 494.83 481.88 468.93 455.98 455.98 455.98 455.35 454.73 454.1 453.48 452.85 452.23 452.23 452.23 466.01 479.8 493.59 507.38 521.16 534.95 534.95 534.95 533.85 532.75 531.65 530.55 529.45 528.35 528.35 528.35 535.94 543.53 551.11 558.7 566.29 573.88 573.88 573.88 573.63 573.38 573.13 572.88 572.63 572.38 572.38 572.38 532.15 491.93 451.7 411.48 371.25 331.03 331.03 331.03 380.03 429.03 478.03 527.03 576.03 625.03 625.03 625.03 591.84 558.65 525.46 492.28 459.09 425.9 425.9 425.9 377.54 329.18 280.81 232.45 184.09 135.73 135.73 135.73 162.38 189.03 215.68 242.33 268.97 295.63 295.63 295.63 292.28 288.93 285.58 282.23 278.88 275.53 275.53 275.53 270.74 265.95 261.16 256.38 251.59 246.8 246.8 246.8 322.39 397.98 473.56 549.15 624.74 700.33 700.33 700.33 664.06 627.8 591.54 555.28 519.01 482.75 482.75 482.75 449.9 417.05 384.2
crearDespacho --fija
3200.0
configurarSolver --Gurobi
resolver --noConstante ejecuciones/bancos/recombinados/v1/directo/simple/v1_simple_000387.csv
finalizar
