inicializar --t 360
agregarAgente --RioNegro
0 0 0 0 0 0 0 0 0 0 0 0 0 0 0 0 0 0 0 0 0 0 0 0 0 0 0 0 0 0 0 0 0 0 0 0 0 0 0 0 0 0 0 0 0 0 0 0 0 0 0 0 0 0 0 0 0 0 0 0 0 0 0 0 0 0 0 0 0 0 0 0 0 0 0 0 0 0 0 0 0 0 0 0 0 0 0 0 0 0 0 0 0 0 0 0 0 0 0 0 0 0 0 0 0 0 0 0 0 0 0 0 0 0 0 0 0 0 0 0 0 0 0 0 0 0 0 0 0 0 0 0 0 0 0 0 0 0 0 0 0 0 0 0 0 0 0 0 0 0 0 0 0 0 0 0 0 0 0 0 0 0 0 0 0 0 0 0 0 0 0 0 0 0 0 0 0 0 0 0 0 0 0 0 0 0 0 0 0 0 0 0 0 0 0 0 0 0 0 0 0 0 0 0 0 0 0 0 0 0 0 0 0 0 0 0 0 0 0 0 0 0 0 0 0 0 0 0 0 0 0 0 0 0 0 0 0 0.08 0.17 0.25 0.33 0.42 0.5 0.5 0.5 0.68 0.87 1.05 1.23 1.42 1.6 1.6 1.6 1.78 1.97 2.15 2.33 2.52 2.7 2.7 2.7 2.87 3.03 3.2 3.37 3.53 3.7 3.7 3.7 3.88 4.07 4.25 4.43 4.62 4.8 4.8 4.8 4.98 5.17 5.35 5.53 5.72 5.9 5.9 5.9 6.07 6.23 6.4 6.57 6.73 6.9 6.9 6.9 7.08 7.27 7.45 7.63 7.82 8.0 8.0 8.0 8.18 8.37 8.55 8.73 8.92 9.1 9.1 9.1 9.27 9.43 9.6 9.77 9.93 10.1 10.1 10.1 10.28 10.47 10.65 10.83 11.02 11.2 11.2 11.2 11.38 11.57 11.75 11.93 12.12 12.3 12.3 12.3 12.38 12.47 12.55 12.63 12.72 12.8 12.8 12.8 12.8 12.8 12.8 12.8 12.8 12.8 12.8 12.8 12.8 12.8 12.8 12.8 12.8 12.8 12.8 12.8 12.8 12.8 12.8
2.2 2.2 2.2 2.2 2.2 2.2 2.2 2.2 2.2 2.2 2.2 2.2 2.2 2.2 2.2 2.2 2.2 2.2 2.2 2.2 2.2 2.2 2.2 2.2 2.2 2.2 2.2 2.2 2.2 2.2 2.2 2.2 2.2 2.2 2.2 2.2 2.2 2.2 2.2 2.2 2.2 2.2 2.2 2.2 2.2 2.2 2.2 2.2 2.2 2.2 2.2 2.2 2.2 2.2 2.2 2.2 2.2 2.2 2.2 2.2 2.2 2.2 2.2 2.2 2.2 2.2 2.2 2.2 2.2 2.2 2.2 2.2 2.2 2.2 2.2 2.2 2.2 2.23 2.27 2.3 2.33 2.37 2.4 2.4 2.4 2.4 2.4 2.4 2.4 2.4 2.4 2.4 2.4 2.43 2.47 2.5 2.53 2.57 2.6 2.6 2.6 2.6 2.6 2.6 2.6 2.6 2.6 2.6 2.6 2.63 2.67 2.7 2.73 2.77 2.8 2.8 2.8 2.8 2.8 2.8 2.8 2.8 2.8 2.8 2.8 2.83 2.87 2.9 2.93 2.97 3.0 3.0 3.0 3.0 3.0 3.0 3.0 3.0 3.0 3.0 3.0 3.03 3.07 3.1 3.13 3.17 3.2 3.2 3.2 3.2 3.2 3.2 3.2 3.2 3.2 3.2 3.2 3.23 3.27 3.3 3.33 3.37 3.4 3.4 3.4 3.4 3.4 3.4 3.4 3.4 3.4 3.4 3.4 3.4 3.4 3.4 3.4 3.4 3.4 3.4 3.4 3.4 3.4 3.4 3.4 3.4 3.4 3.4 3.4 3.4 3.4 3.4 3.4 3.4 3.4 3.4 3.4 3.4 3.4 3.4 3.4 3.4 3.4 3.4 3.4 3.4 3.4 3.4 3.4 3.4 3.4 3.4 3.4 3.4 3.4 3.4 3.4 3.4 3.4 3.4 3.4 3.4 3.4 3.4 3.4 3.4 3.4 3.4 3.4 3.4 3.4 3.4 3.4 3.4 3.4 3.4 3.4 3.38 3.35 3.33 3.3 3.28 3.25 3.25 3.25 3.2 3.15 3.1 3.05 3.0 2.95 2.95 2.95 2.9 2.86 2.81 2.77 2.72 2.68 2.68 2.68 2.63 2.58 2.54 2.49 2.45 2.4 2.4 2.4 2.35 2.31 2.26 2.22 2.17 2.13 2.13 2.13 2.08 2.03 1.99 1.94 1.9 1.85 1.85 1.85 1.8 1.75 1.7 1.65 1.6 1.55 1.55 1.55 1.5 1.46 1.41 1.37 1.32 1.28 1.28 1.28 1.23 1.18 1.14 1.09 1.05 1.0 1.0 1.0 0.95 0.91 0.86 0.82 0.77 0.73 0.73 0.73 0.68 0.63 0.59 0.54 0.5 0.45 0.45 0.45 0.4 0.35 0.3 0.25 0.2 0.15 0.15 0.15 0.13 0.1 0.08 0.05 0.03 0 0 0 0 0 0 0 0 0 0 0 0 0 0 0 0 0 0 0 0 0 0
18.32 18.26 18.2 18.2 18.2 18.2 18.2 18.2 18.2 18.2 18.2 18.2 18.2 18.2 18.2 18.2 18.2 18.2 18.2 18.2 18.2 18.2 18.2 18.2 18.2 18.2 18.2 18.2 18.2 18.2 18.2 18.2 18.2 18.2 18.2 18.2 18.2 18.2 18.2 18.2 18.2 18.2 18.2 18.2 18.2 18.2 18.2 18.2 18.2 18.2 18.2 18.2 18.2 18.2 18.2 18.2 18.2 18.2 18.2 18.2 18.2 18.2 18.2 18.2 18.2 18.2 18.2 18.2 18.2 18.13 18.05 17.98 17.91 17.84 17.76 17.76 17.76 17.63 17.5 17.37 17.24 17.11 16.97 16.97 16.97 16.84 16.71 16.58 16.45 16.32 16.19 16.19 16.19 16.04 15.9 15.75 15.6 15.46 15.31 15.31 15.31 15.18 15.05 14.92 14.79 14.66 14.52 14.52 14.52 14.39 14.26 14.13 14.0 13.87 13.74 13.74 13.74 13.59 13.45 13.3 13.15 13.01 12.86 12.86 12.86 12.73 12.6 12.47 12.34 12.21 12.08 12.08 12.08 11.94 11.81 11.68 11.55 11.42 11.29 11.29 11.29 11.14 11.0 10.85 10.7 10.56 10.41 10.41 10.41 10.28 10.15 10.02 9.89 9.76 9.63 9.63 9.63 9.49 9.36 9.23 9.1 8.97 8.84 8.84 8.84 8.76 8.69 8.62 8.55 8.47 8.4 8.4 8.4 8.4 8.4 8.4 8.4 8.4 8.4 8.4 8.4 8.4 8.4 8.4 8.4 8.4 8.4 8.4 8.4 8.4 8.4 8.4 8.4 8.4 8.4 8.4 8.4 8.4 8.4 8.4 8.4 8.4 8.4 8.4 8.4 8.4 8.4 8.4 8.4 8.4 8.4 8.4 8.4 8.4 8.4 8.4 8.4 8.4 8.4 8.4 8.4 8.4 8.4 8.4 8.4 8.4 8.4 8.4 8.4 8.4 8.4 8.4 8.4 8.4 8.4 8.4 8.4 8.4 8.4 8.4 8.4 8.4 8.4 8.4 8.4 8.5 8.6 8.71 8.81 8.91 9.01 9.01 9.01 9.03 9.04 9.06 9.07 9.09 9.1 9.1 9.1 9.14 9.19 9.23 9.27 9.32 9.36 9.36 9.36 9.44 9.51 9.58 9.65 9.73 9.8 9.8 9.8 9.8 9.8 9.8 9.8 9.8 9.8 9.8 9.8 9.92 10.03 10.15 10.27 10.38 10.5 10.5 10.5 10.5 10.5 10.5 10.5 10.5 10.5 10.5 10.5 10.57 10.65 10.72 10.79 10.86 10.94 10.94 10.94 10.98 11.03 11.07 11.11 11.16 11.2 11.2 11.2 11.21 11.23 11.24 11.26 11.27 11.29 11.29 11.29 11.39 11.49 11.59 11.7 11.8 11.9 11.9 11.9 11.9 11.9 11.9 11.9 11.9 11.9 11.9 11.9 11.9 11.9 11.9 11.9 11.9 11.9 11.9 11.9 11.9 11.9 11.9 11.9 11.9 11.9 11.9 11.9 11.9 11.9 11.9
5155584765.0
776879460.0
0.00479
0.00479
agregarAgente --DemandaFija
7.38 6.82 6.25 6.25 6.25 6.25 6.25 6.25 6.25 6.25 6.25 6.25 6.25 6.25 6.25 6.25 6.25 6.25 6.25 6.25 6.25 6.25 6.25 6.25 6.25 6.25 6.25 6.25 6.25 6.25 6.25 6.25 6.25 6.25 6.25 6.25 6.25 6.25 6.25 6.25 6.25 6.25 6.25 6.25 6.25 7.1 7.95 8.8 9.65 10.5 11.35 11.35 11.35 10.5 9.65 8.8 7.95 7.1 6.25 6.25 6.25 6.25 6.25 6.25 6.25 6.25 6.25 6.25 6.25 6.25 6.25 6.25 6.25 6.25 6.25 6.25 6.25 6.25 6.25 6.25 6.25 6.25 6.25 6.25 6.25 6.25 6.25 6.25 6.25 6.25 6.25 6.25 6.25 6.25 6.25 6.25 6.25 6.25 6.25 6.25 6.25 6.25 6.25 6.25 6.25 6.25 6.25 6.25 6.25 8.89 11.53 14.18 16.82 19.46 22.1 22.1 22.1 19.46 16.82 14.18 11.53 8.89 6.25 6.25 6.25 6.25 6.25 6.25 6.25 6.25 6.25 6.25 6.25 6.25 6.25 6.25 6.25 6.25 6.25 6.25 6.25 6.25 6.25 6.25 6.25 6.25 6.25 6.25 6.25 6.57 6.88 7.2 7.52 7.83 8.15 8.15 8.15 7.83 7.52 7.2 6.88 6.57 6.25 6.25 6.25 6.25 6.25 6.25 6.25 6.25 6.25 6.25 6.25 6.25 6.25 6.25 6.25 6.25 6.25 6.25 6.25 6.25 6.25 6.25 6.25 6.25 6.25 6.25 6.25 6.25 6.25 6.25 6.25 6.25 6.25 6.25 6.25 6.33 6.42 6.5 6.58 6.67 6.75 6.75 6.75 38.4 70.05 101.7 133.35 165.0 196.65 196.65 196.65 210.13 223.62 237.1 250.58 264.07 277.55 277.55 277.55 319.47 361.38 403.3 445.22 487.13 529.05 529.05 529.05 529.63 530.2 530.78 531.35 531.93 532.5 532.5 532.5 534.71 536.92 539.13 541.33 543.54 545.75 545.75 545.75 546.88 548.02 549.15 550.28 551.42 552.55 552.55 552.55 547.83 543.1 538.38 533.65 528.93 524.2 524.2 524.2 507.45 490.7 473.95 457.2 440.45 423.7 423.7 423.7 423.72 423.73 423.75 423.77 423.78 423.8 423.8 423.8 423.71 423.62 423.53 423.43 423.34 423.25 423.25 423.25 457.03 490.82 524.6 558.38 592.17 625.95 625.95 625.95 636.6 647.25 657.9 668.55 679.2 689.85 689.85 689.85 690.82 691.8 692.78 693.75 694.73 695.7 695.7 695.7 675.17 654.63 634.1 613.57 593.03 572.5 572.5 572.5 581.69 590.88 600.08 609.27 618.46 627.65 627.65 627.65 637.39 647.13 656.88 666.62 676.36 686.1 686.1 686.1 674.94 663.78 652.63 641.47 630.31 619.15 619.15 619.15 630.69 642.23 653.78 665.32 676.86 688.4 688.4 688.4 687.25 686.1 684.95 683.8 682.65 681.5 681.5 681.5 671.32 661.15 650.98
crearDespacho --fija
3200.0
configurarSolver --Gurobi
resolver --noConstante ejecuciones/bancos/recombinados/v1/directo/simple/v1_simple_000080.csv
finalizar
