inicializar --t 360
agregarAgente --RioNegro
0 0 0 0 0 0 0 0 0 0 0 0 0 0 0 0 0 0 0 0 0 0 0 0 0 0 0 0 0 0 0 0 0 0 0 0 0 0 0 0 0 0 0 0 0 0 0 0 0 0 0 0 0 0 0 0 0 0 0 0 0 0 0 0 0 0 0 0 0 0 0 0 0 0 0 0 0 0 0 0 0 0 0 0 0 0 0 0 0 0 0 0 0 0 0 0 0 0 0 0 0 0 0 0 0 0 0 0 0 0 0 0 0 0 0 0 0 0 0 0 0 0 0 0 0 0 0 0 0 0 0 0 0 0 0 0 0 0 0 0 0 0 0 0 0 0 0 0 0 0 0 0 0 0 0 0 0 0 0 0 0 0 0 0 0 0 0 0 0 0 0 0 0 0 0 0 0 0 0 0 0 0 0 0 0 0 0 0 0 0 0 0 0 0 0 0 0 0 0 0 0 0 0 0 0 0 0 0 0 0 0 0 0 0 0 0 0 0 0 0 0 0 0 0 0 0 0 0 0 0 0 0 0 0 0 0 0 0.08 0.17 0.25 0.33 0.42 0.5 0.5 0.5 0.68 0.87 1.05 1.23 1.42 1.6 1.6 1.6 1.78 1.97 2.15 2.33 2.52 2.7 2.7 2.7 2.87 3.03 3.2 3.37 3.53 3.7 3.7 3.7 3.88 4.07 4.25 4.43 4.62 4.8 4.8 4.8 4.98 5.17 5.35 5.53 5.72 5.9 5.9 5.9 6.07 6.23 6.4 6.57 6.73 6.9 6.9 6.9 7.08 7.27 7.45 7.63 7.82 8.0 8.0 8.0 8.18 8.37 8.55 8.73 8.92 9.1 9.1 9.1 9.27 9.43 9.6 9.77 9.93 10.1 10.1 10.1 10.28 10.47 10.65 10.83 11.02 11.2 11.2 11.2 11.38 11.57 11.75 11.93 12.12 12.3 12.3 12.3 12.38 12.47 12.55 12.63 12.72 12.8 12.8 12.8 12.8 12.8 12.8 12.8 12.8 12.8 12.8 12.8 12.8 12.8 12.8 12.8 12.8 12.8 12.8 12.8 12.8 12.8 12.8
2.2 2.2 2.2 2.2 2.2 2.2 2.2 2.2 2.2 2.2 2.2 2.2 2.2 2.2 2.2 2.2 2.2 2.2 2.2 2.2 2.2 2.2 2.2 2.2 2.2 2.2 2.2 2.2 2.2 2.2 2.2 2.2 2.2 2.2 2.2 2.2 2.2 2.2 2.2 2.2 2.2 2.2 2.2 2.2 2.2 2.2 2.2 2.2 2.2 2.2 2.2 2.2 2.2 2.2 2.2 2.2 2.2 2.2 2.2 2.2 2.2 2.2 2.2 2.2 2.2 2.2 2.2 2.2 2.2 2.2 2.2 2.2 2.2 2.2 2.2 2.2 2.2 2.23 2.27 2.3 2.33 2.37 2.4 2.4 2.4 2.4 2.4 2.4 2.4 2.4 2.4 2.4 2.4 2.43 2.47 2.5 2.53 2.57 2.6 2.6 2.6 2.6 2.6 2.6 2.6 2.6 2.6 2.6 2.6 2.63 2.67 2.7 2.73 2.77 2.8 2.8 2.8 2.8 2.8 2.8 2.8 2.8 2.8 2.8 2.8 2.83 2.87 2.9 2.93 2.97 3.0 3.0 3.0 3.0 3.0 3.0 3.0 3.0 3.0 3.0 3.0 3.03 3.07 3.1 3.13 3.17 3.2 3.2 3.2 3.2 3.2 3.2 3.2 3.2 3.2 3.2 3.2 3.23 3.27 3.3 3.33 3.37 3.4 3.4 3.4 3.4 3.4 3.4 3.4 3.4 3.4 3.4 3.4 3.4 3.4 3.4 3.4 3.4 3.4 3.4 3.4 3.4 3.4 3.4 3.4 3.4 3.4 3.4 3.4 3.4 3.4 3.4 3.4 3.4 3.4 3.4 3.4 3.4 3.4 3.4 3.4 3.4 3.4 3.4 3.4 3.4 3.4 3.4 3.4 3.4 3.4 3.4 3.4 3.4 3.4 3.4 3.4 3.4 3.4 3.4 3.4 3.4 3.4 3.4 3.4 3.4 3.4 3.4 3.4 3.4 3.4 3.4 3.4 3.4 3.4 3.4 3.4 3.38 3.35 3.33 3.3 3.28 3.25 3.25 3.25 3.2 3.15 3.1 3.05 3.0 2.95 2.95 2.95 2.9 2.86 2.81 2.77 2.72 2.68 2.68 2.68 2.63 2.58 2.54 2.49 2.45 2.4 2.4 2.4 2.35 2.31 2.26 2.22 2.17 2.13 2.13 2.13 2.08 2.03 1.99 1.94 1.9 1.85 1.85 1.85 1.8 1.75 1.7 1.65 1.6 1.55 1.55 1.55 1.5 1.46 1.41 1.37 1.32 1.28 1.28 1.28 1.23 1.18 1.14 1.09 1.05 1.0 1.0 1.0 0.95 0.91 0.86 0.82 0.77 0.73 0.73 0.73 0.68 0.63 0.59 0.54 0.5 0.45 0.45 0.45 0.4 0.35 0.3 0.25 0.2 0.15 0.15 0.15 0.13 0.1 0.08 0.05 0.03 0 0 0 0 0 0 0 0 0 0 0 0 0 0 0 0 0 0 0 0 0 0
18.32 18.26 18.2 18.2 18.2 18.2 18.2 18.2 18.2 18.2 18.2 18.2 18.2 18.2 18.2 18.2 18.2 18.2 18.2 18.2 18.2 18.2 18.2 18.2 18.2 18.2 18.2 18.2 18.2 18.2 18.2 18.2 18.2 18.2 18.2 18.2 18.2 18.2 18.2 18.2 18.2 18.2 18.2 18.2 18.2 18.2 18.2 18.2 18.2 18.2 18.2 18.2 18.2 18.2 18.2 18.2 18.2 18.2 18.2 18.2 18.2 18.2 18.2 18.2 18.2 18.2 18.2 18.2 18.2 18.13 18.05 17.98 17.91 17.84 17.76 17.76 17.76 17.63 17.5 17.37 17.24 17.11 16.97 16.97 16.97 16.84 16.71 16.58 16.45 16.32 16.19 16.19 16.19 16.04 15.9 15.75 15.6 15.46 15.31 15.31 15.31 15.18 15.05 14.92 14.79 14.66 14.52 14.52 14.52 14.39 14.26 14.13 14.0 13.87 13.74 13.74 13.74 13.59 13.45 13.3 13.15 13.01 12.86 12.86 12.86 12.73 12.6 12.47 12.34 12.21 12.08 12.08 12.08 11.94 11.81 11.68 11.55 11.42 11.29 11.29 11.29 11.14 11.0 10.85 10.7 10.56 10.41 10.41 10.41 10.28 10.15 10.02 9.89 9.76 9.63 9.63 9.63 9.49 9.36 9.23 9.1 8.97 8.84 8.84 8.84 8.76 8.69 8.62 8.55 8.47 8.4 8.4 8.4 8.4 8.4 8.4 8.4 8.4 8.4 8.4 8.4 8.4 8.4 8.4 8.4 8.4 8.4 8.4 8.4 8.4 8.4 8.4 8.4 8.4 8.4 8.4 8.4 8.4 8.4 8.4 8.4 8.4 8.4 8.4 8.4 8.4 8.4 8.4 8.4 8.4 8.4 8.4 8.4 8.4 8.4 8.4 8.4 8.4 8.4 8.4 8.4 8.4 8.4 8.4 8.4 8.4 8.4 8.4 8.4 8.4 8.4 8.4 8.4 8.4 8.4 8.4 8.4 8.4 8.4 8.4 8.4 8.4 8.4 8.4 8.4 8.5 8.6 8.71 8.81 8.91 9.01 9.01 9.01 9.03 9.04 9.06 9.07 9.09 9.1 9.1 9.1 9.14 9.19 9.23 9.27 9.32 9.36 9.36 9.36 9.44 9.51 9.58 9.65 9.73 9.8 9.8 9.8 9.8 9.8 9.8 9.8 9.8 9.8 9.8 9.8 9.92 10.03 10.15 10.27 10.38 10.5 10.5 10.5 10.5 10.5 10.5 10.5 10.5 10.5 10.5 10.5 10.57 10.65 10.72 10.79 10.86 10.94 10.94 10.94 10.98 11.03 11.07 11.11 11.16 11.2 11.2 11.2 11.21 11.23 11.24 11.26 11.27 11.29 11.29 11.29 11.39 11.49 11.59 11.7 11.8 11.9 11.9 11.9 11.9 11.9 11.9 11.9 11.9 11.9 11.9 11.9 11.9 11.9 11.9 11.9 11.9 11.9 11.9 11.9 11.9 11.9 11.9 11.9 11.9 11.9 11.9 11.9 11.9 11.9 11.9
5155584765.0
776879460.0
0.00479
0.00479
agregarAgente --DemandaFija
245.2 216.38 187.55 187.55 187.55 199.44 211.33 223.21 235.1 246.99 258.88 258.88 258.88 267.19 275.5 283.81 292.13 300.44 308.75 308.75 308.75 268.88 229.0 189.13 149.25 109.38 69.5 69.5 69.5 111.83 154.15 196.48 238.8 281.13 323.45 323.45 323.45 344.33 365.2 386.08 406.95 427.83 448.7 448.7 448.7 461.74 474.78 487.81 500.85 513.89 526.93 526.93 526.93 552.56 578.2 603.84 629.48 655.11 680.75 680.75 680.75 693.16 705.58 717.99 730.4 742.81 755.23 755.23 755.23 707.99 660.75 613.51 566.28 519.04 471.8 471.8 471.8 501.34 530.88 560.41 589.95 619.49 649.03 649.03 649.03 650.74 652.45 654.16 655.88 657.59 659.3 659.3 659.3 611.48 563.65 515.83 468.0 420.18 372.35 372.35 372.35 391.25 410.15 429.05 447.95 466.85 485.75 485.75 485.75 468.71 451.68 434.64 417.6 400.56 383.53 383.53 383.53 353.58 323.63 293.68 263.73 233.78 203.83 203.83 203.83 210.51 217.2 223.89 230.58 237.26 243.95 243.95 243.95 247.79 251.63 255.46 259.3 263.14 266.98 266.98 266.98 232.38 197.78 163.18 128.58 93.98 59.38 59.38 59.38 63.31 67.25 71.19 75.13 79.06 83.0 83.0 83.0 97.85 112.7 127.55 142.4 157.25 172.1 172.1 172.1 154.28 136.45 118.63 100.8 82.98 65.15 65.15 65.15 134.6 204.05 273.5 342.95 412.4 481.85 481.85 481.85 460.9 439.95 419.0 398.05 377.1 356.15 356.15 356.15 342.71 329.28 315.84 302.4 288.96 275.53 275.53 275.53 348.83 422.13 495.42 568.73 642.03 715.33 715.33 715.33 729.29 743.25 757.21 771.18 785.14 799.1 799.1 799.1 759.33 719.55 679.78 640.0 600.23 560.45 560.45 560.45 578.24 596.03 613.81 631.6 649.39 667.18 667.18 667.18 632.58 597.98 563.38 528.78 494.18 459.58 459.58 459.58 416.91 374.25 331.59 288.93 246.26 203.6 203.6 203.6 211.09 218.58 226.06 233.55 241.04 248.52 248.52 248.52 265.65 282.78 299.9 317.03 334.15 351.28 351.28 351.28 336.76 322.25 307.74 293.23 278.71 264.2 264.2 264.2 295.06 325.93 356.79 387.65 418.51 449.38 449.38 449.38 493.33 537.28 581.22 625.18 669.13 713.08 713.08 713.08 681.33 649.58 617.83 586.08 554.32 522.58 522.58 522.58 530.32 538.08 545.83 553.58 561.33 569.08 569.08 569.08 543.35 517.63 491.9 466.17 440.45 414.73 414.73 414.73 362.93 311.13 259.33 207.53 155.73 103.93 103.93 103.93 176.3 248.68 321.05 393.43 465.8 538.18 538.18 538.18 556.19 574.2 592.21 610.23 628.24 646.25 646.25 646.25 588.5 530.75 473.0 415.25 357.5 299.75 299.75 299.75 335.45 371.15 406.85 442.55 478.25 513.95 513.95 513.95 503.94 493.92 483.91 473.9 463.89 453.88 453.88 453.88 399.66 345.45 291.24
crearDespacho --fija
3200.0
configurarSolver --Gurobi
resolver --noConstante ejecuciones/bancos/recombinados/v1/directo/simple/v1_simple_000280.csv
finalizar
