inicializar --t 360
agregarAgente --RioNegro
171.04 174.14 177.24 177.24 177.24 180.3 183.36 186.42 189.48 192.54 195.6 195.6 195.6 198.72 201.84 204.96 208.08 211.2 214.32 214.32 214.32 216.04 217.76 219.48 221.2 222.92 224.64 224.64 224.64 224.64 224.64 224.64 224.64 224.64 224.64 224.64 224.64 224.64 224.64 224.64 224.64 224.64 224.64 224.64 224.64 224.64 224.64 224.64 224.64 224.64 224.64 224.64 224.64 224.64 224.64 224.64 224.64 224.64 224.64 224.64 224.64 224.64 224.64 224.64 224.64 224.64 224.64 224.64 224.64 224.64 224.64 224.64 224.64 224.64 224.64 224.64 224.64 224.64 224.64 224.64 224.64 224.64 224.64 224.64 224.64 224.64 224.64 224.64 224.64 224.64 224.64 224.64 224.64 223.16 221.68 220.2 218.72 217.24 215.76 215.76 215.76 213.08 210.4 207.72 205.04 202.36 199.68 199.68 199.68 197.04 194.4 191.76 189.12 186.48 183.84 183.84 183.84 181.2 178.56 175.92 173.28 170.64 168.0 168.0 168.0 165.32 162.64 159.96 157.28 154.6 151.92 151.92 151.92 149.32 146.72 144.12 141.52 138.92 136.32 136.32 136.32 133.6 130.88 128.16 125.44 122.72 120.0 120.0 120.0 117.4 114.8 112.2 109.6 107.0 104.4 104.4 104.4 101.72 99.04 96.36 93.68 91.0 88.32 88.32 88.32 85.68 83.04 80.4 77.76 75.12 72.48 72.48 72.48 69.84 67.2 64.56 61.92 59.28 56.64 56.64 56.64 53.96 51.28 48.6 45.92 43.24 40.56 40.56 40.56 39.08 37.6 36.12 34.64 33.16 31.68 31.68 31.68 31.68 31.68 31.68 31.68 31.68 31.68 31.68 31.68 31.68 31.68 31.68 31.68 31.68 31.68 31.68 31.68 31.68 31.68 31.68 31.68 31.68 31.68 31.68 31.68 31.68 31.68 31.68 31.68 31.68 31.68 31.68 31.68 31.68 31.68 31.68 31.68 31.68 31.68 31.68 31.68 31.68 31.68 31.68 31.68 31.68 31.68 31.68 31.68 31.68 31.68 31.68 31.68 31.68 31.68 31.68 31.68 31.68 31.68 31.68 31.68 31.68 31.68 31.68 31.68 31.44 31.2 30.96 30.72 30.48 30.24 30.24 30.24 29.82 29.4 28.98 28.56 28.14 27.72 27.72 27.72 27.28 26.84 26.4 25.96 25.52 25.08 25.08 25.08 24.6 24.12 23.64 23.16 22.68 22.2 22.2 22.2 21.78 21.36 20.94 20.52 20.1 19.68 19.68 19.68 19.26 18.84 18.42 18.0 17.58 17.16 17.16 17.16 16.72 16.28 15.84 15.4 14.96 14.52 14.52 14.52 14.1 13.68 13.26 12.84 12.42 12.0 12.0 12.0 11.58 11.16 10.74 10.32 9.9 9.48 9.48 9.48 9.0 8.52 8.04 7.56 7.08 6.6 6.6 6.6 6.16 5.72 5.28 4.84 4.4 3.96 3.96 3.96 3.54 3.12 2.7 2.28 1.86 1.44 1.44 1.44 1.2 0.96 0.72
13.33 13.57 13.81 13.81 13.81 14.05 14.29 14.53 14.77 15.01 15.25 15.25 15.25 15.49 15.73 15.97 16.21 16.45 16.69 16.69 16.69 16.82 16.96 17.09 17.23 17.36 17.5 17.5 17.5 17.5 17.5 17.5 17.5 17.5 17.5 17.5 17.5 17.5 17.5 17.5 17.5 17.5 17.5 17.5 17.5 17.5 17.5 17.5 17.5 17.5 17.5 17.5 17.5 17.5 17.5 17.5 17.5 17.5 17.5 17.5 17.5 17.5 17.5 17.5 17.5 17.5 17.5 17.5 17.5 17.5 17.5 17.5 17.5 17.5 17.5 17.5 17.5 17.5 17.5 17.5 17.5 17.5 17.5 17.5 17.5 17.5 17.5 17.5 17.5 17.5 17.5 17.5 17.5 17.36 17.23 17.09 16.96 16.82 16.69 16.69 16.69 16.45 16.21 15.97 15.73 15.49 15.25 15.25 15.25 15.01 14.77 14.53 14.29 14.05 13.81 13.81 13.81 13.57 13.33 13.09 12.85 12.61 12.38 12.38 12.38 12.14 11.9 11.66 11.42 11.18 10.94 10.94 10.94 10.69 10.44 10.19 9.94 9.69 9.44 9.44 9.44 9.21 8.98 8.75 8.52 8.29 8.06 8.06 8.06 7.81 7.56 7.31 7.06 6.81 6.56 6.56 6.56 6.32 6.08 5.84 5.6 5.36 5.13 5.13 5.13 4.89 4.65 4.41 4.17 3.93 3.69 3.69 3.69 3.45 3.21 2.97 2.73 2.49 2.25 2.25 2.25 2.01 1.77 1.53 1.29 1.05 0.81 0.81 0.81 0.68 0.54 0.41 0.27 0.14 0 0 0 0 0 0 0 0 0 0 0 0 0 0 0 0 0 0 0 0 0 0 0 0 0 0 0 0 0 0 0 0 0 0 0 0 0 0 0 0 0 0 0 0 0 0 0 0 0 0 0 0 0 0 0 0 0 0 0 0 0 0 0 0 0 0 0 0.26 0.52 0.78 1.04 1.3 1.56 1.56 1.56 2.02 2.48 2.94 3.4 3.85 4.31 4.31 4.31 4.78 5.25 5.72 6.19 6.66 7.13 7.13 7.13 7.57 8.02 8.47 8.92 9.36 9.81 9.81 9.81 10.28 10.75 11.22 11.69 12.16 12.63 12.63 12.63 13.07 13.52 13.97 14.42 14.86 15.31 15.31 15.31 15.79 16.27 16.75 17.23 17.71 18.19 18.19 18.19 18.64 19.08 19.53 19.98 20.43 20.88 20.88 20.88 21.34 21.81 22.28 22.75 23.22 23.69 23.69 23.69 24.14 24.58 25.03 25.48 25.93 26.38 26.38 26.38 26.84 27.31 27.78 28.25 28.72 29.19 29.19 29.19 29.65 30.1 30.56 31.02 31.48 31.94 31.94 31.94 32.2 32.46 32.72
30.01 29.32 28.62 28.62 28.62 27.97 27.32 26.67 26.02 25.37 24.72 24.72 24.72 24.01 23.29 22.58 21.86 21.14 20.43 20.43 20.43 20.07 19.71 19.35 18.99 18.63 18.28 18.28 18.28 18.28 18.28 18.28 18.28 18.28 18.28 18.28 18.28 18.28 18.28 18.28 18.28 18.28 18.28 18.28 18.28 18.28 18.28 18.28 18.28 18.28 18.28 18.28 18.28 18.28 18.28 18.28 18.28 18.28 18.28 18.28 18.28 18.28 18.28 18.28 18.28 18.28 18.28 18.28 18.28 18.28 18.28 18.28 18.28 18.28 18.28 18.28 18.28 18.28 18.28 18.28 18.28 18.28 18.28 18.28 18.28 18.28 18.28 18.28 18.28 18.28 18.28 18.28 18.28 18.63 18.99 19.35 19.71 20.07 20.43 20.43 20.43 21.1 21.77 22.44 23.11 23.78 24.46 24.46 24.46 25.13 25.8 26.47 27.14 27.82 28.49 28.49 28.49 29.16 29.83 30.5 31.17 31.85 32.52 32.52 32.52 33.19 33.86 34.53 35.21 35.88 36.55 36.55 36.55 37.18 37.8 38.43 39.06 39.69 40.31 40.31 40.31 41.03 41.75 42.46 43.18 43.9 44.61 44.61 44.61 45.24 45.87 46.49 47.12 47.75 48.38 48.38 48.38 49.05 49.72 50.39 51.06 51.73 52.41 52.41 52.41 53.08 53.75 54.42 55.09 55.77 56.44 56.44 56.44 57.11 57.78 58.45 59.13 59.8 60.47 60.47 60.47 61.14 61.81 62.48 63.16 63.83 64.5 64.5 64.5 64.86 65.22 65.57 65.93 66.29 66.65 66.65 66.65 66.65 66.65 66.65 66.65 66.65 66.65 66.65 66.65 66.65 66.65 66.65 66.65 66.65 66.65 66.65 66.65 66.65 66.65 66.65 66.65 66.65 66.65 66.65 66.65 66.65 66.65 66.65 66.65 66.65 66.65 66.65 66.65 66.65 66.65 66.65 66.65 66.65 66.65 66.65 66.65 66.65 66.65 66.65 66.65 66.65 66.65 66.65 66.65 66.65 66.65 66.65 66.65 66.65 66.65 66.65 66.65 66.65 66.65 66.65 66.65 66.65 66.65 66.65 66.65 66.13 65.62 65.1 64.59 64.07 63.56 63.56 63.56 62.64 61.72 60.8 59.89 58.97 58.05 58.05 58.05 57.13 56.21 55.3 54.38 53.46 52.54 52.54 52.54 51.62 50.7 49.79 48.87 47.95 47.03 47.03 47.03 46.11 45.19 44.28 43.36 42.44 41.52 41.52 41.52 40.63 39.73 38.83 37.94 37.04 36.15 36.15 36.15 35.21 34.27 33.33 32.38 31.44 30.5 30.5 30.5 29.61 28.71 27.82 26.92 26.02 25.13 25.13 25.13 24.21 23.29 22.37 21.46 20.54 19.62 19.62 19.62 18.7 17.78 16.86 15.95 15.03 14.11 14.11 14.11 13.19 12.27 11.35 10.44 9.52 8.6 8.6 8.6 7.68 6.76 5.85 4.93 4.01 3.09 3.09 3.09 2.58 2.06 1.55
6897851102.0
891878013.0
0.00479
0.00479
agregarAgente --DemandaFija
196.18 134.87 73.55 73.55 73.55 119.86 166.17 212.48 258.78 305.09 351.4 351.4 351.4 377.68 403.97 430.25 456.53 482.82 509.1 509.1 509.1 441.84 374.58 307.33 240.07 172.81 105.55 105.55 105.55 155.53 205.5 255.48 305.45 355.43 405.4 405.4 405.4 422.16 438.92 455.68 472.43 489.19 505.95 505.95 505.95 435.38 364.8 294.23 223.65 153.08 82.5 82.5 82.5 133.98 185.45 236.93 288.4 339.88 391.35 391.35 391.35 403.52 415.68 427.85 440.02 452.18 464.35 464.35 464.35 399.39 334.43 269.48 204.52 139.56 74.6 74.6 74.6 118.16 161.72 205.28 248.83 292.39 335.95 335.95 335.95 347.03 358.12 369.2 380.28 391.37 402.45 402.45 402.45 338.9 275.35 211.8 148.25 84.7 21.15 21.15 21.15 60.43 99.7 138.98 178.25 217.53 256.8 256.8 256.8 286.42 316.03 345.65 375.27 404.88 434.5 434.5 434.5 367.43 300.37 233.3 166.23 99.17 32.1 32.1 32.1 52.73 73.35 93.98 114.6 135.23 155.85 155.85 155.85 178.64 201.43 224.23 247.02 269.81 292.6 292.6 292.6 250.58 208.57 166.55 124.53 82.52 40.5 40.5 40.5 88.48 136.47 184.45 232.43 280.42 328.4 328.4 328.4 349.63 370.85 392.08 413.3 434.53 455.75 455.75 455.75 423.56 391.37 359.18 326.98 294.79 262.6 262.6 262.6 270.96 279.32 287.68 296.03 304.39 312.75 312.75 312.75 330.79 348.83 366.88 384.92 402.96 421.0 421.0 421.0 394.6 368.2 341.8 315.4 289.0 262.6 262.6 262.6 265.2 267.8 270.4 273.0 275.6 278.2 278.2 278.2 287.21 296.22 305.23 314.23 323.24 332.25 332.25 332.25 320.59 308.93 297.28 285.62 273.96 262.3 262.3 262.3 271.08 279.87 288.65 297.43 306.22 315.0 315.0 315.0 330.02 345.03 360.05 375.07 390.08 405.1 405.1 405.1 381.27 357.43 333.6 309.77 285.93 262.1 262.1 262.1 265.64 269.18 272.73 276.27 279.81 283.35 283.35 283.35 296.83 310.32 323.8 337.28 350.77 364.25 364.25 364.25 368.45 372.65 376.85 381.05 385.25 389.45 389.45 389.45 398.16 406.87 415.58 424.28 432.99 441.7 441.7 441.7 455.51 469.32 483.13 496.93 510.74 524.55 524.55 524.55 513.78 503.02 492.25 481.48 470.72 459.95 459.95 459.95 457.93 455.92 453.9 451.88 449.87 447.85 447.85 447.85 446.08 444.32 442.55 440.78 439.02 437.25 437.25 437.25 438.29 439.33 440.38 441.42 442.46 443.5 443.5 443.5 448.23 452.97 457.7 462.43 467.17 471.9 471.9 471.9 487.44 502.98 518.53 534.07 549.61 565.15 565.15 565.15 527.42 489.68 451.95 414.22 376.48 338.75 338.75 338.75 337.32 335.88 334.45 333.02 331.58 330.15 330.15 330.15 348.3 366.45 384.6 402.75 420.9 439.05 439.05 439.05 409.4 379.75 350.1
crearDespacho --fija
3200.0
configurarSolver --Gurobi
resolver --noConstante ejecuciones/bancos/recombinados/v1/directo/simple/v1_simple_000349.csv
finalizar
