inicializar --t 360
agregarAgente --RioNegro
332.16 332.16 332.16 332.16 332.16 332.16 332.16 332.16 332.16 332.16 332.16 332.16 332.16 332.16 332.16 332.16 332.16 332.16 332.16 332.16 332.16 330.72 329.28 327.84 326.4 324.96 323.52 323.52 323.52 320.82 318.12 315.42 312.72 310.02 307.32 307.32 307.32 304.74 302.16 299.58 297.0 294.42 291.84 291.84 291.84 289.22 286.6 283.98 281.36 278.74 276.12 276.12 276.12 273.46 270.8 268.14 265.48 262.82 260.16 260.16 260.16 257.6 255.04 252.48 249.92 247.36 244.8 244.8 244.8 242.08 239.36 236.64 233.92 231.2 228.48 228.48 228.48 225.92 223.36 220.8 218.24 215.68 213.12 213.12 213.12 210.46 207.8 205.14 202.48 199.82 197.16 197.16 197.16 194.54 191.92 189.3 186.68 184.06 181.44 181.44 181.44 178.86 176.28 173.7 171.12 168.54 165.96 165.96 165.96 163.26 160.56 157.86 155.16 152.46 149.76 149.76 149.76 148.32 146.88 145.44 144.0 142.56 141.12 141.12 141.12 141.12 141.12 141.12 141.12 141.12 141.12 141.12 141.12 141.12 141.12 141.12 141.12 141.12 141.12 141.12 141.12 141.12 141.12 141.12 141.12 141.12 141.12 141.12 141.12 141.12 141.12 141.12 141.12 141.12 141.12 141.12 141.12 141.12 141.12 141.12 141.12 141.12 141.12 141.12 141.12 141.12 141.12 141.12 141.12 141.12 141.12 141.12 141.12 141.12 141.12 141.12 141.12 141.12 141.12 141.12 141.12 141.12 141.12 141.12 141.12 141.12 141.12 141.12 141.12 146.0 150.88 155.76 160.64 165.52 170.4 170.4 170.4 179.04 187.68 196.32 204.96 213.6 222.24 222.24 222.24 230.9 239.56 248.22 256.88 265.54 274.2 274.2 274.2 282.86 291.52 300.18 308.84 317.5 326.16 326.16 326.16 334.82 343.48 352.14 360.8 369.46 378.12 378.12 378.12 386.78 395.44 404.1 412.76 421.42 430.08 430.08 430.08 438.72 447.36 456.0 464.64 473.28 481.92 481.92 481.92 490.58 499.24 507.9 516.56 525.22 533.88 533.88 533.88 542.54 551.2 559.86 568.52 577.18 585.84 585.84 585.84 594.5 603.16 611.82 620.48 629.14 637.8 637.8 637.8 646.46 655.12 663.78 672.44 681.1 689.76 689.76 689.76 698.4 707.04 715.68 724.32 732.96 741.6 741.6 741.6 746.48 751.36 756.24 761.12 766.0 770.88 770.88 770.88 770.88 770.88 770.88 770.88 770.88 770.88 770.88 770.88 770.88 770.88 770.88 770.88 770.88 770.88 770.88 770.88 770.88 770.88 770.88 770.88 770.88 770.88 770.88 770.88 770.88 770.88 770.88 770.88 770.88 770.88 770.88 770.88 770.88 770.88 770.88 770.88 770.88 770.88 770.88 770.88 770.88 770.88 770.88 770.88 770.88 770.88 770.88 770.88 770.88 770.88 770.88 770.88 770.88 770.88 770.88 770.88 770.88 770.88 770.88 770.88 770.88 770.88 770.88 770.88 773.84 776.8 779.76
0.8 0.8 0.8 0.8 0.8 0.8 0.8 0.8 0.8 0.8 0.8 0.8 0.8 0.8 0.8 0.8 0.8 0.8 0.8 0.8 0.8 0.8 0.8 0.8 0.8 0.8 0.8 0.8 0.8 0.8 0.8 0.8 0.8 0.8 0.8 0.8 0.8 0.8 0.8 0.8 0.8 0.8 0.8 0.8 0.8 0.8 0.8 0.8 0.8 0.8 0.8 0.8 0.8 0.8 0.8 0.8 0.8 0.8 0.8 0.8 0.8 0.8 0.8 0.8 0.8 0.8 0.8 0.8 0.8 0.67 0.53 0.4 0.27 0.13 0 0 0 0 0 0 0 0 0 0 0 0 0 0 0 0 0 0 0 0 0 0 0 0 0 0 0 0 0 0 0 0 0 0 0 0 0 0 0 0 0 0 0 0 0 0 0 0 0 0 0 0 0 0 0 0 0 0 0 0 0 0 0 0 0 0 0 0 0 0 0 0 0 0 0 0 0 0 0 0 0 0 0 0 0 0 0 0 0 0 0 0 0 0 0 0 0 0 0 0 0 0 0 0 0 0 0 0 0 0 0 0 0 0 0 0.47 0.93 1.4 1.87 2.33 2.8 2.8 2.8 3.65 4.5 5.35 6.2 7.05 7.9 7.9 7.9 8.72 9.53 10.35 11.17 11.98 12.8 12.8 12.8 13.65 14.5 15.35 16.2 17.05 17.9 17.9 17.9 18.73 19.57 20.4 21.23 22.07 22.9 22.9 22.9 23.73 24.57 25.4 26.23 27.07 27.9 27.9 27.9 28.73 29.57 30.4 31.23 32.07 32.9 32.9 32.9 33.73 34.57 35.4 36.23 37.07 37.9 37.9 37.9 38.73 39.57 40.4 41.23 42.07 42.9 42.9 42.9 43.75 44.6 45.45 46.3 47.15 48.0 48.0 48.0 48.82 49.63 50.45 51.27 52.08 52.9 52.9 52.9 53.75 54.6 55.45 56.3 57.15 58.0 58.0 58.0 58.47 58.93 59.4 59.87 60.33 60.8 60.8 60.8 60.8 60.8 60.8 60.8 60.8 60.8 60.8 60.8 60.8 60.8 60.8 60.8 60.8 60.8 60.8 60.8 60.8 60.8 60.8 60.8 60.8 60.8 60.8 60.8 60.8 60.8 60.8 60.8 60.8 60.8 60.8 60.8 60.8 60.8 60.8 60.8 60.8 60.8 60.8 60.8 60.8 60.8 60.8 60.8 60.8 60.8 60.8 60.8 60.8 60.8 60.8 60.8 60.8 60.8 60.8 60.8 60.8 60.8 60.8 60.8 60.8 60.8 60.8 60.8 61.77 62.73 63.7
401.1 401.1 401.1 401.1 401.1 401.1 401.1 401.1 401.1 401.1 401.1 401.1 401.1 401.1 401.1 401.1 401.1 401.1 401.1 401.1 401.1 398.45 395.79 393.14 390.48 387.83 385.17 385.17 385.17 380.42 375.67 370.91 366.16 361.4 356.65 356.65 356.65 351.93 347.2 342.47 337.75 333.02 328.3 328.3 328.3 323.58 318.85 314.13 309.4 304.68 299.95 299.95 299.95 295.2 290.44 285.69 280.93 276.18 271.42 271.42 271.42 266.73 262.03 257.34 252.64 247.95 243.25 243.25 243.25 238.47 233.68 228.9 224.12 219.33 214.55 214.55 214.55 209.85 205.16 200.46 195.77 191.07 186.38 186.38 186.38 181.62 176.87 172.11 167.36 162.6 157.85 157.85 157.85 153.13 148.4 143.68 138.95 134.23 129.5 129.5 129.5 124.77 120.05 115.32 110.6 105.88 101.15 101.15 101.15 96.4 91.64 86.89 82.13 77.38 72.63 72.63 72.63 69.97 67.32 64.66 62.01 59.35 56.7 56.7 56.7 56.7 56.7 56.7 56.7 56.7 56.7 56.7 56.7 56.7 56.7 56.7 56.7 56.7 56.7 56.7 56.7 56.7 56.7 56.7 56.7 56.7 56.7 56.7 56.7 56.7 56.7 56.7 56.7 56.7 56.7 56.7 56.7 56.7 56.7 56.7 56.7 56.7 56.7 56.7 56.7 56.7 56.7 56.7 56.7 56.7 56.7 56.7 56.7 56.7 56.7 56.7 56.7 56.7 56.7 56.7 56.7 56.7 56.7 56.7 56.7 56.7 56.7 56.7 56.7 56.6 56.5 56.39 56.29 56.19 56.09 56.09 56.09 55.9 55.71 55.52 55.33 55.14 54.95 54.95 54.95 54.76 54.57 54.38 54.19 54.0 53.81 53.81 53.81 53.65 53.49 53.33 53.17 53.01 52.85 52.85 52.85 52.66 52.47 52.28 52.09 51.9 51.71 51.71 51.71 51.54 51.36 51.19 51.01 50.84 50.66 50.66 50.66 50.46 50.25 50.05 49.85 49.64 49.44 49.44 49.44 49.26 49.09 48.91 48.74 48.56 48.39 48.39 48.39 48.2 48.01 47.82 47.63 47.44 47.25 47.25 47.25 47.09 46.93 46.77 46.61 46.45 46.29 46.29 46.29 46.1 45.91 45.72 45.53 45.34 45.15 45.15 45.15 44.96 44.77 44.58 44.39 44.2 44.01 44.01 44.01 43.91 43.81 43.71 43.6 43.5 43.4 43.4 43.4 43.4 43.4 43.4 43.4 43.4 43.4 43.4 43.4 43.4 43.4 43.4 43.4 43.4 43.4 43.4 43.4 43.4 43.4 43.4 43.4 43.4 43.4 43.4 43.4 43.4 43.4 43.4 43.4 43.4 43.4 43.4 43.4 43.4 43.4 43.4 43.4 43.4 43.4 43.4 43.4 43.4 43.4 43.4 43.4 43.4 43.4 43.4 43.4 43.4 43.4 43.4 43.4 43.4 43.4 43.4 43.4 43.4 43.4 43.4 43.4 43.4 43.4 43.4 43.4 48.55 53.7 58.84
3007478260.0
1552083428.0
0.00633
0.00326
agregarAgente --DemandaFija
604.65 534.81 464.98 464.98 464.98 510.06 555.15 600.24 645.33 690.41 735.5 735.5 735.5 760.23 784.95 809.68 834.4 859.13 883.85 883.85 883.85 843.41 802.98 762.54 722.1 681.66 641.23 641.23 641.23 673.68 706.13 738.58 771.03 803.48 835.93 835.93 835.93 866.56 897.2 927.84 958.47 989.11 1019.75 1019.75 1019.75 933.2 846.65 760.1 673.55 587.0 500.45 500.45 500.45 517.11 533.78 550.44 567.1 583.76 600.43 600.43 600.43 618.15 635.88 653.6 671.33 689.05 706.78 706.78 706.78 631.76 556.75 481.74 406.73 331.71 256.7 256.7 256.7 341.98 427.25 512.53 597.8 683.08 768.35 768.35 768.35 757.58 746.8 736.03 725.25 714.48 703.7 703.7 703.7 614.48 525.25 436.03 346.8 257.58 168.35 168.35 168.35 229.38 290.4 351.42 412.45 473.48 534.5 534.5 534.5 535.26 536.03 536.79 537.55 538.31 539.08 539.08 539.08 484.75 430.43 376.1 321.78 267.45 213.13 213.13 213.13 303.39 393.65 483.91 574.18 664.44 754.7 754.7 754.7 718.94 683.18 647.41 611.65 575.89 540.13 540.13 540.13 462.24 384.35 306.46 228.58 150.69 72.8 72.8 72.8 98.75 124.7 150.65 176.6 202.55 228.5 228.5 228.5 261.49 294.48 327.46 360.45 393.44 426.43 426.43 426.43 442.2 457.98 473.75 489.53 505.3 521.08 521.08 521.08 548.01 574.95 601.89 628.83 655.76 682.7 682.7 682.7 661.23 639.75 618.28 596.8 575.33 553.85 553.85 553.85 525.25 496.65 468.05 439.45 410.85 382.25 382.25 382.25 403.41 424.58 445.74 466.9 488.06 509.23 509.23 509.23 492.65 476.08 459.5 442.93 426.35 409.78 409.78 409.78 375.05 340.33 305.6 270.88 236.15 201.43 201.43 201.43 280.58 359.73 438.88 518.03 597.18 676.33 676.33 676.33 721.29 766.25 811.21 856.18 901.14 946.1 946.1 946.1 882.9 819.7 756.5 693.3 630.1 566.9 566.9 566.9 613.28 659.65 706.03 752.4 798.78 845.15 845.15 845.15 822.63 800.1 777.58 755.05 732.53 710.0 710.0 710.0 653.49 596.98 540.46 483.95 427.44 370.93 370.93 370.93 426.34 481.75 537.16 592.58 647.99 703.4 703.4 703.4 711.93 720.45 728.98 737.5 746.03 754.55 754.55 754.55 664.49 574.43 484.36 394.3 304.24 214.18 214.18 214.18 264.76 315.35 365.94 416.53 467.11 517.7 517.7 517.7 559.57 601.45 643.33 685.2 727.08 768.95 768.95 768.95 743.74 718.53 693.31 668.1 642.89 617.68 617.68 617.68 638.9 660.13 681.35 702.58 723.8 745.03 745.03 745.03 734.18 723.33 712.48 701.63 690.78 679.93 679.93 679.93 647.05 614.18 581.3 548.43 515.55 482.67 482.67 482.67 540.99 599.3 657.61 715.93 774.24 832.55 832.55 832.55 852.86 873.18 893.49 913.8 934.11 954.43 954.43 954.43 912.24 870.05 827.86
crearDespacho --fija
1600.0
configurarSolver --Gurobi
resolver --noConstante ejecuciones/bancos/recombinados/v1/directo/simple/v1_simple_000412.csv
finalizar
