inicializar --t 360
agregarAgente --RioNegro
12.8 12.8 12.8 12.8 12.8 12.8 12.8 12.8 12.8 12.8 12.8 12.8 12.8 12.8 12.8 12.8 12.8 12.8 12.8 12.8 12.8 12.8 12.8 12.8 12.8 12.8 12.8 12.8 12.8 12.8 12.8 12.8 12.8 12.8 12.8 12.8 12.8 12.8 12.8 12.8 12.8 12.8 12.8 12.8 12.8 14.22 15.63 17.05 18.47 19.88 21.3 21.3 21.3 23.82 26.33 28.85 31.37 33.88 36.4 36.4 36.4 38.92 41.43 43.95 46.47 48.98 51.5 51.5 51.5 54.02 56.53 59.05 61.57 64.08 66.6 66.6 66.6 69.12 71.63 74.15 76.67 79.18 81.7 81.7 81.7 84.23 86.77 89.3 91.83 94.37 96.9 96.9 96.9 99.4 101.9 104.4 106.9 109.4 111.9 111.9 111.9 114.43 116.97 119.5 122.03 124.57 127.1 127.1 127.1 129.62 132.13 134.65 137.17 139.68 142.2 142.2 142.2 144.72 147.23 149.75 152.27 154.78 157.3 157.3 157.3 159.82 162.33 164.85 167.37 169.88 172.4 172.4 172.4 174.92 177.43 179.95 182.47 184.98 187.5 187.5 187.5 188.92 190.33 191.75 193.17 194.58 196.0 196.0 196.0 196.0 196.0 196.0 196.0 196.0 196.0 196.0 196.0 196.0 196.0 196.0 196.0 196.0 196.0 196.0 196.0 196.0 196.0 196.0 196.0 196.0 196.0 196.0 196.0 196.0 196.0 196.0 196.0 196.0 196.0 196.0 196.0 196.0 196.0 196.0 196.0 196.0 196.0 196.0 196.0 196.0 196.0 196.0 196.0 196.0 196.0 196.0 196.0 196.0 196.0 196.0 196.0 196.0 196.0 196.0 196.0 196.0 196.0 196.0 196.0 196.0 196.0 196.0 196.0 194.57 193.13 191.7 190.27 188.83 187.4 187.4 187.4 184.85 182.3 179.75 177.2 174.65 172.1 172.1 172.1 169.55 167.0 164.45 161.9 159.35 156.8 156.8 156.8 154.23 151.67 149.1 146.53 143.97 141.4 141.4 141.4 138.87 136.33 133.8 131.27 128.73 126.2 126.2 126.2 123.65 121.1 118.55 116.0 113.45 110.9 110.9 110.9 108.33 105.77 103.2 100.63 98.07 95.5 95.5 95.5 92.95 90.4 87.85 85.3 82.75 80.2 80.2 80.2 77.67 75.13 72.6 70.07 67.53 65.0 65.0 65.0 62.43 59.87 57.3 54.73 52.17 49.6 49.6 49.6 47.05 44.5 41.95 39.4 36.85 34.3 34.3 34.3 31.75 29.2 26.65 24.1 21.55 19.0 19.0 19.0 17.57 16.13 14.7 13.27 11.83 10.4 10.4 10.4 10.4 10.4 10.4 10.4 10.4 10.4 10.4 10.4 10.4 10.4 10.4 10.4 10.4 10.4 10.4 10.4 10.4 10.4 10.4 10.4 10.4 10.4 10.4 10.4 10.4 10.4 10.4 10.4 10.4 10.4 10.4 10.4 10.4 10.4 10.4 10.4 10.4 10.4 10.4 10.4 10.4 10.4 10.4
0 0 0 0 0 0 0 0 0 0 0 0 0 0 0 0 0 0 0 0 0 0 0 0 0 0 0 0 0 0 0 0 0 0 0 0 0 0 0 0 0 0 0 0 0 0.05 0.1 0.15 0.2 0.25 0.3 0.3 0.3 0.4 0.5 0.6 0.7 0.8 0.9 0.9 0.9 0.99 1.08 1.16 1.25 1.34 1.43 1.43 1.43 1.52 1.62 1.71 1.81 1.9 2.0 2.0 2.0 2.1 2.19 2.29 2.38 2.48 2.58 2.58 2.58 2.66 2.75 2.84 2.93 3.01 3.1 3.1 3.1 3.2 3.3 3.4 3.5 3.6 3.7 3.7 3.7 3.79 3.88 3.96 4.05 4.14 4.23 4.23 4.23 4.32 4.42 4.51 4.61 4.7 4.8 4.8 4.8 4.9 4.99 5.09 5.18 5.28 5.38 5.38 5.38 5.46 5.55 5.64 5.73 5.81 5.9 5.9 5.9 6.0 6.1 6.2 6.3 6.4 6.5 6.5 6.5 6.55 6.6 6.65 6.7 6.75 6.8 6.8 6.8 6.8 6.8 6.8 6.8 6.8 6.8 6.8 6.8 6.8 6.8 6.8 6.8 6.8 6.8 6.8 6.8 6.8 6.8 6.8 6.8 6.8 6.8 6.8 6.8 6.8 6.8 6.8 6.8 6.8 6.8 6.8 6.8 6.8 6.8 6.8 6.8 6.8 6.8 6.8 6.8 6.8 6.8 6.8 6.8 6.8 6.8 6.8 6.8 6.8 6.8 6.8 6.8 6.8 6.8 6.8 6.8 6.8 6.8 6.8 6.8 6.8 6.8 6.8 6.8 6.75 6.7 6.65 6.6 6.55 6.5 6.5 6.5 6.41 6.33 6.24 6.15 6.06 5.98 5.98 5.98 5.88 5.79 5.7 5.61 5.52 5.43 5.43 5.43 5.33 5.23 5.13 5.03 4.93 4.83 4.83 4.83 4.74 4.65 4.56 4.48 4.39 4.3 4.3 4.3 4.21 4.13 4.04 3.95 3.86 3.78 3.78 3.78 3.68 3.59 3.5 3.41 3.32 3.23 3.23 3.23 3.14 3.05 2.96 2.88 2.79 2.7 2.7 2.7 2.61 2.53 2.44 2.35 2.26 2.18 2.18 2.18 2.08 1.98 1.88 1.78 1.68 1.58 1.58 1.58 1.48 1.39 1.3 1.21 1.12 1.03 1.03 1.03 0.94 0.85 0.76 0.68 0.59 0.5 0.5 0.5 0.45 0.4 0.35 0.3 0.25 0.2 0.2 0.2 0.2 0.2 0.2 0.2 0.2 0.2 0.2 0.2 0.2 0.2 0.2 0.2 0.2 0.2 0.2 0.2 0.2 0.2 0.2 0.2 0.2 0.2 0.2 0.2 0.2 0.2 0.2 0.2 0.2 0.2 0.2 0.2 0.2 0.2 0.2 0.2 0.2 0.2 0.2 0.2 0.2 0.2 0.2
11.9 11.9 11.9 11.9 11.9 11.9 11.9 11.9 11.9 11.9 11.9 11.9 11.9 11.9 11.9 11.9 11.9 11.9 11.9 11.9 11.9 11.9 11.9 11.9 11.9 11.9 11.9 11.9 11.9 11.9 11.9 11.9 11.9 11.9 11.9 11.9 11.9 11.9 11.9 11.9 11.9 11.9 11.9 11.9 11.9 12.25 12.6 12.95 13.3 13.65 14.0 14.0 14.0 14.58 15.17 15.75 16.33 16.92 17.5 17.5 17.5 18.13 18.75 19.38 20.01 20.64 21.26 21.26 21.26 21.86 22.46 23.06 23.65 24.25 24.85 24.85 24.85 25.45 26.05 26.64 27.24 27.84 28.44 28.44 28.44 29.06 29.69 30.32 30.95 31.57 32.2 32.2 32.2 32.78 33.37 33.95 34.53 35.12 35.7 35.7 35.7 36.33 36.95 37.58 38.21 38.84 39.46 39.46 39.46 40.06 40.66 41.26 41.85 42.45 43.05 43.05 43.05 43.65 44.25 44.84 45.44 46.04 46.64 46.64 46.64 47.26 47.89 48.52 49.15 49.77 50.4 50.4 50.4 50.98 51.57 52.15 52.73 53.32 53.9 53.9 53.9 54.25 54.6 54.95 55.3 55.65 56.0 56.0 56.0 56.0 56.0 56.0 56.0 56.0 56.0 56.0 56.0 56.0 56.0 56.0 56.0 56.0 56.0 56.0 56.0 56.0 56.0 56.0 56.0 56.0 56.0 56.0 56.0 56.0 56.0 56.0 56.0 56.0 56.0 56.0 56.0 56.0 56.0 56.0 56.0 56.0 56.0 56.0 56.0 56.0 56.0 56.0 56.0 56.0 56.0 56.0 56.0 56.0 56.0 56.0 56.0 56.0 56.0 56.0 56.0 56.0 56.0 56.0 56.0 56.0 56.0 56.0 56.0 55.65 55.3 54.95 54.6 54.25 53.9 53.9 53.9 53.26 52.62 51.97 51.33 50.69 50.05 50.05 50.05 49.41 48.77 48.13 47.48 46.84 46.2 46.2 46.2 45.57 44.95 44.32 43.69 43.06 42.44 42.44 42.44 41.81 41.18 40.56 39.93 39.3 38.68 38.68 38.68 38.02 37.36 36.71 36.05 35.39 34.74 34.74 34.74 34.13 33.51 32.9 32.29 31.67 31.06 31.06 31.06 30.41 29.75 29.09 28.44 27.78 27.13 27.13 27.13 26.5 25.87 25.24 24.62 23.99 23.36 23.36 23.36 22.74 22.11 21.48 20.85 20.23 19.6 19.6 19.6 18.96 18.32 17.67 17.03 16.39 15.75 15.75 15.75 15.11 14.47 13.83 13.18 12.54 11.9 11.9 11.9 11.55 11.2 10.85 10.5 10.15 9.8 9.8 9.8 9.8 9.8 9.8 9.8 9.8 9.8 9.8 9.8 9.8 9.8 9.8 9.8 9.8 9.8 9.8 9.8 9.8 9.8 9.8 9.8 9.8 9.8 9.8 9.8 9.8 9.8 9.8 9.8 9.8 9.8 9.8 9.8 9.8 9.8 9.8 9.8 9.8 9.8 9.8 9.8 9.8 9.8 9.8
4527456576.0
1203195424.0
0.00633
0.00326
agregarAgente --DemandaFija
402.6 382.49 362.38 362.38 362.38 387.58 412.78 437.97 463.17 488.38 513.58 513.58 513.58 495.28 476.98 458.68 440.38 422.08 403.78 403.78 403.78 350.06 296.35 242.64 188.93 135.21 81.5 81.5 81.5 132.6 183.7 234.8 285.9 337.0 388.1 388.1 388.1 385.46 382.83 380.19 377.55 374.91 372.28 372.28 372.28 331.64 291.0 250.36 209.73 169.09 128.45 128.45 128.45 202.43 276.4 350.38 424.35 498.33 572.3 572.3 572.3 571.9 571.5 571.1 570.7 570.3 569.9 569.9 569.9 533.25 496.6 459.95 423.3 386.65 350.0 350.0 350.0 347.64 345.28 342.91 340.55 338.19 335.83 335.83 335.83 319.09 302.35 285.61 268.88 252.14 235.4 235.4 235.4 231.73 228.05 224.38 220.7 217.03 213.35 213.35 213.35 246.61 279.88 313.14 346.4 379.66 412.93 412.93 412.93 429.23 445.53 461.83 478.13 494.43 510.73 510.73 510.73 462.31 413.9 365.49 317.08 268.66 220.25 220.25 220.25 243.38 266.5 289.63 312.75 335.88 359.0 359.0 359.0 347.36 335.73 324.09 312.45 300.81 289.18 289.18 289.18 263.45 237.73 212.0 186.28 160.55 134.83 134.83 134.83 191.1 247.38 303.65 359.93 416.2 472.48 472.48 472.48 498.53 524.58 550.63 576.68 602.73 628.78 628.78 628.78 594.46 560.15 525.84 491.53 457.21 422.9 422.9 422.9 423.35 423.8 424.25 424.7 425.15 425.6 425.6 425.6 400.58 375.55 350.53 325.5 300.47 275.45 275.45 275.45 260.14 244.83 229.51 214.2 198.89 183.58 183.58 183.58 252.38 321.18 389.98 458.78 527.58 596.38 596.38 596.38 589.55 582.73 575.9 569.08 562.25 555.43 555.43 555.43 550.7 545.98 541.25 536.53 531.8 527.08 527.08 527.08 511.41 495.75 480.09 464.43 448.76 433.1 433.1 433.1 405.31 377.53 349.74 321.95 294.16 266.38 266.38 266.38 260.36 254.35 248.34 242.33 236.31 230.3 230.3 230.3 248.9 267.5 286.1 304.7 323.3 341.9 341.9 341.9 324.85 307.8 290.75 273.7 256.65 239.6 239.6 239.6 211.33 183.05 154.78 126.5 98.23 69.95 69.95 69.95 89.04 108.13 127.21 146.3 165.39 184.48 184.48 184.48 205.48 226.48 247.48 268.48 289.48 310.48 310.48 310.48 281.54 252.6 223.66 194.73 165.79 136.85 136.85 136.85 204.9 272.95 341.0 409.05 477.1 545.15 545.15 545.15 537.6 530.05 522.5 514.95 507.4 499.85 499.85 499.85 451.04 402.23 353.41 304.6 255.79 206.98 206.98 206.98 238.69 270.4 302.11 333.83 365.54 397.25 397.25 397.25 392.0 386.75 381.5 376.25 371.0 365.75 365.75 365.75 353.38 341.0 328.63 316.25 303.88 291.5 291.5 291.5 322.86 354.23 385.59 416.95 448.31 479.67 479.67 479.67 463.13 446.58 430.03 413.48 396.93 380.38 380.38 380.38 350.59 320.8 291.01
crearDespacho --fija
1600.0
configurarSolver --Gurobi
resolver --noConstante ejecuciones/bancos/recombinados/v1/directo/simple/v1_simple_000471.csv
finalizar
