inicializar --t 360
agregarAgente --RioNegro
0.48 0.24 0 0 0 0 0 0 0 0 0 0 0 0 0 0 0 0 0 0 0 0 0 0 0 0 0 0 0 0 0 0 0 0 0 0 0 0 0 0 0 0 0 0 0 0 0 0 0 0 0 0 0 0 0 0 0 0 0 0 0 0 0 0 0 0 0 0 0 0 0 0 0 0 0 0 0 0 0 0 0 0 0 0 0 0 0 0 0 0 0 0 0 0 0 0 0 0 0 0 0 0 0 0 0 0 0 0 0 0 0 0 0 0 0 0 0 0 0 0 0 0 0 0 0 0 0 0 0 0 0 0 0 0 0 0 0 0 0 0 0 0 0 0 0 0 0 0 0 0 0 0 0 0 0 0 0 0 0 0 0 0 0 0 0 0 0 0 0 0 0 0 0 0 0 0 0 0 0 0 0 0 0 0 0 0 0 0 0 0 0 0 0 0 0 0 0 0 0 0 0 0 0 0 0 0 0 0 0 0 0 0 0 0 0 0 0 0 0 0 0 0 0 0 0 0 0 0 0 0 0 0 0 0 0 0 0 0 0 0 0 0 0 0 0 0 0 0 0 0 0 0 0 0 0 0 0 0 0 0 0 0 0 0 0 0 0 0 0 0 0 0 0 0 0 0 0 0 0 0 0 0 0 0 0 0 0 0 0 0 0 0 0 0 0 0 0 0 0 0 0 0 0 0 0 0 0 0 0 0 0 0 0 0 0 0 0 0 0 0 0 0 0 0 0 0 0 0 0 0 0 0 0 0 0 0 0 0 0 0 0 0 0 0 0 0 0 0 0 0 0 0 0 0 0 0 0 0 0 0
32.98 33.24 33.5 33.5 33.5 33.5 33.5 33.5 33.5 33.5 33.5 33.5 33.5 33.5 33.5 33.5 33.5 33.5 33.5 33.5 33.5 33.5 33.5 33.5 33.5 33.5 33.5 33.5 33.5 33.5 33.5 33.5 33.5 33.5 33.5 33.5 33.5 33.5 33.5 33.5 33.5 33.5 33.5 33.5 33.5 33.5 33.5 33.5 33.5 33.5 33.5 33.5 33.5 33.5 33.5 33.5 33.5 33.5 33.5 33.5 33.5 33.5 33.5 33.5 33.5 33.5 33.5 33.5 33.5 33.24 32.98 32.72 32.46 32.2 31.94 31.94 31.94 31.48 31.02 30.56 30.1 29.65 29.19 29.19 29.19 28.72 28.25 27.78 27.31 26.84 26.38 26.38 26.38 25.93 25.48 25.03 24.58 24.14 23.69 23.69 23.69 23.22 22.75 22.28 21.81 21.34 20.88 20.88 20.88 20.43 19.98 19.53 19.08 18.64 18.19 18.19 18.19 17.71 17.23 16.75 16.27 15.79 15.31 15.31 15.31 14.86 14.42 13.97 13.52 13.07 12.63 12.63 12.63 12.16 11.69 11.22 10.75 10.28 9.81 9.81 9.81 9.36 8.92 8.47 8.02 7.57 7.13 7.13 7.13 6.66 6.19 5.72 5.25 4.78 4.31 4.31 4.31 3.85 3.4 2.94 2.48 2.02 1.56 1.56 1.56 1.3 1.04 0.78 0.52 0.26 0 0 0 0 0 0 0 0 0 0 0 0 0 0 0 0 0 0 0 0 0 0 0 0 0 0 0 0 0 0 0 0 0 0 0 0 0 0 0 0 0 0 0 0 0 0 0 0 0 0 0 0 0 0 0 0 0 0 0 0 0 0 0 0 0 0 0 0.23 0.46 0.69 0.92 1.15 1.38 1.38 1.38 1.75 2.13 2.5 2.88 3.25 3.63 3.63 3.63 4.03 4.44 4.84 5.25 5.66 6.06 6.06 6.06 6.45 6.83 7.22 7.6 7.99 8.38 8.38 8.38 8.77 9.17 9.56 9.96 10.35 10.75 10.75 10.75 11.14 11.52 11.91 12.29 12.68 13.06 13.06 13.06 13.46 13.85 14.25 14.65 15.04 15.44 15.44 15.44 15.82 16.21 16.59 16.98 17.36 17.75 17.75 17.75 18.15 18.54 18.94 19.33 19.73 20.13 20.13 20.13 20.51 20.9 21.28 21.67 22.05 22.44 22.44 22.44 22.84 23.25 23.66 24.06 24.47 24.88 24.88 24.88 25.25 25.63 26.0 26.38 26.75 27.13 27.13 27.13 27.35 27.58 27.81 28.04 28.27 28.5 28.5 28.5 28.5 28.5 28.5 28.5 28.5 28.5 28.5 28.5 28.5 28.5 28.5 28.5 28.5 28.5 28.5 28.5 28.5 28.5 28.5
1.03 0.52 0 0 0 0 0 0 0 0 0 0 0 0 0 0 0 0 0 0 0 0 0 0 0 0 0 0 0 0 0 0 0 0 0 0 0 0 0 0 0 0 0 0 0 0 0 0 0 0 0 0 0 0 0 0 0 0 0 0 0 0 0 0 0 0 0 0 0 0.22 0.45 0.67 0.9 1.12 1.34 1.34 1.34 1.77 2.19 2.62 3.05 3.47 3.9 3.9 3.9 4.3 4.7 5.11 5.51 5.91 6.32 6.32 6.32 6.74 7.17 7.59 8.02 8.44 8.87 8.87 8.87 9.29 9.72 10.15 10.57 11.0 11.42 11.42 11.42 11.83 12.23 12.63 13.03 13.44 13.84 13.84 13.84 14.24 14.65 15.05 15.45 15.86 16.26 16.26 16.26 16.66 17.07 17.47 17.87 18.27 18.68 18.68 18.68 19.1 19.53 19.95 20.38 20.81 21.23 21.23 21.23 21.66 22.08 22.51 22.93 23.36 23.78 23.78 23.78 24.19 24.59 24.99 25.4 25.8 26.2 26.2 26.2 26.63 27.05 27.48 27.91 28.33 28.76 28.76 28.76 28.98 29.2 29.43 29.65 29.88 30.1 30.1 30.1 30.1 30.1 30.1 30.1 30.1 30.1 30.1 30.1 30.1 30.1 30.1 30.1 30.1 30.1 30.1 30.1 30.1 30.1 30.1 30.1 30.1 30.1 30.1 30.1 30.1 30.1 30.1 30.1 30.1 30.1 30.1 30.1 30.1 30.1 30.1 30.1 30.1 30.1 30.1 30.1 30.1 30.1 30.1 30.1 30.1 30.1 30.1 30.1 30.1 30.1 30.1 30.1 30.1 30.1 30.1 30.1 30.1 30.1 30.1 30.1 30.1 30.1 30.1 30.1 29.88 29.65 29.43 29.2 28.98 28.76 28.76 28.76 28.33 27.91 27.48 27.05 26.63 26.2 26.2 26.2 25.8 25.4 24.99 24.59 24.19 23.78 23.78 23.78 23.36 22.93 22.51 22.08 21.66 21.23 21.23 21.23 20.81 20.38 19.95 19.53 19.1 18.68 18.68 18.68 18.27 17.87 17.47 17.07 16.66 16.26 16.26 16.26 15.86 15.45 15.05 14.65 14.24 13.84 13.84 13.84 13.44 13.03 12.63 12.23 11.83 11.42 11.42 11.42 11.0 10.57 10.15 9.72 9.29 8.87 8.87 8.87 8.44 8.02 7.59 7.17 6.74 6.32 6.32 6.32 5.91 5.51 5.11 4.7 4.3 3.9 3.9 3.9 3.47 3.05 2.62 2.19 1.77 1.34 1.34 1.34 1.12 0.9 0.67 0.45 0.22 0 0 0 0 0 0 0 0 0 0 0 0 0 0 0 0 0 0 0 0 0 0
6621704071.0
879755606.0
0.00633
0.00326
agregarAgente --DemandaFija
530.68 486.2 441.73 441.73 441.73 442.2 442.68 443.15 443.63 444.1 444.58 444.58 444.58 469.25 493.92 518.6 543.28 567.95 592.63 592.63 592.63 593.99 595.35 596.71 598.08 599.44 600.8 600.8 600.8 604.06 607.33 610.59 613.85 617.11 620.38 620.38 620.38 649.74 679.1 708.46 737.83 767.19 796.55 796.55 796.55 680.76 564.98 449.19 333.4 217.61 101.83 101.83 101.83 163.51 225.2 286.89 348.58 410.26 471.95 471.95 471.95 481.81 491.67 501.54 511.4 521.26 531.13 531.13 531.13 496.99 462.85 428.71 394.58 360.44 326.3 326.3 326.3 327.63 328.95 330.28 331.6 332.93 334.25 334.25 334.25 360.09 385.93 411.76 437.6 463.44 489.28 489.28 489.28 457.49 425.7 393.91 362.13 330.34 298.55 298.55 298.55 299.56 300.58 301.59 302.6 303.61 304.63 304.63 304.63 332.19 359.75 387.31 414.88 442.44 470.0 470.0 470.0 420.61 371.23 321.84 272.45 223.06 173.68 173.68 173.68 241.3 308.93 376.55 444.18 511.8 579.43 579.43 579.43 607.23 635.03 662.83 690.63 718.43 746.23 746.23 746.23 645.56 544.9 444.24 343.58 242.91 142.25 142.25 142.25 235.69 329.13 422.56 516.0 609.44 702.88 702.88 702.88 696.46 690.05 683.64 677.23 670.81 664.4 664.4 664.4 595.0 525.6 456.2 386.8 317.4 248.0 248.0 248.0 296.95 345.9 394.85 443.8 492.75 541.7 541.7 541.7 534.16 526.63 519.09 511.55 504.01 496.48 496.48 496.48 443.66 390.85 338.04 285.23 232.41 179.6 179.6 179.6 206.43 233.25 260.08 286.9 313.73 340.55 340.55 340.55 377.81 415.08 452.34 489.6 526.86 564.13 564.13 564.13 509.81 455.5 401.19 346.88 292.56 238.25 238.25 238.25 318.93 399.6 480.28 560.95 641.63 722.3 722.3 722.3 723.33 724.35 725.38 726.4 727.43 728.45 728.45 728.45 636.3 544.15 452.0 359.85 267.7 175.55 175.55 175.55 189.49 203.43 217.36 231.3 245.24 259.18 259.18 259.18 297.39 335.6 373.81 412.03 450.24 488.45 488.45 488.45 443.59 398.73 353.86 309.0 264.14 219.28 219.28 219.28 219.21 219.15 219.09 219.03 218.96 218.9 218.9 218.9 234.86 250.83 266.79 282.75 298.71 314.68 314.68 314.68 302.26 289.85 277.44 265.03 252.61 240.2 240.2 240.2 295.36 350.53 405.69 460.85 516.01 571.18 571.18 571.18 609.34 647.5 685.66 723.83 761.99 800.15 800.15 800.15 801.09 802.03 802.96 803.9 804.84 805.78 805.78 805.78 824.18 842.58 860.98 879.38 897.77 916.18 916.18 916.18 911.53 906.88 902.23 897.58 892.93 888.28 888.28 888.28 859.14 830.0 800.86 771.73 742.59 713.45 713.45 713.45 737.51 761.58 785.64 809.7 833.76 857.83 857.83 857.83 864.69 871.55 878.41 885.28 892.14 899.0 899.0 899.0 889.28 879.55 869.82
crearDespacho --fija
1600.0
configurarSolver --Gurobi
resolver --noConstante ejecuciones/bancos/recombinados/v1/directo/simple/v1_simple_000293.csv
finalizar
