inicializar --t 360
agregarAgente --RioNegro
616.96 618.8 620.64 620.64 620.64 623.84 627.04 630.24 633.44 636.64 639.84 639.84 639.84 643.1 646.36 649.62 652.88 656.14 659.4 659.4 659.4 662.62 665.84 669.06 672.28 675.5 678.72 678.72 678.72 681.94 685.16 688.38 691.6 694.82 698.04 698.04 698.04 701.3 704.56 707.82 711.08 714.34 717.6 717.6 717.6 720.8 724.0 727.2 730.4 733.6 736.8 736.8 736.8 740.06 743.32 746.58 749.84 753.1 756.36 756.36 756.36 759.58 762.8 766.02 769.24 772.46 775.68 775.68 775.68 778.9 782.12 785.34 788.56 791.78 795.0 795.0 795.0 798.26 801.52 804.78 808.04 811.3 814.56 814.56 814.56 817.76 820.96 824.16 827.36 830.56 833.76 833.76 833.76 835.6 837.44 839.28 841.12 842.96 844.8 844.8 844.8 844.8 844.8 844.8 844.8 844.8 844.8 844.8 844.8 844.8 844.8 844.8 844.8 844.8 844.8 844.8 844.8 844.8 844.8 844.8 844.8 844.8 844.8 844.8 844.8 844.8 844.8 844.8 844.8 844.8 844.8 844.8 844.8 844.8 844.8 844.8 844.8 844.8 844.8 844.8 844.8 844.8 844.8 844.8 844.8 844.8 844.8 844.8 844.8 844.8 844.8 844.8 844.8 844.8 844.8 844.8 844.8 844.8 844.8 844.8 844.8 844.8 844.8 844.8 844.8 845.62 846.44 847.26 848.08 848.9 849.72 849.72 849.72 851.16 852.6 854.04 855.48 856.92 858.36 858.36 858.36 859.82 861.28 862.74 864.2 865.66 867.12 867.12 867.12 868.56 870.0 871.44 872.88 874.32 875.76 875.76 875.76 877.22 878.68 880.14 881.6 883.06 884.52 884.52 884.52 885.96 887.4 888.84 890.28 891.72 893.16 893.16 893.16 894.64 896.12 897.6 899.08 900.56 902.04 902.04 902.04 903.48 904.92 906.36 907.8 909.24 910.68 910.68 910.68 912.14 913.6 915.06 916.52 917.98 919.44 919.44 919.44 920.88 922.32 923.76 925.2 926.64 928.08 928.08 928.08 929.54 931.0 932.46 933.92 935.38 936.84 936.84 936.84 938.28 939.72 941.16 942.6 944.04 945.48 945.48 945.48 946.3 947.12 947.94 948.76 949.58 950.4 950.4 950.4 950.4 950.4 950.4 950.4 950.4 950.4 950.4 950.4 950.4 950.4 950.4 950.4 950.4 950.4 950.4 950.4 950.4 950.4 950.4 950.4 950.4 950.4 950.4 950.4 950.4 950.4 950.4 950.4 950.4 950.4 950.4 950.4 950.4 950.4 950.4 950.4 950.4 950.4 950.4 950.4 950.4 950.4 950.4 950.4 950.4 950.4 950.4 950.4 950.4 950.4 950.4 950.4 950.4 950.4 950.4 950.4 950.4 950.4 950.4 950.4 950.4 950.4 950.4 950.4 948.52 946.64 944.76 942.88 941.0 939.12 939.12 939.12 935.8 932.48 929.16 925.84 922.52 919.2 919.2 919.2 915.88 912.56 909.24 905.92 902.6 899.28 899.28 899.28 895.94 892.6 889.26
40.75 40.44 40.13 40.13 40.13 39.59 39.06 38.53 38.0 37.47 36.94 36.94 36.94 36.39 35.83 35.28 34.73 34.18 33.63 33.63 33.63 33.09 32.56 32.03 31.5 30.97 30.44 30.44 30.44 29.88 29.31 28.75 28.19 27.63 27.06 27.06 27.06 26.54 26.02 25.5 24.98 24.46 23.94 23.94 23.94 23.38 22.81 22.25 21.69 21.13 20.56 20.56 20.56 20.04 19.52 19.0 18.48 17.96 17.44 17.44 17.44 16.88 16.31 15.75 15.19 14.63 14.06 14.06 14.06 13.53 13.0 12.47 11.94 11.41 10.88 10.88 10.88 10.32 9.77 9.22 8.67 8.11 7.56 7.56 7.56 7.03 6.5 5.97 5.44 4.91 4.38 4.38 4.38 4.06 3.75 3.44 3.13 2.81 2.5 2.5 2.5 2.5 2.5 2.5 2.5 2.5 2.5 2.5 2.5 2.5 2.5 2.5 2.5 2.5 2.5 2.5 2.5 2.5 2.5 2.5 2.5 2.5 2.5 2.5 2.5 2.5 2.5 2.5 2.5 2.5 2.5 2.5 2.5 2.5 2.5 2.5 2.5 2.5 2.5 2.5 2.5 2.5 2.5 2.5 2.5 2.5 2.5 2.5 2.5 2.5 2.5 2.5 2.5 2.5 2.5 2.5 2.5 2.5 2.5 2.5 2.5 2.5 2.5 2.5 2.5 2.79 3.08 3.38 3.67 3.96 4.25 4.25 4.25 4.78 5.31 5.84 6.38 6.91 7.44 7.44 7.44 7.95 8.46 8.97 9.48 9.99 10.5 10.5 10.5 11.03 11.56 12.09 12.63 13.16 13.69 13.69 13.69 14.21 14.73 15.25 15.77 16.29 16.81 16.81 16.81 17.33 17.85 18.38 18.9 19.42 19.94 19.94 19.94 20.46 20.98 21.5 22.02 22.54 23.06 23.06 23.06 23.58 24.1 24.63 25.15 25.67 26.19 26.19 26.19 26.71 27.23 27.75 28.27 28.79 29.31 29.31 29.31 29.84 30.38 30.91 31.44 31.97 32.5 32.5 32.5 33.01 33.52 34.03 34.54 35.05 35.56 35.56 35.56 36.09 36.63 37.16 37.69 38.22 38.75 38.75 38.75 39.04 39.33 39.63 39.92 40.21 40.5 40.5 40.5 40.5 40.5 40.5 40.5 40.5 40.5 40.5 40.5 40.5 40.5 40.5 40.5 40.5 40.5 40.5 40.5 40.5 40.5 40.5 40.5 40.5 40.5 40.5 40.5 40.5 40.5 40.5 40.5 40.5 40.5 40.5 40.5 40.5 40.5 40.5 40.5 40.5 40.5 40.5 40.5 40.5 40.5 40.5 40.5 40.5 40.5 40.5 40.5 40.5 40.5 40.5 40.5 40.5 40.5 40.5 40.5 40.5 40.5 40.5 40.5 40.5 40.5 40.5 40.5 40.45 40.4 40.34 40.29 40.24 40.19 40.19 40.19 40.07 39.96 39.84 39.73 39.61 39.5 39.5 39.5 39.39 39.27 39.16 39.04 38.93 38.81 38.81 38.81 38.71 38.6 38.5
4.3 5.38 6.45 6.45 6.45 8.35 10.26 12.16 14.06 15.97 17.87 17.87 17.87 19.8 21.72 23.65 25.58 27.5 29.43 29.43 29.43 31.4 33.37 35.34 37.31 39.28 41.25 41.25 41.25 43.16 45.06 46.96 48.87 50.77 52.68 52.68 52.68 54.58 56.48 58.39 60.29 62.19 64.1 64.1 64.1 66.02 67.95 69.88 71.8 73.73 75.65 75.65 75.65 77.56 79.46 81.36 83.27 85.17 87.08 87.08 87.08 88.98 90.88 92.79 94.69 96.59 98.5 98.5 98.5 100.47 102.44 104.41 106.38 108.35 110.32 110.32 110.32 112.25 114.17 116.1 118.03 119.95 121.88 121.88 121.88 123.78 125.69 127.59 129.49 131.4 133.3 133.3 133.3 134.37 135.45 136.52 137.6 138.67 139.75 139.75 139.75 139.75 139.75 139.75 139.75 139.75 139.75 139.75 139.75 139.75 139.75 139.75 139.75 139.75 139.75 139.75 139.75 139.75 139.75 139.75 139.75 139.75 139.75 139.75 139.75 139.75 139.75 139.75 139.75 139.75 139.75 139.75 139.75 139.75 139.75 139.75 139.75 139.75 139.75 139.75 139.75 139.75 139.75 139.75 139.75 139.75 139.75 139.75 139.75 139.75 139.75 139.75 139.75 139.75 139.75 139.75 139.75 139.75 139.75 139.75 139.75 139.75 139.75 139.75 139.75 142.08 144.41 146.74 149.07 151.4 153.73 153.73 153.73 157.87 162.01 166.15 170.3 174.44 178.58 178.58 178.58 182.73 186.87 191.01 195.16 199.3 203.44 203.44 203.44 207.56 211.69 215.81 219.93 224.05 228.17 228.17 228.17 232.31 236.46 240.6 244.74 248.88 253.03 253.03 253.03 257.17 261.31 265.46 269.6 273.74 277.89 277.89 277.89 282.01 286.13 290.25 294.37 298.49 302.61 302.61 302.61 306.76 310.9 315.04 319.19 323.33 327.47 327.47 327.47 331.62 335.76 339.9 344.04 348.19 352.33 352.33 352.33 356.45 360.57 364.69 368.81 372.94 377.06 377.06 377.06 381.2 385.34 389.49 393.63 397.77 401.92 401.92 401.92 406.06 410.2 414.35 418.49 422.63 426.78 426.78 426.78 429.1 431.43 433.76 436.09 438.42 440.75 440.75 440.75 440.75 440.75 440.75 440.75 440.75 440.75 440.75 440.75 440.75 440.75 440.75 440.75 440.75 440.75 440.75 440.75 440.75 440.75 440.75 440.75 440.75 440.75 440.75 440.75 440.75 440.75 440.75 440.75 440.75 440.75 440.75 440.75 440.75 440.75 440.75 440.75 440.75 440.75 440.75 440.75 440.75 440.75 440.75 440.75 440.75 440.75 440.75 440.75 440.75 440.75 440.75 440.75 440.75 440.75 440.75 440.75 440.75 440.75 440.75 440.75 440.75 440.75 440.75 440.75 439.83 438.91 438.0 437.08 436.16 435.24 435.24 435.24 433.58 431.93 430.27 428.61 426.95 425.3 425.3 425.3 423.62 421.94 420.26 418.58 416.9 415.22 415.22 415.22 413.58 411.95 410.31
6128465716.0
1390376119.0
0.00479
0.00479
agregarAgente --DemandaFija
171.38 126.32 81.25 81.25 81.25 96.86 112.47 128.08 143.68 159.29 174.9 174.9 174.9 176.07 177.23 178.4 179.57 180.73 181.9 181.9 181.9 153.58 125.27 96.95 68.63 40.32 12.0 12.0 12.0 31.28 50.55 69.83 89.1 108.38 127.65 127.65 127.65 136.53 145.42 154.3 163.18 172.07 180.95 180.95 180.95 153.64 126.33 99.03 71.72 44.41 17.1 17.1 17.1 38.35 59.6 80.85 102.1 123.35 144.6 144.6 144.6 170.58 196.55 222.52 248.5 274.47 300.45 300.45 300.45 276.33 252.22 228.1 203.98 179.87 155.75 155.75 155.75 187.45 219.15 250.85 282.55 314.25 345.95 345.95 345.95 370.29 394.63 418.98 443.32 467.66 492.0 492.0 492.0 459.91 427.82 395.73 363.63 331.54 299.45 299.45 299.45 334.34 369.23 404.13 439.02 473.91 508.8 508.8 508.8 516.18 523.57 530.95 538.33 545.72 553.1 553.1 553.1 525.44 497.78 470.13 442.47 414.81 387.15 387.15 387.15 405.38 423.62 441.85 460.08 478.32 496.55 496.55 496.55 513.57 530.6 547.63 564.65 581.68 598.7 598.7 598.7 560.28 521.85 483.43 445.0 406.58 368.15 368.15 368.15 368.63 369.1 369.58 370.05 370.53 371.0 371.0 371.0 355.88 340.77 325.65 310.53 295.42 280.3 280.3 280.3 242.17 204.05 165.93 127.8 89.68 51.55 51.55 51.55 73.73 95.9 118.08 140.25 162.43 184.6 184.6 184.6 201.85 219.1 236.35 253.6 270.85 288.1 288.1 288.1 265.8 243.5 221.2 198.9 176.6 154.3 154.3 154.3 180.74 207.18 233.63 260.07 286.51 312.95 312.95 312.95 312.29 311.63 310.98 310.32 309.66 309.0 309.0 309.0 275.07 241.13 207.2 173.27 139.33 105.4 105.4 105.4 152.42 199.43 246.45 293.47 340.48 387.5 387.5 387.5 368.51 349.52 330.53 311.53 292.54 273.55 273.55 273.55 244.28 215.02 185.75 156.48 127.22 97.95 97.95 97.95 137.22 176.48 215.75 255.02 294.28 333.55 333.55 333.55 365.53 397.52 429.5 461.48 493.47 525.45 525.45 525.45 473.46 421.47 369.48 317.48 265.49 213.5 213.5 213.5 225.72 237.93 250.15 262.37 274.58 286.8 286.8 286.8 312.89 338.98 365.08 391.17 417.26 443.35 443.35 443.35 421.7 400.05 378.4 356.75 335.1 313.45 313.45 313.45 321.83 330.2 338.58 346.95 355.33 363.7 363.7 363.7 331.04 298.38 265.73 233.07 200.41 167.75 167.75 167.75 141.51 115.27 89.03 62.78 36.54 10.3 10.3 10.3 39.09 67.88 96.68 125.47 154.26 183.05 183.05 183.05 218.75 254.45 290.15 325.85 361.55 397.25 397.25 397.25 377.25 357.25 337.25 317.25 297.25 277.25 277.25 277.25 310.75 344.25 377.75 411.25 444.75 478.25 478.25 478.25 491.21 504.17 517.13 530.08 543.04 556.0 556.0 556.0 509.44 462.88 416.33
crearDespacho --fija
1600.0
configurarSolver --Gurobi
resolver --noConstante ejecuciones/bancos/recombinados/v1/directo/simple/v1_simple_000015.csv
finalizar
