inicializar --t 360
agregarAgente --RioNegro
103.68 103.68 103.68 103.68 103.68 103.68 103.68 103.68 103.68 103.68 103.68 103.68 103.68 103.68 103.68 103.68 103.68 103.68 103.68 103.68 103.68 104.48 105.28 106.08 106.88 107.68 108.48 108.48 108.48 109.88 111.28 112.68 114.08 115.48 116.88 116.88 116.88 118.28 119.68 121.08 122.48 123.88 125.28 125.28 125.28 126.72 128.16 129.6 131.04 132.48 133.92 133.92 133.92 135.34 136.76 138.18 139.6 141.02 142.44 142.44 142.44 143.84 145.24 146.64 148.04 149.44 150.84 150.84 150.84 152.24 153.64 155.04 156.44 157.84 159.24 159.24 159.24 160.64 162.04 163.44 164.84 166.24 167.64 167.64 167.64 169.06 170.48 171.9 173.32 174.74 176.16 176.16 176.16 177.6 179.04 180.48 181.92 183.36 184.8 184.8 184.8 186.2 187.6 189.0 190.4 191.8 193.2 193.2 193.2 194.6 196.0 197.4 198.8 200.2 201.6 201.6 201.6 202.4 203.2 204.0 204.8 205.6 206.4 206.4 206.4 206.4 206.4 206.4 206.4 206.4 206.4 206.4 206.4 206.4 206.4 206.4 206.4 206.4 206.4 206.4 206.4 206.4 206.4 206.4 206.4 206.4 206.4 206.4 206.4 206.4 206.4 206.4 206.4 206.4 206.4 206.4 206.4 206.4 206.4 206.4 206.4 206.4 206.4 206.4 206.4 206.4 206.4 206.4 206.4 206.4 206.4 206.4 206.4 206.4 206.4 206.4 206.4 206.4 206.4 206.4 206.4 206.4 206.4 206.4 206.4 206.4 206.4 206.4 206.4 209.52 212.64 215.76 218.88 222.0 225.12 225.12 225.12 230.66 236.2 241.74 247.28 252.82 258.36 258.36 258.36 263.92 269.48 275.04 280.6 286.16 291.72 291.72 291.72 297.26 302.8 308.34 313.88 319.42 324.96 324.96 324.96 330.5 336.04 341.58 347.12 352.66 358.2 358.2 358.2 363.76 369.32 374.88 380.44 386.0 391.56 391.56 391.56 397.04 402.52 408.0 413.48 418.96 424.44 424.44 424.44 430.0 435.56 441.12 446.68 452.24 457.8 457.8 457.8 463.34 468.88 474.42 479.96 485.5 491.04 491.04 491.04 496.58 502.12 507.66 513.2 518.74 524.28 524.28 524.28 529.84 535.4 540.96 546.52 552.08 557.64 557.64 557.64 563.18 568.72 574.26 579.8 585.34 590.88 590.88 590.88 594.0 597.12 600.24 603.36 606.48 609.6 609.6 609.6 609.6 609.6 609.6 609.6 609.6 609.6 609.6 609.6 609.6 609.6 609.6 609.6 609.6 609.6 609.6 609.6 609.6 609.6 609.6 609.6 609.6 609.6 609.6 609.6 609.6 609.6 609.6 609.6 609.6 609.6 609.6 609.6 609.6 609.6 609.6 609.6 609.6 609.6 609.6 609.6 609.6 609.6 609.6 609.6 609.6 609.6 609.6 609.6 609.6 609.6 609.6 609.6 609.6 609.6 609.6 609.6 609.6 609.6 609.6 609.6 609.6 609.6 609.6 609.6 611.44 613.28 615.12
0 0 0 0 0 0 0 0 0 0 0 0 0 0 0 0 0 0 0 0 0 0.05 0.1 0.16 0.21 0.26 0.31 0.31 0.31 0.42 0.52 0.63 0.73 0.83 0.94 0.94 0.94 1.05 1.17 1.28 1.4 1.51 1.63 1.63 1.63 1.72 1.81 1.91 2.0 2.09 2.19 2.19 2.19 2.29 2.4 2.5 2.6 2.71 2.81 2.81 2.81 2.91 3.0 3.09 3.19 3.28 3.38 3.38 3.38 3.5 3.63 3.75 3.88 4.0 4.13 4.13 4.13 4.22 4.31 4.41 4.5 4.59 4.69 4.69 4.69 4.79 4.9 5.0 5.1 5.21 5.31 5.31 5.31 5.41 5.5 5.59 5.69 5.78 5.88 5.88 5.88 5.99 6.1 6.22 6.33 6.45 6.56 6.56 6.56 6.67 6.77 6.88 6.98 7.08 7.19 7.19 7.19 7.24 7.29 7.34 7.4 7.45 7.5 7.5 7.5 7.5 7.5 7.5 7.5 7.5 7.5 7.5 7.5 7.5 7.5 7.5 7.5 7.5 7.5 7.5 7.5 7.5 7.5 7.5 7.5 7.5 7.5 7.5 7.5 7.5 7.5 7.5 7.5 7.5 7.5 7.5 7.5 7.5 7.5 7.5 7.5 7.5 7.5 7.5 7.5 7.5 7.5 7.5 7.5 7.5 7.5 7.5 7.5 7.5 7.5 7.5 7.5 7.5 7.5 7.5 7.5 7.5 7.5 7.5 7.5 7.5 7.5 7.5 7.5 7.77 8.04 8.31 8.58 8.85 9.13 9.13 9.13 9.59 10.06 10.53 11.0 11.47 11.94 11.94 11.94 12.42 12.9 13.38 13.85 14.33 14.81 14.81 14.81 15.28 15.75 16.22 16.69 17.16 17.63 17.63 17.63 18.09 18.56 19.03 19.5 19.97 20.44 20.44 20.44 20.92 21.4 21.88 22.35 22.83 23.31 23.31 23.31 23.79 24.27 24.75 25.23 25.71 26.19 26.19 26.19 26.67 27.15 27.63 28.1 28.58 29.06 29.06 29.06 29.53 30.0 30.47 30.94 31.41 31.88 31.88 31.88 32.34 32.81 33.28 33.75 34.22 34.69 34.69 34.69 35.17 35.65 36.13 36.6 37.08 37.56 37.56 37.56 38.03 38.5 38.97 39.44 39.91 40.38 40.38 40.38 40.65 40.92 41.19 41.46 41.73 42.0 42.0 42.0 42.0 42.0 42.0 42.0 42.0 42.0 42.0 42.0 42.0 42.0 42.0 42.0 42.0 42.0 42.0 42.0 42.0 42.0 42.0 42.0 42.0 42.0 42.0 42.0 42.0 42.0 42.0 42.0 42.0 42.0 42.0 42.0 42.0 42.0 42.0 42.0 42.0 42.0 42.0 42.0 42.0 42.0 42.0 42.0 42.0 42.0 42.0 42.0 42.0 42.0 42.0 42.0 42.0 42.0 42.0 42.0 42.0 42.0 42.0 42.0 42.0 42.0 42.0 42.0 41.69 41.38 41.06
111.8 111.8 111.8 111.8 111.8 111.8 111.8 111.8 111.8 111.8 111.8 111.8 111.8 111.8 111.8 111.8 111.8 111.8 111.8 111.8 111.8 112.14 112.47 112.81 113.14 113.48 113.82 113.82 113.82 114.44 115.07 115.7 116.32 116.95 117.58 117.58 117.58 118.21 118.83 119.46 120.09 120.71 121.34 121.34 121.34 121.97 122.59 123.22 123.85 124.48 125.1 125.1 125.1 125.71 126.31 126.92 127.52 128.13 128.73 128.73 128.73 129.36 129.99 130.61 131.24 131.87 132.49 132.49 132.49 133.12 133.75 134.38 135.0 135.63 136.26 136.26 136.26 136.88 137.51 138.14 138.76 139.39 140.02 140.02 140.02 140.62 141.23 141.83 142.44 143.04 143.65 143.65 143.65 144.27 144.9 145.53 146.16 146.78 147.41 147.41 147.41 148.04 148.66 149.29 149.92 150.54 151.17 151.17 151.17 151.8 152.43 153.05 153.68 154.31 154.93 154.93 154.93 155.27 155.61 155.94 156.28 156.61 156.95 156.95 156.95 156.95 156.95 156.95 156.95 156.95 156.95 156.95 156.95 156.95 156.95 156.95 156.95 156.95 156.95 156.95 156.95 156.95 156.95 156.95 156.95 156.95 156.95 156.95 156.95 156.95 156.95 156.95 156.95 156.95 156.95 156.95 156.95 156.95 156.95 156.95 156.95 156.95 156.95 156.95 156.95 156.95 156.95 156.95 156.95 156.95 156.95 156.95 156.95 156.95 156.95 156.95 156.95 156.95 156.95 156.95 156.95 156.95 156.95 156.95 156.95 156.95 156.95 156.95 156.95 155.7 154.44 153.19 151.93 150.68 149.42 149.42 149.42 147.27 145.13 142.98 140.83 138.67 136.53 136.53 136.53 134.38 132.23 130.08 127.93 125.77 123.63 123.63 123.63 121.48 119.33 117.18 115.02 112.88 110.73 110.73 110.73 108.58 106.43 104.28 102.13 99.98 97.83 97.83 97.83 95.68 93.52 91.38 89.23 87.08 84.93 84.93 84.93 82.77 80.63 78.48 76.32 74.18 72.02 72.02 72.02 69.87 67.73 65.57 63.42 61.28 59.13 59.13 59.13 56.98 54.82 52.68 50.53 48.38 46.23 46.23 46.23 44.07 41.93 39.78 37.63 35.47 33.32 33.32 33.32 31.17 29.02 26.88 24.72 22.58 20.43 20.43 20.43 18.28 16.13 13.98 11.83 9.67 7.52 7.52 7.52 6.27 5.02 3.76 2.51 1.25 0 0 0 0 0 0 0 0 0 0 0 0 0 0 0 0 0 0 0 0 0 0 0 0 0 0 0 0 0 0 0 0 0 0 0 0 0 0 0 0 0 0 0 0 0 0 0 0 0 0 0 0 0 0 0 0 0 0 0 0 0 0 0 0 0 0 0 1.08 2.15 3.22
6593288389.0
1695105956.0
0.00326
0.00633
agregarAgente --DemandaFija
236.07 207.61 179.15 179.15 179.15 182.49 185.83 189.18 192.52 195.86 199.2 199.2 199.2 232.45 265.7 298.95 332.2 365.45 398.7 398.7 398.7 366.23 333.77 301.3 268.83 236.37 203.9 203.9 203.9 214.06 224.22 234.38 244.53 254.69 264.85 264.85 264.85 274.57 284.28 294.0 303.72 313.43 323.15 323.15 323.15 297.89 272.63 247.38 222.12 196.86 171.6 171.6 171.6 195.39 219.18 242.98 266.77 290.56 314.35 314.35 314.35 324.78 335.22 345.65 356.08 366.52 376.95 376.95 376.95 329.34 281.73 234.13 186.52 138.91 91.3 91.3 91.3 134.89 178.48 222.08 265.67 309.26 352.85 352.85 352.85 356.45 360.05 363.65 367.25 370.85 374.45 374.45 374.45 344.26 314.07 283.88 253.68 223.49 193.3 193.3 193.3 229.96 266.62 303.28 339.93 376.59 413.25 413.25 413.25 395.85 378.45 361.05 343.65 326.25 308.85 308.85 308.85 307.28 305.72 304.15 302.58 301.02 299.45 299.45 299.45 280.79 262.13 243.48 224.82 206.16 187.5 187.5 187.5 189.71 191.92 194.13 196.33 198.54 200.75 200.75 200.75 175.91 151.07 126.23 101.38 76.54 51.7 51.7 51.7 71.77 91.85 111.93 132.0 152.08 172.15 172.15 172.15 170.83 169.52 168.2 166.88 165.57 164.25 164.25 164.25 153.07 141.88 130.7 119.52 108.33 97.15 97.15 97.15 118.6 140.05 161.5 182.95 204.4 225.85 225.85 225.85 216.55 207.25 197.95 188.65 179.35 170.05 170.05 170.05 145.43 120.82 96.2 71.58 46.97 22.35 22.35 22.35 33.99 45.63 57.28 68.92 80.56 92.2 92.2 92.2 126.13 160.07 194.0 227.93 261.87 295.8 295.8 295.8 276.92 258.03 239.15 220.27 201.38 182.5 182.5 182.5 217.91 253.32 288.73 324.13 359.54 394.95 394.95 394.95 375.78 356.62 337.45 318.28 299.12 279.95 279.95 279.95 242.28 204.62 166.95 129.28 91.62 53.95 53.95 53.95 71.18 88.4 105.63 122.85 140.08 157.3 157.3 157.3 159.03 160.75 162.48 164.2 165.92 167.65 167.65 167.65 153.05 138.45 123.85 109.25 94.65 80.05 80.05 80.05 102.83 125.6 148.38 171.15 193.92 216.7 216.7 216.7 213.89 211.08 208.28 205.47 202.66 199.85 199.85 199.85 198.74 197.63 196.53 195.42 194.31 193.2 193.2 193.2 222.15 251.1 280.05 309.0 337.95 366.9 366.9 366.9 350.69 334.48 318.28 302.07 285.86 269.65 269.65 269.65 262.79 255.93 249.08 242.22 235.36 228.5 228.5 228.5 233.64 238.78 243.93 249.07 254.21 259.35 259.35 259.35 252.73 246.12 239.5 232.88 226.27 219.65 219.65 219.65 201.83 184.0 166.18 148.35 130.53 112.7 112.7 112.7 136.63 160.55 184.48 208.4 232.33 256.25 256.25 256.25 261.66 267.07 272.48 277.88 283.29 288.7 288.7 288.7 275.29 261.88 248.48
crearDespacho --fija
3200.0
configurarSolver --Gurobi
resolver --noConstante ejecuciones/bancos/recombinados/v1/directo/simple/v1_simple_000393.csv
finalizar
