inicializar --t 360
agregarAgente --RioNegro
0 0 0 0 0 0 0 0 0 0 0 0 0 0 0 0 0 0 0 0 0 0 0 0 0 0 0 0 0 0 0 0 0 0 0 0 0 0 0 0 0 0 0 0 0 0.6 1.2 1.8 2.4 3.0 3.6 3.6 3.6 4.62 5.64 6.66 7.68 8.7 9.72 9.72 9.72 10.78 11.84 12.9 13.96 15.02 16.08 16.08 16.08 17.1 18.12 19.14 20.16 21.18 22.2 22.2 22.2 23.28 24.36 25.44 26.52 27.6 28.68 28.68 28.68 29.68 30.68 31.68 32.68 33.68 34.68 34.68 34.68 35.76 36.84 37.92 39.0 40.08 41.16 41.16 41.16 42.16 43.16 44.16 45.16 46.16 47.16 47.16 47.16 48.24 49.32 50.4 51.48 52.56 53.64 53.64 53.64 54.66 55.68 56.7 57.72 58.74 59.76 59.76 59.76 60.82 61.88 62.94 64.0 65.06 66.12 66.12 66.12 67.14 68.16 69.18 70.2 71.22 72.24 72.24 72.24 72.84 73.44 74.04 74.64 75.24 75.84 75.84 75.84 75.84 75.84 75.84 75.84 75.84 75.84 75.84 75.84 75.84 75.84 75.84 75.84 75.84 75.84 75.84 75.84 75.84 75.84 75.84 75.84 75.84 75.84 75.84 75.84 75.84 75.84 75.84 75.84 75.84 75.84 75.84 75.84 75.84 75.84 75.84 75.84 75.84 75.84 75.84 75.84 75.84 75.84 75.84 75.84 75.84 75.84 75.84 75.84 75.84 75.84 75.84 75.84 75.84 75.84 75.84 75.84 75.84 75.84 75.84 75.84 75.84 75.84 75.84 75.84 75.24 74.64 74.04 73.44 72.84 72.24 72.24 72.24 71.22 70.2 69.18 68.16 67.14 66.12 66.12 66.12 65.06 64.0 62.94 61.88 60.82 59.76 59.76 59.76 58.74 57.72 56.7 55.68 54.66 53.64 53.64 53.64 52.56 51.48 50.4 49.32 48.24 47.16 47.16 47.16 46.16 45.16 44.16 43.16 42.16 41.16 41.16 41.16 40.08 39.0 37.92 36.84 35.76 34.68 34.68 34.68 33.68 32.68 31.68 30.68 29.68 28.68 28.68 28.68 27.6 26.52 25.44 24.36 23.28 22.2 22.2 22.2 21.18 20.16 19.14 18.12 17.1 16.08 16.08 16.08 15.02 13.96 12.9 11.84 10.78 9.72 9.72 9.72 8.7 7.68 6.66 5.64 4.62 3.6 3.6 3.6 3.0 2.4 1.8 1.2 0.6 0 0 0 0 0 0 0 0 0 0 0 0 0 0 0 0 0 0 0 0 0 0 0 0 0 0 0 0 0 0 0 0 0 0 0 0 0 0 0 0 0 0 0 0 0 0
28.5 28.5 28.5 28.5 28.5 28.5 28.5 28.5 28.5 28.5 28.5 28.5 28.5 28.5 28.5 28.5 28.5 28.5 28.5 28.5 28.5 28.5 28.5 28.5 28.5 28.5 28.5 28.5 28.5 28.5 28.5 28.5 28.5 28.5 28.5 28.5 28.5 28.5 28.5 28.5 28.5 28.5 28.5 28.5 28.5 28.27 28.04 27.81 27.58 27.35 27.13 27.13 27.13 26.75 26.38 26.0 25.63 25.25 24.88 24.88 24.88 24.47 24.06 23.66 23.25 22.84 22.44 22.44 22.44 22.05 21.67 21.28 20.9 20.51 20.13 20.13 20.13 19.73 19.33 18.94 18.54 18.15 17.75 17.75 17.75 17.36 16.98 16.59 16.21 15.82 15.44 15.44 15.44 15.04 14.65 14.25 13.85 13.46 13.06 13.06 13.06 12.68 12.29 11.91 11.52 11.14 10.75 10.75 10.75 10.35 9.96 9.56 9.17 8.77 8.38 8.38 8.38 7.99 7.6 7.22 6.83 6.45 6.06 6.06 6.06 5.66 5.25 4.84 4.44 4.03 3.63 3.63 3.63 3.25 2.88 2.5 2.13 1.75 1.38 1.38 1.38 1.15 0.92 0.69 0.46 0.23 0 0 0 0 0 0 0 0 0 0 0 0 0 0 0 0 0 0 0 0 0 0 0 0 0 0 0 0 0 0 0 0 0 0 0 0 0 0 0 0 0 0 0 0 0 0 0 0 0 0 0 0 0 0 0 0 0 0 0 0 0 0 0 0 0 0 0 0.16 0.31 0.47 0.63 0.78 0.94 0.94 0.94 1.23 1.52 1.81 2.1 2.4 2.69 2.69 2.69 2.98 3.27 3.56 3.85 4.15 4.44 4.44 4.44 4.73 5.02 5.31 5.6 5.9 6.19 6.19 6.19 6.47 6.75 7.03 7.31 7.59 7.88 7.88 7.88 8.17 8.46 8.75 9.04 9.33 9.63 9.63 9.63 9.92 10.21 10.5 10.79 11.08 11.38 11.38 11.38 11.67 11.96 12.25 12.54 12.83 13.13 13.13 13.13 13.41 13.69 13.97 14.25 14.53 14.81 14.81 14.81 15.1 15.4 15.69 15.98 16.27 16.56 16.56 16.56 16.85 17.15 17.44 17.73 18.02 18.31 18.31 18.31 18.6 18.9 19.19 19.48 19.77 20.06 20.06 20.06 20.22 20.38 20.53 20.69 20.84 21.0 21.0 21.0 21.0 21.0 21.0 21.0 21.0 21.0 21.0 21.0 21.0 21.0 21.0 21.0 21.0 21.0 21.0 21.0 21.0 21.0 21.0 21.0 21.0 21.0 21.0 21.0 21.0 21.0 21.0 21.0 21.0 21.0 21.0 21.0 21.0 21.0 21.0 21.0 21.0 21.0 21.0 21.0 21.0 21.0 21.0
0 0 0 0 0 0 0 0 0 0 0 0 0 0 0 0 0 0 0 0 0 0 0 0 0 0 0 0 0 0 0 0 0 0 0 0 0 0 0 0 0 0 0 0 0 0.36 0.72 1.08 1.43 1.79 2.15 2.15 2.15 2.87 3.58 4.3 5.02 5.73 6.45 6.45 6.45 7.1 7.75 8.4 9.05 9.7 10.35 10.35 10.35 11.04 11.74 12.43 13.12 13.82 14.51 14.51 14.51 15.21 15.9 16.6 17.29 17.98 18.68 18.68 18.68 19.33 19.98 20.63 21.28 21.93 22.58 22.58 22.58 23.29 24.01 24.73 25.44 26.16 26.88 26.88 26.88 27.52 28.17 28.82 29.47 30.12 30.77 30.77 30.77 31.47 32.16 32.85 33.55 34.24 34.94 34.94 34.94 35.63 36.33 37.02 37.71 38.41 39.1 39.1 39.1 39.75 40.4 41.05 41.7 42.35 43.0 43.0 43.0 43.72 44.43 45.15 45.87 46.58 47.3 47.3 47.3 47.66 48.02 48.38 48.73 49.09 49.45 49.45 49.45 49.45 49.45 49.45 49.45 49.45 49.45 49.45 49.45 49.45 49.45 49.45 49.45 49.45 49.45 49.45 49.45 49.45 49.45 49.45 49.45 49.45 49.45 49.45 49.45 49.45 49.45 49.45 49.45 49.45 49.45 49.45 49.45 49.45 49.45 49.45 49.45 49.45 49.45 49.45 49.45 49.45 49.45 49.45 49.45 49.45 49.45 49.45 49.45 49.45 49.45 49.45 49.45 49.45 49.45 49.45 49.45 49.45 49.45 49.45 49.45 49.45 49.45 49.45 49.45 49.09 48.73 48.38 48.02 47.66 47.3 47.3 47.3 46.58 45.87 45.15 44.43 43.72 43.0 43.0 43.0 42.35 41.7 41.05 40.4 39.75 39.1 39.1 39.1 38.41 37.71 37.02 36.33 35.63 34.94 34.94 34.94 34.24 33.55 32.85 32.16 31.47 30.77 30.77 30.77 30.12 29.47 28.82 28.17 27.52 26.88 26.88 26.88 26.16 25.44 24.73 24.01 23.29 22.58 22.58 22.58 21.93 21.28 20.63 19.98 19.33 18.68 18.68 18.68 17.98 17.29 16.6 15.9 15.21 14.51 14.51 14.51 13.82 13.12 12.43 11.74 11.04 10.35 10.35 10.35 9.7 9.05 8.4 7.75 7.1 6.45 6.45 6.45 5.73 5.02 4.3 3.58 2.87 2.15 2.15 2.15 1.79 1.43 1.08 0.72 0.36 0 0 0 0 0 0 0 0 0 0 0 0 0 0 0 0 0 0 0 0 0 0 0 0 0 0 0 0 0 0 0 0 0 0 0 0 0 0 0 0 0 0 0 0 0 0
6391688443.0
830542806.0
0.00326
0.00633
agregarAgente --DemandaFija
83.2 70.75 58.3 58.3 58.3 87.7 117.1 146.5 175.9 205.3 234.7 234.7 234.7 214.48 194.25 174.03 153.8 133.58 113.35 113.35 113.35 95.5 77.65 59.8 41.95 24.1 6.25 6.25 6.25 18.0 29.75 41.5 53.25 65.0 76.75 76.75 76.75 114.74 152.73 190.73 228.72 266.71 304.7 304.7 304.7 293.72 282.73 271.75 260.77 249.78 238.8 238.8 238.8 249.23 259.67 270.1 280.53 290.97 301.4 301.4 301.4 301.57 301.73 301.9 302.07 302.23 302.4 302.4 302.4 254.35 206.3 158.25 110.2 62.15 14.1 14.1 14.1 28.25 42.4 56.55 70.7 84.85 99.0 99.0 99.0 121.58 144.17 166.75 189.33 211.92 234.5 234.5 234.5 245.28 256.07 266.85 277.63 288.42 299.2 299.2 299.2 318.26 337.32 356.38 375.43 394.49 413.55 413.55 413.55 414.46 415.37 416.28 417.18 418.09 419.0 419.0 419.0 396.66 374.32 351.98 329.63 307.29 284.95 284.95 284.95 301.5 318.05 334.6 351.15 367.7 384.25 384.25 384.25 398.64 413.03 427.43 441.82 456.21 470.6 470.6 470.6 413.63 356.65 299.68 242.7 185.73 128.75 128.75 128.75 150.07 171.38 192.7 214.02 235.33 256.65 256.65 256.65 278.19 299.73 321.28 342.82 364.36 385.9 385.9 385.9 368.54 351.18 333.83 316.47 299.11 281.75 281.75 281.75 297.68 313.6 329.53 345.45 361.38 377.3 377.3 377.3 380.34 383.38 386.43 389.47 392.51 395.55 395.55 395.55 359.22 322.88 286.55 250.22 213.88 177.55 177.55 177.55 199.72 221.88 244.05 266.22 288.38 310.55 310.55 310.55 301.27 291.98 282.7 273.42 264.13 254.85 254.85 254.85 229.43 204.02 178.6 153.18 127.77 102.35 102.35 102.35 128.26 154.17 180.08 205.98 231.89 257.8 257.8 257.8 250.17 242.55 234.93 227.3 219.67 212.05 212.05 212.05 188.03 164.02 140.0 115.98 91.97 67.95 67.95 67.95 94.65 121.35 148.05 174.75 201.45 228.15 228.15 228.15 242.56 256.97 271.38 285.78 300.19 314.6 314.6 314.6 285.98 257.37 228.75 200.13 171.52 142.9 142.9 142.9 165.45 188.0 210.55 233.1 255.65 278.2 278.2 278.2 275.31 272.42 269.53 266.63 263.74 260.85 260.85 260.85 240.22 219.58 198.95 178.32 157.68 137.05 137.05 137.05 145.88 154.72 163.55 172.38 181.22 190.05 190.05 190.05 188.58 187.12 185.65 184.18 182.72 181.25 181.25 181.25 166.91 152.57 138.23 123.88 109.54 95.2 95.2 95.2 121.75 148.3 174.85 201.4 227.95 254.5 254.5 254.5 252.68 250.87 249.05 247.23 245.42 243.6 243.6 243.6 223.28 202.95 182.63 162.3 141.98 121.65 121.65 121.65 153.85 186.05 218.25 250.45 282.65 314.85 314.85 314.85 320.69 326.53 332.38 338.22 344.06 349.9 349.9 349.9 321.44 292.98 264.53
crearDespacho --fija
3200.0
configurarSolver --Gurobi
resolver --noConstante ejecuciones/bancos/recombinados/v1/directo/simple/v1_simple_000317.csv
finalizar
