inicializar --t 360
agregarAgente --RioNegro
24.1 23.4 22.7 22.7 22.7 22.03 21.37 20.7 20.03 19.37 18.7 18.7 18.7 18.02 17.33 16.65 15.97 15.28 14.6 14.6 14.6 13.92 13.23 12.55 11.87 11.18 10.5 10.5 10.5 9.82 9.13 8.45 7.77 7.08 6.4 6.4 6.4 5.72 5.03 4.35 3.67 2.98 2.3 2.3 2.3 1.92 1.53 1.15 0.77 0.38 0 0 0 0 0 0 0 0 0 0 0 0 0 0 0 0 0 0 0 0 0 0 0 0 0 0 0 0 0 0 0 0 0 0 0 0 0 0 0 0 0 0 0 0 0 0 0 0 0 0 0 0 0 0 0 0 0 0 0 0 0 0 0 0 0 0 0 0.6 1.2 1.8 2.4 3.0 3.6 3.6 3.6 4.55 5.5 6.45 7.4 8.35 9.3 9.3 9.3 10.35 11.4 12.45 13.5 14.55 15.6 15.6 15.6 16.62 17.63 18.65 19.67 20.68 21.7 21.7 21.7 22.68 23.67 24.65 25.63 26.62 27.6 27.6 27.6 28.67 29.73 30.8 31.87 32.93 34.0 34.0 34.0 34.93 35.87 36.8 37.73 38.67 39.6 39.6 39.6 40.67 41.73 42.8 43.87 44.93 46.0 46.0 46.0 46.98 47.97 48.95 49.93 50.92 51.9 51.9 51.9 52.92 53.93 54.95 55.97 56.98 58.0 58.0 58.0 59.05 60.1 61.15 62.2 63.25 64.3 64.3 64.3 65.25 66.2 67.15 68.1 69.05 70.0 70.0 70.0 70.6 71.2 71.8 72.4 73.0 73.6 73.6 73.6 73.6 73.6 73.6 73.6 73.6 73.6 73.6 73.6 73.6 73.6 73.6 73.6 73.6 73.6 73.6 73.6 73.6 73.6 73.6 73.6 73.6 73.6 73.6 73.6 73.6 73.6 73.6 73.6 73.6 73.6 73.6 73.6 73.6 73.6 73.6 73.6 73.6 73.6 73.6 73.6 73.6 73.6 73.6 73.6 73.6 73.6 73.6 73.6 73.6 73.6 73.6 73.6 73.6 73.6 73.6 73.6 73.6 73.6 73.6 73.6 73.6 73.6 73.6 73.6 73.47 73.33 73.2 73.07 72.93 72.8 72.8 72.8 72.53 72.27 72.0 71.73 71.47 71.2 71.2 71.2 70.93 70.67 70.4 70.13 69.87 69.6 69.6 69.6 69.33 69.07 68.8 68.53 68.27 68.0 68.0 68.0 67.73 67.47 67.2 66.93 66.67 66.4 66.4 66.4 66.13 65.87 65.6 65.33 65.07 64.8 64.8 64.8 64.53 64.27 64.0 63.73 63.47 63.2 63.2 63.2 62.93 62.67 62.4 62.13 61.87 61.6 61.6 61.6 61.33 61.07 60.8 60.53 60.27 60.0 60.0 60.0 59.73 59.47 59.2
0.47 0.43 0.4 0.4 0.4 0.4 0.4 0.4 0.4 0.4 0.4 0.4 0.4 0.4 0.4 0.4 0.4 0.4 0.4 0.4 0.4 0.4 0.4 0.4 0.4 0.4 0.4 0.4 0.4 0.37 0.33 0.3 0.27 0.23 0.2 0.2 0.2 0.2 0.2 0.2 0.2 0.2 0.2 0.2 0.2 0.2 0.2 0.2 0.2 0.2 0.2 0.2 0.2 0.2 0.2 0.2 0.2 0.2 0.2 0.2 0.2 0.2 0.2 0.2 0.2 0.2 0.2 0.2 0.2 0.2 0.2 0.2 0.2 0.2 0.2 0.2 0.2 0.2 0.2 0.2 0.2 0.2 0.2 0.2 0.2 0.2 0.2 0.2 0.2 0.2 0.2 0.2 0.2 0.2 0.2 0.2 0.2 0.2 0.2 0.2 0.2 0.2 0.2 0.2 0.2 0.2 0.2 0.2 0.2 0.2 0.2 0.2 0.2 0.2 0.2 0.2 0.2 0.2 0.2 0.2 0.2 0.2 0.2 0.2 0.2 0.2 0.2 0.2 0.2 0.2 0.2 0.2 0.2 0.2 0.2 0.2 0.2 0.2 0.2 0.2 0.2 0.2 0.2 0.2 0.2 0.2 0.2 0.2 0.2 0.2 0.2 0.2 0.2 0.2 0.2 0.2 0.2 0.2 0.2 0.2 0.2 0.2 0.2 0.2 0.2 0.17 0.13 0.1 0.07 0.03 0 0 0 0 0 0 0 0 0 0 0 0 0 0 0 0 0 0 0 0 0 0 0 0 0 0 0 0 0 0 0 0 0 0 0 0 0 0 0 0 0 0 0 0 0 0 0 0 0 0 0 0 0 0 0 0 0 0 0 0 0 0 0 0 0 0 0 0 0 0 0 0 0 0 0 0 0 0 0 0 0 0 0 0 0 0 0 0 0 0 0 0 0 0 0 0 0 0 0 0 0 0 0 0 0 0 0 0 0 0 0 0 0 0 0 0.13 0.27 0.4 0.53 0.67 0.8 0.8 0.8 1.04 1.28 1.51 1.75 1.99 2.23 2.23 2.23 2.46 2.7 2.94 3.18 3.41 3.65 3.65 3.65 3.88 4.12 4.35 4.58 4.82 5.05 5.05 5.05 5.29 5.53 5.76 6.0 6.24 6.48 6.48 6.48 6.71 6.95 7.19 7.43 7.66 7.9 7.9 7.9 8.13 8.37 8.6 8.83 9.07 9.3 9.3 9.3 9.54 9.78 10.01 10.25 10.49 10.73 10.73 10.73 10.96 11.2 11.44 11.68 11.91 12.15 12.15 12.15 12.38 12.62 12.85
9.92 9.68 9.45 9.45 9.45 9.23 9.01 8.79 8.58 8.36 8.14 8.14 8.14 7.92 7.7 7.48 7.26 7.04 6.82 6.82 6.82 6.61 6.39 6.17 5.95 5.73 5.51 5.51 5.51 5.29 5.07 4.86 4.64 4.42 4.2 4.2 4.2 3.97 3.73 3.5 3.27 3.03 2.8 2.8 2.8 2.68 2.57 2.45 2.33 2.22 2.1 2.1 2.1 2.1 2.1 2.1 2.1 2.1 2.1 2.1 2.1 2.1 2.1 2.1 2.1 2.1 2.1 2.1 2.1 2.1 2.1 2.1 2.1 2.1 2.1 2.1 2.1 2.1 2.1 2.1 2.1 2.1 2.1 2.1 2.1 2.1 2.1 2.1 2.1 2.1 2.1 2.1 2.1 2.1 2.1 2.1 2.1 2.1 2.1 2.1 2.1 2.1 2.1 2.1 2.1 2.1 2.1 2.1 2.1 2.1 2.1 2.1 2.1 2.1 2.1 2.1 2.1 2.17 2.25 2.32 2.39 2.46 2.54 2.54 2.54 2.68 2.83 2.97 3.12 3.27 3.41 3.41 3.41 3.57 3.73 3.89 4.05 4.21 4.38 4.38 4.38 4.51 4.64 4.77 4.9 5.03 5.16 5.16 5.16 5.31 5.45 5.6 5.75 5.89 6.04 6.04 6.04 6.17 6.3 6.43 6.56 6.69 6.82 6.82 6.82 7.0 7.18 7.35 7.52 7.7 7.87 7.87 7.87 8.01 8.14 8.27 8.4 8.53 8.66 8.66 8.66 8.81 8.95 9.1 9.25 9.39 9.54 9.54 9.54 9.67 9.8 9.93 10.06 10.19 10.33 10.33 10.33 10.49 10.65 10.81 10.97 11.13 11.29 11.29 11.29 11.43 11.58 11.73 11.87 12.02 12.16 12.16 12.16 12.24 12.31 12.38 12.45 12.53 12.6 12.6 12.6 12.6 12.6 12.6 12.6 12.6 12.6 12.6 12.6 12.6 12.6 12.6 12.6 12.6 12.6 12.6 12.6 12.6 12.6 12.6 12.6 12.6 12.6 12.6 12.6 12.6 12.6 12.6 12.6 12.6 12.6 12.6 12.6 12.6 12.6 12.6 12.6 12.6 12.6 12.6 12.6 12.6 12.6 12.6 12.6 12.6 12.6 12.6 12.6 12.6 12.6 12.6 12.6 12.6 12.6 12.6 12.6 12.6 12.6 12.6 12.6 12.6 12.6 12.6 12.6 12.67 12.75 12.82 12.89 12.96 13.04 13.04 13.04 13.2 13.36 13.52 13.68 13.84 14.0 14.0 14.0 14.16 14.32 14.48 14.64 14.8 14.96 14.96 14.96 15.11 15.25 15.4 15.55 15.69 15.84 15.84 15.84 16.0 16.16 16.32 16.48 16.64 16.8 16.8 16.8 16.96 17.12 17.28 17.44 17.6 17.76 17.76 17.76 17.91 18.05 18.2 18.35 18.49 18.64 18.64 18.64 18.8 18.96 19.12 19.28 19.44 19.6 19.6 19.6 19.76 19.92 20.08 20.24 20.4 20.56 20.56 20.56 20.71 20.85 21.0
3867408628.0
1307088570.0
0.00326
0.00633
agregarAgente --DemandaFija
404.1 361.41 318.73 318.73 318.73 323.74 328.75 333.76 338.78 343.79 348.8 348.8 348.8 398.68 448.55 498.43 548.3 598.18 648.05 648.05 648.05 599.35 550.65 501.95 453.25 404.55 355.85 355.85 355.85 371.09 386.33 401.56 416.8 432.04 447.28 447.28 447.28 461.85 476.43 491.0 505.58 520.15 534.73 534.73 534.73 496.84 458.95 421.06 383.18 345.29 307.4 307.4 307.4 343.09 378.78 414.46 450.15 485.84 521.53 521.53 521.53 537.18 552.83 568.48 584.13 599.78 615.43 615.43 615.43 544.01 472.6 401.19 329.78 258.36 186.95 186.95 186.95 252.34 317.73 383.11 448.5 513.89 579.28 579.28 579.28 584.68 590.08 595.48 600.88 606.28 611.68 611.68 611.68 566.39 521.1 475.81 430.53 385.24 339.95 339.95 339.95 394.94 449.93 504.91 559.9 614.89 669.88 669.88 669.88 643.78 617.68 591.58 565.48 539.38 513.28 513.28 513.28 510.93 508.58 506.22 503.88 501.53 499.17 499.17 499.17 471.19 443.2 415.21 387.23 359.24 331.25 331.25 331.25 334.56 337.88 341.19 344.5 347.81 351.13 351.13 351.13 313.86 276.6 239.34 202.08 164.81 127.55 127.55 127.55 157.66 187.78 217.89 248.0 278.11 308.23 308.23 308.23 306.25 304.28 302.3 300.33 298.35 296.38 296.38 296.38 279.6 262.83 246.05 229.28 212.5 195.73 195.73 195.73 227.9 260.08 292.25 324.43 356.6 388.78 388.78 388.78 374.83 360.88 346.93 332.98 319.03 305.08 305.08 305.08 268.15 231.23 194.3 157.38 120.45 83.53 83.53 83.53 100.99 118.45 135.91 153.38 170.84 188.3 188.3 188.3 239.2 290.1 341.0 391.9 442.8 493.7 493.7 493.7 465.38 437.05 408.73 380.4 352.08 323.75 323.75 323.75 376.86 429.98 483.09 536.2 589.31 642.43 642.43 642.43 613.68 584.93 556.18 527.43 498.68 469.92 469.92 469.92 413.43 356.93 300.42 243.93 187.43 130.93 130.93 130.93 156.76 182.6 208.44 234.28 260.11 285.95 285.95 285.95 288.54 291.13 293.71 296.3 298.89 301.48 301.48 301.48 279.58 257.68 235.78 213.88 191.98 170.08 170.08 170.08 204.24 238.4 272.56 306.73 340.89 375.05 375.05 375.05 370.84 366.63 362.41 358.2 353.99 349.78 349.78 349.78 348.11 346.45 344.79 343.13 341.46 339.8 339.8 339.8 383.23 426.65 470.08 513.5 556.93 600.35 600.35 600.35 576.04 551.73 527.41 503.1 478.79 454.48 454.48 454.48 444.19 433.9 423.61 413.33 403.04 392.75 392.75 392.75 400.46 408.18 415.89 423.6 431.31 439.03 439.03 439.03 429.1 419.18 409.25 399.33 389.4 379.48 379.48 379.48 352.74 326.0 299.26 272.53 245.79 219.05 219.05 219.05 254.94 290.83 326.71 362.6 398.49 434.38 434.38 434.38 442.49 450.6 458.71 466.83 474.94 483.05 483.05 483.05 462.94 442.83 422.71
crearDespacho --fija
1600.0
configurarSolver --Gurobi
resolver --noConstante ejecuciones/bancos/recombinados/v1/directo/simple/v1_simple_000006.csv
finalizar
