inicializar --t 360
agregarAgente --RioNegro
0 0 0 0 0 0 0 0 0 0 0 0 0 0 0 0 0 0 0 0 0 0 0 0 0 0 0 0 0 0 0 0 0 0 0 0 0 0 0 0 0 0 0 0 0 0 0 0 0 0 0 0 0 0 0 0 0 0 0 0 0 0 0 0 0 0 0 0 0 0 0 0 0 0 0 0 0 0 0 0 0 0 0 0 0 0 0 0 0 0 0 0 0 0 0 0 0 0 0 0 0 0 0 0 0 0 0 0 0 0 0 0 0 0 0 0 0 0 0 0 0 0 0 0 0 0 0 0 0 0 0 0 0 0 0 0 0 0 0 0 0 0 0 0 0 0 0 0 0 0 0 0 0 0 0 0 0 0 0 0 0 0 0 0 0 0 0 0 0 0 0 0 0 0 0 0 0 0 0 0 0 0 0 0 0 0 0 0 0 0 0 0 0 0 0 0 0 0 0 0 0 0 0 0 0 0 0 0 0 0 0 0 0 0 0 0 0 0 0 0 0 0 0 0 0 0 0 0 0 0 0 0 0 0 0 0 0 0 0 0 0 0 0 0 0 0 0 0 0 0 0 0 0 0 0 0 0 0 0 0 0 0 0 0 0 0 0 0 0 0 0 0 0 0 0 0 0 0 0 0 0 0 0 0 0 0 0 0 0 0 0 0 0 0 0 0 0 0 0 0 0 0 0 0 0 0 0 0 0 0 0 0 0 0 0 0 0 0 0 0 0 0 0 0 0 0 0 0 0 0 0 0 0 0.48 0.97 1.45 1.93 2.42 2.9 2.9 2.9 3.75 4.6 5.45 6.3 7.15 8.0 8.0 8.0 8.82 9.63 10.45 11.27 12.08 12.9 12.9 12.9 13.77 14.63 15.5
1.93 1.92 1.9 1.9 1.9 1.88 1.85 1.83 1.8 1.78 1.75 1.75 1.75 1.72 1.7 1.68 1.65 1.63 1.6 1.6 1.6 1.57 1.53 1.5 1.47 1.43 1.4 1.4 1.4 1.37 1.34 1.31 1.28 1.25 1.23 1.23 1.23 1.2 1.18 1.15 1.13 1.1 1.08 1.08 1.08 1.05 1.03 1.0 0.98 0.95 0.93 0.93 0.93 0.9 0.88 0.85 0.83 0.8 0.78 0.78 0.78 0.75 0.72 0.69 0.66 0.63 0.6 0.6 0.6 0.57 0.53 0.5 0.47 0.43 0.4 0.4 0.4 0.38 0.35 0.33 0.3 0.27 0.25 0.25 0.25 0.23 0.2 0.18 0.15 0.13 0.1 0.1 0.1 0.08 0.07 0.05 0.03 0.02 0 0 0 0 0 0 0 0 0 0 0 0 0 0 0 0 0 0 0 0 0 0 0 0 0 0 0 0 0 0 0 0 0 0 0 0 0 0 0 0 0 0 0 0 0 0 0 0 0 0 0 0 0 0 0 0 0 0 0 0 0 0 0 0 0 0 0 0.02 0.03 0.05 0.07 0.08 0.1 0.1 0.1 0.13 0.16 0.19 0.22 0.25 0.28 0.28 0.28 0.3 0.33 0.36 0.39 0.42 0.45 0.45 0.45 0.48 0.52 0.55 0.58 0.62 0.65 0.65 0.65 0.68 0.71 0.74 0.77 0.8 0.83 0.83 0.83 0.85 0.88 0.91 0.94 0.97 1.0 1.0 1.0 1.03 1.07 1.1 1.13 1.17 1.2 1.2 1.2 1.23 1.26 1.29 1.32 1.35 1.38 1.38 1.38 1.4 1.43 1.46 1.49 1.52 1.55 1.55 1.55 1.58 1.62 1.65 1.68 1.72 1.75 1.75 1.75 1.78 1.81 1.84 1.87 1.9 1.93 1.93 1.93 1.95 1.98 2.01 2.04 2.07 2.1 2.1 2.1 2.12 2.13 2.15 2.17 2.18 2.2 2.2 2.2 2.2 2.2 2.2 2.2 2.2 2.2 2.2 2.2 2.2 2.2 2.2 2.2 2.2 2.2 2.2 2.2 2.2 2.2 2.2 2.2 2.2 2.2 2.2 2.2 2.2 2.2 2.2 2.2 2.2 2.2 2.2 2.2 2.2 2.2 2.2 2.2 2.2 2.2 2.2 2.2 2.2 2.2 2.2 2.2 2.2 2.2 2.2 2.2 2.2 2.2 2.2 2.2 2.2 2.2 2.2 2.2 2.2 2.2 2.2 2.2 2.2 2.2 2.2 2.2 2.2 2.2 2.2 2.2 2.2 2.2 2.2 2.2 2.2 2.2 2.2 2.2 2.2 2.2 2.2 2.2 2.2 2.2 2.2 2.2 2.2 2.2 2.2 2.2 2.17 2.13 2.1
17.5 17.5 17.5 17.5 17.5 17.62 17.73 17.85 17.97 18.08 18.2 18.2 18.2 18.2 18.2 18.2 18.2 18.2 18.2 18.2 18.2 18.32 18.43 18.55 18.67 18.78 18.9 18.9 18.9 18.9 18.9 18.9 18.9 18.9 18.9 18.9 18.9 19.02 19.13 19.25 19.37 19.48 19.6 19.6 19.6 19.6 19.6 19.6 19.6 19.6 19.6 19.6 19.6 19.72 19.83 19.95 20.07 20.18 20.3 20.3 20.3 20.3 20.3 20.3 20.3 20.3 20.3 20.3 20.3 20.42 20.53 20.65 20.77 20.88 21.0 21.0 21.0 21.0 21.0 21.0 21.0 21.0 21.0 21.0 21.0 21.12 21.23 21.35 21.47 21.58 21.7 21.7 21.7 21.7 21.7 21.7 21.7 21.7 21.7 21.7 21.7 21.7 21.7 21.7 21.7 21.7 21.7 21.7 21.7 21.7 21.7 21.7 21.7 21.7 21.7 21.7 21.7 21.7 21.7 21.7 21.7 21.7 21.7 21.7 21.7 21.7 21.7 21.7 21.7 21.7 21.7 21.7 21.7 21.7 21.7 21.7 21.7 21.7 21.7 21.7 21.7 21.7 21.7 21.7 21.7 21.7 21.7 21.7 21.7 21.7 21.7 21.7 21.7 21.7 21.7 21.7 21.7 21.7 21.7 21.7 21.7 21.7 21.7 21.7 21.7 21.7 21.7 21.7 21.7 21.7 21.7 21.7 21.7 21.58 21.47 21.35 21.23 21.12 21.0 21.0 21.0 21.0 21.0 21.0 21.0 21.0 21.0 21.0 21.0 20.88 20.77 20.65 20.53 20.42 20.3 20.3 20.3 20.3 20.3 20.3 20.3 20.3 20.3 20.3 20.3 20.18 20.07 19.95 19.83 19.72 19.6 19.6 19.6 19.6 19.6 19.6 19.6 19.6 19.6 19.6 19.6 19.48 19.37 19.25 19.13 19.02 18.9 18.9 18.9 18.9 18.9 18.9 18.9 18.9 18.9 18.9 18.9 18.78 18.67 18.55 18.43 18.32 18.2 18.2 18.2 18.2 18.2 18.2 18.2 18.2 18.2 18.2 18.2 18.08 17.97 17.85 17.73 17.62 17.5 17.5 17.5 17.5 17.5 17.5 17.5 17.5 17.5 17.5 17.5 17.5 17.5 17.5 17.5 17.5 17.5 17.5 17.5 17.5 17.5 17.5 17.5 17.5 17.5 17.5 17.5 17.5 17.5 17.5 17.5 17.5 17.5 17.5 17.5 17.5 17.5 17.5 17.5 17.5 17.5 17.5 17.5 17.5 17.5 17.5 17.5 17.5 17.5 17.5 17.5 17.5 17.5 17.5 17.5 17.5 17.5 17.5 17.5 17.5 17.5 17.5 17.5 17.5 17.5 17.5 17.5 17.5 17.5 17.5 17.5 17.5 17.5 17.5 17.5 17.5 17.5 17.5 17.5 17.5 17.5 17.5 17.5 17.5 17.5 17.5 17.5 17.5 17.5 17.5 17.5 17.38 17.27 17.15 17.03 16.92 16.8 16.8 16.8 16.8 16.8 16.8
3735291483.0
1547162966.0
0.00326
0.00633
agregarAgente --DemandaFija
28.1 26.2 24.3 24.3 24.3 21.44 18.58 15.73 12.87 10.01 7.15 7.15 7.15 7.0 6.85 6.7 6.55 6.4 6.25 6.25 6.25 13.33 20.4 27.48 34.55 41.63 48.7 48.7 48.7 51.37 54.03 56.7 59.37 62.03 64.7 64.7 64.7 58.11 51.52 44.93 38.33 31.74 25.15 25.15 25.15 25.26 25.37 25.48 25.58 25.69 25.8 25.8 25.8 22.54 19.28 16.03 12.77 9.51 6.25 6.25 6.25 7.07 7.88 8.7 9.52 10.33 11.15 11.15 11.15 10.33 9.52 8.7 7.88 7.07 6.25 6.25 6.25 6.25 6.25 6.25 6.25 6.25 6.25 6.25 6.25 10.27 14.28 18.3 22.32 26.33 30.35 30.35 30.35 29.26 28.17 27.08 25.98 24.89 23.8 23.8 23.8 35.63 47.45 59.28 71.1 82.93 94.75 94.75 94.75 109.14 123.53 137.93 152.32 166.71 181.1 181.1 181.1 162.65 144.2 125.75 107.3 88.85 70.4 70.4 70.4 63.43 56.45 49.48 42.5 35.53 28.55 28.55 28.55 51.83 75.12 98.4 121.68 144.97 168.25 168.25 168.25 146.2 124.15 102.1 80.05 58.0 35.95 35.95 35.95 43.49 51.03 58.58 66.12 73.66 81.2 81.2 81.2 94.19 107.18 120.18 133.17 146.16 159.15 159.15 159.15 150.25 141.35 132.45 123.55 114.65 105.75 105.75 105.75 90.89 76.03 61.18 46.32 31.46 16.6 16.6 16.6 41.63 66.67 91.7 116.73 141.77 166.8 166.8 166.8 152.92 139.05 125.18 111.3 97.43 83.55 83.55 83.55 89.68 95.82 101.95 108.08 114.22 120.35 120.35 120.35 107.14 93.93 80.73 67.52 54.31 41.1 41.1 41.1 35.29 29.48 23.68 17.87 12.06 6.25 6.25 6.25 6.25 6.25 6.25 6.25 6.25 6.25 6.25 6.25 13.48 20.72 27.95 35.18 42.42 49.65 49.65 49.65 42.42 35.18 27.95 20.72 13.48 6.25 6.25 6.25 9.6 12.95 16.3 19.65 23.0 26.35 26.35 26.35 32.43 38.52 44.6 50.68 56.77 62.85 62.85 62.85 53.42 43.98 34.55 25.12 15.68 6.25 6.25 6.25 8.48 10.7 12.93 15.15 17.38 19.6 19.6 19.6 22.7 25.8 28.9 32.0 35.1 38.2 38.2 38.2 32.88 27.55 22.23 16.9 11.58 6.25 6.25 6.25 10.21 14.17 18.13 22.08 26.04 30.0 30.0 30.0 28.97 27.95 26.93 25.9 24.88 23.85 23.85 23.85 20.92 17.98 15.05 12.12 9.18 6.25 6.25 6.25 6.25 6.25 6.25 6.25 6.25 6.25 6.25 6.25 10.41 14.57 18.73 22.88 27.04 31.2 31.2 31.2 27.04 22.88 18.73 14.57 10.41 6.25 6.25 6.25 6.83 7.4 7.98 8.55 9.13 9.7 9.7 9.7 10.74 11.78 12.83 13.87 14.91 15.95 15.95 15.95 19.33 22.7 26.08
crearDespacho --fija
1600.0
configurarSolver --Gurobi
resolver --noConstante ejecuciones/bancos/recombinados/v1/directo/simple/v1_simple_000214.csv
finalizar
