inicializar --t 360
agregarAgente --RioNegro
782.72 785.68 788.64 788.64 788.64 793.9 799.16 804.42 809.68 814.94 820.2 820.2 820.2 825.46 830.72 835.98 841.24 846.5 851.76 851.76 851.76 857.04 862.32 867.6 872.88 878.16 883.44 883.44 883.44 888.7 893.96 899.22 904.48 909.74 915.0 915.0 915.0 920.26 925.52 930.78 936.04 941.3 946.56 946.56 946.56 951.84 957.12 962.4 967.68 972.96 978.24 978.24 978.24 983.5 988.76 994.02 999.28 1004.54 1009.8 1009.8 1009.8 1015.06 1020.32 1025.58 1030.84 1036.1 1041.36 1041.36 1041.36 1046.64 1051.92 1057.2 1062.48 1067.76 1073.04 1073.04 1073.04 1078.3 1083.56 1088.82 1094.08 1099.34 1104.6 1104.6 1104.6 1109.86 1115.12 1120.38 1125.64 1130.9 1136.16 1136.16 1136.16 1139.12 1142.08 1145.04 1148.0 1150.96 1153.92 1153.92 1153.92 1153.92 1153.92 1153.92 1153.92 1153.92 1153.92 1153.92 1153.92 1153.92 1153.92 1153.92 1153.92 1153.92 1153.92 1153.92 1153.92 1153.92 1153.92 1153.92 1153.92 1153.92 1153.92 1153.92 1153.92 1153.92 1153.92 1153.92 1153.92 1153.92 1153.92 1153.92 1153.92 1153.92 1153.92 1153.92 1153.92 1153.92 1153.92 1153.92 1153.92 1153.92 1153.92 1153.92 1153.92 1153.92 1153.92 1153.92 1153.92 1153.92 1153.92 1153.92 1153.92 1153.92 1153.92 1153.92 1153.92 1153.92 1153.92 1153.92 1153.92 1153.92 1153.92 1153.92 1153.92 1148.56 1143.2 1137.84 1132.48 1127.12 1121.76 1121.76 1121.76 1112.16 1102.56 1092.96 1083.36 1073.76 1064.16 1064.16 1064.16 1054.56 1044.96 1035.36 1025.76 1016.16 1006.56 1006.56 1006.56 996.96 987.36 977.76 968.16 958.56 948.96 948.96 948.96 939.36 929.76 920.16 910.56 900.96 891.36 891.36 891.36 881.76 872.16 862.56 852.96 843.36 833.76 833.76 833.76 824.16 814.56 804.96 795.36 785.76 776.16 776.16 776.16 766.56 756.96 747.36 737.76 728.16 718.56 718.56 718.56 708.96 699.36 689.76 680.16 670.56 660.96 660.96 660.96 651.36 641.76 632.16 622.56 612.96 603.36 603.36 603.36 593.76 584.16 574.56 564.96 555.36 545.76 545.76 545.76 536.16 526.56 516.96 507.36 497.76 488.16 488.16 488.16 482.8 477.44 472.08 466.72 461.36 456.0 456.0 456.0 456.0 456.0 456.0 456.0 456.0 456.0 456.0 456.0 456.0 456.0 456.0 456.0 456.0 456.0 456.0 456.0 456.0 456.0 456.0 456.0 456.0 456.0 456.0 456.0 456.0 456.0 456.0 456.0 456.0 456.0 456.0 456.0 456.0 456.0 456.0 456.0 456.0 456.0 456.0 456.0 456.0 456.0 456.0 456.0 456.0 456.0 456.0 456.0 456.0 456.0 456.0 456.0 456.0 456.0 456.0 456.0 456.0 456.0 456.0 456.0 456.0 456.0 456.0 456.0 453.6 451.2 448.8 446.4 444.0 441.6 441.6 441.6 437.34 433.08 428.82 424.56 420.3 416.04 416.04 416.04 411.76 407.48 403.2 398.92 394.64 390.36 390.36 390.36 386.1 381.84 377.58
64.67 65.63 66.6 66.6 66.6 68.32 70.03 71.75 73.47 75.18 76.9 76.9 76.9 78.62 80.33 82.05 83.77 85.48 87.2 87.2 87.2 88.9 90.6 92.3 94.0 95.7 97.4 97.4 97.4 99.13 100.87 102.6 104.33 106.07 107.8 107.8 107.8 109.52 111.23 112.95 114.67 116.38 118.1 118.1 118.1 119.8 121.5 123.2 124.9 126.6 128.3 128.3 128.3 130.02 131.73 133.45 135.17 136.88 138.6 138.6 138.6 140.33 142.07 143.8 145.53 147.27 149.0 149.0 149.0 150.7 152.4 154.1 155.8 157.5 159.2 159.2 159.2 160.92 162.63 164.35 166.07 167.78 169.5 169.5 169.5 171.22 172.93 174.65 176.37 178.08 179.8 179.8 179.8 180.77 181.73 182.7 183.67 184.63 185.6 185.6 185.6 185.6 185.6 185.6 185.6 185.6 185.6 185.6 185.6 185.6 185.6 185.6 185.6 185.6 185.6 185.6 185.6 185.6 185.6 185.6 185.6 185.6 185.6 185.6 185.6 185.6 185.6 185.6 185.6 185.6 185.6 185.6 185.6 185.6 185.6 185.6 185.6 185.6 185.6 185.6 185.6 185.6 185.6 185.6 185.6 185.6 185.6 185.6 185.6 185.6 185.6 185.6 185.6 185.6 185.6 185.6 185.6 185.6 185.6 185.6 185.6 185.6 185.6 185.6 185.6 184.35 183.1 181.85 180.6 179.35 178.1 178.1 178.1 175.88 173.67 171.45 169.23 167.02 164.8 164.8 164.8 162.53 160.27 158.0 155.73 153.47 151.2 151.2 151.2 148.97 146.73 144.5 142.27 140.03 137.8 137.8 137.8 135.58 133.37 131.15 128.93 126.72 124.5 124.5 124.5 122.28 120.07 117.85 115.63 113.42 111.2 111.2 111.2 108.93 106.67 104.4 102.13 99.87 97.6 97.6 97.6 95.38 93.17 90.95 88.73 86.52 84.3 84.3 84.3 82.08 79.87 77.65 75.43 73.22 71.0 71.0 71.0 68.77 66.53 64.3 62.07 59.83 57.6 57.6 57.6 55.33 53.07 50.8 48.53 46.27 44.0 44.0 44.0 41.78 39.57 37.35 35.13 32.92 30.7 30.7 30.7 29.45 28.2 26.95 25.7 24.45 23.2 23.2 23.2 23.2 23.2 23.2 23.2 23.2 23.2 23.2 23.2 23.2 23.2 23.2 23.2 23.2 23.2 23.2 23.2 23.2 23.2 23.2 23.2 23.2 23.2 23.2 23.2 23.2 23.2 23.2 23.2 23.2 23.2 23.2 23.2 23.2 23.2 23.2 23.2 23.2 23.2 23.2 23.2 23.2 23.2 23.2 23.2 23.2 23.2 23.2 23.2 23.2 23.2 23.2 23.2 23.2 23.2 23.2 23.2 23.2 23.2 23.2 23.2 23.2 23.2 23.2 23.2 23.03 22.87 22.7 22.53 22.37 22.2 22.2 22.2 21.87 21.53 21.2 20.87 20.53 20.2 20.2 20.2 19.88 19.57 19.25 18.93 18.62 18.3 18.3 18.3 17.98 17.67 17.35
63.99 69.14 74.29 74.29 74.29 83.43 92.58 101.72 110.86 120.01 129.15 129.15 129.15 138.29 147.44 156.58 165.73 174.87 184.01 184.01 184.01 193.19 202.36 211.53 220.7 229.88 239.05 239.05 239.05 248.19 257.34 266.48 275.62 284.77 293.91 293.91 293.91 303.07 312.23 321.39 330.55 339.7 348.86 348.86 348.86 357.99 367.12 376.25 385.38 394.51 403.64 403.64 403.64 412.8 421.95 431.11 440.27 449.43 458.59 458.59 458.59 467.73 476.88 486.02 495.16 504.31 513.45 513.45 513.45 522.62 531.8 540.97 550.14 559.31 568.49 568.49 568.49 577.63 586.78 595.92 605.06 614.21 623.35 623.35 623.35 632.49 641.64 650.78 659.93 669.07 678.21 678.21 678.21 746.67 815.13 883.59 952.05 1020.51 1088.98 1088.98 1088.98 1088.98 1088.98 1088.98 1088.98 1088.98 1088.98 1088.98 1088.98 1088.98 1088.98 1088.98 1088.98 1088.98 1088.98 1088.98 1088.98 1088.98 1088.98 1088.98 1088.98 1088.98 1088.98 1088.98 1088.98 1088.98 1088.98 1088.98 1088.98 1088.98 1088.98 1088.98 1088.98 1088.98 1088.98 1088.98 1088.98 1088.98 1088.98 1088.98 1088.98 1088.98 1088.98 1088.98 1088.98 1088.98 1088.98 1088.98 1088.98 1088.98 1088.98 1088.98 1088.98 1088.98 1088.98 1088.98 1088.98 1088.98 1088.98 1088.98 1088.98 1088.98 1088.98 1088.98 1088.98 1088.26 1087.54 1086.82 1086.11 1085.39 1084.68 1084.68 1084.68 1083.38 1082.08 1080.78 1079.48 1078.18 1076.88 1076.88 1076.88 1075.58 1074.28 1072.98 1071.69 1070.39 1069.09 1069.09 1069.09 1067.83 1066.58 1065.32 1064.07 1062.82 1061.56 1061.56 1061.56 1060.29 1059.01 1057.73 1056.46 1055.18 1053.9 1053.9 1053.9 1052.6 1051.31 1050.01 1048.71 1047.41 1046.11 1046.11 1046.11 1044.81 1043.51 1042.21 1040.91 1039.61 1038.32 1038.32 1038.32 1037.02 1035.72 1034.42 1033.12 1031.82 1030.52 1030.52 1030.52 1029.25 1027.97 1026.69 1025.42 1024.14 1022.86 1022.86 1022.86 1021.61 1020.35 1019.1 1017.85 1016.59 1015.34 1015.34 1015.34 1014.04 1012.74 1011.44 1010.14 1008.84 1007.54 1007.54 1007.54 1006.24 1004.95 1003.65 1002.35 1001.05 999.75 999.75 999.75 999.03 998.32 997.6 996.88 996.17 995.45 995.45 995.45 995.45 995.45 995.45 995.45 995.45 995.45 995.45 995.45 995.45 995.45 995.45 995.45 995.45 995.45 995.45 995.45 995.45 995.45 995.45 995.45 995.45 995.45 995.45 995.45 995.45 995.45 995.45 995.45 995.45 995.45 995.45 995.45 995.45 995.45 995.45 995.45 995.45 995.45 995.45 995.45 995.45 995.45 995.45 995.45 995.45 995.45 995.45 995.45 995.45 995.45 995.45 995.45 995.45 995.45 995.45 995.45 995.45 995.45 995.45 995.45 995.45 995.45 995.45 995.45 989.22 983.0 976.77 970.55 964.32 958.09 958.09 958.09 947.07 936.06 925.04 914.02 903.0 891.98 891.98 891.98 880.94 869.9 858.86 847.82 836.78 825.73 825.73 825.73 814.69 803.65 792.61
3118472308.0
1352517426.0
0.00479
0.00479
agregarAgente --DemandaFija
390.85 376.6 362.35 362.35 362.35 387.92 413.48 439.05 464.62 490.18 515.75 515.75 515.75 530.06 544.37 558.68 572.98 587.29 601.6 601.6 601.6 545.09 488.58 432.08 375.57 319.06 262.55 262.55 262.55 280.19 297.83 315.48 333.12 350.76 368.4 368.4 368.4 395.38 422.37 449.35 476.33 503.32 530.3 530.3 530.3 498.41 466.52 434.63 402.73 370.84 338.95 338.95 338.95 358.42 377.88 397.35 416.82 436.28 455.75 455.75 455.75 494.28 532.8 571.33 609.85 648.38 686.9 686.9 686.9 630.66 574.42 518.18 461.93 405.69 349.45 349.45 349.45 365.4 381.35 397.3 413.25 429.2 445.15 445.15 445.15 466.17 487.18 508.2 529.22 550.23 571.25 571.25 571.25 530.48 489.7 448.93 408.15 367.38 326.6 326.6 326.6 336.28 345.95 355.63 365.3 374.98 384.65 384.65 384.65 410.77 436.88 463.0 489.12 515.23 541.35 541.35 541.35 502.08 462.82 423.55 384.28 345.02 305.75 305.75 305.75 307.25 308.75 310.25 311.75 313.25 314.75 314.75 314.75 345.67 376.58 407.5 438.42 469.33 500.25 500.25 500.25 465.43 430.62 395.8 360.98 326.17 291.35 291.35 291.35 295.85 300.35 304.85 309.35 313.85 318.35 318.35 318.35 352.41 386.47 420.53 454.58 488.64 522.7 522.7 522.7 462.77 402.83 342.9 282.97 223.03 163.1 163.1 163.1 137.62 112.13 86.65 61.17 35.68 10.2 10.2 10.2 9.54 8.88 8.23 7.57 6.91 6.25 6.25 6.25 18.38 30.5 42.63 54.75 66.88 79.0 79.0 79.0 107.44 135.88 164.33 192.77 221.21 249.65 249.65 249.65 212.51 175.37 138.23 101.08 63.94 26.8 26.8 26.8 40.53 54.25 67.98 81.7 95.43 109.15 109.15 109.15 92.22 75.28 58.35 41.42 24.48 7.55 7.55 7.55 8.28 9.0 9.73 10.45 11.17 11.9 11.9 11.9 18.58 25.25 31.93 38.6 45.28 51.95 51.95 51.95 44.33 36.72 29.1 21.48 13.87 6.25 6.25 6.25 6.25 6.25 6.25 6.25 6.25 6.25 6.25 6.25 18.44 30.63 42.83 55.02 67.21 79.4 79.4 79.4 109.67 139.93 170.2 200.47 230.73 261.0 261.0 261.0 248.77 236.53 224.3 212.07 199.83 187.6 187.6 187.6 163.05 138.5 113.95 89.4 64.85 40.3 40.3 40.3 34.63 28.95 23.28 17.6 11.93 6.25 6.25 6.25 25.91 45.57 65.23 84.88 104.54 124.2 124.2 124.2 106.96 89.72 72.48 55.23 37.99 20.75 20.75 20.75 42.92 65.08 87.25 109.42 131.58 153.75 153.75 153.75 161.17 168.58 176.0 183.42 190.83 198.25 198.25 198.25 172.8 147.35 121.9 96.45 71.0 45.55 45.55 45.55 131.03 216.5 301.97 387.45 472.93 558.4 558.4 558.4 496.42 434.43 372.45 310.47 248.48 186.5 186.5 186.5 158.65 130.8 102.95
crearDespacho --fija
3200.0
configurarSolver --Gurobi
resolver --noConstante ejecuciones/bancos/recombinados/v1/directo/simple/v1_simple_000331.csv
finalizar
