inicializar --t 360
agregarAgente --RioNegro
58.93 58.67 58.4 58.4 58.4 58.13 57.87 57.6 57.33 57.07 56.8 56.8 56.8 56.53 56.27 56.0 55.73 55.47 55.2 55.2 55.2 55.07 54.93 54.8 54.67 54.53 54.4 54.4 54.4 54.4 54.4 54.4 54.4 54.4 54.4 54.4 54.4 54.4 54.4 54.4 54.4 54.4 54.4 54.4 54.4 54.4 54.4 54.4 54.4 54.4 54.4 54.4 54.4 54.4 54.4 54.4 54.4 54.4 54.4 54.4 54.4 54.4 54.4 54.4 54.4 54.4 54.4 54.4 54.4 54.4 54.4 54.4 54.4 54.4 54.4 54.4 54.4 54.4 54.4 54.4 54.4 54.4 54.4 54.4 54.4 54.4 54.4 54.4 54.4 54.4 54.4 54.4 54.4 54.4 54.4 54.4 54.4 54.4 54.4 54.4 54.4 54.4 54.4 54.4 54.4 54.4 54.4 54.4 54.4 54.4 54.4 54.4 54.4 54.4 54.4 54.4 54.4 54.4 54.4 54.4 54.4 54.4 54.4 54.4 54.4 54.4 54.4 54.4 54.4 54.4 54.4 54.4 54.4 54.4 54.4 54.4 54.4 54.4 54.4 54.4 54.4 54.27 54.13 54.0 53.87 53.73 53.6 53.6 53.6 53.6 53.6 53.6 53.6 53.6 53.6 53.6 53.6 53.6 53.6 53.6 53.6 53.6 53.6 53.6 53.6 53.6 53.6 53.6 53.6 53.6 53.6 53.6 53.6 53.6 53.6 53.6 53.6 53.6 53.6 53.6 53.6 53.6 53.6 53.6 53.6 53.6 53.6 53.6 53.6 53.6 53.6 53.6 53.6 53.6 53.6 53.6 53.6 53.6 53.6 53.6 53.6 53.6 53.6 53.6 53.6 53.6 53.6 53.6 53.6 53.6 53.6 53.6 53.6 53.6 53.6 53.6 53.6 53.6 53.6 53.6 53.6 53.6 53.6 53.6 53.6 53.6 53.6 53.6 53.6 53.6 53.6 53.6 53.6 53.6 53.6 53.6 53.6 53.6 53.6 53.6 53.6 53.6 53.6 53.6 53.6 53.6 53.6 53.6 53.6 53.6 53.6 53.6 53.6 53.6 53.6 53.6 53.6 53.6 53.6 53.6 53.6 53.42 53.23 53.05 52.87 52.68 52.5 52.5 52.5 52.17 51.83 51.5 51.17 50.83 50.5 50.5 50.5 50.18 49.87 49.55 49.23 48.92 48.6 48.6 48.6 48.25 47.9 47.55 47.2 46.85 46.5 46.5 46.5 46.18 45.87 45.55 45.23 44.92 44.6 44.6 44.6 44.25 43.9 43.55 43.2 42.85 42.5 42.5 42.5 42.2 41.9 41.6 41.3 41.0 40.7 40.7 40.7 40.35 40.0 39.65 39.3 38.95 38.6 38.6 38.6 38.28 37.97 37.65 37.33 37.02 36.7 36.7 36.7 36.35 36.0 35.65 35.3 34.95 34.6 34.6 34.6 34.28 33.97 33.65 33.33 33.02 32.7 32.7 32.7 32.37 32.03 31.7 31.37 31.03 30.7 30.7 30.7 30.52 30.33 30.15
13.08 13.32 13.55 13.55 13.55 13.79 14.03 14.26 14.5 14.74 14.98 14.98 14.98 15.21 15.45 15.69 15.93 16.16 16.4 16.4 16.4 16.53 16.67 16.8 16.93 17.07 17.2 17.2 17.2 17.2 17.2 17.2 17.2 17.2 17.2 17.2 17.2 17.2 17.2 17.2 17.2 17.2 17.2 17.2 17.2 17.2 17.2 17.2 17.2 17.2 17.2 17.2 17.2 17.2 17.2 17.2 17.2 17.2 17.2 17.2 17.2 17.2 17.2 17.2 17.2 17.2 17.2 17.2 17.2 17.2 17.2 17.2 17.2 17.2 17.2 17.2 17.2 17.2 17.2 17.2 17.2 17.2 17.2 17.2 17.2 17.2 17.2 17.2 17.2 17.2 17.2 17.2 17.2 17.07 16.94 16.81 16.68 16.55 16.43 16.43 16.43 16.19 15.96 15.73 15.49 15.26 15.03 15.03 15.03 14.8 14.57 14.34 14.11 13.88 13.65 13.65 13.65 13.42 13.18 12.95 12.72 12.48 12.25 12.25 12.25 12.02 11.79 11.56 11.33 11.1 10.88 10.88 10.88 10.64 10.41 10.18 9.94 9.71 9.48 9.48 9.48 9.25 9.03 8.8 8.58 8.35 8.13 8.13 8.13 7.89 7.66 7.43 7.19 6.96 6.73 6.73 6.73 6.5 6.27 6.04 5.81 5.58 5.35 5.35 5.35 5.12 4.88 4.65 4.42 4.18 3.95 3.95 3.95 3.72 3.49 3.26 3.03 2.8 2.58 2.58 2.58 2.34 2.11 1.88 1.64 1.41 1.18 1.18 1.18 1.05 0.92 0.79 0.66 0.53 0.4 0.4 0.4 0.4 0.4 0.4 0.4 0.4 0.4 0.4 0.4 0.4 0.4 0.4 0.4 0.4 0.4 0.4 0.4 0.4 0.4 0.4 0.4 0.4 0.4 0.4 0.4 0.4 0.4 0.4 0.4 0.4 0.4 0.4 0.4 0.4 0.4 0.4 0.4 0.4 0.4 0.4 0.4 0.4 0.4 0.4 0.4 0.4 0.4 0.4 0.4 0.4 0.4 0.4 0.4 0.4 0.4 0.4 0.4 0.4 0.4 0.4 0.4 0.4 0.4 0.4 0.4 0.4 0.4 0.4 0.4 0.4 0.4 0.4 0.4 0.4 0.4 0.4 0.4 0.4 0.4 0.4 0.4 0.4 0.4 0.4 0.4 0.4 0.4 0.4 0.4 0.37 0.33 0.3 0.27 0.23 0.2 0.2 0.2 0.2 0.2 0.2 0.2 0.2 0.2 0.2 0.2 0.2 0.2 0.2 0.2 0.2 0.2 0.2 0.2 0.2 0.2 0.2 0.2 0.2 0.2 0.2 0.2 0.2 0.2 0.2 0.2 0.2 0.2 0.2 0.2 0.2 0.2 0.2 0.2 0.2 0.2 0.2 0.2 0.17 0.13 0.1 0.07 0.03 0 0 0 0 0 0 0 0 0 0 0 0 0 0 0 0 0 0 0 0 0 0
21.15 21.29 21.44 21.44 21.44 21.6 21.76 21.92 22.08 22.24 22.4 22.4 22.4 22.56 22.72 22.88 23.04 23.2 23.36 23.36 23.36 23.44 23.51 23.58 23.65 23.73 23.8 23.8 23.8 23.8 23.8 23.8 23.8 23.8 23.8 23.8 23.8 23.8 23.8 23.8 23.8 23.8 23.8 23.8 23.8 23.8 23.8 23.8 23.8 23.8 23.8 23.8 23.8 23.8 23.8 23.8 23.8 23.8 23.8 23.8 23.8 23.8 23.8 23.8 23.8 23.8 23.8 23.8 23.8 23.8 23.8 23.8 23.8 23.8 23.8 23.8 23.8 23.8 23.8 23.8 23.8 23.8 23.8 23.8 23.8 23.8 23.8 23.8 23.8 23.8 23.8 23.8 23.8 23.7 23.6 23.49 23.39 23.29 23.19 23.19 23.19 23.0 22.81 22.62 22.43 22.24 22.05 22.05 22.05 21.86 21.67 21.48 21.29 21.1 20.91 20.91 20.91 20.75 20.59 20.43 20.27 20.11 19.95 19.95 19.95 19.76 19.57 19.38 19.19 19.0 18.81 18.81 18.81 18.64 18.46 18.29 18.11 17.94 17.76 17.76 17.76 17.56 17.35 17.15 16.95 16.74 16.54 16.54 16.54 16.36 16.19 16.01 15.84 15.66 15.49 15.49 15.49 15.3 15.11 14.92 14.73 14.54 14.35 14.35 14.35 14.19 14.03 13.87 13.71 13.55 13.39 13.39 13.39 13.2 13.01 12.82 12.63 12.44 12.25 12.25 12.25 12.06 11.87 11.68 11.49 11.3 11.11 11.11 11.11 11.01 10.91 10.81 10.7 10.6 10.5 10.5 10.5 10.5 10.5 10.5 10.5 10.5 10.5 10.5 10.5 10.5 10.5 10.5 10.5 10.5 10.5 10.5 10.5 10.5 10.5 10.5 10.5 10.5 10.5 10.5 10.5 10.5 10.5 10.5 10.5 10.5 10.5 10.5 10.5 10.5 10.5 10.5 10.5 10.5 10.5 10.5 10.5 10.5 10.5 10.5 10.5 10.5 10.5 10.5 10.5 10.5 10.5 10.5 10.5 10.5 10.5 10.5 10.5 10.5 10.5 10.5 10.5 10.5 10.5 10.5 10.5 10.72 10.94 11.16 11.38 11.59 11.81 11.81 11.81 12.21 12.6 12.99 13.39 13.78 14.17 14.17 14.17 14.57 14.96 15.36 15.75 16.14 16.54 16.54 16.54 16.95 17.35 17.76 18.17 18.58 18.99 18.99 18.99 19.37 19.75 20.13 20.5 20.88 21.26 21.26 21.26 21.66 22.05 22.44 22.84 23.23 23.63 23.63 23.63 24.03 24.44 24.85 25.26 25.67 26.08 26.08 26.08 26.47 26.86 27.26 27.65 28.04 28.44 28.44 28.44 28.82 29.2 29.57 29.95 30.33 30.71 30.71 30.71 31.12 31.53 31.94 32.35 32.75 33.16 33.16 33.16 33.56 33.95 34.34 34.74 35.13 35.53 35.53 35.53 35.92 36.31 36.71 37.1 37.49 37.89 37.89 37.89 38.11 38.32 38.54
3860691501.0
1308904701.0
0.00326
0.00633
agregarAgente --DemandaFija
197.78 138.55 79.33 79.33 79.33 97.15 114.98 132.8 150.63 168.45 186.28 186.28 186.28 196.9 207.53 218.15 228.78 239.4 250.02 250.02 250.02 239.34 228.65 217.96 207.28 196.59 185.9 185.9 185.9 229.91 273.93 317.94 361.95 405.96 449.98 449.98 449.98 447.96 445.95 443.94 441.93 439.91 437.9 437.9 437.9 434.83 431.75 428.68 425.6 422.53 419.45 419.45 419.45 438.45 457.45 476.45 495.45 514.45 533.45 533.45 533.45 526.34 519.23 512.11 505.0 497.89 490.78 490.78 490.78 494.98 499.18 503.38 507.58 511.78 515.98 515.98 515.98 533.78 551.58 569.38 587.18 604.98 622.78 622.78 622.78 614.34 605.9 597.46 589.03 580.59 572.15 572.15 572.15 541.33 510.5 479.68 448.85 418.03 387.2 387.2 387.2 337.79 288.38 238.96 189.55 140.14 90.73 90.73 90.73 92.0 93.28 94.55 95.83 97.1 98.38 98.38 98.38 92.43 86.48 80.53 74.58 68.63 62.68 62.68 62.68 78.23 93.78 109.33 124.88 140.43 155.98 155.98 155.98 212.89 269.8 326.71 383.63 440.54 497.45 497.45 497.45 463.95 430.45 396.95 363.45 329.95 296.45 296.45 296.45 290.48 284.5 278.53 272.55 266.58 260.6 260.6 260.6 274.51 288.43 302.34 316.25 330.16 344.08 344.08 344.08 323.45 302.83 282.2 261.58 240.95 220.33 220.33 220.33 224.58 228.83 233.08 237.33 241.58 245.83 245.83 245.83 263.44 281.05 298.66 316.28 333.89 351.5 351.5 351.5 353.34 355.18 357.01 358.85 360.69 362.53 362.53 362.53 378.55 394.58 410.6 426.63 442.65 458.67 458.67 458.67 448.84 439.0 429.16 419.33 409.49 399.65 399.65 399.65 371.7 343.75 315.8 287.85 259.9 231.95 231.95 231.95 234.16 236.38 238.59 240.8 243.01 245.23 245.23 245.23 266.28 287.33 308.38 329.43 350.48 371.53 371.53 371.53 365.21 358.9 352.59 346.28 339.96 333.65 333.65 333.65 374.81 415.98 457.14 498.3 539.46 580.63 580.63 580.63 600.91 621.2 641.49 661.78 682.06 702.35 702.35 702.35 654.35 606.35 558.35 510.35 462.35 414.35 414.35 414.35 426.58 438.8 451.03 463.25 475.48 487.7 487.7 487.7 456.44 425.18 393.91 362.65 331.39 300.13 300.13 300.13 280.69 261.25 241.81 222.38 202.94 183.5 183.5 183.5 213.23 242.95 272.67 302.4 332.13 361.85 361.85 361.85 379.94 398.03 416.11 434.2 452.29 470.38 470.38 470.38 461.56 452.75 443.94 435.13 426.31 417.5 417.5 417.5 473.64 529.78 585.91 642.05 698.19 754.33 754.33 754.33 735.2 716.08 696.95 677.83 658.7 639.58 639.58 639.58 548.29 457.0 365.71 274.43 183.14 91.85 91.85 91.85 142.54 193.23 243.91 294.6 345.29 395.98 395.98 395.98 395.36 394.75 394.14 393.53 392.91 392.3 392.3 392.3 402.31 412.33 422.34
crearDespacho --fija
3200.0
configurarSolver --Gurobi
resolver --noConstante ejecuciones/bancos/recombinados/v1/directo/simple/v1_simple_000135.csv
finalizar
