inicializar --t 360
agregarAgente --RioNegro
12.8 12.8 12.8 12.8 12.8 12.8 12.8 12.8 12.8 12.8 12.8 12.8 12.8 12.8 12.8 12.8 12.8 12.8 12.8 12.8 12.8 12.8 12.8 12.8 12.8 12.8 12.8 12.8 12.8 12.8 12.8 12.8 12.8 12.8 12.8 12.8 12.8 12.8 12.8 12.8 12.8 12.8 12.8 12.8 12.8 14.22 15.63 17.05 18.47 19.88 21.3 21.3 21.3 23.82 26.33 28.85 31.37 33.88 36.4 36.4 36.4 38.92 41.43 43.95 46.47 48.98 51.5 51.5 51.5 54.02 56.53 59.05 61.57 64.08 66.6 66.6 66.6 69.12 71.63 74.15 76.67 79.18 81.7 81.7 81.7 84.23 86.77 89.3 91.83 94.37 96.9 96.9 96.9 99.4 101.9 104.4 106.9 109.4 111.9 111.9 111.9 114.43 116.97 119.5 122.03 124.57 127.1 127.1 127.1 129.62 132.13 134.65 137.17 139.68 142.2 142.2 142.2 144.72 147.23 149.75 152.27 154.78 157.3 157.3 157.3 159.82 162.33 164.85 167.37 169.88 172.4 172.4 172.4 174.92 177.43 179.95 182.47 184.98 187.5 187.5 187.5 188.92 190.33 191.75 193.17 194.58 196.0 196.0 196.0 196.0 196.0 196.0 196.0 196.0 196.0 196.0 196.0 196.0 196.0 196.0 196.0 196.0 196.0 196.0 196.0 196.0 196.0 196.0 196.0 196.0 196.0 196.0 196.0 196.0 196.0 196.0 196.0 196.0 196.0 196.0 196.0 196.0 196.0 196.0 196.0 196.0 196.0 196.0 196.0 196.0 196.0 196.0 196.0 196.0 196.0 196.0 196.0 196.0 196.0 196.0 196.0 196.0 196.0 196.0 196.0 196.0 196.0 196.0 196.0 196.0 196.0 196.0 196.0 194.57 193.13 191.7 190.27 188.83 187.4 187.4 187.4 184.85 182.3 179.75 177.2 174.65 172.1 172.1 172.1 169.55 167.0 164.45 161.9 159.35 156.8 156.8 156.8 154.23 151.67 149.1 146.53 143.97 141.4 141.4 141.4 138.87 136.33 133.8 131.27 128.73 126.2 126.2 126.2 123.65 121.1 118.55 116.0 113.45 110.9 110.9 110.9 108.33 105.77 103.2 100.63 98.07 95.5 95.5 95.5 92.95 90.4 87.85 85.3 82.75 80.2 80.2 80.2 77.67 75.13 72.6 70.07 67.53 65.0 65.0 65.0 62.43 59.87 57.3 54.73 52.17 49.6 49.6 49.6 47.05 44.5 41.95 39.4 36.85 34.3 34.3 34.3 31.75 29.2 26.65 24.1 21.55 19.0 19.0 19.0 17.57 16.13 14.7 13.27 11.83 10.4 10.4 10.4 10.4 10.4 10.4 10.4 10.4 10.4 10.4 10.4 10.4 10.4 10.4 10.4 10.4 10.4 10.4 10.4 10.4 10.4 10.4 10.4 10.4 10.4 10.4 10.4 10.4 10.4 10.4 10.4 10.4 10.4 10.4 10.4 10.4 10.4 10.4 10.4 10.4 10.4 10.4 10.4 10.4 10.4 10.4
0 0 0 0 0 0 0 0 0 0 0 0 0 0 0 0 0 0 0 0 0 0 0 0 0 0 0 0 0 0 0 0 0 0 0 0 0 0 0 0 0 0 0 0 0 0.05 0.1 0.15 0.2 0.25 0.3 0.3 0.3 0.4 0.5 0.6 0.7 0.8 0.9 0.9 0.9 0.99 1.08 1.16 1.25 1.34 1.43 1.43 1.43 1.52 1.62 1.71 1.81 1.9 2.0 2.0 2.0 2.1 2.19 2.29 2.38 2.48 2.58 2.58 2.58 2.66 2.75 2.84 2.93 3.01 3.1 3.1 3.1 3.2 3.3 3.4 3.5 3.6 3.7 3.7 3.7 3.79 3.88 3.96 4.05 4.14 4.23 4.23 4.23 4.32 4.42 4.51 4.61 4.7 4.8 4.8 4.8 4.9 4.99 5.09 5.18 5.28 5.38 5.38 5.38 5.46 5.55 5.64 5.73 5.81 5.9 5.9 5.9 6.0 6.1 6.2 6.3 6.4 6.5 6.5 6.5 6.55 6.6 6.65 6.7 6.75 6.8 6.8 6.8 6.8 6.8 6.8 6.8 6.8 6.8 6.8 6.8 6.8 6.8 6.8 6.8 6.8 6.8 6.8 6.8 6.8 6.8 6.8 6.8 6.8 6.8 6.8 6.8 6.8 6.8 6.8 6.8 6.8 6.8 6.8 6.8 6.8 6.8 6.8 6.8 6.8 6.8 6.8 6.8 6.8 6.8 6.8 6.8 6.8 6.8 6.8 6.8 6.8 6.8 6.8 6.8 6.8 6.8 6.8 6.8 6.8 6.8 6.8 6.8 6.8 6.8 6.8 6.8 6.75 6.7 6.65 6.6 6.55 6.5 6.5 6.5 6.41 6.33 6.24 6.15 6.06 5.98 5.98 5.98 5.88 5.79 5.7 5.61 5.52 5.43 5.43 5.43 5.33 5.23 5.13 5.03 4.93 4.83 4.83 4.83 4.74 4.65 4.56 4.48 4.39 4.3 4.3 4.3 4.21 4.13 4.04 3.95 3.86 3.78 3.78 3.78 3.68 3.59 3.5 3.41 3.32 3.23 3.23 3.23 3.14 3.05 2.96 2.88 2.79 2.7 2.7 2.7 2.61 2.53 2.44 2.35 2.26 2.18 2.18 2.18 2.08 1.98 1.88 1.78 1.68 1.58 1.58 1.58 1.48 1.39 1.3 1.21 1.12 1.03 1.03 1.03 0.94 0.85 0.76 0.68 0.59 0.5 0.5 0.5 0.45 0.4 0.35 0.3 0.25 0.2 0.2 0.2 0.2 0.2 0.2 0.2 0.2 0.2 0.2 0.2 0.2 0.2 0.2 0.2 0.2 0.2 0.2 0.2 0.2 0.2 0.2 0.2 0.2 0.2 0.2 0.2 0.2 0.2 0.2 0.2 0.2 0.2 0.2 0.2 0.2 0.2 0.2 0.2 0.2 0.2 0.2 0.2 0.2 0.2 0.2
11.9 11.9 11.9 11.9 11.9 11.9 11.9 11.9 11.9 11.9 11.9 11.9 11.9 11.9 11.9 11.9 11.9 11.9 11.9 11.9 11.9 11.9 11.9 11.9 11.9 11.9 11.9 11.9 11.9 11.9 11.9 11.9 11.9 11.9 11.9 11.9 11.9 11.9 11.9 11.9 11.9 11.9 11.9 11.9 11.9 12.25 12.6 12.95 13.3 13.65 14.0 14.0 14.0 14.58 15.17 15.75 16.33 16.92 17.5 17.5 17.5 18.13 18.75 19.38 20.01 20.64 21.26 21.26 21.26 21.86 22.46 23.06 23.65 24.25 24.85 24.85 24.85 25.45 26.05 26.64 27.24 27.84 28.44 28.44 28.44 29.06 29.69 30.32 30.95 31.57 32.2 32.2 32.2 32.78 33.37 33.95 34.53 35.12 35.7 35.7 35.7 36.33 36.95 37.58 38.21 38.84 39.46 39.46 39.46 40.06 40.66 41.26 41.85 42.45 43.05 43.05 43.05 43.65 44.25 44.84 45.44 46.04 46.64 46.64 46.64 47.26 47.89 48.52 49.15 49.77 50.4 50.4 50.4 50.98 51.57 52.15 52.73 53.32 53.9 53.9 53.9 54.25 54.6 54.95 55.3 55.65 56.0 56.0 56.0 56.0 56.0 56.0 56.0 56.0 56.0 56.0 56.0 56.0 56.0 56.0 56.0 56.0 56.0 56.0 56.0 56.0 56.0 56.0 56.0 56.0 56.0 56.0 56.0 56.0 56.0 56.0 56.0 56.0 56.0 56.0 56.0 56.0 56.0 56.0 56.0 56.0 56.0 56.0 56.0 56.0 56.0 56.0 56.0 56.0 56.0 56.0 56.0 56.0 56.0 56.0 56.0 56.0 56.0 56.0 56.0 56.0 56.0 56.0 56.0 56.0 56.0 56.0 56.0 55.65 55.3 54.95 54.6 54.25 53.9 53.9 53.9 53.26 52.62 51.97 51.33 50.69 50.05 50.05 50.05 49.41 48.77 48.13 47.48 46.84 46.2 46.2 46.2 45.57 44.95 44.32 43.69 43.06 42.44 42.44 42.44 41.81 41.18 40.56 39.93 39.3 38.68 38.68 38.68 38.02 37.36 36.71 36.05 35.39 34.74 34.74 34.74 34.13 33.51 32.9 32.29 31.67 31.06 31.06 31.06 30.41 29.75 29.09 28.44 27.78 27.13 27.13 27.13 26.5 25.87 25.24 24.62 23.99 23.36 23.36 23.36 22.74 22.11 21.48 20.85 20.23 19.6 19.6 19.6 18.96 18.32 17.67 17.03 16.39 15.75 15.75 15.75 15.11 14.47 13.83 13.18 12.54 11.9 11.9 11.9 11.55 11.2 10.85 10.5 10.15 9.8 9.8 9.8 9.8 9.8 9.8 9.8 9.8 9.8 9.8 9.8 9.8 9.8 9.8 9.8 9.8 9.8 9.8 9.8 9.8 9.8 9.8 9.8 9.8 9.8 9.8 9.8 9.8 9.8 9.8 9.8 9.8 9.8 9.8 9.8 9.8 9.8 9.8 9.8 9.8 9.8 9.8 9.8 9.8 9.8 9.8
4763108043.0
869530495.0
0.00479
0.00479
agregarAgente --DemandaFija
104.83 104.83 104.83 104.83 104.83 121.96 139.1 156.24 173.38 190.51 207.65 207.65 207.65 193.86 180.08 166.29 152.5 138.71 124.93 124.93 124.93 115.83 106.73 97.63 88.53 79.43 70.33 70.33 70.33 74.24 78.15 82.06 85.98 89.89 93.8 93.8 93.8 88.06 82.33 76.59 70.85 65.11 59.38 59.38 59.38 103.28 147.18 191.08 234.98 278.88 322.78 322.78 322.78 360.19 397.6 435.01 472.43 509.84 547.25 547.25 547.25 546.59 545.93 545.26 544.6 543.94 543.28 543.28 543.28 501.36 459.45 417.54 375.63 333.71 291.8 291.8 291.8 313.46 335.13 356.79 378.45 400.11 421.78 421.78 421.78 413.49 405.2 396.91 388.63 380.34 372.05 372.05 372.05 355.44 338.83 322.21 305.6 288.99 272.38 272.38 272.38 277.94 283.5 289.06 294.63 300.19 305.75 305.75 305.75 307.71 309.68 311.64 313.6 315.56 317.53 317.53 317.53 279.6 241.68 203.75 165.83 127.9 89.98 89.98 89.98 84.88 79.78 74.68 69.58 64.48 59.38 59.38 59.38 59.38 59.38 59.38 59.38 59.38 59.38 59.38 59.38 59.38 59.38 59.38 59.38 59.38 59.38 59.38 59.38 59.38 59.38 59.38 59.38 59.38 59.38 59.38 59.38 59.38 59.38 59.38 59.38 59.38 59.38 59.38 59.38 59.38 59.38 59.38 59.38 59.38 59.38 59.38 59.38 59.38 59.38 59.38 59.38 59.38 59.38 59.38 59.38 59.38 59.38 59.38 59.38 59.38 59.38 59.38 59.38 64.35 69.33 74.3 79.28 84.25 89.23 89.23 89.23 91.4 93.58 95.75 97.93 100.1 102.28 102.28 102.28 95.13 87.98 80.83 73.68 66.53 59.38 59.38 59.38 62.53 65.68 68.83 71.98 75.13 78.28 78.28 78.28 75.13 71.98 68.83 65.68 62.53 59.38 59.38 59.38 59.38 59.38 59.38 59.38 59.38 59.38 59.38 59.38 59.38 59.38 59.38 59.38 59.38 59.38 59.38 59.38 59.38 59.38 59.38 59.38 59.38 59.38 59.38 59.38 59.38 59.38 59.38 59.38 59.38 59.38 59.38 59.38 62.08 64.78 67.48 70.18 72.88 75.58 75.58 75.58 72.88 70.18 67.48 64.78 62.08 59.38 59.38 59.38 68.05 76.73 85.4 94.08 102.75 111.43 111.43 111.43 119.98 128.53 137.08 145.63 154.18 162.73 162.73 162.73 182.44 202.15 221.86 241.58 261.29 281.0 281.0 281.0 290.06 299.13 308.19 317.25 326.31 335.38 335.38 335.38 379.13 422.88 466.63 510.38 554.13 597.88 597.88 597.88 597.71 597.55 597.39 597.23 597.06 596.9 596.9 596.9 595.1 593.3 591.5 589.7 587.9 586.1 586.1 586.1 510.0 433.9 357.8 281.7 205.6 129.5 129.5 129.5 148.85 168.2 187.55 206.9 226.25 245.6 245.6 245.6 292.24 338.88 385.51 432.15 478.79 525.43 525.43 525.43 498.73 472.03 445.33
crearDespacho --fija
1600.0
configurarSolver --Gurobi
resolver --noConstante ejecuciones/bancos/recombinados/v1/directo/simple/v1_simple_000160.csv
finalizar
