inicializar --t 360
agregarAgente --RioNegro
16.37 17.23 18.1 18.1 18.1 18.95 19.8 20.65 21.5 22.35 23.2 23.2 23.2 24.05 24.9 25.75 26.6 27.45 28.3 28.3 28.3 29.13 29.97 30.8 31.63 32.47 33.3 33.3 33.3 34.15 35.0 35.85 36.7 37.55 38.4 38.4 38.4 39.25 40.1 40.95 41.8 42.65 43.5 43.5 43.5 44.37 45.23 46.1 46.97 47.83 48.7 48.7 48.7 49.52 50.33 51.15 51.97 52.78 53.6 53.6 53.6 54.45 55.3 56.15 57.0 57.85 58.7 58.7 58.7 59.18 59.67 60.15 60.63 61.12 61.6 61.6 61.6 61.6 61.6 61.6 61.6 61.6 61.6 61.6 61.6 61.6 61.6 61.6 61.6 61.6 61.6 61.6 61.6 61.6 61.6 61.6 61.6 61.6 61.6 61.6 61.6 61.6 61.6 61.6 61.6 61.6 61.6 61.6 61.6 61.6 61.6 61.6 61.6 61.6 61.6 61.6 61.6 61.6 61.6 61.6 61.6 61.6 61.6 61.6 61.6 61.6 61.6 61.6 61.6 61.6 61.6 61.6 61.6 61.6 61.6 61.6 61.6 61.6 61.6 61.6 61.6 61.52 61.43 61.35 61.27 61.18 61.1 61.1 61.1 60.93 60.77 60.6 60.43 60.27 60.1 60.1 60.1 59.92 59.73 59.55 59.37 59.18 59.0 59.0 59.0 58.85 58.7 58.55 58.4 58.25 58.1 58.1 58.1 57.93 57.77 57.6 57.43 57.27 57.1 57.1 57.1 56.95 56.8 56.65 56.5 56.35 56.2 56.2 56.2 56.0 55.8 55.6 55.4 55.2 55.0 55.0 55.0 54.85 54.7 54.55 54.4 54.25 54.1 54.1 54.1 53.93 53.77 53.6 53.43 53.27 53.1 53.1 53.1 52.95 52.8 52.65 52.5 52.35 52.2 52.2 52.2 52.02 51.83 51.65 51.47 51.28 51.1 51.1 51.1 50.93 50.77 50.6 50.43 50.27 50.1 50.1 50.1 50.02 49.93 49.85 49.77 49.68 49.6 49.6 49.6 49.6 49.6 49.6 49.6 49.6 49.6 49.6 49.6 49.6 49.6 49.6 49.6 49.6 49.6 49.6 49.6 49.6 49.6 49.6 49.6 49.6 49.6 49.6 49.6 49.6 49.6 49.6 49.6 49.6 49.6 49.6 49.6 49.6 49.6 49.6 49.6 49.6 49.6 49.6 49.6 49.6 49.6 49.6 49.6 49.6 49.6 49.6 49.6 49.6 49.6 49.6 49.6 49.6 49.6 49.6 49.6 49.6 49.6 49.6 49.6 49.6 49.6 49.6 49.6 49.22 48.83 48.45 48.07 47.68 47.3 47.3 47.3 46.62 45.93 45.25 44.57 43.88 43.2 43.2 43.2 42.52 41.83 41.15 40.47 39.78 39.1 39.1 39.1 38.42 37.73 37.05 36.37 35.68 35.0 35.0 35.0 34.32 33.63 32.95 32.27 31.58 30.9 30.9 30.9 30.23 29.57 28.9 28.23 27.57 26.9 26.9 26.9 26.2 25.5 24.8
2.07 2.03 2.0 2.0 2.0 2.0 2.0 2.0 2.0 2.0 2.0 2.0 2.0 2.0 2.0 2.0 2.0 2.0 2.0 2.0 2.0 2.0 2.0 2.0 2.0 2.0 2.0 2.0 2.0 2.0 2.0 2.0 2.0 2.0 2.0 2.0 2.0 2.0 2.0 2.0 2.0 2.0 2.0 2.0 2.0 1.97 1.93 1.9 1.87 1.83 1.8 1.8 1.8 1.8 1.8 1.8 1.8 1.8 1.8 1.8 1.8 1.8 1.8 1.8 1.8 1.8 1.8 1.8 1.8 1.8 1.8 1.8 1.8 1.8 1.8 1.8 1.8 1.8 1.8 1.8 1.8 1.8 1.8 1.8 1.8 1.8 1.8 1.8 1.8 1.8 1.8 1.8 1.8 1.8 1.8 1.8 1.8 1.8 1.8 1.8 1.8 1.8 1.8 1.8 1.8 1.8 1.8 1.8 1.8 1.8 1.8 1.8 1.8 1.8 1.8 1.8 1.8 1.8 1.8 1.8 1.8 1.8 1.8 1.8 1.8 1.8 1.8 1.8 1.8 1.8 1.8 1.8 1.8 1.8 1.8 1.8 1.8 1.8 1.8 1.8 1.8 1.8 1.8 1.8 1.8 1.8 1.8 1.8 1.8 1.77 1.74 1.71 1.68 1.65 1.63 1.63 1.63 1.62 1.62 1.61 1.61 1.6 1.6 1.6 1.6 1.59 1.58 1.56 1.55 1.54 1.53 1.53 1.53 1.5 1.48 1.46 1.44 1.42 1.4 1.4 1.4 1.4 1.4 1.4 1.4 1.4 1.4 1.4 1.4 1.37 1.33 1.3 1.27 1.23 1.2 1.2 1.2 1.2 1.2 1.2 1.2 1.2 1.2 1.2 1.2 1.18 1.16 1.14 1.12 1.1 1.08 1.08 1.08 1.06 1.05 1.04 1.03 1.01 1.0 1.0 1.0 1.0 0.99 0.99 0.98 0.98 0.98 0.98 0.98 0.95 0.92 0.89 0.86 0.83 0.8 0.8 0.8 0.8 0.8 0.8 0.8 0.8 0.8 0.8 0.8 0.8 0.8 0.8 0.8 0.8 0.8 0.8 0.8 0.8 0.8 0.8 0.8 0.8 0.8 0.8 0.8 0.8 0.8 0.8 0.8 0.8 0.8 0.8 0.8 0.8 0.8 0.8 0.8 0.8 0.8 0.8 0.8 0.8 0.8 0.8 0.8 0.8 0.8 0.8 0.8 0.8 0.8 0.8 0.8 0.8 0.8 0.8 0.8 0.8 0.8 0.8 0.8 0.8 0.8 0.8 0.8 0.8 0.8 0.8 0.8 0.8 0.8 0.8 0.8 0.8 0.8 0.8 0.8 0.8 0.8 0.8 0.8 0.8 0.8 0.8 0.8 0.8 0.8 0.8 0.8 0.77 0.73 0.7 0.67 0.63 0.6 0.6 0.6 0.6 0.6 0.6 0.6 0.6 0.6 0.6 0.6 0.6 0.6 0.6 0.6 0.6 0.6 0.6 0.6 0.6 0.6 0.6 0.6 0.6 0.6 0.6 0.6 0.57 0.53 0.5
16.8 16.8 16.8 16.8 16.8 16.8 16.8 16.8 16.8 16.8 16.8 16.8 16.8 16.8 16.8 16.8 16.8 16.8 16.8 16.8 16.8 16.68 16.57 16.45 16.33 16.22 16.1 16.1 16.1 16.1 16.1 16.1 16.1 16.1 16.1 16.1 16.1 16.1 16.1 16.1 16.1 16.1 16.1 16.1 16.1 16.1 16.1 16.1 16.1 16.1 16.1 16.1 16.1 15.98 15.87 15.75 15.63 15.52 15.4 15.4 15.4 15.4 15.4 15.4 15.4 15.4 15.4 15.4 15.4 15.4 15.4 15.4 15.4 15.4 15.4 15.4 15.4 15.4 15.4 15.4 15.4 15.4 15.4 15.4 15.4 15.4 15.4 15.4 15.4 15.4 15.4 15.4 15.4 15.4 15.4 15.4 15.4 15.4 15.4 15.4 15.4 15.4 15.4 15.4 15.4 15.4 15.4 15.4 15.4 15.4 15.4 15.4 15.4 15.4 15.4 15.4 15.4 15.4 15.4 15.4 15.4 15.4 15.4 15.4 15.4 15.4 15.4 15.4 15.4 15.4 15.4 15.4 15.4 15.4 15.4 15.4 15.4 15.4 15.4 15.4 15.4 15.4 15.4 15.4 15.4 15.4 15.4 15.4 15.4 15.46 15.52 15.58 15.63 15.69 15.75 15.75 15.75 15.81 15.87 15.92 15.98 16.04 16.1 16.1 16.1 16.1 16.1 16.1 16.1 16.1 16.1 16.1 16.1 16.16 16.22 16.28 16.33 16.39 16.45 16.45 16.45 16.51 16.57 16.63 16.68 16.74 16.8 16.8 16.8 16.8 16.8 16.8 16.8 16.8 16.8 16.8 16.8 16.86 16.92 16.97 17.03 17.09 17.15 17.15 17.15 17.21 17.27 17.33 17.38 17.44 17.5 17.5 17.5 17.5 17.5 17.5 17.5 17.5 17.5 17.5 17.5 17.56 17.62 17.67 17.73 17.79 17.85 17.85 17.85 17.91 17.97 18.03 18.08 18.14 18.2 18.2 18.2 18.2 18.2 18.2 18.2 18.2 18.2 18.2 18.2 18.2 18.2 18.2 18.2 18.2 18.2 18.2 18.2 18.2 18.2 18.2 18.2 18.2 18.2 18.2 18.2 18.2 18.2 18.2 18.2 18.2 18.2 18.2 18.2 18.2 18.2 18.2 18.2 18.2 18.2 18.2 18.2 18.2 18.2 18.2 18.2 18.2 18.2 18.2 18.2 18.2 18.2 18.2 18.2 18.2 18.2 18.2 18.2 18.2 18.2 18.2 18.2 18.2 18.2 18.2 18.2 18.2 18.2 18.2 18.2 18.2 18.2 18.2 18.2 18.08 17.97 17.85 17.73 17.62 17.5 17.5 17.5 17.27 17.03 16.8 16.57 16.33 16.1 16.1 16.1 15.88 15.66 15.44 15.23 15.01 14.79 14.79 14.79 14.57 14.35 14.13 13.91 13.69 13.48 13.48 13.48 13.26 13.04 12.82 12.6 12.38 12.16 12.16 12.16 11.94 11.73 11.51 11.29 11.07 10.85 10.85 10.85 10.62 10.38 10.15
4150177636.0
1222573692.0
0.00633
0.00326
agregarAgente --DemandaFija
59.38 59.38 59.38 59.38 59.38 61.39 63.4 65.41 67.43 69.44 71.45 71.45 71.45 90.84 110.23 129.61 149.0 168.39 187.78 187.78 187.78 166.38 144.98 123.58 102.18 80.78 59.38 59.38 59.38 59.38 59.38 59.38 59.38 59.38 59.38 59.38 59.38 70.54 81.7 92.86 104.03 115.19 126.35 126.35 126.35 120.4 114.45 108.5 102.55 96.6 90.65 90.65 90.65 93.9 97.15 100.4 103.65 106.9 110.15 110.15 110.15 109.69 109.23 108.76 108.3 107.84 107.38 107.38 107.38 113.64 119.9 126.16 132.43 138.69 144.95 144.95 144.95 133.59 122.23 110.86 99.5 88.14 76.78 76.78 76.78 93.29 109.8 126.31 142.83 159.34 175.85 175.85 175.85 156.44 137.03 117.61 98.2 78.79 59.38 59.38 59.38 62.1 64.83 67.55 70.28 73.0 75.73 75.73 75.73 90.16 104.6 119.04 133.48 147.91 162.35 162.35 162.35 145.19 128.03 110.86 93.7 76.54 59.38 59.38 59.38 59.38 59.38 59.38 59.38 59.38 59.38 59.38 59.38 72.65 85.93 99.2 112.48 125.75 139.03 139.03 139.03 125.75 112.48 99.2 85.93 72.65 59.38 59.38 59.38 59.38 59.38 59.38 59.38 59.38 59.38 59.38 59.38 71.85 84.33 96.8 109.28 121.75 134.23 134.23 134.23 121.75 109.28 96.8 84.33 71.85 59.38 59.38 59.38 59.38 59.38 59.38 59.38 59.38 59.38 59.38 59.38 66.43 73.48 80.53 87.58 94.63 101.68 101.68 101.68 94.63 87.58 80.53 73.48 66.43 59.38 59.38 59.38 59.38 59.38 59.38 59.38 59.38 59.38 59.38 59.38 59.66 59.95 60.24 60.53 60.81 61.1 61.1 61.1 64.81 68.53 72.24 75.95 79.66 83.38 83.38 83.38 97.71 112.05 126.39 140.73 155.06 169.4 169.4 169.4 157.06 144.73 132.39 120.05 107.71 95.38 95.38 95.38 89.38 83.38 77.38 71.38 65.38 59.38 59.38 59.38 59.38 59.38 59.38 59.38 59.38 59.38 59.38 59.38 66.4 73.43 80.45 87.48 94.5 101.53 101.53 101.53 94.5 87.48 80.45 73.43 66.4 59.38 59.38 59.38 59.38 59.38 59.38 59.38 59.38 59.38 59.38 59.38 66.39 73.4 80.41 87.43 94.44 101.45 101.45 101.45 94.44 87.43 80.41 73.4 66.39 59.38 59.38 59.38 59.38 59.38 59.38 59.38 59.38 59.38 59.38 59.38 74.48 89.58 104.68 119.78 134.88 149.98 149.98 149.98 134.88 119.78 104.68 89.58 74.48 59.38 59.38 59.38 59.38 59.38 59.38 59.38 59.38 59.38 59.38 59.38 67.45 75.53 83.6 91.68 99.75 107.83 107.83 107.83 99.75 91.68 83.6 75.53 67.45 59.38 59.38 59.38 63.71 68.05 72.39 76.73 81.06 85.4 85.4 85.4 88.43 91.45 94.48 97.5 100.52 103.55 103.55 103.55 100.7 97.85 95.0
crearDespacho --fija
3200.0
configurarSolver --Gurobi
resolver --noConstante ejecuciones/bancos/recombinados/v1/directo/simple/v1_simple_000367.csv
finalizar
