inicializar --t 360
agregarAgente --RioNegro
332.16 332.16 332.16 332.16 332.16 332.16 332.16 332.16 332.16 332.16 332.16 332.16 332.16 332.16 332.16 332.16 332.16 332.16 332.16 332.16 332.16 330.72 329.28 327.84 326.4 324.96 323.52 323.52 323.52 320.82 318.12 315.42 312.72 310.02 307.32 307.32 307.32 304.74 302.16 299.58 297.0 294.42 291.84 291.84 291.84 289.22 286.6 283.98 281.36 278.74 276.12 276.12 276.12 273.46 270.8 268.14 265.48 262.82 260.16 260.16 260.16 257.6 255.04 252.48 249.92 247.36 244.8 244.8 244.8 242.08 239.36 236.64 233.92 231.2 228.48 228.48 228.48 225.92 223.36 220.8 218.24 215.68 213.12 213.12 213.12 210.46 207.8 205.14 202.48 199.82 197.16 197.16 197.16 194.54 191.92 189.3 186.68 184.06 181.44 181.44 181.44 178.86 176.28 173.7 171.12 168.54 165.96 165.96 165.96 163.26 160.56 157.86 155.16 152.46 149.76 149.76 149.76 148.32 146.88 145.44 144.0 142.56 141.12 141.12 141.12 141.12 141.12 141.12 141.12 141.12 141.12 141.12 141.12 141.12 141.12 141.12 141.12 141.12 141.12 141.12 141.12 141.12 141.12 141.12 141.12 141.12 141.12 141.12 141.12 141.12 141.12 141.12 141.12 141.12 141.12 141.12 141.12 141.12 141.12 141.12 141.12 141.12 141.12 141.12 141.12 141.12 141.12 141.12 141.12 141.12 141.12 141.12 141.12 141.12 141.12 141.12 141.12 141.12 141.12 141.12 141.12 141.12 141.12 141.12 141.12 141.12 141.12 141.12 141.12 146.0 150.88 155.76 160.64 165.52 170.4 170.4 170.4 179.04 187.68 196.32 204.96 213.6 222.24 222.24 222.24 230.9 239.56 248.22 256.88 265.54 274.2 274.2 274.2 282.86 291.52 300.18 308.84 317.5 326.16 326.16 326.16 334.82 343.48 352.14 360.8 369.46 378.12 378.12 378.12 386.78 395.44 404.1 412.76 421.42 430.08 430.08 430.08 438.72 447.36 456.0 464.64 473.28 481.92 481.92 481.92 490.58 499.24 507.9 516.56 525.22 533.88 533.88 533.88 542.54 551.2 559.86 568.52 577.18 585.84 585.84 585.84 594.5 603.16 611.82 620.48 629.14 637.8 637.8 637.8 646.46 655.12 663.78 672.44 681.1 689.76 689.76 689.76 698.4 707.04 715.68 724.32 732.96 741.6 741.6 741.6 746.48 751.36 756.24 761.12 766.0 770.88 770.88 770.88 770.88 770.88 770.88 770.88 770.88 770.88 770.88 770.88 770.88 770.88 770.88 770.88 770.88 770.88 770.88 770.88 770.88 770.88 770.88 770.88 770.88 770.88 770.88 770.88 770.88 770.88 770.88 770.88 770.88 770.88 770.88 770.88 770.88 770.88 770.88 770.88 770.88 770.88 770.88 770.88 770.88 770.88 770.88 770.88 770.88 770.88 770.88 770.88 770.88 770.88 770.88 770.88 770.88 770.88 770.88 770.88 770.88 770.88 770.88 770.88 770.88 770.88 770.88 770.88 773.84 776.8 779.76
0.8 0.8 0.8 0.8 0.8 0.8 0.8 0.8 0.8 0.8 0.8 0.8 0.8 0.8 0.8 0.8 0.8 0.8 0.8 0.8 0.8 0.8 0.8 0.8 0.8 0.8 0.8 0.8 0.8 0.8 0.8 0.8 0.8 0.8 0.8 0.8 0.8 0.8 0.8 0.8 0.8 0.8 0.8 0.8 0.8 0.8 0.8 0.8 0.8 0.8 0.8 0.8 0.8 0.8 0.8 0.8 0.8 0.8 0.8 0.8 0.8 0.8 0.8 0.8 0.8 0.8 0.8 0.8 0.8 0.67 0.53 0.4 0.27 0.13 0 0 0 0 0 0 0 0 0 0 0 0 0 0 0 0 0 0 0 0 0 0 0 0 0 0 0 0 0 0 0 0 0 0 0 0 0 0 0 0 0 0 0 0 0 0 0 0 0 0 0 0 0 0 0 0 0 0 0 0 0 0 0 0 0 0 0 0 0 0 0 0 0 0 0 0 0 0 0 0 0 0 0 0 0 0 0 0 0 0 0 0 0 0 0 0 0 0 0 0 0 0 0 0 0 0 0 0 0 0 0 0 0 0 0 0.47 0.93 1.4 1.87 2.33 2.8 2.8 2.8 3.65 4.5 5.35 6.2 7.05 7.9 7.9 7.9 8.72 9.53 10.35 11.17 11.98 12.8 12.8 12.8 13.65 14.5 15.35 16.2 17.05 17.9 17.9 17.9 18.73 19.57 20.4 21.23 22.07 22.9 22.9 22.9 23.73 24.57 25.4 26.23 27.07 27.9 27.9 27.9 28.73 29.57 30.4 31.23 32.07 32.9 32.9 32.9 33.73 34.57 35.4 36.23 37.07 37.9 37.9 37.9 38.73 39.57 40.4 41.23 42.07 42.9 42.9 42.9 43.75 44.6 45.45 46.3 47.15 48.0 48.0 48.0 48.82 49.63 50.45 51.27 52.08 52.9 52.9 52.9 53.75 54.6 55.45 56.3 57.15 58.0 58.0 58.0 58.47 58.93 59.4 59.87 60.33 60.8 60.8 60.8 60.8 60.8 60.8 60.8 60.8 60.8 60.8 60.8 60.8 60.8 60.8 60.8 60.8 60.8 60.8 60.8 60.8 60.8 60.8 60.8 60.8 60.8 60.8 60.8 60.8 60.8 60.8 60.8 60.8 60.8 60.8 60.8 60.8 60.8 60.8 60.8 60.8 60.8 60.8 60.8 60.8 60.8 60.8 60.8 60.8 60.8 60.8 60.8 60.8 60.8 60.8 60.8 60.8 60.8 60.8 60.8 60.8 60.8 60.8 60.8 60.8 60.8 60.8 60.8 61.77 62.73 63.7
401.1 401.1 401.1 401.1 401.1 401.1 401.1 401.1 401.1 401.1 401.1 401.1 401.1 401.1 401.1 401.1 401.1 401.1 401.1 401.1 401.1 398.45 395.79 393.14 390.48 387.83 385.17 385.17 385.17 380.42 375.67 370.91 366.16 361.4 356.65 356.65 356.65 351.93 347.2 342.47 337.75 333.02 328.3 328.3 328.3 323.58 318.85 314.13 309.4 304.68 299.95 299.95 299.95 295.2 290.44 285.69 280.93 276.18 271.42 271.42 271.42 266.73 262.03 257.34 252.64 247.95 243.25 243.25 243.25 238.47 233.68 228.9 224.12 219.33 214.55 214.55 214.55 209.85 205.16 200.46 195.77 191.07 186.38 186.38 186.38 181.62 176.87 172.11 167.36 162.6 157.85 157.85 157.85 153.13 148.4 143.68 138.95 134.23 129.5 129.5 129.5 124.77 120.05 115.32 110.6 105.88 101.15 101.15 101.15 96.4 91.64 86.89 82.13 77.38 72.63 72.63 72.63 69.97 67.32 64.66 62.01 59.35 56.7 56.7 56.7 56.7 56.7 56.7 56.7 56.7 56.7 56.7 56.7 56.7 56.7 56.7 56.7 56.7 56.7 56.7 56.7 56.7 56.7 56.7 56.7 56.7 56.7 56.7 56.7 56.7 56.7 56.7 56.7 56.7 56.7 56.7 56.7 56.7 56.7 56.7 56.7 56.7 56.7 56.7 56.7 56.7 56.7 56.7 56.7 56.7 56.7 56.7 56.7 56.7 56.7 56.7 56.7 56.7 56.7 56.7 56.7 56.7 56.7 56.7 56.7 56.7 56.7 56.7 56.7 56.6 56.5 56.39 56.29 56.19 56.09 56.09 56.09 55.9 55.71 55.52 55.33 55.14 54.95 54.95 54.95 54.76 54.57 54.38 54.19 54.0 53.81 53.81 53.81 53.65 53.49 53.33 53.17 53.01 52.85 52.85 52.85 52.66 52.47 52.28 52.09 51.9 51.71 51.71 51.71 51.54 51.36 51.19 51.01 50.84 50.66 50.66 50.66 50.46 50.25 50.05 49.85 49.64 49.44 49.44 49.44 49.26 49.09 48.91 48.74 48.56 48.39 48.39 48.39 48.2 48.01 47.82 47.63 47.44 47.25 47.25 47.25 47.09 46.93 46.77 46.61 46.45 46.29 46.29 46.29 46.1 45.91 45.72 45.53 45.34 45.15 45.15 45.15 44.96 44.77 44.58 44.39 44.2 44.01 44.01 44.01 43.91 43.81 43.71 43.6 43.5 43.4 43.4 43.4 43.4 43.4 43.4 43.4 43.4 43.4 43.4 43.4 43.4 43.4 43.4 43.4 43.4 43.4 43.4 43.4 43.4 43.4 43.4 43.4 43.4 43.4 43.4 43.4 43.4 43.4 43.4 43.4 43.4 43.4 43.4 43.4 43.4 43.4 43.4 43.4 43.4 43.4 43.4 43.4 43.4 43.4 43.4 43.4 43.4 43.4 43.4 43.4 43.4 43.4 43.4 43.4 43.4 43.4 43.4 43.4 43.4 43.4 43.4 43.4 43.4 43.4 43.4 43.4 48.55 53.7 58.84
4452102909.0
1690426309.0
0.00479
0.00479
agregarAgente --DemandaFija
422.23 393.95 365.68 365.68 365.68 369.74 373.8 377.86 381.93 385.99 390.05 390.05 390.05 379.18 368.3 357.43 346.55 335.68 324.8 324.8 324.8 290.15 255.5 220.85 186.2 151.55 116.9 116.9 116.9 156.85 196.8 236.75 276.7 316.65 356.6 356.6 356.6 384.05 411.5 438.95 466.4 493.85 521.3 521.3 521.3 457.33 393.35 329.38 265.4 201.43 137.45 137.45 137.45 179.84 222.23 264.61 307.0 349.39 391.78 391.78 391.78 427.23 462.68 498.13 533.58 569.03 604.48 604.48 604.48 604.76 605.05 605.34 605.63 605.91 606.2 606.2 606.2 615.73 625.25 634.78 644.3 653.83 663.35 663.35 663.35 650.46 637.58 624.69 611.8 598.91 586.03 586.03 586.03 526.94 467.85 408.76 349.68 290.59 231.5 231.5 231.5 289.0 346.5 404.0 461.5 519.0 576.5 576.5 576.5 602.1 627.7 653.3 678.9 704.5 730.1 730.1 730.1 665.46 600.83 536.19 471.55 406.91 342.28 342.28 342.28 344.76 347.25 349.74 352.23 354.71 357.2 357.2 357.2 355.19 353.18 351.16 349.15 347.14 345.13 345.13 345.13 300.74 256.35 211.96 167.58 123.19 78.8 78.8 78.8 97.05 115.3 133.55 151.8 170.05 188.3 188.3 188.3 256.26 324.23 392.19 460.15 528.11 596.08 596.08 596.08 547.25 498.42 449.6 400.78 351.95 303.13 303.13 303.13 345.39 387.65 429.91 472.17 514.44 556.7 556.7 556.7 621.06 685.43 749.79 814.15 878.51 942.88 942.88 942.88 838.24 733.6 628.96 524.33 419.69 315.05 315.05 315.05 339.84 364.63 389.41 414.2 438.99 463.78 463.78 463.78 515.11 566.45 617.79 669.13 720.46 771.8 771.8 771.8 715.21 658.63 602.04 545.45 488.86 432.28 432.28 432.28 458.58 484.88 511.18 537.48 563.78 590.08 590.08 590.08 603.0 615.93 628.85 641.78 654.7 667.63 667.63 667.63 602.78 537.93 473.08 408.23 343.38 278.53 278.53 278.53 318.84 359.15 399.46 439.78 480.09 520.4 520.4 520.4 532.21 544.03 555.84 567.65 579.46 591.28 591.28 591.28 547.06 502.85 458.64 414.43 370.21 326.0 326.0 326.0 412.33 498.65 584.98 671.3 757.63 843.95 843.95 843.95 869.54 895.13 920.71 946.3 971.89 997.48 997.48 997.48 943.76 890.05 836.34 782.63 728.91 675.2 675.2 675.2 710.15 745.1 780.05 815.0 849.95 884.9 884.9 884.9 907.75 930.6 953.45 976.3 999.15 1022.0 1022.0 1022.0 969.34 916.68 864.01 811.35 758.69 706.03 706.03 706.03 719.93 733.83 747.73 761.63 775.53 789.43 789.43 789.43 779.08 768.73 758.38 748.03 737.68 727.33 727.33 727.33 630.73 534.13 437.53 340.93 244.33 147.73 147.73 147.73 149.0 150.28 151.55 152.83 154.1 155.38 155.38 155.38 227.15 298.93 370.7 442.48 514.25 586.03 586.03 586.03 574.69 563.35 552.01
crearDespacho --fija
3200.0
configurarSolver --Gurobi
resolver --noConstante ejecuciones/bancos/recombinados/v1/directo/simple/v1_simple_000316.csv
finalizar
