inicializar --t 360
agregarAgente --RioNegro
885.92 882.58 879.24 879.24 879.24 875.92 872.6 869.28 865.96 862.64 859.32 859.32 859.32 855.98 852.64 849.3 845.96 842.62 839.28 839.28 839.28 836.0 832.72 829.44 826.16 822.88 819.6 819.6 819.6 816.26 812.92 809.58 806.24 802.9 799.56 799.56 799.56 796.24 792.92 789.6 786.28 782.96 779.64 779.64 779.64 776.3 772.96 769.62 766.28 762.94 759.6 759.6 759.6 756.28 752.96 749.64 746.32 743.0 739.68 739.68 739.68 736.36 733.04 729.72 726.4 723.08 719.76 719.76 719.76 717.88 716.0 714.12 712.24 710.36 708.48 708.48 708.48 708.48 708.48 708.48 708.48 708.48 708.48 708.48 708.48 708.48 708.48 708.48 708.48 708.48 708.48 708.48 708.48 708.48 708.48 708.48 708.48 708.48 708.48 708.48 708.48 708.48 708.48 708.48 708.48 708.48 708.48 708.48 708.48 708.48 708.48 708.48 708.48 708.48 708.48 708.48 708.48 708.48 708.48 708.48 708.48 708.48 708.48 708.48 708.48 708.48 708.48 708.48 708.48 708.48 708.48 708.48 708.48 708.48 708.48 708.48 708.48 708.48 708.48 708.48 708.48 706.32 704.16 702.0 699.84 697.68 695.52 695.52 695.52 691.52 687.52 683.52 679.52 675.52 671.52 671.52 671.52 667.68 663.84 660.0 656.16 652.32 648.48 648.48 648.48 644.48 640.48 636.48 632.48 628.48 624.48 624.48 624.48 620.64 616.8 612.96 609.12 605.28 601.44 601.44 601.44 597.44 593.44 589.44 585.44 581.44 577.44 577.44 577.44 573.6 569.76 565.92 562.08 558.24 554.4 554.4 554.4 550.4 546.4 542.4 538.4 534.4 530.4 530.4 530.4 526.56 522.72 518.88 515.04 511.2 507.36 507.36 507.36 503.36 499.36 495.36 491.36 487.36 483.36 483.36 483.36 479.52 475.68 471.84 468.0 464.16 460.32 460.32 460.32 456.32 452.32 448.32 444.32 440.32 436.32 436.32 436.32 434.16 432.0 429.84 427.68 425.52 423.36 423.36 423.36 423.36 423.36 423.36 423.36 423.36 423.36 423.36 423.36 423.36 423.36 423.36 423.36 423.36 423.36 423.36 423.36 423.36 423.36 423.36 423.36 423.36 423.36 423.36 423.36 423.36 423.36 423.36 423.36 423.36 423.36 423.36 423.36 423.36 423.36 423.36 423.36 423.36 423.36 423.36 423.36 423.36 423.36 423.36 423.36 423.36 423.36 423.36 423.36 423.36 423.36 423.36 423.36 423.36 423.36 423.36 423.36 423.36 423.36 423.36 423.36 423.36 423.36 423.36 423.36 422.16 420.96 419.76 418.56 417.36 416.16 416.16 416.16 414.0 411.84 409.68 407.52 405.36 403.2 403.2 403.2 401.04 398.88 396.72 394.56 392.4 390.24 390.24 390.24 388.1 385.96 383.82 381.68 379.54 377.4 377.4 377.4 375.26 373.12 370.98 368.84 366.7 364.56 364.56 364.56 362.38 360.2 358.02 355.84 353.66 351.48 351.48 351.48 349.36 347.24 345.12
38.4 38.29 38.19 38.19 38.19 38.07 37.96 37.84 37.73 37.61 37.5 37.5 37.5 37.39 37.27 37.16 37.04 36.93 36.81 36.81 36.81 36.71 36.6 36.5 36.4 36.29 36.19 36.19 36.19 36.07 35.96 35.84 35.73 35.61 35.5 35.5 35.5 35.39 35.27 35.16 35.04 34.93 34.81 34.81 34.81 34.71 34.6 34.5 34.4 34.29 34.19 34.19 34.19 34.07 33.96 33.84 33.73 33.61 33.5 33.5 33.5 33.39 33.27 33.16 33.04 32.93 32.81 32.81 32.81 32.76 32.71 32.66 32.6 32.55 32.5 32.5 32.5 32.5 32.5 32.5 32.5 32.5 32.5 32.5 32.5 32.5 32.5 32.5 32.5 32.5 32.5 32.5 32.5 32.5 32.5 32.5 32.5 32.5 32.5 32.5 32.5 32.5 32.5 32.5 32.5 32.5 32.5 32.5 32.5 32.5 32.5 32.5 32.5 32.5 32.5 32.5 32.5 32.5 32.5 32.5 32.5 32.5 32.5 32.5 32.5 32.5 32.5 32.5 32.5 32.5 32.5 32.5 32.5 32.5 32.5 32.5 32.5 32.5 32.5 32.5 32.5 32.34 32.19 32.03 31.88 31.72 31.56 31.56 31.56 31.28 31.0 30.72 30.44 30.16 29.88 29.88 29.88 29.59 29.31 29.03 28.75 28.47 28.19 28.19 28.19 27.9 27.6 27.31 27.02 26.73 26.44 26.44 26.44 26.17 25.9 25.63 25.35 25.08 24.81 24.81 24.81 24.53 24.25 23.97 23.69 23.41 23.13 23.13 23.13 22.83 22.54 22.25 21.96 21.67 21.38 21.38 21.38 21.09 20.81 20.53 20.25 19.97 19.69 19.69 19.69 19.42 19.15 18.88 18.6 18.33 18.06 18.06 18.06 17.77 17.48 17.19 16.9 16.6 16.31 16.31 16.31 16.03 15.75 15.47 15.19 14.91 14.63 14.63 14.63 14.34 14.06 13.78 13.5 13.22 12.94 12.94 12.94 12.78 12.63 12.47 12.31 12.16 12.0 12.0 12.0 12.0 12.0 12.0 12.0 12.0 12.0 12.0 12.0 12.0 12.0 12.0 12.0 12.0 12.0 12.0 12.0 12.0 12.0 12.0 12.0 12.0 12.0 12.0 12.0 12.0 12.0 12.0 12.0 12.0 12.0 12.0 12.0 12.0 12.0 12.0 12.0 12.0 12.0 12.0 12.0 12.0 12.0 12.0 12.0 12.0 12.0 12.0 12.0 12.0 12.0 12.0 12.0 12.0 12.0 12.0 12.0 12.0 12.0 12.0 12.0 12.0 12.0 12.0 12.0 12.31 12.63 12.94 13.25 13.56 13.88 13.88 13.88 14.41 14.94 15.47 16.0 16.53 17.06 17.06 17.06 17.61 18.17 18.72 19.27 19.82 20.38 20.38 20.38 20.91 21.44 21.97 22.5 23.03 23.56 23.56 23.56 24.13 24.69 25.25 25.81 26.38 26.94 26.94 26.94 27.46 27.98 28.5 29.02 29.54 30.06 30.06 30.06 30.63 31.19 31.75
408.68 407.04 405.41 405.41 405.41 403.75 402.09 400.44 398.78 397.12 395.47 395.47 395.47 393.83 392.2 390.56 388.93 387.29 385.66 385.66 385.66 383.95 382.25 380.55 378.85 377.15 375.44 375.44 375.44 373.81 372.17 370.54 368.9 367.27 365.63 365.63 365.63 363.98 362.32 360.66 359.01 357.35 355.69 355.69 355.69 354.06 352.42 350.79 349.15 347.52 345.88 345.88 345.88 344.2 342.52 340.84 339.16 337.48 335.8 335.8 335.8 334.15 332.49 330.83 329.17 327.52 325.86 325.86 325.86 324.94 324.02 323.1 322.19 321.27 320.35 320.35 320.35 320.35 320.35 320.35 320.35 320.35 320.35 320.35 320.35 320.35 320.35 320.35 320.35 320.35 320.35 320.35 320.35 320.35 320.35 320.35 320.35 320.35 320.35 320.35 320.35 320.35 320.35 320.35 320.35 320.35 320.35 320.35 320.35 320.35 320.35 320.35 320.35 320.35 320.35 320.35 320.35 320.35 320.35 320.35 320.35 320.35 320.35 320.35 320.35 320.35 320.35 320.35 320.35 320.35 320.35 320.35 320.35 320.35 320.35 320.35 320.35 320.35 320.35 320.35 320.35 318.38 316.41 314.44 312.47 310.5 308.53 308.53 308.53 304.94 301.36 297.78 294.19 290.61 287.03 287.03 287.03 283.44 279.86 276.28 272.69 269.11 265.53 265.53 265.53 261.94 258.36 254.77 251.19 247.61 244.02 244.02 244.02 240.44 236.86 233.27 229.69 226.11 222.52 222.52 222.52 218.94 215.36 211.77 208.19 204.61 201.03 201.03 201.03 197.44 193.86 190.28 186.69 183.11 179.53 179.53 179.53 175.94 172.36 168.78 165.19 161.61 158.03 158.03 158.03 154.44 150.86 147.28 143.69 140.11 136.53 136.53 136.53 132.94 129.36 125.78 122.19 118.61 115.02 115.02 115.02 111.44 107.86 104.27 100.69 97.11 93.52 93.52 93.52 89.94 86.36 82.77 79.19 75.61 72.02 72.02 72.02 70.05 68.08 66.11 64.14 62.17 60.2 60.2 60.2 60.2 60.2 60.2 60.2 60.2 60.2 60.2 60.2 60.2 60.2 60.2 60.2 60.2 60.2 60.2 60.2 60.2 60.2 60.2 60.2 60.2 60.2 60.2 60.2 60.2 60.2 60.2 60.2 60.2 60.2 60.2 60.2 60.2 60.2 60.2 60.2 60.2 60.2 60.2 60.2 60.2 60.2 60.2 60.2 60.2 60.2 60.2 60.2 60.2 60.2 60.2 60.2 60.2 60.2 60.2 60.2 60.2 60.2 60.2 60.2 60.2 60.2 60.2 60.2 59.73 59.26 58.79 58.32 57.85 57.38 57.38 57.38 56.55 55.72 54.89 54.06 53.23 52.41 52.41 52.41 51.58 50.75 49.92 49.09 48.26 47.43 47.43 47.43 46.63 45.82 45.02 44.21 43.4 42.6 42.6 42.6 41.75 40.89 40.04 39.19 38.34 37.49 37.49 37.49 36.66 35.83 35.0 34.18 33.35 32.52 32.52 32.52 31.71 30.91 30.1
7267615022.0
1257695630.0
0.00479
0.00479
agregarAgente --DemandaFija
344.28 252.3 160.33 160.33 160.33 229.79 299.25 368.71 438.18 507.64 577.1 577.1 577.1 616.53 655.95 695.38 734.8 774.23 813.65 813.65 813.65 712.76 611.88 510.99 410.1 309.21 208.33 208.33 208.33 283.29 358.25 433.21 508.18 583.14 658.1 658.1 658.1 683.24 708.38 733.51 758.65 783.79 808.93 808.93 808.93 703.06 597.2 491.34 385.48 279.61 173.75 173.75 173.75 250.96 328.18 405.39 482.6 559.81 637.03 637.03 637.03 655.28 673.53 691.78 710.03 728.28 746.53 746.53 746.53 649.09 551.65 454.21 356.78 259.34 161.9 161.9 161.9 227.24 292.58 357.91 423.25 488.59 553.93 553.93 553.93 570.55 587.18 603.8 620.43 637.05 653.68 653.68 653.68 558.35 463.03 367.7 272.38 177.05 81.73 81.73 81.73 140.64 199.55 258.46 317.38 376.29 435.2 435.2 435.2 479.63 524.05 568.47 612.9 657.33 701.75 701.75 701.75 601.15 500.55 399.95 299.35 198.75 98.15 98.15 98.15 129.09 160.03 190.96 221.9 252.84 283.78 283.78 283.78 317.96 352.15 386.34 420.53 454.71 488.9 488.9 488.9 425.88 362.85 299.83 236.8 173.78 110.75 110.75 110.75 182.73 254.7 326.68 398.65 470.63 542.6 542.6 542.6 574.44 606.28 638.11 669.95 701.79 733.63 733.63 733.63 685.34 637.05 588.76 540.48 492.19 443.9 443.9 443.9 456.44 468.98 481.51 494.05 506.59 519.13 519.13 519.13 546.19 573.25 600.31 627.38 654.44 681.5 681.5 681.5 641.9 602.3 562.7 523.1 483.5 443.9 443.9 443.9 447.8 451.7 455.6 459.5 463.4 467.3 467.3 467.3 480.81 494.32 507.84 521.35 534.86 548.38 548.38 548.38 530.89 513.4 495.91 478.43 460.94 443.45 443.45 443.45 456.63 469.8 482.97 496.15 509.32 522.5 522.5 522.5 545.03 567.55 590.08 612.6 635.13 657.65 657.65 657.65 621.9 586.15 550.4 514.65 478.9 443.15 443.15 443.15 448.46 453.78 459.09 464.4 469.71 475.03 475.03 475.03 495.25 515.48 535.7 555.93 576.15 596.38 596.38 596.38 602.68 608.98 615.28 621.58 627.88 634.18 634.18 634.18 647.24 660.3 673.36 686.43 699.49 712.55 712.55 712.55 733.26 753.98 774.69 795.4 816.11 836.83 836.83 836.83 820.68 804.53 788.38 772.23 756.08 739.93 739.93 739.93 736.9 733.88 730.85 727.83 724.8 721.78 721.78 721.78 719.13 716.48 713.83 711.18 708.53 705.88 705.88 705.88 707.44 709.0 710.56 712.13 713.69 715.25 715.25 715.25 722.35 729.45 736.55 743.65 750.75 757.85 757.85 757.85 781.16 804.48 827.79 851.1 874.41 897.72 897.72 897.72 841.13 784.53 727.93 671.33 614.73 558.13 558.13 558.13 555.98 553.83 551.68 549.53 547.38 545.23 545.23 545.23 572.45 599.68 626.9 654.13 681.35 708.58 708.58 708.58 664.1 619.63 575.15
crearDespacho --fija
3200.0
configurarSolver --Gurobi
resolver --noConstante ejecuciones/bancos/recombinados/v1/directo/simple/v1_simple_000219.csv
finalizar
