inicializar --t 360
agregarAgente --RioNegro
750.16 745.76 741.36 741.36 741.36 737.02 732.68 728.34 724.0 719.66 715.32 715.32 715.32 710.96 706.6 702.24 697.88 693.52 689.16 689.16 689.16 684.82 680.48 676.14 671.8 667.46 663.12 663.12 663.12 658.76 654.4 650.04 645.68 641.32 636.96 636.96 636.96 632.6 628.24 623.88 619.52 615.16 610.8 610.8 610.8 608.36 605.92 603.48 601.04 598.6 596.16 596.16 596.16 596.16 596.16 596.16 596.16 596.16 596.16 596.16 596.16 596.16 596.16 596.16 596.16 596.16 596.16 596.16 596.16 596.16 596.16 596.16 596.16 596.16 596.16 596.16 596.16 596.16 596.16 596.16 596.16 596.16 596.16 596.16 596.16 596.16 596.16 596.16 596.16 596.16 596.16 596.16 596.16 596.16 596.16 596.16 596.16 596.16 596.16 596.16 596.16 596.16 596.16 596.16 596.16 596.16 596.16 596.16 596.16 596.16 596.16 596.16 596.16 596.16 596.16 596.16 596.16 593.92 591.68 589.44 587.2 584.96 582.72 582.72 582.72 578.76 574.8 570.84 566.88 562.92 558.96 558.96 558.96 555.0 551.04 547.08 543.12 539.16 535.2 535.2 535.2 531.2 527.2 523.2 519.2 515.2 511.2 511.2 511.2 507.22 503.24 499.26 495.28 491.3 487.32 487.32 487.32 483.36 479.4 475.44 471.48 467.52 463.56 463.56 463.56 459.6 455.64 451.68 447.72 443.76 439.8 439.8 439.8 435.84 431.88 427.92 423.96 420.0 416.04 416.04 416.04 412.06 408.08 404.1 400.12 396.14 392.16 392.16 392.16 388.16 384.16 380.16 376.16 372.16 368.16 368.16 368.16 364.2 360.24 356.28 352.32 348.36 344.4 344.4 344.4 340.44 336.48 332.52 328.56 324.6 320.64 320.64 320.64 318.4 316.16 313.92 311.68 309.44 307.2 307.2 307.2 307.2 307.2 307.2 307.2 307.2 307.2 307.2 307.2 307.2 307.2 307.2 307.2 307.2 307.2 307.2 307.2 307.2 307.2 307.2 307.2 307.2 307.2 307.2 307.2 307.2 307.2 307.2 307.2 307.2 307.2 307.2 307.2 307.2 307.2 307.2 307.2 307.2 307.2 307.2 307.2 307.2 307.2 307.2 307.2 307.2 307.2 307.2 307.2 307.2 307.2 307.2 307.2 307.2 307.2 307.2 307.2 307.2 307.2 307.2 307.2 307.2 307.2 307.2 307.2 311.92 316.64 321.36 326.08 330.8 335.52 335.52 335.52 343.84 352.16 360.48 368.8 377.12 385.44 385.44 385.44 393.76 402.08 410.4 418.72 427.04 435.36 435.36 435.36 443.68 452.0 460.32 468.64 476.96 485.28 485.28 485.28 493.6 501.92 510.24 518.56 526.88 535.2 535.2 535.2 543.52 551.84 560.16 568.48 576.8 585.12 585.12 585.12 593.44 601.76 610.08 618.4 626.72 635.04 635.04 635.04 643.36 651.68 660.0 668.32 676.64 684.96 684.96 684.96 693.28 701.6 709.92 718.24 726.56 734.88 734.88 734.88 743.2 751.52 759.84
230.83 236.47 242.1 242.1 242.1 247.73 253.37 259.0 264.63 270.27 275.9 275.9 275.9 281.55 287.2 292.85 298.5 304.15 309.8 309.8 309.8 315.45 321.1 326.75 332.4 338.05 343.7 343.7 343.7 349.33 354.97 360.6 366.23 371.87 377.5 377.5 377.5 383.15 388.8 394.45 400.1 405.75 411.4 411.4 411.4 414.57 417.73 420.9 424.07 427.23 430.4 430.4 430.4 430.4 430.4 430.4 430.4 430.4 430.4 430.4 430.4 430.4 430.4 430.4 430.4 430.4 430.4 430.4 430.4 430.4 430.4 430.4 430.4 430.4 430.4 430.4 430.4 430.4 430.4 430.4 430.4 430.4 430.4 430.4 430.4 430.4 430.4 430.4 430.4 430.4 430.4 430.4 430.4 430.4 430.4 430.4 430.4 430.4 430.4 430.4 430.4 430.4 430.4 430.4 430.4 430.4 430.4 430.4 430.4 430.4 430.4 430.4 430.4 430.4 430.4 430.4 430.4 427.13 423.87 420.6 417.33 414.07 410.8 410.8 410.8 405.0 399.2 393.4 387.6 381.8 376.0 376.0 376.0 370.18 364.37 358.55 352.73 346.92 341.1 341.1 341.1 335.3 329.5 323.7 317.9 312.1 306.3 306.3 306.3 300.48 294.67 288.85 283.03 277.22 271.4 271.4 271.4 265.6 259.8 254.0 248.2 242.4 236.6 236.6 236.6 230.8 225.0 219.2 213.4 207.6 201.8 201.8 201.8 196.0 190.2 184.4 178.6 172.8 167.0 167.0 167.0 161.18 155.37 149.55 143.73 137.92 132.1 132.1 132.1 126.3 120.5 114.7 108.9 103.1 97.3 97.3 97.3 91.48 85.67 79.85 74.03 68.22 62.4 62.4 62.4 56.6 50.8 45.0 39.2 33.4 27.6 27.6 27.6 24.33 21.07 17.8 14.53 11.27 8.0 8.0 8.0 8.0 8.0 8.0 8.0 8.0 8.0 8.0 8.0 8.0 8.0 8.0 8.0 8.0 8.0 8.0 8.0 8.0 8.0 8.0 8.0 8.0 8.0 8.0 8.0 8.0 8.0 8.0 8.0 8.0 8.0 8.0 8.0 8.0 8.0 8.0 8.0 8.0 8.0 8.0 8.0 8.0 8.0 8.0 8.0 8.0 8.0 8.0 8.0 8.0 8.0 8.0 8.0 8.0 8.0 8.0 8.0 8.0 8.0 8.0 8.0 8.0 8.0 8.0 8.0 8.93 9.87 10.8 11.73 12.67 13.6 13.6 13.6 15.2 16.8 18.4 20.0 21.6 23.2 23.2 23.2 24.85 26.5 28.15 29.8 31.45 33.1 33.1 33.1 34.72 36.33 37.95 39.57 41.18 42.8 42.8 42.8 44.42 46.03 47.65 49.27 50.88 52.5 52.5 52.5 54.15 55.8 57.45 59.1 60.75 62.4 62.4 62.4 64.0 65.6 67.2 68.8 70.4 72.0 72.0 72.0 73.65 75.3 76.95 78.6 80.25 81.9 81.9 81.9 83.52 85.13 86.75 88.37 89.98 91.6 91.6 91.6 93.22 94.83 96.45
754.83 772.75 790.66 790.66 790.66 808.49 826.32 844.14 861.97 879.8 897.63 897.63 897.63 915.5 933.37 951.24 969.11 986.98 1004.86 1004.86 1004.86 1022.73 1040.6 1058.47 1076.34 1094.22 1112.09 1112.09 1112.09 1129.96 1147.83 1165.7 1183.57 1201.45 1219.32 1219.32 1219.32 1237.19 1255.06 1272.93 1290.81 1308.68 1326.55 1326.55 1326.55 1336.58 1346.62 1356.65 1366.68 1376.72 1386.75 1386.75 1386.75 1386.75 1386.75 1386.75 1386.75 1386.75 1386.75 1386.75 1386.75 1386.75 1386.75 1386.75 1386.75 1386.75 1386.75 1386.75 1386.75 1386.75 1386.75 1386.75 1386.75 1386.75 1386.75 1386.75 1386.75 1386.75 1386.75 1386.75 1386.75 1386.75 1386.75 1386.75 1386.75 1386.75 1386.75 1386.75 1386.75 1386.75 1386.75 1386.75 1386.75 1386.75 1386.75 1386.75 1386.75 1386.75 1386.75 1386.75 1386.75 1386.75 1386.75 1386.75 1386.75 1386.75 1386.75 1386.75 1386.75 1386.75 1386.75 1386.75 1386.75 1386.75 1386.75 1386.75 1386.75 1381.35 1375.96 1370.56 1365.16 1359.76 1354.37 1354.37 1354.37 1344.78 1335.19 1325.61 1316.02 1306.44 1296.85 1296.85 1296.85 1287.25 1277.64 1268.03 1258.42 1248.81 1239.21 1239.21 1239.21 1229.64 1220.08 1210.52 1200.95 1191.39 1181.83 1181.83 1181.83 1172.22 1162.61 1153.0 1143.4 1133.79 1124.18 1124.18 1124.18 1114.62 1105.06 1095.49 1085.93 1076.37 1066.8 1066.8 1066.8 1057.17 1047.54 1037.91 1028.28 1018.65 1009.02 1009.02 1009.02 999.46 989.9 980.33 970.77 961.21 951.64 951.64 951.64 942.04 932.43 922.82 913.21 903.6 894.0 894.0 894.0 884.43 874.87 865.31 855.74 846.18 836.62 836.62 836.62 827.01 817.4 807.8 798.19 788.58 778.97 778.97 778.97 769.39 759.8 750.22 740.63 731.04 721.46 721.46 721.46 716.06 710.66 705.27 699.87 694.47 689.07 689.07 689.07 689.07 689.07 689.07 689.07 689.07 689.07 689.07 689.07 689.07 689.07 689.07 689.07 689.07 689.07 689.07 689.07 689.07 689.07 689.07 689.07 689.07 689.07 689.07 689.07 689.07 689.07 689.07 689.07 689.07 689.07 689.07 689.07 689.07 689.07 689.07 689.07 689.07 689.07 689.07 689.07 689.07 689.07 689.07 689.07 689.07 689.07 689.07 689.07 689.07 689.07 689.07 689.07 689.07 689.07 689.07 689.07 689.07 689.07 689.07 689.07 689.07 689.07 689.07 689.07 686.79 684.51 682.22 679.94 677.65 675.37 675.37 675.37 671.36 667.35 663.34 659.33 655.32 651.32 651.32 651.32 647.26 643.21 639.15 635.1 631.05 626.99 626.99 626.99 622.98 618.98 614.97 610.96 606.95 602.94 602.94 602.94 598.86 594.79 590.71 586.64 582.56 578.48 578.48 578.48 574.5 570.51 566.53 562.54 558.55 554.57 554.57 554.57 550.49 546.41 542.34 538.26 534.19 530.11 530.11 530.11 526.12 522.14 518.15 514.16 510.18 506.19 506.19 506.19 502.11 498.04 493.96 489.89 485.81 481.73 481.73 481.73 477.73 473.72 469.71
4076597044.0
1653463483.0
0.00479
0.00479
agregarAgente --DemandaFija
124.68 88.54 52.4 52.4 52.4 99.46 146.52 193.58 240.63 287.69 334.75 334.75 334.75 359.17 383.58 408.0 432.42 456.83 481.25 481.25 481.25 454.36 427.47 400.58 373.68 346.79 319.9 319.9 319.9 352.48 385.05 417.63 450.2 482.78 515.35 515.35 515.35 510.47 505.58 500.7 495.82 490.93 486.05 486.05 486.05 460.89 435.73 410.58 385.42 360.26 335.1 335.1 335.1 362.69 390.28 417.88 445.47 473.06 500.65 500.65 500.65 510.72 520.78 530.85 540.92 550.98 561.05 561.05 561.05 486.12 411.18 336.25 261.32 186.38 111.45 111.45 111.45 131.12 150.78 170.45 190.12 209.78 229.45 229.45 229.45 228.32 227.18 226.05 224.92 223.78 222.65 222.65 222.65 195.48 168.3 141.13 113.95 86.77 59.6 59.6 59.6 94.59 129.58 164.58 199.57 234.56 269.55 269.55 269.55 305.63 341.7 377.78 413.85 449.93 486.0 486.0 486.0 456.0 426.0 396.0 366.0 336.0 306.0 306.0 306.0 314.96 323.92 332.88 341.83 350.79 359.75 359.75 359.75 361.91 364.07 366.23 368.38 370.54 372.7 372.7 372.7 346.74 320.78 294.83 268.87 242.91 216.95 216.95 216.95 245.0 273.05 301.1 329.15 357.2 385.25 385.25 385.25 397.16 409.07 420.98 432.88 444.79 456.7 456.7 456.7 410.52 364.33 318.15 271.97 225.78 179.6 179.6 179.6 207.29 234.98 262.68 290.37 318.06 345.75 345.75 345.75 372.62 399.48 426.35 453.22 480.08 506.95 506.95 506.95 459.63 412.32 365.0 317.68 270.37 223.05 223.05 223.05 261.32 299.58 337.85 376.12 414.38 452.65 452.65 452.65 478.36 504.07 529.78 555.48 581.19 606.9 606.9 606.9 568.71 530.52 492.33 454.13 415.94 377.75 377.75 377.75 393.4 409.05 424.7 440.35 456.0 471.65 471.65 471.65 454.51 437.37 420.23 403.08 385.94 368.8 368.8 368.8 310.58 252.37 194.15 135.93 77.72 19.5 19.5 19.5 65.98 112.47 158.95 205.43 251.92 298.4 298.4 298.4 285.83 273.27 260.7 248.13 235.57 223.0 223.0 223.0 195.83 168.65 141.48 114.3 87.13 59.95 59.95 59.95 98.16 136.37 174.58 212.78 250.99 289.2 289.2 289.2 300.22 311.23 322.25 333.27 344.28 355.3 355.3 355.3 297.13 238.95 180.78 122.6 64.43 6.25 6.25 6.25 7.49 8.73 9.98 11.22 12.46 13.7 13.7 13.7 21.71 29.72 37.73 45.73 53.74 61.75 61.75 61.75 52.5 43.25 34.0 24.75 15.5 6.25 6.25 6.25 14.32 22.38 30.45 38.52 46.58 54.65 54.65 54.65 66.33 78.0 89.68 101.35 113.02 124.7 124.7 124.7 114.27 103.85 93.43 83.0 72.58 62.15 62.15 62.15 118.73 175.3 231.88 288.45 345.03 401.6 401.6 401.6 393.28 384.95 376.63 368.3 359.98 351.65 351.65 351.65 306.58 261.52 216.45
crearDespacho --fija
3200.0
configurarSolver --Gurobi
resolver --noConstante ejecuciones/bancos/recombinados/v1/directo/simple/v1_simple_000229.csv
finalizar
