inicializar --t 360
agregarAgente --RioNegro
19.0 19.0 19.0 19.0 19.0 19.32 19.63 19.95 20.27 20.58 20.9 20.9 20.9 21.23 21.57 21.9 22.23 22.57 22.9 22.9 22.9 23.08 23.27 23.45 23.63 23.82 24.0 24.0 24.0 24.0 24.0 24.0 24.0 24.0 24.0 24.0 24.0 24.0 24.0 24.0 24.0 24.0 24.0 24.0 24.0 24.0 24.0 24.0 24.0 24.0 24.0 24.0 24.0 24.0 24.0 24.0 24.0 24.0 24.0 24.0 24.0 24.0 24.0 24.0 24.0 24.0 24.0 24.0 24.0 24.0 24.0 24.0 24.0 24.0 24.0 24.0 24.0 24.0 24.0 24.0 24.0 24.0 24.0 24.0 24.0 24.0 24.0 24.0 24.0 24.0 24.0 24.0 24.0 23.82 23.63 23.45 23.27 23.08 22.9 22.9 22.9 22.57 22.23 21.9 21.57 21.23 20.9 20.9 20.9 20.58 20.27 19.95 19.63 19.32 19.0 19.0 19.0 18.65 18.3 17.95 17.6 17.25 16.9 16.9 16.9 16.58 16.27 15.95 15.63 15.32 15.0 15.0 15.0 14.65 14.3 13.95 13.6 13.25 12.9 12.9 12.9 12.6 12.3 12.0 11.7 11.4 11.1 11.1 11.1 10.75 10.4 10.05 9.7 9.35 9.0 9.0 9.0 8.68 8.37 8.05 7.73 7.42 7.1 7.1 7.1 6.75 6.4 6.05 5.7 5.35 5.0 5.0 5.0 4.68 4.37 4.05 3.73 3.42 3.1 3.1 3.1 2.77 2.43 2.1 1.77 1.43 1.1 1.1 1.1 0.92 0.73 0.55 0.37 0.18 0 0 0 0 0 0 0 0 0 0 0 0 0 0 0 0 0 0 0 0 0 0 0 0 0 0 0 0 0 0 0 0 0 0 0 0 0 0 0 0 0 0 0 0 0 0 0 0 0 0 0 0 0 0 0 0 0 0 0 0 0 0 0 0 0 0 0 0 0 0 0 0 0 0 0 0 0 0 0 0 0 0 0 0 0 0 0 0 0 0 0 0 0 0 0 0 0 0 0 0 0 0 0 0 0 0 0 0 0 0 0 0 0 0 0 0 0 0 0 0 0 0 0 0 0 0 0 0 0 0 0 0 0 0 0 0 0 0 0 0 0 0 0 0 0 0 0 0 0 0 0 0 0 0 0 0 0 0 0 0 0 0 0 0 0 0
0.45 0.45 0.45 0.45 0.45 0.42 0.39 0.36 0.33 0.3 0.28 0.28 0.28 0.25 0.22 0.19 0.16 0.13 0.1 0.1 0.1 0.08 0.07 0.05 0.03 0.02 0 0 0 0 0 0 0 0 0 0 0 0 0 0 0 0 0 0 0 0 0 0 0 0 0 0 0 0 0 0 0 0 0 0 0 0 0 0 0 0 0 0 0 0 0 0 0 0 0 0 0 0 0 0 0 0 0 0 0 0 0 0 0 0 0 0 0 0.02 0.04 0.06 0.08 0.1 0.13 0.13 0.13 0.17 0.22 0.26 0.31 0.35 0.4 0.4 0.4 0.45 0.49 0.54 0.58 0.63 0.68 0.68 0.68 0.72 0.76 0.8 0.84 0.88 0.93 0.93 0.93 0.97 1.02 1.06 1.11 1.15 1.2 1.2 1.2 1.25 1.29 1.34 1.38 1.43 1.48 1.48 1.48 1.52 1.56 1.6 1.64 1.68 1.73 1.73 1.73 1.77 1.82 1.86 1.91 1.95 2.0 2.0 2.0 2.05 2.09 2.14 2.18 2.23 2.28 2.28 2.28 2.32 2.36 2.4 2.44 2.48 2.53 2.53 2.53 2.57 2.62 2.66 2.71 2.75 2.8 2.8 2.8 2.85 2.89 2.94 2.98 3.03 3.08 3.08 3.08 3.1 3.12 3.14 3.16 3.18 3.2 3.2 3.2 3.2 3.2 3.2 3.2 3.2 3.2 3.2 3.2 3.2 3.2 3.2 3.2 3.2 3.2 3.2 3.2 3.2 3.2 3.2 3.2 3.2 3.2 3.2 3.2 3.2 3.2 3.2 3.2 3.2 3.2 3.2 3.2 3.2 3.2 3.2 3.2 3.2 3.2 3.2 3.2 3.2 3.2 3.2 3.2 3.2 3.2 3.2 3.2 3.2 3.2 3.2 3.2 3.2 3.2 3.2 3.2 3.2 3.2 3.2 3.2 3.2 3.2 3.2 3.2 3.2 3.2 3.2 3.2 3.2 3.2 3.2 3.2 3.17 3.14 3.11 3.08 3.05 3.03 3.03 3.03 3.02 3.02 3.01 3.01 3.0 3.0 3.0 3.0 2.99 2.98 2.96 2.95 2.94 2.93 2.93 2.93 2.9 2.88 2.86 2.84 2.82 2.8 2.8 2.8 2.8 2.8 2.8 2.8 2.8 2.8 2.8 2.8 2.77 2.73 2.7 2.67 2.63 2.6 2.6 2.6 2.6 2.6 2.6 2.6 2.6 2.6 2.6 2.6 2.58 2.56 2.54 2.52 2.5 2.48 2.48 2.48 2.46 2.45 2.44 2.43 2.41 2.4 2.4 2.4 2.4 2.39 2.39 2.38 2.38 2.38 2.38 2.38 2.35 2.32 2.29 2.26 2.23 2.2 2.2 2.2 2.2 2.2 2.2
15.4 15.4 15.4 15.4 15.4 15.34 15.28 15.22 15.17 15.11 15.05 15.05 15.05 14.99 14.93 14.88 14.82 14.76 14.7 14.7 14.7 14.7 14.7 14.7 14.7 14.7 14.7 14.7 14.7 14.7 14.7 14.7 14.7 14.7 14.7 14.7 14.7 14.7 14.7 14.7 14.7 14.7 14.7 14.7 14.7 14.7 14.7 14.7 14.7 14.7 14.7 14.7 14.7 14.7 14.7 14.7 14.7 14.7 14.7 14.7 14.7 14.7 14.7 14.7 14.7 14.7 14.7 14.7 14.7 14.7 14.7 14.7 14.7 14.7 14.7 14.7 14.7 14.7 14.7 14.7 14.7 14.7 14.7 14.7 14.7 14.7 14.7 14.7 14.7 14.7 14.7 14.7 14.7 14.77 14.85 14.92 14.99 15.06 15.14 15.14 15.14 15.3 15.46 15.62 15.78 15.94 16.1 16.1 16.1 16.26 16.42 16.58 16.74 16.9 17.06 17.06 17.06 17.21 17.35 17.5 17.65 17.79 17.94 17.94 17.94 18.1 18.26 18.42 18.58 18.74 18.9 18.9 18.9 19.06 19.22 19.38 19.54 19.7 19.86 19.86 19.86 20.01 20.15 20.3 20.45 20.59 20.74 20.74 20.74 20.9 21.06 21.22 21.38 21.54 21.7 21.7 21.7 21.86 22.02 22.18 22.34 22.5 22.66 22.66 22.66 22.81 22.95 23.1 23.25 23.39 23.54 23.54 23.54 23.7 23.86 24.02 24.18 24.34 24.5 24.5 24.5 24.66 24.82 24.98 25.14 25.3 25.46 25.46 25.46 25.54 25.61 25.68 25.75 25.83 25.9 25.9 25.9 25.9 25.9 25.9 25.9 25.9 25.9 25.9 25.9 25.9 25.9 25.9 25.9 25.9 25.9 25.9 25.9 25.9 25.9 25.9 25.9 25.9 25.9 25.9 25.9 25.9 25.9 25.9 25.9 25.9 25.9 25.9 25.9 25.9 25.9 25.9 25.9 25.9 25.9 25.9 25.9 25.9 25.9 25.9 25.9 25.9 25.9 25.9 25.9 25.9 25.9 25.9 25.9 25.9 25.9 25.9 25.9 25.9 25.9 25.9 25.9 25.9 25.9 25.9 25.9 25.84 25.78 25.72 25.67 25.61 25.55 25.55 25.55 25.45 25.35 25.24 25.14 25.04 24.94 24.94 24.94 24.84 24.73 24.63 24.53 24.43 24.33 24.33 24.33 24.21 24.09 23.98 23.86 23.74 23.63 23.63 23.63 23.52 23.42 23.32 23.22 23.11 23.01 23.01 23.01 22.91 22.81 22.71 22.6 22.5 22.4 22.4 22.4 22.28 22.17 22.05 21.93 21.82 21.7 21.7 21.7 21.6 21.5 21.39 21.29 21.19 21.09 21.09 21.09 20.99 20.88 20.78 20.68 20.58 20.47 20.47 20.47 20.36 20.24 20.13 20.01 19.89 19.78 19.78 19.78 19.67 19.57 19.47 19.37 19.26 19.16 19.16 19.16 19.06 18.96 18.86 18.75 18.65 18.55 18.55 18.55 18.49 18.43 18.38
5345000000.0
728000000.0
0.00633
0.00326
agregarAgente --DemandaFija
261.23 231.44 201.65 201.65 201.65 245.2 288.75 332.3 375.85 419.4 462.95 462.95 462.95 452.79 442.63 432.46 422.3 412.14 401.98 401.98 401.98 359.24 316.5 273.76 231.03 188.29 145.55 145.55 145.55 173.66 201.78 229.89 258.0 286.11 314.23 314.23 314.23 343.64 373.05 402.46 431.88 461.29 490.7 490.7 490.7 423.84 356.98 290.11 223.25 156.39 89.53 89.53 89.53 84.5 79.48 74.45 69.43 64.4 59.38 59.38 59.38 82.99 106.6 130.21 153.83 177.44 201.05 201.05 201.05 188.75 176.45 164.15 151.85 139.55 127.25 127.25 127.25 174.9 222.55 270.2 317.85 365.5 413.15 413.15 413.15 435.91 458.68 481.44 504.2 526.96 549.73 549.73 549.73 489.36 429.0 368.64 308.28 247.91 187.55 187.55 187.55 221.85 256.15 290.45 324.75 359.05 393.35 393.35 393.35 359.96 326.58 293.19 259.8 226.41 193.03 193.03 193.03 170.75 148.48 126.2 103.93 81.65 59.38 59.38 59.38 74.7 90.03 105.35 120.68 136.0 151.33 151.33 151.33 201.19 251.05 300.91 350.78 400.64 450.5 450.5 450.5 387.51 324.53 261.54 198.55 135.56 72.58 72.58 72.58 72.18 71.78 71.38 70.98 70.58 70.18 70.18 70.18 141.45 212.73 284.0 355.28 426.55 497.83 497.83 497.83 467.1 436.38 405.65 374.93 344.2 313.48 313.48 313.48 347.59 381.7 415.81 449.93 484.04 518.15 518.15 518.15 520.85 523.55 526.25 528.95 531.65 534.35 534.35 534.35 478.09 421.83 365.56 309.3 253.04 196.78 196.78 196.78 259.09 321.4 383.71 446.03 508.34 570.65 570.65 570.65 552.85 535.05 517.25 499.45 481.65 463.85 463.85 463.85 406.43 349.0 291.58 234.15 176.73 119.3 119.3 119.3 181.28 243.25 305.23 367.2 429.18 491.15 491.15 491.15 507.03 522.9 538.78 554.65 570.53 586.4 586.4 586.4 526.43 466.45 406.48 346.5 286.53 226.55 226.55 226.55 306.1 385.65 465.2 544.75 624.3 703.85 703.85 703.85 665.36 626.88 588.39 549.9 511.41 472.92 472.92 472.92 428.51 384.1 339.69 295.28 250.86 206.45 206.45 206.45 218.7 230.95 243.2 255.45 267.7 279.95 279.95 279.95 291.93 303.9 315.88 327.85 339.83 351.8 351.8 351.8 335.93 320.05 304.18 288.3 272.43 256.55 256.55 256.55 238.16 219.78 201.39 183.0 164.61 146.23 146.23 146.23 163.13 180.03 196.93 213.83 230.73 247.63 247.63 247.63 249.38 251.13 252.88 254.63 256.38 258.13 258.13 258.13 285.54 312.95 340.36 367.78 395.19 422.6 422.6 422.6 456.54 490.48 524.41 558.35 592.29 626.23 626.23 626.23 568.1 509.98 451.85 393.73 335.6 277.48 277.48 277.48 326.96 376.45 425.94 475.43 524.91 574.4 574.4 574.4 551.11 527.83 504.54 481.25 457.96 434.67 434.67 434.67 375.45 316.22 257.0
crearDespacho --fija
1600.0
configurarSolver --Gurobi
resolver --noConstante ejecuciones/bancos/recombinados/v1/directo/simple/v1_simple_000378.csv
finalizar
