inicializar --t 360
agregarAgente --RioNegro
0.48 0.24 0 0 0 0 0 0 0 0 0 0 0 0 0 0 0 0 0 0 0 0 0 0 0 0 0 0 0 0 0 0 0 0 0 0 0 0 0 0 0 0 0 0 0 0 0 0 0 0 0 0 0 0 0 0 0 0 0 0 0 0 0 0 0 0 0 0 0 0 0 0 0 0 0 0 0 0 0 0 0 0 0 0 0 0 0 0 0 0 0 0 0 0 0 0 0 0 0 0 0 0 0 0 0 0 0 0 0 0 0 0 0 0 0 0 0 0 0 0 0 0 0 0 0 0 0 0 0 0 0 0 0 0 0 0 0 0 0 0 0 0 0 0 0 0 0 0 0 0 0 0 0 0 0 0 0 0 0 0 0 0 0 0 0 0 0 0 0 0 0 0 0 0 0 0 0 0 0 0 0 0 0 0 0 0 0 0 0 0 0 0 0 0 0 0 0 0 0 0 0 0 0 0 0 0 0 0 0 0 0 0 0 0 0 0 0 0 0 0 0 0 0 0 0 0 0 0 0 0 0 0 0 0 0 0 0 0 0 0 0 0 0 0 0 0 0 0 0 0 0 0 0 0 0 0 0 0 0 0 0 0 0 0 0 0 0 0 0 0 0 0 0 0 0 0 0 0 0 0 0 0 0 0 0 0 0 0 0 0 0 0 0 0 0 0 0 0 0 0 0 0 0 0 0 0 0 0 0 0 0 0 0 0 0 0 0 0 0 0 0 0 0 0 0 0 0 0 0 0 0 0 0 0 0 0 0 0 0 0 0 0 0 0 0 0 0 0 0 0 0 0 0 0 0 0 0 0 0 0
32.98 33.24 33.5 33.5 33.5 33.5 33.5 33.5 33.5 33.5 33.5 33.5 33.5 33.5 33.5 33.5 33.5 33.5 33.5 33.5 33.5 33.5 33.5 33.5 33.5 33.5 33.5 33.5 33.5 33.5 33.5 33.5 33.5 33.5 33.5 33.5 33.5 33.5 33.5 33.5 33.5 33.5 33.5 33.5 33.5 33.5 33.5 33.5 33.5 33.5 33.5 33.5 33.5 33.5 33.5 33.5 33.5 33.5 33.5 33.5 33.5 33.5 33.5 33.5 33.5 33.5 33.5 33.5 33.5 33.24 32.98 32.72 32.46 32.2 31.94 31.94 31.94 31.48 31.02 30.56 30.1 29.65 29.19 29.19 29.19 28.72 28.25 27.78 27.31 26.84 26.38 26.38 26.38 25.93 25.48 25.03 24.58 24.14 23.69 23.69 23.69 23.22 22.75 22.28 21.81 21.34 20.88 20.88 20.88 20.43 19.98 19.53 19.08 18.64 18.19 18.19 18.19 17.71 17.23 16.75 16.27 15.79 15.31 15.31 15.31 14.86 14.42 13.97 13.52 13.07 12.63 12.63 12.63 12.16 11.69 11.22 10.75 10.28 9.81 9.81 9.81 9.36 8.92 8.47 8.02 7.57 7.13 7.13 7.13 6.66 6.19 5.72 5.25 4.78 4.31 4.31 4.31 3.85 3.4 2.94 2.48 2.02 1.56 1.56 1.56 1.3 1.04 0.78 0.52 0.26 0 0 0 0 0 0 0 0 0 0 0 0 0 0 0 0 0 0 0 0 0 0 0 0 0 0 0 0 0 0 0 0 0 0 0 0 0 0 0 0 0 0 0 0 0 0 0 0 0 0 0 0 0 0 0 0 0 0 0 0 0 0 0 0 0 0 0 0.23 0.46 0.69 0.92 1.15 1.38 1.38 1.38 1.75 2.13 2.5 2.88 3.25 3.63 3.63 3.63 4.03 4.44 4.84 5.25 5.66 6.06 6.06 6.06 6.45 6.83 7.22 7.6 7.99 8.38 8.38 8.38 8.77 9.17 9.56 9.96 10.35 10.75 10.75 10.75 11.14 11.52 11.91 12.29 12.68 13.06 13.06 13.06 13.46 13.85 14.25 14.65 15.04 15.44 15.44 15.44 15.82 16.21 16.59 16.98 17.36 17.75 17.75 17.75 18.15 18.54 18.94 19.33 19.73 20.13 20.13 20.13 20.51 20.9 21.28 21.67 22.05 22.44 22.44 22.44 22.84 23.25 23.66 24.06 24.47 24.88 24.88 24.88 25.25 25.63 26.0 26.38 26.75 27.13 27.13 27.13 27.35 27.58 27.81 28.04 28.27 28.5 28.5 28.5 28.5 28.5 28.5 28.5 28.5 28.5 28.5 28.5 28.5 28.5 28.5 28.5 28.5 28.5 28.5 28.5 28.5 28.5 28.5
1.03 0.52 0 0 0 0 0 0 0 0 0 0 0 0 0 0 0 0 0 0 0 0 0 0 0 0 0 0 0 0 0 0 0 0 0 0 0 0 0 0 0 0 0 0 0 0 0 0 0 0 0 0 0 0 0 0 0 0 0 0 0 0 0 0 0 0 0 0 0 0.22 0.45 0.67 0.9 1.12 1.34 1.34 1.34 1.77 2.19 2.62 3.05 3.47 3.9 3.9 3.9 4.3 4.7 5.11 5.51 5.91 6.32 6.32 6.32 6.74 7.17 7.59 8.02 8.44 8.87 8.87 8.87 9.29 9.72 10.15 10.57 11.0 11.42 11.42 11.42 11.83 12.23 12.63 13.03 13.44 13.84 13.84 13.84 14.24 14.65 15.05 15.45 15.86 16.26 16.26 16.26 16.66 17.07 17.47 17.87 18.27 18.68 18.68 18.68 19.1 19.53 19.95 20.38 20.81 21.23 21.23 21.23 21.66 22.08 22.51 22.93 23.36 23.78 23.78 23.78 24.19 24.59 24.99 25.4 25.8 26.2 26.2 26.2 26.63 27.05 27.48 27.91 28.33 28.76 28.76 28.76 28.98 29.2 29.43 29.65 29.88 30.1 30.1 30.1 30.1 30.1 30.1 30.1 30.1 30.1 30.1 30.1 30.1 30.1 30.1 30.1 30.1 30.1 30.1 30.1 30.1 30.1 30.1 30.1 30.1 30.1 30.1 30.1 30.1 30.1 30.1 30.1 30.1 30.1 30.1 30.1 30.1 30.1 30.1 30.1 30.1 30.1 30.1 30.1 30.1 30.1 30.1 30.1 30.1 30.1 30.1 30.1 30.1 30.1 30.1 30.1 30.1 30.1 30.1 30.1 30.1 30.1 30.1 30.1 30.1 30.1 30.1 30.1 29.88 29.65 29.43 29.2 28.98 28.76 28.76 28.76 28.33 27.91 27.48 27.05 26.63 26.2 26.2 26.2 25.8 25.4 24.99 24.59 24.19 23.78 23.78 23.78 23.36 22.93 22.51 22.08 21.66 21.23 21.23 21.23 20.81 20.38 19.95 19.53 19.1 18.68 18.68 18.68 18.27 17.87 17.47 17.07 16.66 16.26 16.26 16.26 15.86 15.45 15.05 14.65 14.24 13.84 13.84 13.84 13.44 13.03 12.63 12.23 11.83 11.42 11.42 11.42 11.0 10.57 10.15 9.72 9.29 8.87 8.87 8.87 8.44 8.02 7.59 7.17 6.74 6.32 6.32 6.32 5.91 5.51 5.11 4.7 4.3 3.9 3.9 3.9 3.47 3.05 2.62 2.19 1.77 1.34 1.34 1.34 1.12 0.9 0.67 0.45 0.22 0 0 0 0 0 0 0 0 0 0 0 0 0 0 0 0 0 0 0 0 0 0
6979258281.0
959551981.0
0.00633
0.00326
agregarAgente --DemandaFija
83.2 70.75 58.3 58.3 58.3 87.7 117.1 146.5 175.9 205.3 234.7 234.7 234.7 214.48 194.25 174.03 153.8 133.58 113.35 113.35 113.35 95.5 77.65 59.8 41.95 24.1 6.25 6.25 6.25 18.0 29.75 41.5 53.25 65.0 76.75 76.75 76.75 114.74 152.73 190.73 228.72 266.71 304.7 304.7 304.7 293.72 282.73 271.75 260.77 249.78 238.8 238.8 238.8 249.23 259.67 270.1 280.53 290.97 301.4 301.4 301.4 301.57 301.73 301.9 302.07 302.23 302.4 302.4 302.4 254.35 206.3 158.25 110.2 62.15 14.1 14.1 14.1 28.25 42.4 56.55 70.7 84.85 99.0 99.0 99.0 121.58 144.17 166.75 189.33 211.92 234.5 234.5 234.5 245.28 256.07 266.85 277.63 288.42 299.2 299.2 299.2 318.26 337.32 356.38 375.43 394.49 413.55 413.55 413.55 414.46 415.37 416.28 417.18 418.09 419.0 419.0 419.0 396.66 374.32 351.98 329.63 307.29 284.95 284.95 284.95 301.5 318.05 334.6 351.15 367.7 384.25 384.25 384.25 398.64 413.03 427.43 441.82 456.21 470.6 470.6 470.6 413.63 356.65 299.68 242.7 185.73 128.75 128.75 128.75 150.07 171.38 192.7 214.02 235.33 256.65 256.65 256.65 278.19 299.73 321.28 342.82 364.36 385.9 385.9 385.9 368.54 351.18 333.83 316.47 299.11 281.75 281.75 281.75 297.68 313.6 329.53 345.45 361.38 377.3 377.3 377.3 380.34 383.38 386.43 389.47 392.51 395.55 395.55 395.55 359.22 322.88 286.55 250.22 213.88 177.55 177.55 177.55 199.72 221.88 244.05 266.22 288.38 310.55 310.55 310.55 301.27 291.98 282.7 273.42 264.13 254.85 254.85 254.85 229.43 204.02 178.6 153.18 127.77 102.35 102.35 102.35 128.26 154.17 180.08 205.98 231.89 257.8 257.8 257.8 250.17 242.55 234.93 227.3 219.67 212.05 212.05 212.05 188.03 164.02 140.0 115.98 91.97 67.95 67.95 67.95 94.65 121.35 148.05 174.75 201.45 228.15 228.15 228.15 242.56 256.97 271.38 285.78 300.19 314.6 314.6 314.6 285.98 257.37 228.75 200.13 171.52 142.9 142.9 142.9 165.45 188.0 210.55 233.1 255.65 278.2 278.2 278.2 275.31 272.42 269.53 266.63 263.74 260.85 260.85 260.85 240.22 219.58 198.95 178.32 157.68 137.05 137.05 137.05 145.88 154.72 163.55 172.38 181.22 190.05 190.05 190.05 188.58 187.12 185.65 184.18 182.72 181.25 181.25 181.25 166.91 152.57 138.23 123.88 109.54 95.2 95.2 95.2 121.75 148.3 174.85 201.4 227.95 254.5 254.5 254.5 252.68 250.87 249.05 247.23 245.42 243.6 243.6 243.6 223.28 202.95 182.63 162.3 141.98 121.65 121.65 121.65 153.85 186.05 218.25 250.45 282.65 314.85 314.85 314.85 320.69 326.53 332.38 338.22 344.06 349.9 349.9 349.9 321.44 292.98 264.53
crearDespacho --fija
1600.0
configurarSolver --Gurobi
resolver --noConstante ejecuciones/bancos/recombinados/v1/directo/simple/v1_simple_000429.csv
finalizar
