inicializar --t 360
agregarAgente --RioNegro
103.68 103.68 103.68 103.68 103.68 103.68 103.68 103.68 103.68 103.68 103.68 103.68 103.68 103.68 103.68 103.68 103.68 103.68 103.68 103.68 103.68 104.48 105.28 106.08 106.88 107.68 108.48 108.48 108.48 109.88 111.28 112.68 114.08 115.48 116.88 116.88 116.88 118.28 119.68 121.08 122.48 123.88 125.28 125.28 125.28 126.72 128.16 129.6 131.04 132.48 133.92 133.92 133.92 135.34 136.76 138.18 139.6 141.02 142.44 142.44 142.44 143.84 145.24 146.64 148.04 149.44 150.84 150.84 150.84 152.24 153.64 155.04 156.44 157.84 159.24 159.24 159.24 160.64 162.04 163.44 164.84 166.24 167.64 167.64 167.64 169.06 170.48 171.9 173.32 174.74 176.16 176.16 176.16 177.6 179.04 180.48 181.92 183.36 184.8 184.8 184.8 186.2 187.6 189.0 190.4 191.8 193.2 193.2 193.2 194.6 196.0 197.4 198.8 200.2 201.6 201.6 201.6 202.4 203.2 204.0 204.8 205.6 206.4 206.4 206.4 206.4 206.4 206.4 206.4 206.4 206.4 206.4 206.4 206.4 206.4 206.4 206.4 206.4 206.4 206.4 206.4 206.4 206.4 206.4 206.4 206.4 206.4 206.4 206.4 206.4 206.4 206.4 206.4 206.4 206.4 206.4 206.4 206.4 206.4 206.4 206.4 206.4 206.4 206.4 206.4 206.4 206.4 206.4 206.4 206.4 206.4 206.4 206.4 206.4 206.4 206.4 206.4 206.4 206.4 206.4 206.4 206.4 206.4 206.4 206.4 206.4 206.4 206.4 206.4 209.52 212.64 215.76 218.88 222.0 225.12 225.12 225.12 230.66 236.2 241.74 247.28 252.82 258.36 258.36 258.36 263.92 269.48 275.04 280.6 286.16 291.72 291.72 291.72 297.26 302.8 308.34 313.88 319.42 324.96 324.96 324.96 330.5 336.04 341.58 347.12 352.66 358.2 358.2 358.2 363.76 369.32 374.88 380.44 386.0 391.56 391.56 391.56 397.04 402.52 408.0 413.48 418.96 424.44 424.44 424.44 430.0 435.56 441.12 446.68 452.24 457.8 457.8 457.8 463.34 468.88 474.42 479.96 485.5 491.04 491.04 491.04 496.58 502.12 507.66 513.2 518.74 524.28 524.28 524.28 529.84 535.4 540.96 546.52 552.08 557.64 557.64 557.64 563.18 568.72 574.26 579.8 585.34 590.88 590.88 590.88 594.0 597.12 600.24 603.36 606.48 609.6 609.6 609.6 609.6 609.6 609.6 609.6 609.6 609.6 609.6 609.6 609.6 609.6 609.6 609.6 609.6 609.6 609.6 609.6 609.6 609.6 609.6 609.6 609.6 609.6 609.6 609.6 609.6 609.6 609.6 609.6 609.6 609.6 609.6 609.6 609.6 609.6 609.6 609.6 609.6 609.6 609.6 609.6 609.6 609.6 609.6 609.6 609.6 609.6 609.6 609.6 609.6 609.6 609.6 609.6 609.6 609.6 609.6 609.6 609.6 609.6 609.6 609.6 609.6 609.6 609.6 609.6 611.44 613.28 615.12
0 0 0 0 0 0 0 0 0 0 0 0 0 0 0 0 0 0 0 0 0 0.05 0.1 0.16 0.21 0.26 0.31 0.31 0.31 0.42 0.52 0.63 0.73 0.83 0.94 0.94 0.94 1.05 1.17 1.28 1.4 1.51 1.63 1.63 1.63 1.72 1.81 1.91 2.0 2.09 2.19 2.19 2.19 2.29 2.4 2.5 2.6 2.71 2.81 2.81 2.81 2.91 3.0 3.09 3.19 3.28 3.38 3.38 3.38 3.5 3.63 3.75 3.88 4.0 4.13 4.13 4.13 4.22 4.31 4.41 4.5 4.59 4.69 4.69 4.69 4.79 4.9 5.0 5.1 5.21 5.31 5.31 5.31 5.41 5.5 5.59 5.69 5.78 5.88 5.88 5.88 5.99 6.1 6.22 6.33 6.45 6.56 6.56 6.56 6.67 6.77 6.88 6.98 7.08 7.19 7.19 7.19 7.24 7.29 7.34 7.4 7.45 7.5 7.5 7.5 7.5 7.5 7.5 7.5 7.5 7.5 7.5 7.5 7.5 7.5 7.5 7.5 7.5 7.5 7.5 7.5 7.5 7.5 7.5 7.5 7.5 7.5 7.5 7.5 7.5 7.5 7.5 7.5 7.5 7.5 7.5 7.5 7.5 7.5 7.5 7.5 7.5 7.5 7.5 7.5 7.5 7.5 7.5 7.5 7.5 7.5 7.5 7.5 7.5 7.5 7.5 7.5 7.5 7.5 7.5 7.5 7.5 7.5 7.5 7.5 7.5 7.5 7.5 7.5 7.77 8.04 8.31 8.58 8.85 9.13 9.13 9.13 9.59 10.06 10.53 11.0 11.47 11.94 11.94 11.94 12.42 12.9 13.38 13.85 14.33 14.81 14.81 14.81 15.28 15.75 16.22 16.69 17.16 17.63 17.63 17.63 18.09 18.56 19.03 19.5 19.97 20.44 20.44 20.44 20.92 21.4 21.88 22.35 22.83 23.31 23.31 23.31 23.79 24.27 24.75 25.23 25.71 26.19 26.19 26.19 26.67 27.15 27.63 28.1 28.58 29.06 29.06 29.06 29.53 30.0 30.47 30.94 31.41 31.88 31.88 31.88 32.34 32.81 33.28 33.75 34.22 34.69 34.69 34.69 35.17 35.65 36.13 36.6 37.08 37.56 37.56 37.56 38.03 38.5 38.97 39.44 39.91 40.38 40.38 40.38 40.65 40.92 41.19 41.46 41.73 42.0 42.0 42.0 42.0 42.0 42.0 42.0 42.0 42.0 42.0 42.0 42.0 42.0 42.0 42.0 42.0 42.0 42.0 42.0 42.0 42.0 42.0 42.0 42.0 42.0 42.0 42.0 42.0 42.0 42.0 42.0 42.0 42.0 42.0 42.0 42.0 42.0 42.0 42.0 42.0 42.0 42.0 42.0 42.0 42.0 42.0 42.0 42.0 42.0 42.0 42.0 42.0 42.0 42.0 42.0 42.0 42.0 42.0 42.0 42.0 42.0 42.0 42.0 42.0 42.0 42.0 42.0 41.69 41.38 41.06
111.8 111.8 111.8 111.8 111.8 111.8 111.8 111.8 111.8 111.8 111.8 111.8 111.8 111.8 111.8 111.8 111.8 111.8 111.8 111.8 111.8 112.14 112.47 112.81 113.14 113.48 113.82 113.82 113.82 114.44 115.07 115.7 116.32 116.95 117.58 117.58 117.58 118.21 118.83 119.46 120.09 120.71 121.34 121.34 121.34 121.97 122.59 123.22 123.85 124.48 125.1 125.1 125.1 125.71 126.31 126.92 127.52 128.13 128.73 128.73 128.73 129.36 129.99 130.61 131.24 131.87 132.49 132.49 132.49 133.12 133.75 134.38 135.0 135.63 136.26 136.26 136.26 136.88 137.51 138.14 138.76 139.39 140.02 140.02 140.02 140.62 141.23 141.83 142.44 143.04 143.65 143.65 143.65 144.27 144.9 145.53 146.16 146.78 147.41 147.41 147.41 148.04 148.66 149.29 149.92 150.54 151.17 151.17 151.17 151.8 152.43 153.05 153.68 154.31 154.93 154.93 154.93 155.27 155.61 155.94 156.28 156.61 156.95 156.95 156.95 156.95 156.95 156.95 156.95 156.95 156.95 156.95 156.95 156.95 156.95 156.95 156.95 156.95 156.95 156.95 156.95 156.95 156.95 156.95 156.95 156.95 156.95 156.95 156.95 156.95 156.95 156.95 156.95 156.95 156.95 156.95 156.95 156.95 156.95 156.95 156.95 156.95 156.95 156.95 156.95 156.95 156.95 156.95 156.95 156.95 156.95 156.95 156.95 156.95 156.95 156.95 156.95 156.95 156.95 156.95 156.95 156.95 156.95 156.95 156.95 156.95 156.95 156.95 156.95 155.7 154.44 153.19 151.93 150.68 149.42 149.42 149.42 147.27 145.13 142.98 140.83 138.67 136.53 136.53 136.53 134.38 132.23 130.08 127.93 125.77 123.63 123.63 123.63 121.48 119.33 117.18 115.02 112.88 110.73 110.73 110.73 108.58 106.43 104.28 102.13 99.98 97.83 97.83 97.83 95.68 93.52 91.38 89.23 87.08 84.93 84.93 84.93 82.77 80.63 78.48 76.32 74.18 72.02 72.02 72.02 69.87 67.73 65.57 63.42 61.28 59.13 59.13 59.13 56.98 54.82 52.68 50.53 48.38 46.23 46.23 46.23 44.07 41.93 39.78 37.63 35.47 33.32 33.32 33.32 31.17 29.02 26.88 24.72 22.58 20.43 20.43 20.43 18.28 16.13 13.98 11.83 9.67 7.52 7.52 7.52 6.27 5.02 3.76 2.51 1.25 0 0 0 0 0 0 0 0 0 0 0 0 0 0 0 0 0 0 0 0 0 0 0 0 0 0 0 0 0 0 0 0 0 0 0 0 0 0 0 0 0 0 0 0 0 0 0 0 0 0 0 0 0 0 0 0 0 0 0 0 0 0 0 0 0 0 0 1.08 2.15 3.22
6593288389.0
1695105956.0
0.00479
0.00479
agregarAgente --DemandaFija
237.03 182.81 128.6 128.6 128.6 199.19 269.78 340.36 410.95 481.54 552.13 552.13 552.13 588.75 625.38 662.0 698.63 735.25 771.88 771.88 771.88 731.54 691.2 650.86 610.53 570.19 529.85 529.85 529.85 578.71 627.58 676.44 725.3 774.16 823.03 823.03 823.03 815.7 808.38 801.05 793.73 786.4 779.08 779.08 779.08 741.34 703.6 665.86 628.13 590.39 552.65 552.65 552.65 594.04 635.43 676.81 718.2 759.59 800.98 800.98 800.98 816.08 831.18 846.28 861.38 876.48 891.58 891.58 891.58 779.18 666.78 554.38 441.98 329.58 217.18 217.18 217.18 246.68 276.18 305.68 335.18 364.68 394.18 394.18 394.18 392.48 390.78 389.08 387.38 385.68 383.98 383.98 383.98 343.21 302.45 261.69 220.93 180.16 139.4 139.4 139.4 191.89 244.38 296.86 349.35 401.84 454.33 454.33 454.33 508.44 562.55 616.66 670.78 724.89 779.0 779.0 779.0 734.0 689.0 644.0 599.0 554.0 509.0 509.0 509.0 522.44 535.88 549.31 562.75 576.19 589.63 589.63 589.63 592.86 596.1 599.34 602.58 605.81 609.05 609.05 609.05 570.11 531.18 492.24 453.3 414.36 375.43 375.43 375.43 417.5 459.58 501.65 543.73 585.8 627.88 627.88 627.88 645.74 663.6 681.46 699.33 717.19 735.05 735.05 735.05 665.78 596.5 527.23 457.95 388.68 319.4 319.4 319.4 360.94 402.48 444.01 485.55 527.09 568.63 568.63 568.63 608.93 649.23 689.53 729.83 770.13 810.43 810.43 810.43 739.45 668.48 597.5 526.53 455.55 384.58 384.58 384.58 441.98 499.38 556.78 614.18 671.58 728.98 728.98 728.98 767.54 806.1 844.66 883.23 921.79 960.35 960.35 960.35 903.06 845.78 788.49 731.2 673.91 616.63 616.63 616.63 640.1 663.58 687.05 710.53 734.0 757.48 757.48 757.48 731.76 706.05 680.34 654.63 628.91 603.2 603.2 603.2 515.88 428.55 341.23 253.9 166.58 79.25 79.25 79.25 148.98 218.7 288.43 358.15 427.88 497.6 497.6 497.6 478.75 459.9 441.05 422.2 403.35 384.5 384.5 384.5 343.74 302.98 262.21 221.45 180.69 139.93 139.93 139.93 197.24 254.55 311.86 369.18 426.49 483.8 483.8 483.8 500.32 516.85 533.38 549.9 566.43 582.95 582.95 582.95 495.69 408.43 321.16 233.9 146.64 59.38 59.38 59.38 61.24 63.1 64.96 66.83 68.69 70.55 70.55 70.55 82.56 94.58 106.59 118.6 130.61 142.63 142.63 142.63 128.75 114.88 101.0 87.13 73.25 59.38 59.38 59.38 71.48 83.58 95.68 107.78 119.88 131.98 131.98 131.98 149.49 167.0 184.51 202.03 219.54 237.05 237.05 237.05 221.41 205.78 190.14 174.5 158.86 143.23 143.23 143.23 228.09 312.95 397.81 482.67 567.54 652.4 652.4 652.4 639.91 627.43 614.94 602.45 589.96 577.48 577.48 577.48 509.88 442.28 374.68
crearDespacho --fija
3200.0
configurarSolver --Gurobi
resolver --noConstante ejecuciones/bancos/recombinados/v1/directo/simple/v1_simple_000177.csv
finalizar
