inicializar --t 360
agregarAgente --RioNegro
24.1 23.4 22.7 22.7 22.7 22.03 21.37 20.7 20.03 19.37 18.7 18.7 18.7 18.02 17.33 16.65 15.97 15.28 14.6 14.6 14.6 13.92 13.23 12.55 11.87 11.18 10.5 10.5 10.5 9.82 9.13 8.45 7.77 7.08 6.4 6.4 6.4 5.72 5.03 4.35 3.67 2.98 2.3 2.3 2.3 1.92 1.53 1.15 0.77 0.38 0 0 0 0 0 0 0 0 0 0 0 0 0 0 0 0 0 0 0 0 0 0 0 0 0 0 0 0 0 0 0 0 0 0 0 0 0 0 0 0 0 0 0 0 0 0 0 0 0 0 0 0 0 0 0 0 0 0 0 0 0 0 0 0 0 0 0 0.6 1.2 1.8 2.4 3.0 3.6 3.6 3.6 4.55 5.5 6.45 7.4 8.35 9.3 9.3 9.3 10.35 11.4 12.45 13.5 14.55 15.6 15.6 15.6 16.62 17.63 18.65 19.67 20.68 21.7 21.7 21.7 22.68 23.67 24.65 25.63 26.62 27.6 27.6 27.6 28.67 29.73 30.8 31.87 32.93 34.0 34.0 34.0 34.93 35.87 36.8 37.73 38.67 39.6 39.6 39.6 40.67 41.73 42.8 43.87 44.93 46.0 46.0 46.0 46.98 47.97 48.95 49.93 50.92 51.9 51.9 51.9 52.92 53.93 54.95 55.97 56.98 58.0 58.0 58.0 59.05 60.1 61.15 62.2 63.25 64.3 64.3 64.3 65.25 66.2 67.15 68.1 69.05 70.0 70.0 70.0 70.6 71.2 71.8 72.4 73.0 73.6 73.6 73.6 73.6 73.6 73.6 73.6 73.6 73.6 73.6 73.6 73.6 73.6 73.6 73.6 73.6 73.6 73.6 73.6 73.6 73.6 73.6 73.6 73.6 73.6 73.6 73.6 73.6 73.6 73.6 73.6 73.6 73.6 73.6 73.6 73.6 73.6 73.6 73.6 73.6 73.6 73.6 73.6 73.6 73.6 73.6 73.6 73.6 73.6 73.6 73.6 73.6 73.6 73.6 73.6 73.6 73.6 73.6 73.6 73.6 73.6 73.6 73.6 73.6 73.6 73.6 73.6 73.47 73.33 73.2 73.07 72.93 72.8 72.8 72.8 72.53 72.27 72.0 71.73 71.47 71.2 71.2 71.2 70.93 70.67 70.4 70.13 69.87 69.6 69.6 69.6 69.33 69.07 68.8 68.53 68.27 68.0 68.0 68.0 67.73 67.47 67.2 66.93 66.67 66.4 66.4 66.4 66.13 65.87 65.6 65.33 65.07 64.8 64.8 64.8 64.53 64.27 64.0 63.73 63.47 63.2 63.2 63.2 62.93 62.67 62.4 62.13 61.87 61.6 61.6 61.6 61.33 61.07 60.8 60.53 60.27 60.0 60.0 60.0 59.73 59.47 59.2
0.47 0.43 0.4 0.4 0.4 0.4 0.4 0.4 0.4 0.4 0.4 0.4 0.4 0.4 0.4 0.4 0.4 0.4 0.4 0.4 0.4 0.4 0.4 0.4 0.4 0.4 0.4 0.4 0.4 0.37 0.33 0.3 0.27 0.23 0.2 0.2 0.2 0.2 0.2 0.2 0.2 0.2 0.2 0.2 0.2 0.2 0.2 0.2 0.2 0.2 0.2 0.2 0.2 0.2 0.2 0.2 0.2 0.2 0.2 0.2 0.2 0.2 0.2 0.2 0.2 0.2 0.2 0.2 0.2 0.2 0.2 0.2 0.2 0.2 0.2 0.2 0.2 0.2 0.2 0.2 0.2 0.2 0.2 0.2 0.2 0.2 0.2 0.2 0.2 0.2 0.2 0.2 0.2 0.2 0.2 0.2 0.2 0.2 0.2 0.2 0.2 0.2 0.2 0.2 0.2 0.2 0.2 0.2 0.2 0.2 0.2 0.2 0.2 0.2 0.2 0.2 0.2 0.2 0.2 0.2 0.2 0.2 0.2 0.2 0.2 0.2 0.2 0.2 0.2 0.2 0.2 0.2 0.2 0.2 0.2 0.2 0.2 0.2 0.2 0.2 0.2 0.2 0.2 0.2 0.2 0.2 0.2 0.2 0.2 0.2 0.2 0.2 0.2 0.2 0.2 0.2 0.2 0.2 0.2 0.2 0.2 0.2 0.2 0.2 0.2 0.17 0.13 0.1 0.07 0.03 0 0 0 0 0 0 0 0 0 0 0 0 0 0 0 0 0 0 0 0 0 0 0 0 0 0 0 0 0 0 0 0 0 0 0 0 0 0 0 0 0 0 0 0 0 0 0 0 0 0 0 0 0 0 0 0 0 0 0 0 0 0 0 0 0 0 0 0 0 0 0 0 0 0 0 0 0 0 0 0 0 0 0 0 0 0 0 0 0 0 0 0 0 0 0 0 0 0 0 0 0 0 0 0 0 0 0 0 0 0 0 0 0 0 0 0.13 0.27 0.4 0.53 0.67 0.8 0.8 0.8 1.04 1.28 1.51 1.75 1.99 2.23 2.23 2.23 2.46 2.7 2.94 3.18 3.41 3.65 3.65 3.65 3.88 4.12 4.35 4.58 4.82 5.05 5.05 5.05 5.29 5.53 5.76 6.0 6.24 6.48 6.48 6.48 6.71 6.95 7.19 7.43 7.66 7.9 7.9 7.9 8.13 8.37 8.6 8.83 9.07 9.3 9.3 9.3 9.54 9.78 10.01 10.25 10.49 10.73 10.73 10.73 10.96 11.2 11.44 11.68 11.91 12.15 12.15 12.15 12.38 12.62 12.85
9.92 9.68 9.45 9.45 9.45 9.23 9.01 8.79 8.58 8.36 8.14 8.14 8.14 7.92 7.7 7.48 7.26 7.04 6.82 6.82 6.82 6.61 6.39 6.17 5.95 5.73 5.51 5.51 5.51 5.29 5.07 4.86 4.64 4.42 4.2 4.2 4.2 3.97 3.73 3.5 3.27 3.03 2.8 2.8 2.8 2.68 2.57 2.45 2.33 2.22 2.1 2.1 2.1 2.1 2.1 2.1 2.1 2.1 2.1 2.1 2.1 2.1 2.1 2.1 2.1 2.1 2.1 2.1 2.1 2.1 2.1 2.1 2.1 2.1 2.1 2.1 2.1 2.1 2.1 2.1 2.1 2.1 2.1 2.1 2.1 2.1 2.1 2.1 2.1 2.1 2.1 2.1 2.1 2.1 2.1 2.1 2.1 2.1 2.1 2.1 2.1 2.1 2.1 2.1 2.1 2.1 2.1 2.1 2.1 2.1 2.1 2.1 2.1 2.1 2.1 2.1 2.1 2.17 2.25 2.32 2.39 2.46 2.54 2.54 2.54 2.68 2.83 2.97 3.12 3.27 3.41 3.41 3.41 3.57 3.73 3.89 4.05 4.21 4.38 4.38 4.38 4.51 4.64 4.77 4.9 5.03 5.16 5.16 5.16 5.31 5.45 5.6 5.75 5.89 6.04 6.04 6.04 6.17 6.3 6.43 6.56 6.69 6.82 6.82 6.82 7.0 7.18 7.35 7.52 7.7 7.87 7.87 7.87 8.01 8.14 8.27 8.4 8.53 8.66 8.66 8.66 8.81 8.95 9.1 9.25 9.39 9.54 9.54 9.54 9.67 9.8 9.93 10.06 10.19 10.33 10.33 10.33 10.49 10.65 10.81 10.97 11.13 11.29 11.29 11.29 11.43 11.58 11.73 11.87 12.02 12.16 12.16 12.16 12.24 12.31 12.38 12.45 12.53 12.6 12.6 12.6 12.6 12.6 12.6 12.6 12.6 12.6 12.6 12.6 12.6 12.6 12.6 12.6 12.6 12.6 12.6 12.6 12.6 12.6 12.6 12.6 12.6 12.6 12.6 12.6 12.6 12.6 12.6 12.6 12.6 12.6 12.6 12.6 12.6 12.6 12.6 12.6 12.6 12.6 12.6 12.6 12.6 12.6 12.6 12.6 12.6 12.6 12.6 12.6 12.6 12.6 12.6 12.6 12.6 12.6 12.6 12.6 12.6 12.6 12.6 12.6 12.6 12.6 12.6 12.6 12.67 12.75 12.82 12.89 12.96 13.04 13.04 13.04 13.2 13.36 13.52 13.68 13.84 14.0 14.0 14.0 14.16 14.32 14.48 14.64 14.8 14.96 14.96 14.96 15.11 15.25 15.4 15.55 15.69 15.84 15.84 15.84 16.0 16.16 16.32 16.48 16.64 16.8 16.8 16.8 16.96 17.12 17.28 17.44 17.6 17.76 17.76 17.76 17.91 18.05 18.2 18.35 18.49 18.64 18.64 18.64 18.8 18.96 19.12 19.28 19.44 19.6 19.6 19.6 19.76 19.92 20.08 20.24 20.4 20.56 20.56 20.56 20.71 20.85 21.0
3867408628.0
1307088570.0
0.00633
0.00326
agregarAgente --DemandaFija
530.68 486.2 441.73 441.73 441.73 442.2 442.68 443.15 443.63 444.1 444.58 444.58 444.58 469.25 493.92 518.6 543.28 567.95 592.63 592.63 592.63 593.99 595.35 596.71 598.08 599.44 600.8 600.8 600.8 604.06 607.33 610.59 613.85 617.11 620.38 620.38 620.38 649.74 679.1 708.46 737.83 767.19 796.55 796.55 796.55 680.76 564.98 449.19 333.4 217.61 101.83 101.83 101.83 163.51 225.2 286.89 348.58 410.26 471.95 471.95 471.95 481.81 491.67 501.54 511.4 521.26 531.13 531.13 531.13 496.99 462.85 428.71 394.58 360.44 326.3 326.3 326.3 327.63 328.95 330.28 331.6 332.93 334.25 334.25 334.25 360.09 385.93 411.76 437.6 463.44 489.28 489.28 489.28 457.49 425.7 393.91 362.13 330.34 298.55 298.55 298.55 299.56 300.58 301.59 302.6 303.61 304.63 304.63 304.63 332.19 359.75 387.31 414.88 442.44 470.0 470.0 470.0 420.61 371.23 321.84 272.45 223.06 173.68 173.68 173.68 241.3 308.93 376.55 444.18 511.8 579.43 579.43 579.43 607.23 635.03 662.83 690.63 718.43 746.23 746.23 746.23 645.56 544.9 444.24 343.58 242.91 142.25 142.25 142.25 235.69 329.13 422.56 516.0 609.44 702.88 702.88 702.88 696.46 690.05 683.64 677.23 670.81 664.4 664.4 664.4 595.0 525.6 456.2 386.8 317.4 248.0 248.0 248.0 296.95 345.9 394.85 443.8 492.75 541.7 541.7 541.7 534.16 526.63 519.09 511.55 504.01 496.48 496.48 496.48 443.66 390.85 338.04 285.23 232.41 179.6 179.6 179.6 206.43 233.25 260.08 286.9 313.73 340.55 340.55 340.55 377.81 415.08 452.34 489.6 526.86 564.13 564.13 564.13 509.81 455.5 401.19 346.88 292.56 238.25 238.25 238.25 318.93 399.6 480.28 560.95 641.63 722.3 722.3 722.3 723.33 724.35 725.38 726.4 727.43 728.45 728.45 728.45 636.3 544.15 452.0 359.85 267.7 175.55 175.55 175.55 189.49 203.43 217.36 231.3 245.24 259.18 259.18 259.18 297.39 335.6 373.81 412.03 450.24 488.45 488.45 488.45 443.59 398.73 353.86 309.0 264.14 219.28 219.28 219.28 219.21 219.15 219.09 219.03 218.96 218.9 218.9 218.9 234.86 250.83 266.79 282.75 298.71 314.68 314.68 314.68 302.26 289.85 277.44 265.03 252.61 240.2 240.2 240.2 295.36 350.53 405.69 460.85 516.01 571.18 571.18 571.18 609.34 647.5 685.66 723.83 761.99 800.15 800.15 800.15 801.09 802.03 802.96 803.9 804.84 805.78 805.78 805.78 824.18 842.58 860.98 879.38 897.77 916.18 916.18 916.18 911.53 906.88 902.23 897.58 892.93 888.28 888.28 888.28 859.14 830.0 800.86 771.73 742.59 713.45 713.45 713.45 737.51 761.58 785.64 809.7 833.76 857.83 857.83 857.83 864.69 871.55 878.41 885.28 892.14 899.0 899.0 899.0 889.28 879.55 869.82
crearDespacho --fija
3200.0
configurarSolver --Gurobi
resolver --noConstante ejecuciones/bancos/recombinados/v1/directo/simple/v1_simple_000061.csv
finalizar
