inicializar --t 360
agregarAgente --RioNegro
616.96 618.8 620.64 620.64 620.64 623.84 627.04 630.24 633.44 636.64 639.84 639.84 639.84 643.1 646.36 649.62 652.88 656.14 659.4 659.4 659.4 662.62 665.84 669.06 672.28 675.5 678.72 678.72 678.72 681.94 685.16 688.38 691.6 694.82 698.04 698.04 698.04 701.3 704.56 707.82 711.08 714.34 717.6 717.6 717.6 720.8 724.0 727.2 730.4 733.6 736.8 736.8 736.8 740.06 743.32 746.58 749.84 753.1 756.36 756.36 756.36 759.58 762.8 766.02 769.24 772.46 775.68 775.68 775.68 778.9 782.12 785.34 788.56 791.78 795.0 795.0 795.0 798.26 801.52 804.78 808.04 811.3 814.56 814.56 814.56 817.76 820.96 824.16 827.36 830.56 833.76 833.76 833.76 835.6 837.44 839.28 841.12 842.96 844.8 844.8 844.8 844.8 844.8 844.8 844.8 844.8 844.8 844.8 844.8 844.8 844.8 844.8 844.8 844.8 844.8 844.8 844.8 844.8 844.8 844.8 844.8 844.8 844.8 844.8 844.8 844.8 844.8 844.8 844.8 844.8 844.8 844.8 844.8 844.8 844.8 844.8 844.8 844.8 844.8 844.8 844.8 844.8 844.8 844.8 844.8 844.8 844.8 844.8 844.8 844.8 844.8 844.8 844.8 844.8 844.8 844.8 844.8 844.8 844.8 844.8 844.8 844.8 844.8 844.8 844.8 845.62 846.44 847.26 848.08 848.9 849.72 849.72 849.72 851.16 852.6 854.04 855.48 856.92 858.36 858.36 858.36 859.82 861.28 862.74 864.2 865.66 867.12 867.12 867.12 868.56 870.0 871.44 872.88 874.32 875.76 875.76 875.76 877.22 878.68 880.14 881.6 883.06 884.52 884.52 884.52 885.96 887.4 888.84 890.28 891.72 893.16 893.16 893.16 894.64 896.12 897.6 899.08 900.56 902.04 902.04 902.04 903.48 904.92 906.36 907.8 909.24 910.68 910.68 910.68 912.14 913.6 915.06 916.52 917.98 919.44 919.44 919.44 920.88 922.32 923.76 925.2 926.64 928.08 928.08 928.08 929.54 931.0 932.46 933.92 935.38 936.84 936.84 936.84 938.28 939.72 941.16 942.6 944.04 945.48 945.48 945.48 946.3 947.12 947.94 948.76 949.58 950.4 950.4 950.4 950.4 950.4 950.4 950.4 950.4 950.4 950.4 950.4 950.4 950.4 950.4 950.4 950.4 950.4 950.4 950.4 950.4 950.4 950.4 950.4 950.4 950.4 950.4 950.4 950.4 950.4 950.4 950.4 950.4 950.4 950.4 950.4 950.4 950.4 950.4 950.4 950.4 950.4 950.4 950.4 950.4 950.4 950.4 950.4 950.4 950.4 950.4 950.4 950.4 950.4 950.4 950.4 950.4 950.4 950.4 950.4 950.4 950.4 950.4 950.4 950.4 950.4 950.4 950.4 948.52 946.64 944.76 942.88 941.0 939.12 939.12 939.12 935.8 932.48 929.16 925.84 922.52 919.2 919.2 919.2 915.88 912.56 909.24 905.92 902.6 899.28 899.28 899.28 895.94 892.6 889.26
40.75 40.44 40.13 40.13 40.13 39.59 39.06 38.53 38.0 37.47 36.94 36.94 36.94 36.39 35.83 35.28 34.73 34.18 33.63 33.63 33.63 33.09 32.56 32.03 31.5 30.97 30.44 30.44 30.44 29.88 29.31 28.75 28.19 27.63 27.06 27.06 27.06 26.54 26.02 25.5 24.98 24.46 23.94 23.94 23.94 23.38 22.81 22.25 21.69 21.13 20.56 20.56 20.56 20.04 19.52 19.0 18.48 17.96 17.44 17.44 17.44 16.88 16.31 15.75 15.19 14.63 14.06 14.06 14.06 13.53 13.0 12.47 11.94 11.41 10.88 10.88 10.88 10.32 9.77 9.22 8.67 8.11 7.56 7.56 7.56 7.03 6.5 5.97 5.44 4.91 4.38 4.38 4.38 4.06 3.75 3.44 3.13 2.81 2.5 2.5 2.5 2.5 2.5 2.5 2.5 2.5 2.5 2.5 2.5 2.5 2.5 2.5 2.5 2.5 2.5 2.5 2.5 2.5 2.5 2.5 2.5 2.5 2.5 2.5 2.5 2.5 2.5 2.5 2.5 2.5 2.5 2.5 2.5 2.5 2.5 2.5 2.5 2.5 2.5 2.5 2.5 2.5 2.5 2.5 2.5 2.5 2.5 2.5 2.5 2.5 2.5 2.5 2.5 2.5 2.5 2.5 2.5 2.5 2.5 2.5 2.5 2.5 2.5 2.5 2.5 2.79 3.08 3.38 3.67 3.96 4.25 4.25 4.25 4.78 5.31 5.84 6.38 6.91 7.44 7.44 7.44 7.95 8.46 8.97 9.48 9.99 10.5 10.5 10.5 11.03 11.56 12.09 12.63 13.16 13.69 13.69 13.69 14.21 14.73 15.25 15.77 16.29 16.81 16.81 16.81 17.33 17.85 18.38 18.9 19.42 19.94 19.94 19.94 20.46 20.98 21.5 22.02 22.54 23.06 23.06 23.06 23.58 24.1 24.63 25.15 25.67 26.19 26.19 26.19 26.71 27.23 27.75 28.27 28.79 29.31 29.31 29.31 29.84 30.38 30.91 31.44 31.97 32.5 32.5 32.5 33.01 33.52 34.03 34.54 35.05 35.56 35.56 35.56 36.09 36.63 37.16 37.69 38.22 38.75 38.75 38.75 39.04 39.33 39.63 39.92 40.21 40.5 40.5 40.5 40.5 40.5 40.5 40.5 40.5 40.5 40.5 40.5 40.5 40.5 40.5 40.5 40.5 40.5 40.5 40.5 40.5 40.5 40.5 40.5 40.5 40.5 40.5 40.5 40.5 40.5 40.5 40.5 40.5 40.5 40.5 40.5 40.5 40.5 40.5 40.5 40.5 40.5 40.5 40.5 40.5 40.5 40.5 40.5 40.5 40.5 40.5 40.5 40.5 40.5 40.5 40.5 40.5 40.5 40.5 40.5 40.5 40.5 40.5 40.5 40.5 40.5 40.5 40.5 40.45 40.4 40.34 40.29 40.24 40.19 40.19 40.19 40.07 39.96 39.84 39.73 39.61 39.5 39.5 39.5 39.39 39.27 39.16 39.04 38.93 38.81 38.81 38.81 38.71 38.6 38.5
4.3 5.38 6.45 6.45 6.45 8.35 10.26 12.16 14.06 15.97 17.87 17.87 17.87 19.8 21.72 23.65 25.58 27.5 29.43 29.43 29.43 31.4 33.37 35.34 37.31 39.28 41.25 41.25 41.25 43.16 45.06 46.96 48.87 50.77 52.68 52.68 52.68 54.58 56.48 58.39 60.29 62.19 64.1 64.1 64.1 66.02 67.95 69.88 71.8 73.73 75.65 75.65 75.65 77.56 79.46 81.36 83.27 85.17 87.08 87.08 87.08 88.98 90.88 92.79 94.69 96.59 98.5 98.5 98.5 100.47 102.44 104.41 106.38 108.35 110.32 110.32 110.32 112.25 114.17 116.1 118.03 119.95 121.88 121.88 121.88 123.78 125.69 127.59 129.49 131.4 133.3 133.3 133.3 134.37 135.45 136.52 137.6 138.67 139.75 139.75 139.75 139.75 139.75 139.75 139.75 139.75 139.75 139.75 139.75 139.75 139.75 139.75 139.75 139.75 139.75 139.75 139.75 139.75 139.75 139.75 139.75 139.75 139.75 139.75 139.75 139.75 139.75 139.75 139.75 139.75 139.75 139.75 139.75 139.75 139.75 139.75 139.75 139.75 139.75 139.75 139.75 139.75 139.75 139.75 139.75 139.75 139.75 139.75 139.75 139.75 139.75 139.75 139.75 139.75 139.75 139.75 139.75 139.75 139.75 139.75 139.75 139.75 139.75 139.75 139.75 142.08 144.41 146.74 149.07 151.4 153.73 153.73 153.73 157.87 162.01 166.15 170.3 174.44 178.58 178.58 178.58 182.73 186.87 191.01 195.16 199.3 203.44 203.44 203.44 207.56 211.69 215.81 219.93 224.05 228.17 228.17 228.17 232.31 236.46 240.6 244.74 248.88 253.03 253.03 253.03 257.17 261.31 265.46 269.6 273.74 277.89 277.89 277.89 282.01 286.13 290.25 294.37 298.49 302.61 302.61 302.61 306.76 310.9 315.04 319.19 323.33 327.47 327.47 327.47 331.62 335.76 339.9 344.04 348.19 352.33 352.33 352.33 356.45 360.57 364.69 368.81 372.94 377.06 377.06 377.06 381.2 385.34 389.49 393.63 397.77 401.92 401.92 401.92 406.06 410.2 414.35 418.49 422.63 426.78 426.78 426.78 429.1 431.43 433.76 436.09 438.42 440.75 440.75 440.75 440.75 440.75 440.75 440.75 440.75 440.75 440.75 440.75 440.75 440.75 440.75 440.75 440.75 440.75 440.75 440.75 440.75 440.75 440.75 440.75 440.75 440.75 440.75 440.75 440.75 440.75 440.75 440.75 440.75 440.75 440.75 440.75 440.75 440.75 440.75 440.75 440.75 440.75 440.75 440.75 440.75 440.75 440.75 440.75 440.75 440.75 440.75 440.75 440.75 440.75 440.75 440.75 440.75 440.75 440.75 440.75 440.75 440.75 440.75 440.75 440.75 440.75 440.75 440.75 439.83 438.91 438.0 437.08 436.16 435.24 435.24 435.24 433.58 431.93 430.27 428.61 426.95 425.3 425.3 425.3 423.62 421.94 420.26 418.58 416.9 415.22 415.22 415.22 413.58 411.95 410.31
6585378376.0
1281727118.0
0.00633
0.00326
agregarAgente --DemandaFija
245.75 227.95 210.15 210.15 210.15 201.07 191.98 182.9 173.82 164.73 155.65 155.65 155.65 149.48 143.32 137.15 130.98 124.82 118.65 118.65 118.65 125.01 131.37 137.73 144.08 150.44 156.8 156.8 156.8 158.55 160.3 162.05 163.8 165.55 167.3 167.3 167.3 171.0 174.7 178.4 182.1 185.8 189.5 189.5 189.5 178.94 168.38 157.83 147.27 136.71 126.15 126.15 126.15 138.97 151.78 164.6 177.42 190.23 203.05 203.05 203.05 203.19 203.33 203.48 203.62 203.76 203.9 203.9 203.9 178.42 152.95 127.48 102.0 76.53 51.05 51.05 51.05 43.58 36.12 28.65 21.18 13.72 6.25 6.25 6.25 6.31 6.37 6.43 6.48 6.54 6.6 6.6 6.6 38.85 71.1 103.35 135.6 167.85 200.1 200.1 200.1 194.79 189.48 184.18 178.87 173.56 168.25 168.25 168.25 166.05 163.85 161.65 159.45 157.25 155.05 155.05 155.05 173.17 191.3 209.43 227.55 245.67 263.8 263.8 263.8 264.74 265.68 266.63 267.57 268.51 269.45 269.45 269.45 233.71 197.97 162.23 126.48 90.74 55.0 55.0 55.0 74.63 94.27 113.9 133.53 153.17 172.8 172.8 172.8 178.1 183.4 188.7 194.0 199.3 204.6 204.6 204.6 204.72 204.83 204.95 205.07 205.18 205.3 205.3 205.3 198.89 192.48 186.08 179.67 173.26 166.85 166.85 166.85 153.2 139.55 125.9 112.25 98.6 84.95 84.95 84.95 84.21 83.47 82.73 81.98 81.24 80.5 80.5 80.5 115.5 150.5 185.5 220.5 255.5 290.5 290.5 290.5 326.97 363.45 399.93 436.4 472.88 509.35 509.35 509.35 536.08 562.82 589.55 616.28 643.02 669.75 669.75 669.75 653.51 637.27 621.03 604.78 588.54 572.3 572.3 572.3 582.95 593.6 604.25 614.9 625.55 636.2 636.2 636.2 637.64 639.08 640.53 641.97 643.41 644.85 644.85 644.85 614.43 584.0 553.58 523.15 492.72 462.3 462.3 462.3 493.56 524.82 556.08 587.33 618.59 649.85 649.85 649.85 643.23 636.6 629.98 623.35 616.73 610.1 610.1 610.1 600.28 590.45 580.63 570.8 560.98 551.15 551.15 551.15 564.53 577.92 591.3 604.68 618.07 631.45 631.45 631.45 609.78 588.1 566.43 544.75 523.07 501.4 501.4 501.4 496.86 492.32 487.78 483.23 478.69 474.15 474.15 474.15 493.29 512.43 531.58 550.72 569.86 589.0 589.0 589.0 580.5 572.0 563.5 555.0 546.5 538.0 538.0 538.0 505.79 473.58 441.38 409.17 376.96 344.75 344.75 344.75 321.49 298.23 274.98 251.72 228.46 205.2 205.2 205.2 211.0 216.8 222.6 228.4 234.2 240.0 240.0 240.0 225.9 211.8 197.7 183.6 169.5 155.4 155.4 155.4 142.13 128.87 115.6 102.33 89.07 75.8 75.8 75.8 94.59 113.38 132.18 150.97 169.76 188.55 188.55 188.55 202.22 215.88 229.55
crearDespacho --fija
3200.0
configurarSolver --Gurobi
resolver --noConstante ejecuciones/bancos/recombinados/v1/directo/simple/v1_simple_000223.csv
finalizar
