inicializar --t 360
agregarAgente --RioNegro
12.8 12.8 12.8 12.8 12.8 12.8 12.8 12.8 12.8 12.8 12.8 12.8 12.8 12.8 12.8 12.8 12.8 12.8 12.8 12.8 12.8 12.8 12.8 12.8 12.8 12.8 12.8 12.8 12.8 12.8 12.8 12.8 12.8 12.8 12.8 12.8 12.8 12.8 12.8 12.8 12.8 12.8 12.8 12.8 12.8 14.22 15.63 17.05 18.47 19.88 21.3 21.3 21.3 23.82 26.33 28.85 31.37 33.88 36.4 36.4 36.4 38.92 41.43 43.95 46.47 48.98 51.5 51.5 51.5 54.02 56.53 59.05 61.57 64.08 66.6 66.6 66.6 69.12 71.63 74.15 76.67 79.18 81.7 81.7 81.7 84.23 86.77 89.3 91.83 94.37 96.9 96.9 96.9 99.4 101.9 104.4 106.9 109.4 111.9 111.9 111.9 114.43 116.97 119.5 122.03 124.57 127.1 127.1 127.1 129.62 132.13 134.65 137.17 139.68 142.2 142.2 142.2 144.72 147.23 149.75 152.27 154.78 157.3 157.3 157.3 159.82 162.33 164.85 167.37 169.88 172.4 172.4 172.4 174.92 177.43 179.95 182.47 184.98 187.5 187.5 187.5 188.92 190.33 191.75 193.17 194.58 196.0 196.0 196.0 196.0 196.0 196.0 196.0 196.0 196.0 196.0 196.0 196.0 196.0 196.0 196.0 196.0 196.0 196.0 196.0 196.0 196.0 196.0 196.0 196.0 196.0 196.0 196.0 196.0 196.0 196.0 196.0 196.0 196.0 196.0 196.0 196.0 196.0 196.0 196.0 196.0 196.0 196.0 196.0 196.0 196.0 196.0 196.0 196.0 196.0 196.0 196.0 196.0 196.0 196.0 196.0 196.0 196.0 196.0 196.0 196.0 196.0 196.0 196.0 196.0 196.0 196.0 196.0 194.57 193.13 191.7 190.27 188.83 187.4 187.4 187.4 184.85 182.3 179.75 177.2 174.65 172.1 172.1 172.1 169.55 167.0 164.45 161.9 159.35 156.8 156.8 156.8 154.23 151.67 149.1 146.53 143.97 141.4 141.4 141.4 138.87 136.33 133.8 131.27 128.73 126.2 126.2 126.2 123.65 121.1 118.55 116.0 113.45 110.9 110.9 110.9 108.33 105.77 103.2 100.63 98.07 95.5 95.5 95.5 92.95 90.4 87.85 85.3 82.75 80.2 80.2 80.2 77.67 75.13 72.6 70.07 67.53 65.0 65.0 65.0 62.43 59.87 57.3 54.73 52.17 49.6 49.6 49.6 47.05 44.5 41.95 39.4 36.85 34.3 34.3 34.3 31.75 29.2 26.65 24.1 21.55 19.0 19.0 19.0 17.57 16.13 14.7 13.27 11.83 10.4 10.4 10.4 10.4 10.4 10.4 10.4 10.4 10.4 10.4 10.4 10.4 10.4 10.4 10.4 10.4 10.4 10.4 10.4 10.4 10.4 10.4 10.4 10.4 10.4 10.4 10.4 10.4 10.4 10.4 10.4 10.4 10.4 10.4 10.4 10.4 10.4 10.4 10.4 10.4 10.4 10.4 10.4 10.4 10.4 10.4
0 0 0 0 0 0 0 0 0 0 0 0 0 0 0 0 0 0 0 0 0 0 0 0 0 0 0 0 0 0 0 0 0 0 0 0 0 0 0 0 0 0 0 0 0 0.05 0.1 0.15 0.2 0.25 0.3 0.3 0.3 0.4 0.5 0.6 0.7 0.8 0.9 0.9 0.9 0.99 1.08 1.16 1.25 1.34 1.43 1.43 1.43 1.52 1.62 1.71 1.81 1.9 2.0 2.0 2.0 2.1 2.19 2.29 2.38 2.48 2.58 2.58 2.58 2.66 2.75 2.84 2.93 3.01 3.1 3.1 3.1 3.2 3.3 3.4 3.5 3.6 3.7 3.7 3.7 3.79 3.88 3.96 4.05 4.14 4.23 4.23 4.23 4.32 4.42 4.51 4.61 4.7 4.8 4.8 4.8 4.9 4.99 5.09 5.18 5.28 5.38 5.38 5.38 5.46 5.55 5.64 5.73 5.81 5.9 5.9 5.9 6.0 6.1 6.2 6.3 6.4 6.5 6.5 6.5 6.55 6.6 6.65 6.7 6.75 6.8 6.8 6.8 6.8 6.8 6.8 6.8 6.8 6.8 6.8 6.8 6.8 6.8 6.8 6.8 6.8 6.8 6.8 6.8 6.8 6.8 6.8 6.8 6.8 6.8 6.8 6.8 6.8 6.8 6.8 6.8 6.8 6.8 6.8 6.8 6.8 6.8 6.8 6.8 6.8 6.8 6.8 6.8 6.8 6.8 6.8 6.8 6.8 6.8 6.8 6.8 6.8 6.8 6.8 6.8 6.8 6.8 6.8 6.8 6.8 6.8 6.8 6.8 6.8 6.8 6.8 6.8 6.75 6.7 6.65 6.6 6.55 6.5 6.5 6.5 6.41 6.33 6.24 6.15 6.06 5.98 5.98 5.98 5.88 5.79 5.7 5.61 5.52 5.43 5.43 5.43 5.33 5.23 5.13 5.03 4.93 4.83 4.83 4.83 4.74 4.65 4.56 4.48 4.39 4.3 4.3 4.3 4.21 4.13 4.04 3.95 3.86 3.78 3.78 3.78 3.68 3.59 3.5 3.41 3.32 3.23 3.23 3.23 3.14 3.05 2.96 2.88 2.79 2.7 2.7 2.7 2.61 2.53 2.44 2.35 2.26 2.18 2.18 2.18 2.08 1.98 1.88 1.78 1.68 1.58 1.58 1.58 1.48 1.39 1.3 1.21 1.12 1.03 1.03 1.03 0.94 0.85 0.76 0.68 0.59 0.5 0.5 0.5 0.45 0.4 0.35 0.3 0.25 0.2 0.2 0.2 0.2 0.2 0.2 0.2 0.2 0.2 0.2 0.2 0.2 0.2 0.2 0.2 0.2 0.2 0.2 0.2 0.2 0.2 0.2 0.2 0.2 0.2 0.2 0.2 0.2 0.2 0.2 0.2 0.2 0.2 0.2 0.2 0.2 0.2 0.2 0.2 0.2 0.2 0.2 0.2 0.2 0.2 0.2
11.9 11.9 11.9 11.9 11.9 11.9 11.9 11.9 11.9 11.9 11.9 11.9 11.9 11.9 11.9 11.9 11.9 11.9 11.9 11.9 11.9 11.9 11.9 11.9 11.9 11.9 11.9 11.9 11.9 11.9 11.9 11.9 11.9 11.9 11.9 11.9 11.9 11.9 11.9 11.9 11.9 11.9 11.9 11.9 11.9 12.25 12.6 12.95 13.3 13.65 14.0 14.0 14.0 14.58 15.17 15.75 16.33 16.92 17.5 17.5 17.5 18.13 18.75 19.38 20.01 20.64 21.26 21.26 21.26 21.86 22.46 23.06 23.65 24.25 24.85 24.85 24.85 25.45 26.05 26.64 27.24 27.84 28.44 28.44 28.44 29.06 29.69 30.32 30.95 31.57 32.2 32.2 32.2 32.78 33.37 33.95 34.53 35.12 35.7 35.7 35.7 36.33 36.95 37.58 38.21 38.84 39.46 39.46 39.46 40.06 40.66 41.26 41.85 42.45 43.05 43.05 43.05 43.65 44.25 44.84 45.44 46.04 46.64 46.64 46.64 47.26 47.89 48.52 49.15 49.77 50.4 50.4 50.4 50.98 51.57 52.15 52.73 53.32 53.9 53.9 53.9 54.25 54.6 54.95 55.3 55.65 56.0 56.0 56.0 56.0 56.0 56.0 56.0 56.0 56.0 56.0 56.0 56.0 56.0 56.0 56.0 56.0 56.0 56.0 56.0 56.0 56.0 56.0 56.0 56.0 56.0 56.0 56.0 56.0 56.0 56.0 56.0 56.0 56.0 56.0 56.0 56.0 56.0 56.0 56.0 56.0 56.0 56.0 56.0 56.0 56.0 56.0 56.0 56.0 56.0 56.0 56.0 56.0 56.0 56.0 56.0 56.0 56.0 56.0 56.0 56.0 56.0 56.0 56.0 56.0 56.0 56.0 56.0 55.65 55.3 54.95 54.6 54.25 53.9 53.9 53.9 53.26 52.62 51.97 51.33 50.69 50.05 50.05 50.05 49.41 48.77 48.13 47.48 46.84 46.2 46.2 46.2 45.57 44.95 44.32 43.69 43.06 42.44 42.44 42.44 41.81 41.18 40.56 39.93 39.3 38.68 38.68 38.68 38.02 37.36 36.71 36.05 35.39 34.74 34.74 34.74 34.13 33.51 32.9 32.29 31.67 31.06 31.06 31.06 30.41 29.75 29.09 28.44 27.78 27.13 27.13 27.13 26.5 25.87 25.24 24.62 23.99 23.36 23.36 23.36 22.74 22.11 21.48 20.85 20.23 19.6 19.6 19.6 18.96 18.32 17.67 17.03 16.39 15.75 15.75 15.75 15.11 14.47 13.83 13.18 12.54 11.9 11.9 11.9 11.55 11.2 10.85 10.5 10.15 9.8 9.8 9.8 9.8 9.8 9.8 9.8 9.8 9.8 9.8 9.8 9.8 9.8 9.8 9.8 9.8 9.8 9.8 9.8 9.8 9.8 9.8 9.8 9.8 9.8 9.8 9.8 9.8 9.8 9.8 9.8 9.8 9.8 9.8 9.8 9.8 9.8 9.8 9.8 9.8 9.8 9.8 9.8 9.8 9.8 9.8
4527456576.0
1203195424.0
0.00326
0.00633
agregarAgente --DemandaFija
254.9 261.58 268.25 268.25 268.25 299.83 331.4 362.98 394.55 426.13 457.7 457.7 457.7 428.76 399.82 370.88 341.93 312.99 284.05 284.05 284.05 238.87 193.68 148.5 103.32 58.13 12.95 12.95 12.95 17.77 22.58 27.4 32.22 37.03 41.85 41.85 41.85 47.15 52.45 57.75 63.05 68.35 73.65 73.65 73.65 67.12 60.58 54.05 47.52 40.98 34.45 34.45 34.45 66.32 98.18 130.05 161.92 193.78 225.65 225.65 225.65 229.92 234.18 238.45 242.72 246.98 251.25 251.25 251.25 234.35 217.45 200.55 183.65 166.75 149.85 149.85 149.85 186.48 223.12 259.75 296.38 333.02 369.65 369.65 369.65 369.78 369.9 370.03 370.15 370.28 370.4 370.4 370.4 315.81 261.22 206.63 152.03 97.44 42.85 42.85 42.85 85.5 128.15 170.8 213.45 256.1 298.75 298.75 298.75 308.58 318.42 328.25 338.08 347.92 357.75 357.75 357.75 317.05 276.35 235.65 194.95 154.25 113.55 113.55 113.55 137.61 161.67 185.73 209.78 233.84 257.9 257.9 257.9 257.04 256.18 255.33 254.47 253.61 252.75 252.75 252.75 231.48 210.22 188.95 167.68 146.42 125.15 125.15 125.15 154.98 184.8 214.63 244.45 274.28 304.1 304.1 304.1 312.43 320.75 329.08 337.4 345.72 354.05 354.05 354.05 342.0 329.95 317.9 305.85 293.8 281.75 281.75 281.75 300.25 318.75 337.25 355.75 374.25 392.75 392.75 392.75 396.43 400.1 403.78 407.45 411.13 414.8 414.8 414.8 405.79 396.78 387.78 378.77 369.76 360.75 360.75 360.75 379.48 398.22 416.95 435.68 454.42 473.15 473.15 473.15 464.73 456.32 447.9 439.48 431.07 422.65 422.65 422.65 410.09 397.53 384.98 372.42 359.86 347.3 347.3 347.3 351.07 354.83 358.6 362.37 366.13 369.9 369.9 369.9 361.99 354.08 346.18 338.27 330.36 322.45 322.45 322.45 313.82 305.18 296.55 287.92 279.28 270.65 270.65 270.65 270.23 269.82 269.4 268.98 268.57 268.15 268.15 268.15 277.34 286.53 295.73 304.92 314.11 323.3 323.3 323.3 322.57 321.83 321.1 320.37 319.63 318.9 318.9 318.9 323.96 329.02 334.08 339.13 344.19 349.25 349.25 349.25 349.08 348.92 348.75 348.58 348.42 348.25 348.25 348.25 321.43 294.62 267.8 240.98 214.17 187.35 187.35 187.35 220.02 252.68 285.35 318.02 350.68 383.35 383.35 383.35 361.22 339.1 316.98 294.85 272.72 250.6 250.6 250.6 218.36 186.12 153.88 121.63 89.39 57.15 57.15 57.15 74.92 92.68 110.45 128.22 145.98 163.75 163.75 163.75 161.52 159.28 157.05 154.82 152.58 150.35 150.35 150.35 147.16 143.97 140.78 137.58 134.39 131.2 131.2 131.2 181.59 231.98 282.38 332.77 383.16 433.55 433.55 433.55 409.38 385.2 361.03 336.85 312.68 288.5 288.5 288.5 266.6 244.7 222.8
crearDespacho --fija
3200.0
configurarSolver --Gurobi
resolver --noConstante ejecuciones/bancos/recombinados/v1/directo/simple/v1_simple_000165.csv
finalizar
