inicializar --t 360
agregarAgente --RioNegro
16.37 17.23 18.1 18.1 18.1 18.95 19.8 20.65 21.5 22.35 23.2 23.2 23.2 24.05 24.9 25.75 26.6 27.45 28.3 28.3 28.3 29.13 29.97 30.8 31.63 32.47 33.3 33.3 33.3 34.15 35.0 35.85 36.7 37.55 38.4 38.4 38.4 39.25 40.1 40.95 41.8 42.65 43.5 43.5 43.5 44.37 45.23 46.1 46.97 47.83 48.7 48.7 48.7 49.52 50.33 51.15 51.97 52.78 53.6 53.6 53.6 54.45 55.3 56.15 57.0 57.85 58.7 58.7 58.7 59.18 59.67 60.15 60.63 61.12 61.6 61.6 61.6 61.6 61.6 61.6 61.6 61.6 61.6 61.6 61.6 61.6 61.6 61.6 61.6 61.6 61.6 61.6 61.6 61.6 61.6 61.6 61.6 61.6 61.6 61.6 61.6 61.6 61.6 61.6 61.6 61.6 61.6 61.6 61.6 61.6 61.6 61.6 61.6 61.6 61.6 61.6 61.6 61.6 61.6 61.6 61.6 61.6 61.6 61.6 61.6 61.6 61.6 61.6 61.6 61.6 61.6 61.6 61.6 61.6 61.6 61.6 61.6 61.6 61.6 61.6 61.6 61.52 61.43 61.35 61.27 61.18 61.1 61.1 61.1 60.93 60.77 60.6 60.43 60.27 60.1 60.1 60.1 59.92 59.73 59.55 59.37 59.18 59.0 59.0 59.0 58.85 58.7 58.55 58.4 58.25 58.1 58.1 58.1 57.93 57.77 57.6 57.43 57.27 57.1 57.1 57.1 56.95 56.8 56.65 56.5 56.35 56.2 56.2 56.2 56.0 55.8 55.6 55.4 55.2 55.0 55.0 55.0 54.85 54.7 54.55 54.4 54.25 54.1 54.1 54.1 53.93 53.77 53.6 53.43 53.27 53.1 53.1 53.1 52.95 52.8 52.65 52.5 52.35 52.2 52.2 52.2 52.02 51.83 51.65 51.47 51.28 51.1 51.1 51.1 50.93 50.77 50.6 50.43 50.27 50.1 50.1 50.1 50.02 49.93 49.85 49.77 49.68 49.6 49.6 49.6 49.6 49.6 49.6 49.6 49.6 49.6 49.6 49.6 49.6 49.6 49.6 49.6 49.6 49.6 49.6 49.6 49.6 49.6 49.6 49.6 49.6 49.6 49.6 49.6 49.6 49.6 49.6 49.6 49.6 49.6 49.6 49.6 49.6 49.6 49.6 49.6 49.6 49.6 49.6 49.6 49.6 49.6 49.6 49.6 49.6 49.6 49.6 49.6 49.6 49.6 49.6 49.6 49.6 49.6 49.6 49.6 49.6 49.6 49.6 49.6 49.6 49.6 49.6 49.6 49.22 48.83 48.45 48.07 47.68 47.3 47.3 47.3 46.62 45.93 45.25 44.57 43.88 43.2 43.2 43.2 42.52 41.83 41.15 40.47 39.78 39.1 39.1 39.1 38.42 37.73 37.05 36.37 35.68 35.0 35.0 35.0 34.32 33.63 32.95 32.27 31.58 30.9 30.9 30.9 30.23 29.57 28.9 28.23 27.57 26.9 26.9 26.9 26.2 25.5 24.8
2.07 2.03 2.0 2.0 2.0 2.0 2.0 2.0 2.0 2.0 2.0 2.0 2.0 2.0 2.0 2.0 2.0 2.0 2.0 2.0 2.0 2.0 2.0 2.0 2.0 2.0 2.0 2.0 2.0 2.0 2.0 2.0 2.0 2.0 2.0 2.0 2.0 2.0 2.0 2.0 2.0 2.0 2.0 2.0 2.0 1.97 1.93 1.9 1.87 1.83 1.8 1.8 1.8 1.8 1.8 1.8 1.8 1.8 1.8 1.8 1.8 1.8 1.8 1.8 1.8 1.8 1.8 1.8 1.8 1.8 1.8 1.8 1.8 1.8 1.8 1.8 1.8 1.8 1.8 1.8 1.8 1.8 1.8 1.8 1.8 1.8 1.8 1.8 1.8 1.8 1.8 1.8 1.8 1.8 1.8 1.8 1.8 1.8 1.8 1.8 1.8 1.8 1.8 1.8 1.8 1.8 1.8 1.8 1.8 1.8 1.8 1.8 1.8 1.8 1.8 1.8 1.8 1.8 1.8 1.8 1.8 1.8 1.8 1.8 1.8 1.8 1.8 1.8 1.8 1.8 1.8 1.8 1.8 1.8 1.8 1.8 1.8 1.8 1.8 1.8 1.8 1.8 1.8 1.8 1.8 1.8 1.8 1.8 1.8 1.77 1.74 1.71 1.68 1.65 1.63 1.63 1.63 1.62 1.62 1.61 1.61 1.6 1.6 1.6 1.6 1.59 1.58 1.56 1.55 1.54 1.53 1.53 1.53 1.5 1.48 1.46 1.44 1.42 1.4 1.4 1.4 1.4 1.4 1.4 1.4 1.4 1.4 1.4 1.4 1.37 1.33 1.3 1.27 1.23 1.2 1.2 1.2 1.2 1.2 1.2 1.2 1.2 1.2 1.2 1.2 1.18 1.16 1.14 1.12 1.1 1.08 1.08 1.08 1.06 1.05 1.04 1.03 1.01 1.0 1.0 1.0 1.0 0.99 0.99 0.98 0.98 0.98 0.98 0.98 0.95 0.92 0.89 0.86 0.83 0.8 0.8 0.8 0.8 0.8 0.8 0.8 0.8 0.8 0.8 0.8 0.8 0.8 0.8 0.8 0.8 0.8 0.8 0.8 0.8 0.8 0.8 0.8 0.8 0.8 0.8 0.8 0.8 0.8 0.8 0.8 0.8 0.8 0.8 0.8 0.8 0.8 0.8 0.8 0.8 0.8 0.8 0.8 0.8 0.8 0.8 0.8 0.8 0.8 0.8 0.8 0.8 0.8 0.8 0.8 0.8 0.8 0.8 0.8 0.8 0.8 0.8 0.8 0.8 0.8 0.8 0.8 0.8 0.8 0.8 0.8 0.8 0.8 0.8 0.8 0.8 0.8 0.8 0.8 0.8 0.8 0.8 0.8 0.8 0.8 0.8 0.8 0.8 0.8 0.8 0.8 0.77 0.73 0.7 0.67 0.63 0.6 0.6 0.6 0.6 0.6 0.6 0.6 0.6 0.6 0.6 0.6 0.6 0.6 0.6 0.6 0.6 0.6 0.6 0.6 0.6 0.6 0.6 0.6 0.6 0.6 0.6 0.6 0.57 0.53 0.5
16.8 16.8 16.8 16.8 16.8 16.8 16.8 16.8 16.8 16.8 16.8 16.8 16.8 16.8 16.8 16.8 16.8 16.8 16.8 16.8 16.8 16.68 16.57 16.45 16.33 16.22 16.1 16.1 16.1 16.1 16.1 16.1 16.1 16.1 16.1 16.1 16.1 16.1 16.1 16.1 16.1 16.1 16.1 16.1 16.1 16.1 16.1 16.1 16.1 16.1 16.1 16.1 16.1 15.98 15.87 15.75 15.63 15.52 15.4 15.4 15.4 15.4 15.4 15.4 15.4 15.4 15.4 15.4 15.4 15.4 15.4 15.4 15.4 15.4 15.4 15.4 15.4 15.4 15.4 15.4 15.4 15.4 15.4 15.4 15.4 15.4 15.4 15.4 15.4 15.4 15.4 15.4 15.4 15.4 15.4 15.4 15.4 15.4 15.4 15.4 15.4 15.4 15.4 15.4 15.4 15.4 15.4 15.4 15.4 15.4 15.4 15.4 15.4 15.4 15.4 15.4 15.4 15.4 15.4 15.4 15.4 15.4 15.4 15.4 15.4 15.4 15.4 15.4 15.4 15.4 15.4 15.4 15.4 15.4 15.4 15.4 15.4 15.4 15.4 15.4 15.4 15.4 15.4 15.4 15.4 15.4 15.4 15.4 15.4 15.46 15.52 15.58 15.63 15.69 15.75 15.75 15.75 15.81 15.87 15.92 15.98 16.04 16.1 16.1 16.1 16.1 16.1 16.1 16.1 16.1 16.1 16.1 16.1 16.16 16.22 16.28 16.33 16.39 16.45 16.45 16.45 16.51 16.57 16.63 16.68 16.74 16.8 16.8 16.8 16.8 16.8 16.8 16.8 16.8 16.8 16.8 16.8 16.86 16.92 16.97 17.03 17.09 17.15 17.15 17.15 17.21 17.27 17.33 17.38 17.44 17.5 17.5 17.5 17.5 17.5 17.5 17.5 17.5 17.5 17.5 17.5 17.56 17.62 17.67 17.73 17.79 17.85 17.85 17.85 17.91 17.97 18.03 18.08 18.14 18.2 18.2 18.2 18.2 18.2 18.2 18.2 18.2 18.2 18.2 18.2 18.2 18.2 18.2 18.2 18.2 18.2 18.2 18.2 18.2 18.2 18.2 18.2 18.2 18.2 18.2 18.2 18.2 18.2 18.2 18.2 18.2 18.2 18.2 18.2 18.2 18.2 18.2 18.2 18.2 18.2 18.2 18.2 18.2 18.2 18.2 18.2 18.2 18.2 18.2 18.2 18.2 18.2 18.2 18.2 18.2 18.2 18.2 18.2 18.2 18.2 18.2 18.2 18.2 18.2 18.2 18.2 18.2 18.2 18.2 18.2 18.2 18.2 18.2 18.2 18.08 17.97 17.85 17.73 17.62 17.5 17.5 17.5 17.27 17.03 16.8 16.57 16.33 16.1 16.1 16.1 15.88 15.66 15.44 15.23 15.01 14.79 14.79 14.79 14.57 14.35 14.13 13.91 13.69 13.48 13.48 13.48 13.26 13.04 12.82 12.6 12.38 12.16 12.16 12.16 11.94 11.73 11.51 11.29 11.07 10.85 10.85 10.85 10.62 10.38 10.15
4150177636.0
1222573692.0
0.00633
0.00326
agregarAgente --DemandaFija
98.52 59.03 19.55 19.55 19.55 31.43 43.32 55.2 67.08 78.97 90.85 90.85 90.85 97.93 105.02 112.1 119.18 126.27 133.35 133.35 133.35 126.23 119.1 111.98 104.85 97.73 90.6 90.6 90.6 119.94 149.28 178.63 207.97 237.31 266.65 266.65 266.65 265.31 263.97 262.63 261.28 259.94 258.6 258.6 258.6 256.55 254.5 252.45 250.4 248.35 246.3 246.3 246.3 258.97 271.63 284.3 296.97 309.63 322.3 322.3 322.3 317.56 312.82 308.08 303.33 298.59 293.85 293.85 293.85 296.65 299.45 302.25 305.05 307.85 310.65 310.65 310.65 322.52 334.38 346.25 358.12 369.98 381.85 381.85 381.85 376.22 370.6 364.98 359.35 353.72 348.1 348.1 348.1 327.55 307.0 286.45 265.9 245.35 224.8 224.8 224.8 191.86 158.92 125.98 93.03 60.09 27.15 27.15 27.15 28.0 28.85 29.7 30.55 31.4 32.25 32.25 32.25 28.28 24.32 20.35 16.38 12.42 8.45 8.45 8.45 18.82 29.18 39.55 49.92 60.28 70.65 70.65 70.65 108.59 146.53 184.48 222.42 260.36 298.3 298.3 298.3 275.97 253.63 231.3 208.97 186.63 164.3 164.3 164.3 160.32 156.33 152.35 148.37 144.38 140.4 140.4 140.4 149.67 158.95 168.23 177.5 186.78 196.05 196.05 196.05 182.3 168.55 154.8 141.05 127.3 113.55 113.55 113.55 116.38 119.22 122.05 124.88 127.72 130.55 130.55 130.55 142.29 154.03 165.78 177.52 189.26 201.0 201.0 201.0 202.23 203.45 204.68 205.9 207.13 208.35 208.35 208.35 219.03 229.72 240.4 251.08 261.77 272.45 272.45 272.45 265.89 259.33 252.78 246.22 239.66 233.1 233.1 233.1 214.47 195.83 177.2 158.57 139.93 121.3 121.3 121.3 122.77 124.25 125.73 127.2 128.67 130.15 130.15 130.15 144.18 158.22 172.25 186.28 200.32 214.35 214.35 214.35 210.14 205.93 201.73 197.52 193.31 189.1 189.1 189.1 216.54 243.98 271.43 298.87 326.31 353.75 353.75 353.75 367.28 380.8 394.33 407.85 421.38 434.9 434.9 434.9 402.9 370.9 338.9 306.9 274.9 242.9 242.9 242.9 251.05 259.2 267.35 275.5 283.65 291.8 291.8 291.8 270.96 250.12 229.28 208.43 187.59 166.75 166.75 166.75 153.79 140.83 127.88 114.92 101.96 89.0 89.0 89.0 108.82 128.63 148.45 168.27 188.08 207.9 207.9 207.9 219.96 232.02 244.08 256.13 268.19 280.25 280.25 280.25 274.38 268.5 262.63 256.75 250.88 245.0 245.0 245.0 282.43 319.85 357.28 394.7 432.13 469.55 469.55 469.55 456.8 444.05 431.3 418.55 405.8 393.05 393.05 393.05 332.19 271.33 210.48 149.62 88.76 27.9 27.9 27.9 61.69 95.48 129.28 163.07 196.86 230.65 230.65 230.65 230.24 229.83 229.43 229.02 228.61 228.2 228.2 228.2 234.88 241.55 248.23
crearDespacho --fija
1600.0
configurarSolver --Gurobi
resolver --noConstante ejecuciones/bancos/recombinados/v1/directo/simple/v1_simple_000332.csv
finalizar
