inicializar --t 360
agregarAgente --RioNegro
29.97 29.78 29.6 29.6 29.6 29.6 29.6 29.6 29.6 29.6 29.6 29.6 29.6 29.6 29.6 29.6 29.6 29.6 29.6 29.6 29.6 29.6 29.6 29.6 29.6 29.6 29.6 29.6 29.6 29.6 29.6 29.6 29.6 29.6 29.6 29.6 29.6 29.6 29.6 29.6 29.6 29.6 29.6 29.6 29.6 29.6 29.6 29.6 29.6 29.6 29.6 29.6 29.6 29.6 29.6 29.6 29.6 29.6 29.6 29.6 29.6 29.6 29.6 29.6 29.6 29.6 29.6 29.6 29.6 29.6 29.6 29.6 29.6 29.6 29.6 29.6 29.6 29.6 29.6 29.6 29.6 29.6 29.6 29.6 29.6 29.6 29.6 29.6 29.6 29.6 29.6 29.6 29.6 29.47 29.33 29.2 29.07 28.93 28.8 28.8 28.8 28.8 28.8 28.8 28.8 28.8 28.8 28.8 28.8 28.8 28.8 28.8 28.8 28.8 28.8 28.8 28.8 28.8 28.8 28.8 28.8 28.8 28.8 28.8 28.8 28.8 28.8 28.8 28.8 28.8 28.8 28.8 28.8 28.8 28.8 28.8 28.8 28.8 28.8 28.8 28.8 28.67 28.53 28.4 28.27 28.13 28.0 28.0 28.0 28.0 28.0 28.0 28.0 28.0 28.0 28.0 28.0 28.0 28.0 28.0 28.0 28.0 28.0 28.0 28.0 28.0 28.0 28.0 28.0 28.0 28.0 28.0 28.0 28.0 28.0 28.0 28.0 28.0 28.0 28.0 28.0 28.0 28.0 28.0 28.0 28.0 28.0 28.0 28.0 28.0 28.0 28.0 28.0 28.0 28.0 28.0 28.0 28.0 28.0 28.0 28.0 28.0 28.0 28.0 28.0 28.0 28.0 28.0 28.0 28.0 28.0 28.0 28.0 28.0 28.0 28.0 28.0 28.0 28.0 28.0 28.0 28.0 28.0 28.0 28.0 28.0 28.0 28.0 28.0 28.0 28.0 28.0 28.0 28.0 28.0 28.0 28.0 28.82 29.63 30.45 31.27 32.08 32.9 32.9 32.9 34.37 35.83 37.3 38.77 40.23 41.7 41.7 41.7 43.17 44.63 46.1 47.57 49.03 50.5 50.5 50.5 51.97 53.43 54.9 56.37 57.83 59.3 59.3 59.3 60.75 62.2 63.65 65.1 66.55 68.0 68.0 68.0 69.47 70.93 72.4 73.87 75.33 76.8 76.8 76.8 78.27 79.73 81.2 82.67 84.13 85.6 85.6 85.6 87.07 88.53 90.0 91.47 92.93 94.4 94.4 94.4 95.85 97.3 98.75 100.2 101.65 103.1 103.1 103.1 104.57 106.03 107.5 108.97 110.43 111.9 111.9 111.9 117.39 122.88 128.37 133.86 139.35 144.84 144.84 144.84 146.6 148.36 150.12 151.88 153.64 155.4 155.4 155.4 156.38 157.36 158.34 159.32 160.3 161.28 161.28 161.28 161.28 161.28 161.28 161.28 161.28 161.28 161.28 161.28 161.28 161.28 161.28 161.28 161.28 161.28 161.28 161.28 161.28 161.28 161.28
0 0 0 0 0 0 0 0 0 0 0 0 0 0 0 0 0 0 0 0 0 0 0 0 0 0 0 0 0 0 0 0 0 0 0 0 0 0 0 0 0 0 0 0 0 0 0 0 0 0 0 0 0 0 0 0 0 0 0 0 0 0 0 0 0 0 0 0 0 0 0 0 0 0 0 0 0 0 0 0 0 0 0 0 0 0 0 0 0 0 0 0 0 0 0 0 0 0 0 0 0 0 0 0 0 0 0 0 0 0 0 0 0 0 0 0 0 0 0 0 0 0 0 0 0 0 0 0 0 0 0 0 0 0 0 0 0 0 0 0 0 0 0 0 0 0 0 0 0 0 0 0 0 0 0 0 0 0 0 0 0 0 0 0 0 0 0 0 0 0 0 0 0 0 0 0 0 0 0 0 0 0 0 0 0 0 0 0 0 0 0 0 0 0 0 0 0 0 0 0 0 0 0 0 0 0 0 0 0 0 0 0 0 0 0 0 0 0 0 0 0 0 0 0 0 0 0 0 0 0 0 0 0 0 0 0 0 0 0 0 0 0 0 0 0 0 0 0 0 0 0 0 0 0 0 0 0 0 0 0 0 0.03 0.07 0.1 0.13 0.17 0.2 0.2 0.2 0.2 0.2 0.2 0.2 0.2 0.2 0.2 0.2 0.2 0.2 0.2 0.2 0.2 0.2 0.2 0.2 0.2 0.2 0.2 0.2 0.2 0.2 0.2 0.2 0.2 0.2 0.2 0.2 0.2 0.2 0.2 0.2 0.2 0.2 0.2 0.2 0.2 0.2 0.2 0.2 0.23 0.27 0.3 0.33 0.37 0.4 0.4 0.4 0.4 0.4 0.4 0.4 0.4 0.4 0.4 0.4 0.4 0.4 0.4 0.4 0.4 0.4 0.4 0.4 0.4 0.4 0.4 0.4 0.4 0.4 0.4 0.4 0.4 0.4 0.4 0.4 0.4 0.4 0.4 0.4 0.4 0.4 0.4 0.4 0.4 0.4 0.4 0.4 0.4 0.4 0.4
38.76 38.98 39.2 39.2 39.2 39.2 39.2 39.2 39.2 39.2 39.2 39.2 39.2 39.2 39.2 39.2 39.2 39.2 39.2 39.2 39.2 39.2 39.2 39.2 39.2 39.2 39.2 39.2 39.2 39.2 39.2 39.2 39.2 39.2 39.2 39.2 39.2 39.2 39.2 39.2 39.2 39.2 39.2 39.2 39.2 39.2 39.2 39.2 39.2 39.2 39.2 39.2 39.2 39.2 39.2 39.2 39.2 39.2 39.2 39.2 39.2 39.2 39.2 39.2 39.2 39.2 39.2 39.2 39.2 39.2 39.2 39.2 39.2 39.2 39.2 39.2 39.2 39.32 39.43 39.55 39.67 39.78 39.9 39.9 39.9 39.9 39.9 39.9 39.9 39.9 39.9 39.9 39.9 40.02 40.13 40.25 40.37 40.48 40.6 40.6 40.6 40.6 40.6 40.6 40.6 40.6 40.6 40.6 40.6 40.72 40.83 40.95 41.07 41.18 41.3 41.3 41.3 41.3 41.3 41.3 41.3 41.3 41.3 41.3 41.3 41.42 41.53 41.65 41.77 41.88 42.0 42.0 42.0 42.0 42.0 42.0 42.0 42.0 42.0 42.0 42.0 42.12 42.23 42.35 42.47 42.58 42.7 42.7 42.7 42.7 42.7 42.7 42.7 42.7 42.7 42.7 42.7 42.82 42.93 43.05 43.17 43.28 43.4 43.4 43.4 43.4 43.4 43.4 43.4 43.4 43.4 43.4 43.4 43.4 43.4 43.4 43.4 43.4 43.4 43.4 43.4 43.4 43.4 43.4 43.4 43.4 43.4 43.4 43.4 43.4 43.4 43.4 43.4 43.4 43.4 43.4 43.4 43.4 43.4 43.4 43.4 43.4 43.4 43.4 43.4 43.4 43.4 43.4 43.4 43.4 43.4 43.4 43.4 43.4 43.4 43.4 43.4 43.4 43.4 43.4 43.4 43.4 43.4 43.4 43.4 43.4 43.4 43.4 43.4 43.4 43.4 43.4 43.4 43.4 43.4 43.4 43.4 43.2 42.99 42.79 42.58 42.38 42.18 42.18 42.18 41.77 41.36 40.95 40.54 40.13 39.72 39.72 39.72 39.36 39.0 38.63 38.27 37.9 37.54 37.54 37.54 37.14 36.75 36.36 35.96 35.57 35.18 35.18 35.18 34.8 34.42 34.04 33.66 33.28 32.9 32.9 32.9 32.51 32.11 31.72 31.33 30.93 30.54 30.54 30.54 30.16 29.78 29.4 29.02 28.64 28.26 28.26 28.26 27.87 27.47 27.08 26.69 26.29 25.9 25.9 25.9 25.52 25.14 24.76 24.38 24.0 23.63 23.63 23.63 23.23 22.84 22.44 22.05 21.66 21.26 21.26 21.26 20.9 20.53 20.17 19.8 19.44 19.08 19.08 19.08 18.67 18.26 17.85 17.44 17.03 16.63 16.63 16.63 16.42 16.22 16.01 15.81 15.6 15.4 15.4 15.4 15.4 15.4 15.4 15.4 15.4 15.4 15.4 15.4 15.4 15.4 15.4 15.4 15.4 15.4 15.4 15.4 15.4 15.4 15.4
3816415747.0
1372554726.0
0.00633
0.00326
agregarAgente --DemandaFija
371.03 352.14 333.25 333.25 333.25 364.48 395.72 426.95 458.18 489.42 520.65 520.65 520.65 498.09 475.53 452.98 430.42 407.86 385.3 385.3 385.3 360.64 335.98 311.33 286.67 262.01 237.35 237.35 237.35 269.24 301.13 333.03 364.92 396.81 428.7 428.7 428.7 409.5 390.3 371.1 351.9 332.7 313.5 313.5 313.5 300.3 287.1 273.9 260.7 247.5 234.3 234.3 234.3 260.01 285.72 311.43 337.13 362.84 388.55 388.55 388.55 389.9 391.25 392.6 393.95 395.3 396.65 396.65 396.65 377.33 358.02 338.7 319.38 300.07 280.75 280.75 280.75 303.87 326.98 350.1 373.22 396.33 419.45 419.45 419.45 374.6 329.75 284.9 240.05 195.2 150.35 150.35 150.35 147.03 143.72 140.4 137.08 133.77 130.45 130.45 130.45 138.85 147.25 155.65 164.05 172.45 180.85 180.85 180.85 182.79 184.73 186.68 188.62 190.56 192.5 192.5 192.5 207.73 222.97 238.2 253.43 268.67 283.9 283.9 283.9 300.49 317.08 333.68 350.27 366.86 383.45 383.45 383.45 384.02 384.58 385.15 385.72 386.28 386.85 386.85 386.85 365.61 344.37 323.13 301.88 280.64 259.4 259.4 259.4 285.16 310.92 336.68 362.43 388.19 413.95 413.95 413.95 400.49 387.03 373.58 360.12 346.66 333.2 333.2 333.2 296.3 259.4 222.5 185.6 148.7 111.8 111.8 111.8 164.33 216.85 269.38 321.9 374.43 426.95 426.95 426.95 418.57 410.18 401.8 393.42 385.03 376.65 376.65 376.65 327.63 278.6 229.58 180.55 131.53 82.5 82.5 82.5 129.1 175.7 222.3 268.9 315.5 362.1 362.1 362.1 377.38 392.65 407.93 423.2 438.47 453.75 453.75 453.75 400.18 346.6 293.03 239.45 185.88 132.3 132.3 132.3 116.77 101.23 85.7 70.17 54.63 39.1 39.1 39.1 53.95 68.8 83.65 98.5 113.35 128.2 128.2 128.2 140.35 152.5 164.65 176.8 188.95 201.1 201.1 201.1 232.56 264.02 295.48 326.93 358.39 389.85 389.85 389.85 390.86 391.87 392.88 393.88 394.89 395.9 395.9 395.9 361.88 327.85 293.83 259.8 225.78 191.75 191.75 191.75 206.92 222.1 237.28 252.45 267.63 282.8 282.8 282.8 293.68 304.55 315.43 326.3 337.18 348.05 348.05 348.05 320.26 292.47 264.68 236.88 209.09 181.3 181.3 181.3 216.72 252.13 287.55 322.97 358.38 393.8 393.8 393.8 363.12 332.43 301.75 271.07 240.38 209.7 209.7 209.7 191.42 173.15 154.88 136.6 118.33 100.05 100.05 100.05 84.42 68.78 53.15 37.52 21.88 6.25 6.25 6.25 48.6 90.95 133.3 175.65 218.0 260.35 260.35 260.35 258.94 257.53 256.13 254.72 253.31 251.9 251.9 251.9 274.46 297.02 319.58 342.13 364.69 387.25 387.25 387.25 375.99 364.73 353.48 342.22 330.96 319.7 319.7 319.7 268.77 217.83 166.9
crearDespacho --fija
3200.0
configurarSolver --Gurobi
resolver --noConstante ejecuciones/bancos/recombinados/v1/directo/simple/v1_simple_000432.csv
finalizar
