inicializar --t 360
agregarAgente --RioNegro
24.1 23.4 22.7 22.7 22.7 22.03 21.37 20.7 20.03 19.37 18.7 18.7 18.7 18.02 17.33 16.65 15.97 15.28 14.6 14.6 14.6 13.92 13.23 12.55 11.87 11.18 10.5 10.5 10.5 9.82 9.13 8.45 7.77 7.08 6.4 6.4 6.4 5.72 5.03 4.35 3.67 2.98 2.3 2.3 2.3 1.92 1.53 1.15 0.77 0.38 0 0 0 0 0 0 0 0 0 0 0 0 0 0 0 0 0 0 0 0 0 0 0 0 0 0 0 0 0 0 0 0 0 0 0 0 0 0 0 0 0 0 0 0 0 0 0 0 0 0 0 0 0 0 0 0 0 0 0 0 0 0 0 0 0 0 0 0.6 1.2 1.8 2.4 3.0 3.6 3.6 3.6 4.55 5.5 6.45 7.4 8.35 9.3 9.3 9.3 10.35 11.4 12.45 13.5 14.55 15.6 15.6 15.6 16.62 17.63 18.65 19.67 20.68 21.7 21.7 21.7 22.68 23.67 24.65 25.63 26.62 27.6 27.6 27.6 28.67 29.73 30.8 31.87 32.93 34.0 34.0 34.0 34.93 35.87 36.8 37.73 38.67 39.6 39.6 39.6 40.67 41.73 42.8 43.87 44.93 46.0 46.0 46.0 46.98 47.97 48.95 49.93 50.92 51.9 51.9 51.9 52.92 53.93 54.95 55.97 56.98 58.0 58.0 58.0 59.05 60.1 61.15 62.2 63.25 64.3 64.3 64.3 65.25 66.2 67.15 68.1 69.05 70.0 70.0 70.0 70.6 71.2 71.8 72.4 73.0 73.6 73.6 73.6 73.6 73.6 73.6 73.6 73.6 73.6 73.6 73.6 73.6 73.6 73.6 73.6 73.6 73.6 73.6 73.6 73.6 73.6 73.6 73.6 73.6 73.6 73.6 73.6 73.6 73.6 73.6 73.6 73.6 73.6 73.6 73.6 73.6 73.6 73.6 73.6 73.6 73.6 73.6 73.6 73.6 73.6 73.6 73.6 73.6 73.6 73.6 73.6 73.6 73.6 73.6 73.6 73.6 73.6 73.6 73.6 73.6 73.6 73.6 73.6 73.6 73.6 73.6 73.6 73.47 73.33 73.2 73.07 72.93 72.8 72.8 72.8 72.53 72.27 72.0 71.73 71.47 71.2 71.2 71.2 70.93 70.67 70.4 70.13 69.87 69.6 69.6 69.6 69.33 69.07 68.8 68.53 68.27 68.0 68.0 68.0 67.73 67.47 67.2 66.93 66.67 66.4 66.4 66.4 66.13 65.87 65.6 65.33 65.07 64.8 64.8 64.8 64.53 64.27 64.0 63.73 63.47 63.2 63.2 63.2 62.93 62.67 62.4 62.13 61.87 61.6 61.6 61.6 61.33 61.07 60.8 60.53 60.27 60.0 60.0 60.0 59.73 59.47 59.2
0.47 0.43 0.4 0.4 0.4 0.4 0.4 0.4 0.4 0.4 0.4 0.4 0.4 0.4 0.4 0.4 0.4 0.4 0.4 0.4 0.4 0.4 0.4 0.4 0.4 0.4 0.4 0.4 0.4 0.37 0.33 0.3 0.27 0.23 0.2 0.2 0.2 0.2 0.2 0.2 0.2 0.2 0.2 0.2 0.2 0.2 0.2 0.2 0.2 0.2 0.2 0.2 0.2 0.2 0.2 0.2 0.2 0.2 0.2 0.2 0.2 0.2 0.2 0.2 0.2 0.2 0.2 0.2 0.2 0.2 0.2 0.2 0.2 0.2 0.2 0.2 0.2 0.2 0.2 0.2 0.2 0.2 0.2 0.2 0.2 0.2 0.2 0.2 0.2 0.2 0.2 0.2 0.2 0.2 0.2 0.2 0.2 0.2 0.2 0.2 0.2 0.2 0.2 0.2 0.2 0.2 0.2 0.2 0.2 0.2 0.2 0.2 0.2 0.2 0.2 0.2 0.2 0.2 0.2 0.2 0.2 0.2 0.2 0.2 0.2 0.2 0.2 0.2 0.2 0.2 0.2 0.2 0.2 0.2 0.2 0.2 0.2 0.2 0.2 0.2 0.2 0.2 0.2 0.2 0.2 0.2 0.2 0.2 0.2 0.2 0.2 0.2 0.2 0.2 0.2 0.2 0.2 0.2 0.2 0.2 0.2 0.2 0.2 0.2 0.2 0.17 0.13 0.1 0.07 0.03 0 0 0 0 0 0 0 0 0 0 0 0 0 0 0 0 0 0 0 0 0 0 0 0 0 0 0 0 0 0 0 0 0 0 0 0 0 0 0 0 0 0 0 0 0 0 0 0 0 0 0 0 0 0 0 0 0 0 0 0 0 0 0 0 0 0 0 0 0 0 0 0 0 0 0 0 0 0 0 0 0 0 0 0 0 0 0 0 0 0 0 0 0 0 0 0 0 0 0 0 0 0 0 0 0 0 0 0 0 0 0 0 0 0 0 0.13 0.27 0.4 0.53 0.67 0.8 0.8 0.8 1.04 1.28 1.51 1.75 1.99 2.23 2.23 2.23 2.46 2.7 2.94 3.18 3.41 3.65 3.65 3.65 3.88 4.12 4.35 4.58 4.82 5.05 5.05 5.05 5.29 5.53 5.76 6.0 6.24 6.48 6.48 6.48 6.71 6.95 7.19 7.43 7.66 7.9 7.9 7.9 8.13 8.37 8.6 8.83 9.07 9.3 9.3 9.3 9.54 9.78 10.01 10.25 10.49 10.73 10.73 10.73 10.96 11.2 11.44 11.68 11.91 12.15 12.15 12.15 12.38 12.62 12.85
9.92 9.68 9.45 9.45 9.45 9.23 9.01 8.79 8.58 8.36 8.14 8.14 8.14 7.92 7.7 7.48 7.26 7.04 6.82 6.82 6.82 6.61 6.39 6.17 5.95 5.73 5.51 5.51 5.51 5.29 5.07 4.86 4.64 4.42 4.2 4.2 4.2 3.97 3.73 3.5 3.27 3.03 2.8 2.8 2.8 2.68 2.57 2.45 2.33 2.22 2.1 2.1 2.1 2.1 2.1 2.1 2.1 2.1 2.1 2.1 2.1 2.1 2.1 2.1 2.1 2.1 2.1 2.1 2.1 2.1 2.1 2.1 2.1 2.1 2.1 2.1 2.1 2.1 2.1 2.1 2.1 2.1 2.1 2.1 2.1 2.1 2.1 2.1 2.1 2.1 2.1 2.1 2.1 2.1 2.1 2.1 2.1 2.1 2.1 2.1 2.1 2.1 2.1 2.1 2.1 2.1 2.1 2.1 2.1 2.1 2.1 2.1 2.1 2.1 2.1 2.1 2.1 2.17 2.25 2.32 2.39 2.46 2.54 2.54 2.54 2.68 2.83 2.97 3.12 3.27 3.41 3.41 3.41 3.57 3.73 3.89 4.05 4.21 4.38 4.38 4.38 4.51 4.64 4.77 4.9 5.03 5.16 5.16 5.16 5.31 5.45 5.6 5.75 5.89 6.04 6.04 6.04 6.17 6.3 6.43 6.56 6.69 6.82 6.82 6.82 7.0 7.18 7.35 7.52 7.7 7.87 7.87 7.87 8.01 8.14 8.27 8.4 8.53 8.66 8.66 8.66 8.81 8.95 9.1 9.25 9.39 9.54 9.54 9.54 9.67 9.8 9.93 10.06 10.19 10.33 10.33 10.33 10.49 10.65 10.81 10.97 11.13 11.29 11.29 11.29 11.43 11.58 11.73 11.87 12.02 12.16 12.16 12.16 12.24 12.31 12.38 12.45 12.53 12.6 12.6 12.6 12.6 12.6 12.6 12.6 12.6 12.6 12.6 12.6 12.6 12.6 12.6 12.6 12.6 12.6 12.6 12.6 12.6 12.6 12.6 12.6 12.6 12.6 12.6 12.6 12.6 12.6 12.6 12.6 12.6 12.6 12.6 12.6 12.6 12.6 12.6 12.6 12.6 12.6 12.6 12.6 12.6 12.6 12.6 12.6 12.6 12.6 12.6 12.6 12.6 12.6 12.6 12.6 12.6 12.6 12.6 12.6 12.6 12.6 12.6 12.6 12.6 12.6 12.6 12.6 12.67 12.75 12.82 12.89 12.96 13.04 13.04 13.04 13.2 13.36 13.52 13.68 13.84 14.0 14.0 14.0 14.16 14.32 14.48 14.64 14.8 14.96 14.96 14.96 15.11 15.25 15.4 15.55 15.69 15.84 15.84 15.84 16.0 16.16 16.32 16.48 16.64 16.8 16.8 16.8 16.96 17.12 17.28 17.44 17.6 17.76 17.76 17.76 17.91 18.05 18.2 18.35 18.49 18.64 18.64 18.64 18.8 18.96 19.12 19.28 19.44 19.6 19.6 19.6 19.76 19.92 20.08 20.24 20.4 20.56 20.56 20.56 20.71 20.85 21.0
3867408628.0
1307088570.0
0.00633
0.00326
agregarAgente --DemandaFija
1011.2 995.94 980.68 980.68 980.68 998.41 1016.15 1033.89 1051.63 1069.36 1087.1 1087.1 1087.1 1088.56 1090.03 1091.49 1092.95 1094.41 1095.88 1095.88 1095.88 1045.95 996.02 946.1 896.18 846.25 796.33 796.33 796.33 844.59 892.85 941.11 989.38 1037.64 1085.9 1085.9 1085.9 1087.15 1088.4 1089.65 1090.9 1092.15 1093.4 1093.4 1093.4 1047.39 1001.38 955.36 909.35 863.34 817.33 817.33 817.33 857.71 898.1 938.49 978.88 1019.26 1059.65 1059.65 1059.65 1067.65 1075.65 1083.65 1091.65 1099.65 1107.65 1107.65 1107.65 1057.36 1007.08 956.79 906.5 856.21 805.93 805.93 805.93 851.38 896.83 942.28 987.72 1033.18 1078.63 1078.63 1078.63 1077.95 1077.28 1076.6 1075.93 1075.25 1074.58 1074.58 1074.58 1021.6 968.63 915.65 862.68 809.7 756.73 756.73 756.73 789.64 822.55 855.46 888.38 921.29 954.2 954.2 954.2 957.78 961.35 964.93 968.5 972.08 975.65 975.65 975.65 935.38 895.1 854.82 814.55 774.28 734.0 734.0 734.0 764.11 794.23 824.34 854.45 884.56 914.68 914.68 914.68 944.13 973.58 1003.03 1032.48 1061.93 1091.38 1091.38 1091.38 1045.99 1000.6 955.21 909.83 864.44 819.05 819.05 819.05 851.9 884.75 917.6 950.45 983.3 1016.15 1016.15 1016.15 1014.29 1012.43 1010.56 1008.7 1006.84 1004.98 1004.98 1004.98 957.39 909.8 862.21 814.63 767.04 719.45 719.45 719.45 722.0 724.55 727.1 729.65 732.2 734.75 734.75 734.75 741.44 748.13 754.81 761.5 768.19 774.88 774.88 774.88 752.16 729.45 706.74 684.03 661.31 638.6 638.6 638.6 673.0 707.4 741.8 776.2 810.6 845.0 845.0 845.0 847.2 849.4 851.6 853.8 856.0 858.2 858.2 858.2 810.03 761.85 713.68 665.5 617.33 569.15 569.15 569.15 610.79 652.43 694.06 735.7 777.34 818.97 818.97 818.97 822.25 825.53 828.8 832.08 835.35 838.63 838.63 838.63 791.58 744.53 697.47 650.43 603.38 556.33 556.33 556.33 604.09 651.85 699.61 747.38 795.14 842.9 842.9 842.9 847.13 851.35 855.57 859.8 864.02 868.25 868.25 868.25 803.53 738.8 674.08 609.35 544.63 479.9 479.9 479.9 510.13 540.35 570.58 600.8 631.03 661.25 661.25 661.25 672.06 682.88 693.69 704.5 715.31 726.13 726.13 726.13 647.5 568.88 490.25 411.63 333.0 254.38 254.38 254.38 273.93 293.48 313.03 332.58 352.13 371.68 371.68 371.68 419.88 468.08 516.28 564.48 612.68 660.88 660.88 660.88 585.55 510.23 434.9 359.58 284.25 208.93 208.93 208.93 302.83 396.73 490.63 584.53 678.43 772.33 772.33 772.33 783.66 795.0 806.34 817.68 829.01 840.35 840.35 840.35 772.78 705.2 637.63 570.05 502.48 434.9 434.9 434.9 488.94 542.98 597.01 651.05 705.09 759.13 759.13 759.13 758.69 758.25 757.81 757.38 756.94 756.5 756.5 756.5 683.43 610.35 537.28
crearDespacho --fija
1600.0
configurarSolver --Gurobi
resolver --noConstante ejecuciones/bancos/recombinados/v1/directo/simple/v1_simple_000200.csv
finalizar
