inicializar --t 360
agregarAgente --RioNegro
750.16 745.76 741.36 741.36 741.36 737.02 732.68 728.34 724.0 719.66 715.32 715.32 715.32 710.96 706.6 702.24 697.88 693.52 689.16 689.16 689.16 684.82 680.48 676.14 671.8 667.46 663.12 663.12 663.12 658.76 654.4 650.04 645.68 641.32 636.96 636.96 636.96 632.6 628.24 623.88 619.52 615.16 610.8 610.8 610.8 608.36 605.92 603.48 601.04 598.6 596.16 596.16 596.16 596.16 596.16 596.16 596.16 596.16 596.16 596.16 596.16 596.16 596.16 596.16 596.16 596.16 596.16 596.16 596.16 596.16 596.16 596.16 596.16 596.16 596.16 596.16 596.16 596.16 596.16 596.16 596.16 596.16 596.16 596.16 596.16 596.16 596.16 596.16 596.16 596.16 596.16 596.16 596.16 596.16 596.16 596.16 596.16 596.16 596.16 596.16 596.16 596.16 596.16 596.16 596.16 596.16 596.16 596.16 596.16 596.16 596.16 596.16 596.16 596.16 596.16 596.16 596.16 593.92 591.68 589.44 587.2 584.96 582.72 582.72 582.72 578.76 574.8 570.84 566.88 562.92 558.96 558.96 558.96 555.0 551.04 547.08 543.12 539.16 535.2 535.2 535.2 531.2 527.2 523.2 519.2 515.2 511.2 511.2 511.2 507.22 503.24 499.26 495.28 491.3 487.32 487.32 487.32 483.36 479.4 475.44 471.48 467.52 463.56 463.56 463.56 459.6 455.64 451.68 447.72 443.76 439.8 439.8 439.8 435.84 431.88 427.92 423.96 420.0 416.04 416.04 416.04 412.06 408.08 404.1 400.12 396.14 392.16 392.16 392.16 388.16 384.16 380.16 376.16 372.16 368.16 368.16 368.16 364.2 360.24 356.28 352.32 348.36 344.4 344.4 344.4 340.44 336.48 332.52 328.56 324.6 320.64 320.64 320.64 318.4 316.16 313.92 311.68 309.44 307.2 307.2 307.2 307.2 307.2 307.2 307.2 307.2 307.2 307.2 307.2 307.2 307.2 307.2 307.2 307.2 307.2 307.2 307.2 307.2 307.2 307.2 307.2 307.2 307.2 307.2 307.2 307.2 307.2 307.2 307.2 307.2 307.2 307.2 307.2 307.2 307.2 307.2 307.2 307.2 307.2 307.2 307.2 307.2 307.2 307.2 307.2 307.2 307.2 307.2 307.2 307.2 307.2 307.2 307.2 307.2 307.2 307.2 307.2 307.2 307.2 307.2 307.2 307.2 307.2 307.2 307.2 311.92 316.64 321.36 326.08 330.8 335.52 335.52 335.52 343.84 352.16 360.48 368.8 377.12 385.44 385.44 385.44 393.76 402.08 410.4 418.72 427.04 435.36 435.36 435.36 443.68 452.0 460.32 468.64 476.96 485.28 485.28 485.28 493.6 501.92 510.24 518.56 526.88 535.2 535.2 535.2 543.52 551.84 560.16 568.48 576.8 585.12 585.12 585.12 593.44 601.76 610.08 618.4 626.72 635.04 635.04 635.04 643.36 651.68 660.0 668.32 676.64 684.96 684.96 684.96 693.28 701.6 709.92 718.24 726.56 734.88 734.88 734.88 743.2 751.52 759.84
230.83 236.47 242.1 242.1 242.1 247.73 253.37 259.0 264.63 270.27 275.9 275.9 275.9 281.55 287.2 292.85 298.5 304.15 309.8 309.8 309.8 315.45 321.1 326.75 332.4 338.05 343.7 343.7 343.7 349.33 354.97 360.6 366.23 371.87 377.5 377.5 377.5 383.15 388.8 394.45 400.1 405.75 411.4 411.4 411.4 414.57 417.73 420.9 424.07 427.23 430.4 430.4 430.4 430.4 430.4 430.4 430.4 430.4 430.4 430.4 430.4 430.4 430.4 430.4 430.4 430.4 430.4 430.4 430.4 430.4 430.4 430.4 430.4 430.4 430.4 430.4 430.4 430.4 430.4 430.4 430.4 430.4 430.4 430.4 430.4 430.4 430.4 430.4 430.4 430.4 430.4 430.4 430.4 430.4 430.4 430.4 430.4 430.4 430.4 430.4 430.4 430.4 430.4 430.4 430.4 430.4 430.4 430.4 430.4 430.4 430.4 430.4 430.4 430.4 430.4 430.4 430.4 427.13 423.87 420.6 417.33 414.07 410.8 410.8 410.8 405.0 399.2 393.4 387.6 381.8 376.0 376.0 376.0 370.18 364.37 358.55 352.73 346.92 341.1 341.1 341.1 335.3 329.5 323.7 317.9 312.1 306.3 306.3 306.3 300.48 294.67 288.85 283.03 277.22 271.4 271.4 271.4 265.6 259.8 254.0 248.2 242.4 236.6 236.6 236.6 230.8 225.0 219.2 213.4 207.6 201.8 201.8 201.8 196.0 190.2 184.4 178.6 172.8 167.0 167.0 167.0 161.18 155.37 149.55 143.73 137.92 132.1 132.1 132.1 126.3 120.5 114.7 108.9 103.1 97.3 97.3 97.3 91.48 85.67 79.85 74.03 68.22 62.4 62.4 62.4 56.6 50.8 45.0 39.2 33.4 27.6 27.6 27.6 24.33 21.07 17.8 14.53 11.27 8.0 8.0 8.0 8.0 8.0 8.0 8.0 8.0 8.0 8.0 8.0 8.0 8.0 8.0 8.0 8.0 8.0 8.0 8.0 8.0 8.0 8.0 8.0 8.0 8.0 8.0 8.0 8.0 8.0 8.0 8.0 8.0 8.0 8.0 8.0 8.0 8.0 8.0 8.0 8.0 8.0 8.0 8.0 8.0 8.0 8.0 8.0 8.0 8.0 8.0 8.0 8.0 8.0 8.0 8.0 8.0 8.0 8.0 8.0 8.0 8.0 8.0 8.0 8.0 8.0 8.0 8.0 8.93 9.87 10.8 11.73 12.67 13.6 13.6 13.6 15.2 16.8 18.4 20.0 21.6 23.2 23.2 23.2 24.85 26.5 28.15 29.8 31.45 33.1 33.1 33.1 34.72 36.33 37.95 39.57 41.18 42.8 42.8 42.8 44.42 46.03 47.65 49.27 50.88 52.5 52.5 52.5 54.15 55.8 57.45 59.1 60.75 62.4 62.4 62.4 64.0 65.6 67.2 68.8 70.4 72.0 72.0 72.0 73.65 75.3 76.95 78.6 80.25 81.9 81.9 81.9 83.52 85.13 86.75 88.37 89.98 91.6 91.6 91.6 93.22 94.83 96.45
754.83 772.75 790.66 790.66 790.66 808.49 826.32 844.14 861.97 879.8 897.63 897.63 897.63 915.5 933.37 951.24 969.11 986.98 1004.86 1004.86 1004.86 1022.73 1040.6 1058.47 1076.34 1094.22 1112.09 1112.09 1112.09 1129.96 1147.83 1165.7 1183.57 1201.45 1219.32 1219.32 1219.32 1237.19 1255.06 1272.93 1290.81 1308.68 1326.55 1326.55 1326.55 1336.58 1346.62 1356.65 1366.68 1376.72 1386.75 1386.75 1386.75 1386.75 1386.75 1386.75 1386.75 1386.75 1386.75 1386.75 1386.75 1386.75 1386.75 1386.75 1386.75 1386.75 1386.75 1386.75 1386.75 1386.75 1386.75 1386.75 1386.75 1386.75 1386.75 1386.75 1386.75 1386.75 1386.75 1386.75 1386.75 1386.75 1386.75 1386.75 1386.75 1386.75 1386.75 1386.75 1386.75 1386.75 1386.75 1386.75 1386.75 1386.75 1386.75 1386.75 1386.75 1386.75 1386.75 1386.75 1386.75 1386.75 1386.75 1386.75 1386.75 1386.75 1386.75 1386.75 1386.75 1386.75 1386.75 1386.75 1386.75 1386.75 1386.75 1386.75 1386.75 1381.35 1375.96 1370.56 1365.16 1359.76 1354.37 1354.37 1354.37 1344.78 1335.19 1325.61 1316.02 1306.44 1296.85 1296.85 1296.85 1287.25 1277.64 1268.03 1258.42 1248.81 1239.21 1239.21 1239.21 1229.64 1220.08 1210.52 1200.95 1191.39 1181.83 1181.83 1181.83 1172.22 1162.61 1153.0 1143.4 1133.79 1124.18 1124.18 1124.18 1114.62 1105.06 1095.49 1085.93 1076.37 1066.8 1066.8 1066.8 1057.17 1047.54 1037.91 1028.28 1018.65 1009.02 1009.02 1009.02 999.46 989.9 980.33 970.77 961.21 951.64 951.64 951.64 942.04 932.43 922.82 913.21 903.6 894.0 894.0 894.0 884.43 874.87 865.31 855.74 846.18 836.62 836.62 836.62 827.01 817.4 807.8 798.19 788.58 778.97 778.97 778.97 769.39 759.8 750.22 740.63 731.04 721.46 721.46 721.46 716.06 710.66 705.27 699.87 694.47 689.07 689.07 689.07 689.07 689.07 689.07 689.07 689.07 689.07 689.07 689.07 689.07 689.07 689.07 689.07 689.07 689.07 689.07 689.07 689.07 689.07 689.07 689.07 689.07 689.07 689.07 689.07 689.07 689.07 689.07 689.07 689.07 689.07 689.07 689.07 689.07 689.07 689.07 689.07 689.07 689.07 689.07 689.07 689.07 689.07 689.07 689.07 689.07 689.07 689.07 689.07 689.07 689.07 689.07 689.07 689.07 689.07 689.07 689.07 689.07 689.07 689.07 689.07 689.07 689.07 689.07 689.07 686.79 684.51 682.22 679.94 677.65 675.37 675.37 675.37 671.36 667.35 663.34 659.33 655.32 651.32 651.32 651.32 647.26 643.21 639.15 635.1 631.05 626.99 626.99 626.99 622.98 618.98 614.97 610.96 606.95 602.94 602.94 602.94 598.86 594.79 590.71 586.64 582.56 578.48 578.48 578.48 574.5 570.51 566.53 562.54 558.55 554.57 554.57 554.57 550.49 546.41 542.34 538.26 534.19 530.11 530.11 530.11 526.12 522.14 518.15 514.16 510.18 506.19 506.19 506.19 502.11 498.04 493.96 489.89 485.81 481.73 481.73 481.73 477.73 473.72 469.71
4076597044.0
1653463483.0
0.00479
0.00479
agregarAgente --DemandaFija
130.13 110.92 91.7 91.7 91.7 99.63 107.55 115.48 123.4 131.33 139.25 139.25 139.25 144.79 150.33 155.88 161.42 166.96 172.5 172.5 172.5 145.92 119.33 92.75 66.17 39.58 13.0 13.0 13.0 41.22 69.43 97.65 125.87 154.08 182.3 182.3 182.3 196.22 210.13 224.05 237.97 251.88 265.8 265.8 265.8 274.49 283.18 291.88 300.57 309.26 317.95 317.95 317.95 335.04 352.13 369.23 386.32 403.41 420.5 420.5 420.5 428.78 437.05 445.33 453.6 461.88 470.15 470.15 470.15 438.66 407.17 375.68 344.18 312.69 281.2 281.2 281.2 300.89 320.58 340.28 359.97 379.66 399.35 399.35 399.35 400.49 401.63 402.78 403.92 405.06 406.2 406.2 406.2 374.32 342.43 310.55 278.67 246.78 214.9 214.9 214.9 227.5 240.1 252.7 265.3 277.9 290.5 290.5 290.5 279.14 267.78 256.43 245.07 233.71 222.35 222.35 222.35 202.38 182.42 162.45 142.48 122.52 102.55 102.55 102.55 107.01 111.47 115.93 120.38 124.84 129.3 129.3 129.3 131.86 134.42 136.98 139.53 142.09 144.65 144.65 144.65 121.58 98.52 75.45 52.38 29.32 6.25 6.25 6.25 8.88 11.5 14.13 16.75 19.38 22.0 22.0 22.0 31.9 41.8 51.7 61.6 71.5 81.4 81.4 81.4 69.52 57.63 45.75 33.87 21.98 10.1 10.1 10.1 56.4 102.7 149.0 195.3 241.6 287.9 287.9 287.9 273.93 259.97 246.0 232.03 218.07 204.1 204.1 204.1 195.14 186.18 177.23 168.27 159.31 150.35 150.35 150.35 199.22 248.08 296.95 345.82 394.68 443.55 443.55 443.55 452.86 462.17 471.48 480.78 490.09 499.4 499.4 499.4 472.88 446.37 419.85 393.33 366.82 340.3 340.3 340.3 352.16 364.02 375.88 387.73 399.59 411.45 411.45 411.45 388.38 365.32 342.25 319.18 296.12 273.05 273.05 273.05 244.61 216.17 187.73 159.28 130.84 102.4 102.4 102.4 107.39 112.38 117.38 122.37 127.36 132.35 132.35 132.35 143.77 155.18 166.6 178.02 189.43 200.85 200.85 200.85 191.18 181.5 171.83 162.15 152.48 142.8 142.8 142.8 163.38 183.95 204.53 225.1 245.67 266.25 266.25 266.25 295.55 324.85 354.15 383.45 412.75 442.05 442.05 442.05 420.88 399.72 378.55 357.38 336.22 315.05 315.05 315.05 320.22 325.38 330.55 335.72 340.88 346.05 346.05 346.05 328.9 311.75 294.6 277.45 260.3 243.15 243.15 243.15 208.62 174.08 139.55 105.02 70.48 35.95 35.95 35.95 84.2 132.45 180.7 228.95 277.2 325.45 325.45 325.45 337.46 349.47 361.48 373.48 385.49 397.5 397.5 397.5 359.0 320.5 282.0 243.5 205.0 166.5 166.5 166.5 190.3 214.1 237.9 261.7 285.5 309.3 309.3 309.3 302.63 295.95 289.28 282.6 275.93 269.25 269.25 269.25 233.11 196.97 160.83
crearDespacho --fija
3200.0
configurarSolver --Gurobi
resolver --noConstante ejecuciones/bancos/recombinados/v1/directo/simple/v1_simple_000032.csv
finalizar
