inicializar --t 360
agregarAgente --RioNegro
171.04 174.14 177.24 177.24 177.24 180.3 183.36 186.42 189.48 192.54 195.6 195.6 195.6 198.72 201.84 204.96 208.08 211.2 214.32 214.32 214.32 216.04 217.76 219.48 221.2 222.92 224.64 224.64 224.64 224.64 224.64 224.64 224.64 224.64 224.64 224.64 224.64 224.64 224.64 224.64 224.64 224.64 224.64 224.64 224.64 224.64 224.64 224.64 224.64 224.64 224.64 224.64 224.64 224.64 224.64 224.64 224.64 224.64 224.64 224.64 224.64 224.64 224.64 224.64 224.64 224.64 224.64 224.64 224.64 224.64 224.64 224.64 224.64 224.64 224.64 224.64 224.64 224.64 224.64 224.64 224.64 224.64 224.64 224.64 224.64 224.64 224.64 224.64 224.64 224.64 224.64 224.64 224.64 223.16 221.68 220.2 218.72 217.24 215.76 215.76 215.76 213.08 210.4 207.72 205.04 202.36 199.68 199.68 199.68 197.04 194.4 191.76 189.12 186.48 183.84 183.84 183.84 181.2 178.56 175.92 173.28 170.64 168.0 168.0 168.0 165.32 162.64 159.96 157.28 154.6 151.92 151.92 151.92 149.32 146.72 144.12 141.52 138.92 136.32 136.32 136.32 133.6 130.88 128.16 125.44 122.72 120.0 120.0 120.0 117.4 114.8 112.2 109.6 107.0 104.4 104.4 104.4 101.72 99.04 96.36 93.68 91.0 88.32 88.32 88.32 85.68 83.04 80.4 77.76 75.12 72.48 72.48 72.48 69.84 67.2 64.56 61.92 59.28 56.64 56.64 56.64 53.96 51.28 48.6 45.92 43.24 40.56 40.56 40.56 39.08 37.6 36.12 34.64 33.16 31.68 31.68 31.68 31.68 31.68 31.68 31.68 31.68 31.68 31.68 31.68 31.68 31.68 31.68 31.68 31.68 31.68 31.68 31.68 31.68 31.68 31.68 31.68 31.68 31.68 31.68 31.68 31.68 31.68 31.68 31.68 31.68 31.68 31.68 31.68 31.68 31.68 31.68 31.68 31.68 31.68 31.68 31.68 31.68 31.68 31.68 31.68 31.68 31.68 31.68 31.68 31.68 31.68 31.68 31.68 31.68 31.68 31.68 31.68 31.68 31.68 31.68 31.68 31.68 31.68 31.68 31.68 31.44 31.2 30.96 30.72 30.48 30.24 30.24 30.24 29.82 29.4 28.98 28.56 28.14 27.72 27.72 27.72 27.28 26.84 26.4 25.96 25.52 25.08 25.08 25.08 24.6 24.12 23.64 23.16 22.68 22.2 22.2 22.2 21.78 21.36 20.94 20.52 20.1 19.68 19.68 19.68 19.26 18.84 18.42 18.0 17.58 17.16 17.16 17.16 16.72 16.28 15.84 15.4 14.96 14.52 14.52 14.52 14.1 13.68 13.26 12.84 12.42 12.0 12.0 12.0 11.58 11.16 10.74 10.32 9.9 9.48 9.48 9.48 9.0 8.52 8.04 7.56 7.08 6.6 6.6 6.6 6.16 5.72 5.28 4.84 4.4 3.96 3.96 3.96 3.54 3.12 2.7 2.28 1.86 1.44 1.44 1.44 1.2 0.96 0.72
13.33 13.57 13.81 13.81 13.81 14.05 14.29 14.53 14.77 15.01 15.25 15.25 15.25 15.49 15.73 15.97 16.21 16.45 16.69 16.69 16.69 16.82 16.96 17.09 17.23 17.36 17.5 17.5 17.5 17.5 17.5 17.5 17.5 17.5 17.5 17.5 17.5 17.5 17.5 17.5 17.5 17.5 17.5 17.5 17.5 17.5 17.5 17.5 17.5 17.5 17.5 17.5 17.5 17.5 17.5 17.5 17.5 17.5 17.5 17.5 17.5 17.5 17.5 17.5 17.5 17.5 17.5 17.5 17.5 17.5 17.5 17.5 17.5 17.5 17.5 17.5 17.5 17.5 17.5 17.5 17.5 17.5 17.5 17.5 17.5 17.5 17.5 17.5 17.5 17.5 17.5 17.5 17.5 17.36 17.23 17.09 16.96 16.82 16.69 16.69 16.69 16.45 16.21 15.97 15.73 15.49 15.25 15.25 15.25 15.01 14.77 14.53 14.29 14.05 13.81 13.81 13.81 13.57 13.33 13.09 12.85 12.61 12.38 12.38 12.38 12.14 11.9 11.66 11.42 11.18 10.94 10.94 10.94 10.69 10.44 10.19 9.94 9.69 9.44 9.44 9.44 9.21 8.98 8.75 8.52 8.29 8.06 8.06 8.06 7.81 7.56 7.31 7.06 6.81 6.56 6.56 6.56 6.32 6.08 5.84 5.6 5.36 5.13 5.13 5.13 4.89 4.65 4.41 4.17 3.93 3.69 3.69 3.69 3.45 3.21 2.97 2.73 2.49 2.25 2.25 2.25 2.01 1.77 1.53 1.29 1.05 0.81 0.81 0.81 0.68 0.54 0.41 0.27 0.14 0 0 0 0 0 0 0 0 0 0 0 0 0 0 0 0 0 0 0 0 0 0 0 0 0 0 0 0 0 0 0 0 0 0 0 0 0 0 0 0 0 0 0 0 0 0 0 0 0 0 0 0 0 0 0 0 0 0 0 0 0 0 0 0 0 0 0 0.26 0.52 0.78 1.04 1.3 1.56 1.56 1.56 2.02 2.48 2.94 3.4 3.85 4.31 4.31 4.31 4.78 5.25 5.72 6.19 6.66 7.13 7.13 7.13 7.57 8.02 8.47 8.92 9.36 9.81 9.81 9.81 10.28 10.75 11.22 11.69 12.16 12.63 12.63 12.63 13.07 13.52 13.97 14.42 14.86 15.31 15.31 15.31 15.79 16.27 16.75 17.23 17.71 18.19 18.19 18.19 18.64 19.08 19.53 19.98 20.43 20.88 20.88 20.88 21.34 21.81 22.28 22.75 23.22 23.69 23.69 23.69 24.14 24.58 25.03 25.48 25.93 26.38 26.38 26.38 26.84 27.31 27.78 28.25 28.72 29.19 29.19 29.19 29.65 30.1 30.56 31.02 31.48 31.94 31.94 31.94 32.2 32.46 32.72
30.01 29.32 28.62 28.62 28.62 27.97 27.32 26.67 26.02 25.37 24.72 24.72 24.72 24.01 23.29 22.58 21.86 21.14 20.43 20.43 20.43 20.07 19.71 19.35 18.99 18.63 18.28 18.28 18.28 18.28 18.28 18.28 18.28 18.28 18.28 18.28 18.28 18.28 18.28 18.28 18.28 18.28 18.28 18.28 18.28 18.28 18.28 18.28 18.28 18.28 18.28 18.28 18.28 18.28 18.28 18.28 18.28 18.28 18.28 18.28 18.28 18.28 18.28 18.28 18.28 18.28 18.28 18.28 18.28 18.28 18.28 18.28 18.28 18.28 18.28 18.28 18.28 18.28 18.28 18.28 18.28 18.28 18.28 18.28 18.28 18.28 18.28 18.28 18.28 18.28 18.28 18.28 18.28 18.63 18.99 19.35 19.71 20.07 20.43 20.43 20.43 21.1 21.77 22.44 23.11 23.78 24.46 24.46 24.46 25.13 25.8 26.47 27.14 27.82 28.49 28.49 28.49 29.16 29.83 30.5 31.17 31.85 32.52 32.52 32.52 33.19 33.86 34.53 35.21 35.88 36.55 36.55 36.55 37.18 37.8 38.43 39.06 39.69 40.31 40.31 40.31 41.03 41.75 42.46 43.18 43.9 44.61 44.61 44.61 45.24 45.87 46.49 47.12 47.75 48.38 48.38 48.38 49.05 49.72 50.39 51.06 51.73 52.41 52.41 52.41 53.08 53.75 54.42 55.09 55.77 56.44 56.44 56.44 57.11 57.78 58.45 59.13 59.8 60.47 60.47 60.47 61.14 61.81 62.48 63.16 63.83 64.5 64.5 64.5 64.86 65.22 65.57 65.93 66.29 66.65 66.65 66.65 66.65 66.65 66.65 66.65 66.65 66.65 66.65 66.65 66.65 66.65 66.65 66.65 66.65 66.65 66.65 66.65 66.65 66.65 66.65 66.65 66.65 66.65 66.65 66.65 66.65 66.65 66.65 66.65 66.65 66.65 66.65 66.65 66.65 66.65 66.65 66.65 66.65 66.65 66.65 66.65 66.65 66.65 66.65 66.65 66.65 66.65 66.65 66.65 66.65 66.65 66.65 66.65 66.65 66.65 66.65 66.65 66.65 66.65 66.65 66.65 66.65 66.65 66.65 66.65 66.13 65.62 65.1 64.59 64.07 63.56 63.56 63.56 62.64 61.72 60.8 59.89 58.97 58.05 58.05 58.05 57.13 56.21 55.3 54.38 53.46 52.54 52.54 52.54 51.62 50.7 49.79 48.87 47.95 47.03 47.03 47.03 46.11 45.19 44.28 43.36 42.44 41.52 41.52 41.52 40.63 39.73 38.83 37.94 37.04 36.15 36.15 36.15 35.21 34.27 33.33 32.38 31.44 30.5 30.5 30.5 29.61 28.71 27.82 26.92 26.02 25.13 25.13 25.13 24.21 23.29 22.37 21.46 20.54 19.62 19.62 19.62 18.7 17.78 16.86 15.95 15.03 14.11 14.11 14.11 13.19 12.27 11.35 10.44 9.52 8.6 8.6 8.6 7.68 6.76 5.85 4.93 4.01 3.09 3.09 3.09 2.58 2.06 1.55
7180526628.0
1046030311.0
0.00326
0.00633
agregarAgente --DemandaFija
236.07 207.61 179.15 179.15 179.15 182.49 185.83 189.18 192.52 195.86 199.2 199.2 199.2 232.45 265.7 298.95 332.2 365.45 398.7 398.7 398.7 366.23 333.77 301.3 268.83 236.37 203.9 203.9 203.9 214.06 224.22 234.38 244.53 254.69 264.85 264.85 264.85 274.57 284.28 294.0 303.72 313.43 323.15 323.15 323.15 297.89 272.63 247.38 222.12 196.86 171.6 171.6 171.6 195.39 219.18 242.98 266.77 290.56 314.35 314.35 314.35 324.78 335.22 345.65 356.08 366.52 376.95 376.95 376.95 329.34 281.73 234.13 186.52 138.91 91.3 91.3 91.3 134.89 178.48 222.08 265.67 309.26 352.85 352.85 352.85 356.45 360.05 363.65 367.25 370.85 374.45 374.45 374.45 344.26 314.07 283.88 253.68 223.49 193.3 193.3 193.3 229.96 266.62 303.28 339.93 376.59 413.25 413.25 413.25 395.85 378.45 361.05 343.65 326.25 308.85 308.85 308.85 307.28 305.72 304.15 302.58 301.02 299.45 299.45 299.45 280.79 262.13 243.48 224.82 206.16 187.5 187.5 187.5 189.71 191.92 194.13 196.33 198.54 200.75 200.75 200.75 175.91 151.07 126.23 101.38 76.54 51.7 51.7 51.7 71.77 91.85 111.93 132.0 152.08 172.15 172.15 172.15 170.83 169.52 168.2 166.88 165.57 164.25 164.25 164.25 153.07 141.88 130.7 119.52 108.33 97.15 97.15 97.15 118.6 140.05 161.5 182.95 204.4 225.85 225.85 225.85 216.55 207.25 197.95 188.65 179.35 170.05 170.05 170.05 145.43 120.82 96.2 71.58 46.97 22.35 22.35 22.35 33.99 45.63 57.28 68.92 80.56 92.2 92.2 92.2 126.13 160.07 194.0 227.93 261.87 295.8 295.8 295.8 276.92 258.03 239.15 220.27 201.38 182.5 182.5 182.5 217.91 253.32 288.73 324.13 359.54 394.95 394.95 394.95 375.78 356.62 337.45 318.28 299.12 279.95 279.95 279.95 242.28 204.62 166.95 129.28 91.62 53.95 53.95 53.95 71.18 88.4 105.63 122.85 140.08 157.3 157.3 157.3 159.03 160.75 162.48 164.2 165.92 167.65 167.65 167.65 153.05 138.45 123.85 109.25 94.65 80.05 80.05 80.05 102.83 125.6 148.38 171.15 193.92 216.7 216.7 216.7 213.89 211.08 208.28 205.47 202.66 199.85 199.85 199.85 198.74 197.63 196.53 195.42 194.31 193.2 193.2 193.2 222.15 251.1 280.05 309.0 337.95 366.9 366.9 366.9 350.69 334.48 318.28 302.07 285.86 269.65 269.65 269.65 262.79 255.93 249.08 242.22 235.36 228.5 228.5 228.5 233.64 238.78 243.93 249.07 254.21 259.35 259.35 259.35 252.73 246.12 239.5 232.88 226.27 219.65 219.65 219.65 201.83 184.0 166.18 148.35 130.53 112.7 112.7 112.7 136.63 160.55 184.48 208.4 232.33 256.25 256.25 256.25 261.66 267.07 272.48 277.88 283.29 288.7 288.7 288.7 275.29 261.88 248.48
crearDespacho --fija
1600.0
configurarSolver --Gurobi
resolver --noConstante ejecuciones/bancos/recombinados/v1/directo/simple/v1_simple_000172.csv
finalizar
