inicializar --t 360
agregarAgente --RioNegro
332.16 332.16 332.16 332.16 332.16 332.16 332.16 332.16 332.16 332.16 332.16 332.16 332.16 332.16 332.16 332.16 332.16 332.16 332.16 332.16 332.16 330.72 329.28 327.84 326.4 324.96 323.52 323.52 323.52 320.82 318.12 315.42 312.72 310.02 307.32 307.32 307.32 304.74 302.16 299.58 297.0 294.42 291.84 291.84 291.84 289.22 286.6 283.98 281.36 278.74 276.12 276.12 276.12 273.46 270.8 268.14 265.48 262.82 260.16 260.16 260.16 257.6 255.04 252.48 249.92 247.36 244.8 244.8 244.8 242.08 239.36 236.64 233.92 231.2 228.48 228.48 228.48 225.92 223.36 220.8 218.24 215.68 213.12 213.12 213.12 210.46 207.8 205.14 202.48 199.82 197.16 197.16 197.16 194.54 191.92 189.3 186.68 184.06 181.44 181.44 181.44 178.86 176.28 173.7 171.12 168.54 165.96 165.96 165.96 163.26 160.56 157.86 155.16 152.46 149.76 149.76 149.76 148.32 146.88 145.44 144.0 142.56 141.12 141.12 141.12 141.12 141.12 141.12 141.12 141.12 141.12 141.12 141.12 141.12 141.12 141.12 141.12 141.12 141.12 141.12 141.12 141.12 141.12 141.12 141.12 141.12 141.12 141.12 141.12 141.12 141.12 141.12 141.12 141.12 141.12 141.12 141.12 141.12 141.12 141.12 141.12 141.12 141.12 141.12 141.12 141.12 141.12 141.12 141.12 141.12 141.12 141.12 141.12 141.12 141.12 141.12 141.12 141.12 141.12 141.12 141.12 141.12 141.12 141.12 141.12 141.12 141.12 141.12 141.12 146.0 150.88 155.76 160.64 165.52 170.4 170.4 170.4 179.04 187.68 196.32 204.96 213.6 222.24 222.24 222.24 230.9 239.56 248.22 256.88 265.54 274.2 274.2 274.2 282.86 291.52 300.18 308.84 317.5 326.16 326.16 326.16 334.82 343.48 352.14 360.8 369.46 378.12 378.12 378.12 386.78 395.44 404.1 412.76 421.42 430.08 430.08 430.08 438.72 447.36 456.0 464.64 473.28 481.92 481.92 481.92 490.58 499.24 507.9 516.56 525.22 533.88 533.88 533.88 542.54 551.2 559.86 568.52 577.18 585.84 585.84 585.84 594.5 603.16 611.82 620.48 629.14 637.8 637.8 637.8 646.46 655.12 663.78 672.44 681.1 689.76 689.76 689.76 698.4 707.04 715.68 724.32 732.96 741.6 741.6 741.6 746.48 751.36 756.24 761.12 766.0 770.88 770.88 770.88 770.88 770.88 770.88 770.88 770.88 770.88 770.88 770.88 770.88 770.88 770.88 770.88 770.88 770.88 770.88 770.88 770.88 770.88 770.88 770.88 770.88 770.88 770.88 770.88 770.88 770.88 770.88 770.88 770.88 770.88 770.88 770.88 770.88 770.88 770.88 770.88 770.88 770.88 770.88 770.88 770.88 770.88 770.88 770.88 770.88 770.88 770.88 770.88 770.88 770.88 770.88 770.88 770.88 770.88 770.88 770.88 770.88 770.88 770.88 770.88 770.88 770.88 770.88 770.88 773.84 776.8 779.76
0.8 0.8 0.8 0.8 0.8 0.8 0.8 0.8 0.8 0.8 0.8 0.8 0.8 0.8 0.8 0.8 0.8 0.8 0.8 0.8 0.8 0.8 0.8 0.8 0.8 0.8 0.8 0.8 0.8 0.8 0.8 0.8 0.8 0.8 0.8 0.8 0.8 0.8 0.8 0.8 0.8 0.8 0.8 0.8 0.8 0.8 0.8 0.8 0.8 0.8 0.8 0.8 0.8 0.8 0.8 0.8 0.8 0.8 0.8 0.8 0.8 0.8 0.8 0.8 0.8 0.8 0.8 0.8 0.8 0.67 0.53 0.4 0.27 0.13 0 0 0 0 0 0 0 0 0 0 0 0 0 0 0 0 0 0 0 0 0 0 0 0 0 0 0 0 0 0 0 0 0 0 0 0 0 0 0 0 0 0 0 0 0 0 0 0 0 0 0 0 0 0 0 0 0 0 0 0 0 0 0 0 0 0 0 0 0 0 0 0 0 0 0 0 0 0 0 0 0 0 0 0 0 0 0 0 0 0 0 0 0 0 0 0 0 0 0 0 0 0 0 0 0 0 0 0 0 0 0 0 0 0 0 0.47 0.93 1.4 1.87 2.33 2.8 2.8 2.8 3.65 4.5 5.35 6.2 7.05 7.9 7.9 7.9 8.72 9.53 10.35 11.17 11.98 12.8 12.8 12.8 13.65 14.5 15.35 16.2 17.05 17.9 17.9 17.9 18.73 19.57 20.4 21.23 22.07 22.9 22.9 22.9 23.73 24.57 25.4 26.23 27.07 27.9 27.9 27.9 28.73 29.57 30.4 31.23 32.07 32.9 32.9 32.9 33.73 34.57 35.4 36.23 37.07 37.9 37.9 37.9 38.73 39.57 40.4 41.23 42.07 42.9 42.9 42.9 43.75 44.6 45.45 46.3 47.15 48.0 48.0 48.0 48.82 49.63 50.45 51.27 52.08 52.9 52.9 52.9 53.75 54.6 55.45 56.3 57.15 58.0 58.0 58.0 58.47 58.93 59.4 59.87 60.33 60.8 60.8 60.8 60.8 60.8 60.8 60.8 60.8 60.8 60.8 60.8 60.8 60.8 60.8 60.8 60.8 60.8 60.8 60.8 60.8 60.8 60.8 60.8 60.8 60.8 60.8 60.8 60.8 60.8 60.8 60.8 60.8 60.8 60.8 60.8 60.8 60.8 60.8 60.8 60.8 60.8 60.8 60.8 60.8 60.8 60.8 60.8 60.8 60.8 60.8 60.8 60.8 60.8 60.8 60.8 60.8 60.8 60.8 60.8 60.8 60.8 60.8 60.8 60.8 60.8 60.8 60.8 61.77 62.73 63.7
401.1 401.1 401.1 401.1 401.1 401.1 401.1 401.1 401.1 401.1 401.1 401.1 401.1 401.1 401.1 401.1 401.1 401.1 401.1 401.1 401.1 398.45 395.79 393.14 390.48 387.83 385.17 385.17 385.17 380.42 375.67 370.91 366.16 361.4 356.65 356.65 356.65 351.93 347.2 342.47 337.75 333.02 328.3 328.3 328.3 323.58 318.85 314.13 309.4 304.68 299.95 299.95 299.95 295.2 290.44 285.69 280.93 276.18 271.42 271.42 271.42 266.73 262.03 257.34 252.64 247.95 243.25 243.25 243.25 238.47 233.68 228.9 224.12 219.33 214.55 214.55 214.55 209.85 205.16 200.46 195.77 191.07 186.38 186.38 186.38 181.62 176.87 172.11 167.36 162.6 157.85 157.85 157.85 153.13 148.4 143.68 138.95 134.23 129.5 129.5 129.5 124.77 120.05 115.32 110.6 105.88 101.15 101.15 101.15 96.4 91.64 86.89 82.13 77.38 72.63 72.63 72.63 69.97 67.32 64.66 62.01 59.35 56.7 56.7 56.7 56.7 56.7 56.7 56.7 56.7 56.7 56.7 56.7 56.7 56.7 56.7 56.7 56.7 56.7 56.7 56.7 56.7 56.7 56.7 56.7 56.7 56.7 56.7 56.7 56.7 56.7 56.7 56.7 56.7 56.7 56.7 56.7 56.7 56.7 56.7 56.7 56.7 56.7 56.7 56.7 56.7 56.7 56.7 56.7 56.7 56.7 56.7 56.7 56.7 56.7 56.7 56.7 56.7 56.7 56.7 56.7 56.7 56.7 56.7 56.7 56.7 56.7 56.7 56.7 56.6 56.5 56.39 56.29 56.19 56.09 56.09 56.09 55.9 55.71 55.52 55.33 55.14 54.95 54.95 54.95 54.76 54.57 54.38 54.19 54.0 53.81 53.81 53.81 53.65 53.49 53.33 53.17 53.01 52.85 52.85 52.85 52.66 52.47 52.28 52.09 51.9 51.71 51.71 51.71 51.54 51.36 51.19 51.01 50.84 50.66 50.66 50.66 50.46 50.25 50.05 49.85 49.64 49.44 49.44 49.44 49.26 49.09 48.91 48.74 48.56 48.39 48.39 48.39 48.2 48.01 47.82 47.63 47.44 47.25 47.25 47.25 47.09 46.93 46.77 46.61 46.45 46.29 46.29 46.29 46.1 45.91 45.72 45.53 45.34 45.15 45.15 45.15 44.96 44.77 44.58 44.39 44.2 44.01 44.01 44.01 43.91 43.81 43.71 43.6 43.5 43.4 43.4 43.4 43.4 43.4 43.4 43.4 43.4 43.4 43.4 43.4 43.4 43.4 43.4 43.4 43.4 43.4 43.4 43.4 43.4 43.4 43.4 43.4 43.4 43.4 43.4 43.4 43.4 43.4 43.4 43.4 43.4 43.4 43.4 43.4 43.4 43.4 43.4 43.4 43.4 43.4 43.4 43.4 43.4 43.4 43.4 43.4 43.4 43.4 43.4 43.4 43.4 43.4 43.4 43.4 43.4 43.4 43.4 43.4 43.4 43.4 43.4 43.4 43.4 43.4 43.4 43.4 48.55 53.7 58.84
4452102909.0
1690426309.0
0.00479
0.00479
agregarAgente --DemandaFija
130.13 110.92 91.7 91.7 91.7 99.63 107.55 115.48 123.4 131.33 139.25 139.25 139.25 144.79 150.33 155.88 161.42 166.96 172.5 172.5 172.5 145.92 119.33 92.75 66.17 39.58 13.0 13.0 13.0 41.22 69.43 97.65 125.87 154.08 182.3 182.3 182.3 196.22 210.13 224.05 237.97 251.88 265.8 265.8 265.8 274.49 283.18 291.88 300.57 309.26 317.95 317.95 317.95 335.04 352.13 369.23 386.32 403.41 420.5 420.5 420.5 428.78 437.05 445.33 453.6 461.88 470.15 470.15 470.15 438.66 407.17 375.68 344.18 312.69 281.2 281.2 281.2 300.89 320.58 340.28 359.97 379.66 399.35 399.35 399.35 400.49 401.63 402.78 403.92 405.06 406.2 406.2 406.2 374.32 342.43 310.55 278.67 246.78 214.9 214.9 214.9 227.5 240.1 252.7 265.3 277.9 290.5 290.5 290.5 279.14 267.78 256.43 245.07 233.71 222.35 222.35 222.35 202.38 182.42 162.45 142.48 122.52 102.55 102.55 102.55 107.01 111.47 115.93 120.38 124.84 129.3 129.3 129.3 131.86 134.42 136.98 139.53 142.09 144.65 144.65 144.65 121.58 98.52 75.45 52.38 29.32 6.25 6.25 6.25 8.88 11.5 14.13 16.75 19.38 22.0 22.0 22.0 31.9 41.8 51.7 61.6 71.5 81.4 81.4 81.4 69.52 57.63 45.75 33.87 21.98 10.1 10.1 10.1 56.4 102.7 149.0 195.3 241.6 287.9 287.9 287.9 273.93 259.97 246.0 232.03 218.07 204.1 204.1 204.1 195.14 186.18 177.23 168.27 159.31 150.35 150.35 150.35 199.22 248.08 296.95 345.82 394.68 443.55 443.55 443.55 452.86 462.17 471.48 480.78 490.09 499.4 499.4 499.4 472.88 446.37 419.85 393.33 366.82 340.3 340.3 340.3 352.16 364.02 375.88 387.73 399.59 411.45 411.45 411.45 388.38 365.32 342.25 319.18 296.12 273.05 273.05 273.05 244.61 216.17 187.73 159.28 130.84 102.4 102.4 102.4 107.39 112.38 117.38 122.37 127.36 132.35 132.35 132.35 143.77 155.18 166.6 178.02 189.43 200.85 200.85 200.85 191.18 181.5 171.83 162.15 152.48 142.8 142.8 142.8 163.38 183.95 204.53 225.1 245.67 266.25 266.25 266.25 295.55 324.85 354.15 383.45 412.75 442.05 442.05 442.05 420.88 399.72 378.55 357.38 336.22 315.05 315.05 315.05 320.22 325.38 330.55 335.72 340.88 346.05 346.05 346.05 328.9 311.75 294.6 277.45 260.3 243.15 243.15 243.15 208.62 174.08 139.55 105.02 70.48 35.95 35.95 35.95 84.2 132.45 180.7 228.95 277.2 325.45 325.45 325.45 337.46 349.47 361.48 373.48 385.49 397.5 397.5 397.5 359.0 320.5 282.0 243.5 205.0 166.5 166.5 166.5 190.3 214.1 237.9 261.7 285.5 309.3 309.3 309.3 302.63 295.95 289.28 282.6 275.93 269.25 269.25 269.25 233.11 196.97 160.83
crearDespacho --fija
1600.0
configurarSolver --Gurobi
resolver --noConstante ejecuciones/bancos/recombinados/v1/directo/simple/v1_simple_000499.csv
finalizar
