inicializar --t 360
agregarAgente --RioNegro
171.04 174.14 177.24 177.24 177.24 180.3 183.36 186.42 189.48 192.54 195.6 195.6 195.6 198.72 201.84 204.96 208.08 211.2 214.32 214.32 214.32 216.04 217.76 219.48 221.2 222.92 224.64 224.64 224.64 224.64 224.64 224.64 224.64 224.64 224.64 224.64 224.64 224.64 224.64 224.64 224.64 224.64 224.64 224.64 224.64 224.64 224.64 224.64 224.64 224.64 224.64 224.64 224.64 224.64 224.64 224.64 224.64 224.64 224.64 224.64 224.64 224.64 224.64 224.64 224.64 224.64 224.64 224.64 224.64 224.64 224.64 224.64 224.64 224.64 224.64 224.64 224.64 224.64 224.64 224.64 224.64 224.64 224.64 224.64 224.64 224.64 224.64 224.64 224.64 224.64 224.64 224.64 224.64 223.16 221.68 220.2 218.72 217.24 215.76 215.76 215.76 213.08 210.4 207.72 205.04 202.36 199.68 199.68 199.68 197.04 194.4 191.76 189.12 186.48 183.84 183.84 183.84 181.2 178.56 175.92 173.28 170.64 168.0 168.0 168.0 165.32 162.64 159.96 157.28 154.6 151.92 151.92 151.92 149.32 146.72 144.12 141.52 138.92 136.32 136.32 136.32 133.6 130.88 128.16 125.44 122.72 120.0 120.0 120.0 117.4 114.8 112.2 109.6 107.0 104.4 104.4 104.4 101.72 99.04 96.36 93.68 91.0 88.32 88.32 88.32 85.68 83.04 80.4 77.76 75.12 72.48 72.48 72.48 69.84 67.2 64.56 61.92 59.28 56.64 56.64 56.64 53.96 51.28 48.6 45.92 43.24 40.56 40.56 40.56 39.08 37.6 36.12 34.64 33.16 31.68 31.68 31.68 31.68 31.68 31.68 31.68 31.68 31.68 31.68 31.68 31.68 31.68 31.68 31.68 31.68 31.68 31.68 31.68 31.68 31.68 31.68 31.68 31.68 31.68 31.68 31.68 31.68 31.68 31.68 31.68 31.68 31.68 31.68 31.68 31.68 31.68 31.68 31.68 31.68 31.68 31.68 31.68 31.68 31.68 31.68 31.68 31.68 31.68 31.68 31.68 31.68 31.68 31.68 31.68 31.68 31.68 31.68 31.68 31.68 31.68 31.68 31.68 31.68 31.68 31.68 31.68 31.44 31.2 30.96 30.72 30.48 30.24 30.24 30.24 29.82 29.4 28.98 28.56 28.14 27.72 27.72 27.72 27.28 26.84 26.4 25.96 25.52 25.08 25.08 25.08 24.6 24.12 23.64 23.16 22.68 22.2 22.2 22.2 21.78 21.36 20.94 20.52 20.1 19.68 19.68 19.68 19.26 18.84 18.42 18.0 17.58 17.16 17.16 17.16 16.72 16.28 15.84 15.4 14.96 14.52 14.52 14.52 14.1 13.68 13.26 12.84 12.42 12.0 12.0 12.0 11.58 11.16 10.74 10.32 9.9 9.48 9.48 9.48 9.0 8.52 8.04 7.56 7.08 6.6 6.6 6.6 6.16 5.72 5.28 4.84 4.4 3.96 3.96 3.96 3.54 3.12 2.7 2.28 1.86 1.44 1.44 1.44 1.2 0.96 0.72
13.33 13.57 13.81 13.81 13.81 14.05 14.29 14.53 14.77 15.01 15.25 15.25 15.25 15.49 15.73 15.97 16.21 16.45 16.69 16.69 16.69 16.82 16.96 17.09 17.23 17.36 17.5 17.5 17.5 17.5 17.5 17.5 17.5 17.5 17.5 17.5 17.5 17.5 17.5 17.5 17.5 17.5 17.5 17.5 17.5 17.5 17.5 17.5 17.5 17.5 17.5 17.5 17.5 17.5 17.5 17.5 17.5 17.5 17.5 17.5 17.5 17.5 17.5 17.5 17.5 17.5 17.5 17.5 17.5 17.5 17.5 17.5 17.5 17.5 17.5 17.5 17.5 17.5 17.5 17.5 17.5 17.5 17.5 17.5 17.5 17.5 17.5 17.5 17.5 17.5 17.5 17.5 17.5 17.36 17.23 17.09 16.96 16.82 16.69 16.69 16.69 16.45 16.21 15.97 15.73 15.49 15.25 15.25 15.25 15.01 14.77 14.53 14.29 14.05 13.81 13.81 13.81 13.57 13.33 13.09 12.85 12.61 12.38 12.38 12.38 12.14 11.9 11.66 11.42 11.18 10.94 10.94 10.94 10.69 10.44 10.19 9.94 9.69 9.44 9.44 9.44 9.21 8.98 8.75 8.52 8.29 8.06 8.06 8.06 7.81 7.56 7.31 7.06 6.81 6.56 6.56 6.56 6.32 6.08 5.84 5.6 5.36 5.13 5.13 5.13 4.89 4.65 4.41 4.17 3.93 3.69 3.69 3.69 3.45 3.21 2.97 2.73 2.49 2.25 2.25 2.25 2.01 1.77 1.53 1.29 1.05 0.81 0.81 0.81 0.68 0.54 0.41 0.27 0.14 0 0 0 0 0 0 0 0 0 0 0 0 0 0 0 0 0 0 0 0 0 0 0 0 0 0 0 0 0 0 0 0 0 0 0 0 0 0 0 0 0 0 0 0 0 0 0 0 0 0 0 0 0 0 0 0 0 0 0 0 0 0 0 0 0 0 0 0.26 0.52 0.78 1.04 1.3 1.56 1.56 1.56 2.02 2.48 2.94 3.4 3.85 4.31 4.31 4.31 4.78 5.25 5.72 6.19 6.66 7.13 7.13 7.13 7.57 8.02 8.47 8.92 9.36 9.81 9.81 9.81 10.28 10.75 11.22 11.69 12.16 12.63 12.63 12.63 13.07 13.52 13.97 14.42 14.86 15.31 15.31 15.31 15.79 16.27 16.75 17.23 17.71 18.19 18.19 18.19 18.64 19.08 19.53 19.98 20.43 20.88 20.88 20.88 21.34 21.81 22.28 22.75 23.22 23.69 23.69 23.69 24.14 24.58 25.03 25.48 25.93 26.38 26.38 26.38 26.84 27.31 27.78 28.25 28.72 29.19 29.19 29.19 29.65 30.1 30.56 31.02 31.48 31.94 31.94 31.94 32.2 32.46 32.72
30.01 29.32 28.62 28.62 28.62 27.97 27.32 26.67 26.02 25.37 24.72 24.72 24.72 24.01 23.29 22.58 21.86 21.14 20.43 20.43 20.43 20.07 19.71 19.35 18.99 18.63 18.28 18.28 18.28 18.28 18.28 18.28 18.28 18.28 18.28 18.28 18.28 18.28 18.28 18.28 18.28 18.28 18.28 18.28 18.28 18.28 18.28 18.28 18.28 18.28 18.28 18.28 18.28 18.28 18.28 18.28 18.28 18.28 18.28 18.28 18.28 18.28 18.28 18.28 18.28 18.28 18.28 18.28 18.28 18.28 18.28 18.28 18.28 18.28 18.28 18.28 18.28 18.28 18.28 18.28 18.28 18.28 18.28 18.28 18.28 18.28 18.28 18.28 18.28 18.28 18.28 18.28 18.28 18.63 18.99 19.35 19.71 20.07 20.43 20.43 20.43 21.1 21.77 22.44 23.11 23.78 24.46 24.46 24.46 25.13 25.8 26.47 27.14 27.82 28.49 28.49 28.49 29.16 29.83 30.5 31.17 31.85 32.52 32.52 32.52 33.19 33.86 34.53 35.21 35.88 36.55 36.55 36.55 37.18 37.8 38.43 39.06 39.69 40.31 40.31 40.31 41.03 41.75 42.46 43.18 43.9 44.61 44.61 44.61 45.24 45.87 46.49 47.12 47.75 48.38 48.38 48.38 49.05 49.72 50.39 51.06 51.73 52.41 52.41 52.41 53.08 53.75 54.42 55.09 55.77 56.44 56.44 56.44 57.11 57.78 58.45 59.13 59.8 60.47 60.47 60.47 61.14 61.81 62.48 63.16 63.83 64.5 64.5 64.5 64.86 65.22 65.57 65.93 66.29 66.65 66.65 66.65 66.65 66.65 66.65 66.65 66.65 66.65 66.65 66.65 66.65 66.65 66.65 66.65 66.65 66.65 66.65 66.65 66.65 66.65 66.65 66.65 66.65 66.65 66.65 66.65 66.65 66.65 66.65 66.65 66.65 66.65 66.65 66.65 66.65 66.65 66.65 66.65 66.65 66.65 66.65 66.65 66.65 66.65 66.65 66.65 66.65 66.65 66.65 66.65 66.65 66.65 66.65 66.65 66.65 66.65 66.65 66.65 66.65 66.65 66.65 66.65 66.65 66.65 66.65 66.65 66.13 65.62 65.1 64.59 64.07 63.56 63.56 63.56 62.64 61.72 60.8 59.89 58.97 58.05 58.05 58.05 57.13 56.21 55.3 54.38 53.46 52.54 52.54 52.54 51.62 50.7 49.79 48.87 47.95 47.03 47.03 47.03 46.11 45.19 44.28 43.36 42.44 41.52 41.52 41.52 40.63 39.73 38.83 37.94 37.04 36.15 36.15 36.15 35.21 34.27 33.33 32.38 31.44 30.5 30.5 30.5 29.61 28.71 27.82 26.92 26.02 25.13 25.13 25.13 24.21 23.29 22.37 21.46 20.54 19.62 19.62 19.62 18.7 17.78 16.86 15.95 15.03 14.11 14.11 14.11 13.19 12.27 11.35 10.44 9.52 8.6 8.6 8.6 7.68 6.76 5.85 4.93 4.01 3.09 3.09 3.09 2.58 2.06 1.55
6897851102.0
891878013.0
0.00326
0.00633
agregarAgente --DemandaFija
371.2 319.16 267.13 267.13 267.13 347.29 427.45 507.61 587.78 667.94 748.1 748.1 748.1 729.45 710.8 692.15 673.5 654.85 636.2 636.2 636.2 609.14 582.08 555.01 527.95 500.89 473.83 473.83 473.83 538.29 602.75 667.21 731.68 796.14 860.6 860.6 860.6 857.01 853.43 849.84 846.25 842.66 839.08 839.08 839.08 785.94 732.8 679.66 626.53 573.39 520.25 520.25 520.25 549.99 579.73 609.46 639.2 668.94 698.68 698.68 698.68 655.44 612.2 568.96 525.73 482.49 439.25 439.25 439.25 437.35 435.45 433.55 431.65 429.75 427.85 427.85 427.85 461.74 495.63 529.51 563.4 597.29 631.18 631.18 631.18 592.41 553.65 514.89 476.13 437.36 398.6 398.6 398.6 355.05 311.5 267.95 224.4 180.85 137.3 137.3 137.3 182.39 227.48 272.56 317.65 362.74 407.83 407.83 407.83 405.43 403.03 400.63 398.23 395.83 393.43 393.43 393.43 364.6 335.78 306.95 278.13 249.3 220.48 220.48 220.48 313.13 405.78 498.42 591.08 683.73 776.38 776.38 776.38 763.49 750.6 737.71 724.83 711.94 699.05 699.05 699.05 651.39 603.73 556.06 508.4 460.74 413.08 413.08 413.08 485.13 557.18 629.22 701.28 773.33 845.38 845.38 845.38 806.75 768.13 729.5 690.88 652.25 613.63 613.63 613.63 569.89 526.15 482.41 438.68 394.94 351.2 351.2 351.2 438.85 526.5 614.15 701.8 789.45 877.1 877.1 877.1 846.0 814.9 783.8 752.7 721.6 690.5 690.5 690.5 626.11 561.73 497.34 432.95 368.56 304.18 304.18 304.18 385.96 467.75 549.54 631.33 713.11 794.9 794.9 794.9 768.6 742.3 716.0 689.7 663.4 637.1 637.1 637.1 583.0 528.9 474.8 420.7 366.6 312.5 312.5 312.5 342.03 371.55 401.08 430.6 460.13 489.65 489.65 489.65 538.28 586.9 635.53 684.15 732.78 781.4 781.4 781.4 723.74 666.08 608.41 550.75 493.09 435.42 435.42 435.42 470.21 505.0 539.79 574.58 609.36 644.15 644.15 644.15 631.89 619.63 607.36 595.1 582.84 570.58 570.58 570.58 524.15 477.73 431.3 384.88 338.45 292.03 292.03 292.03 278.71 265.4 252.09 238.78 225.46 212.15 212.15 212.15 202.51 192.88 183.24 173.6 163.96 154.33 154.33 154.33 155.66 157.0 158.34 159.68 161.01 162.35 162.35 162.35 200.34 238.33 276.31 314.3 352.29 390.28 390.28 390.28 427.51 464.75 501.99 539.23 576.46 613.7 613.7 613.7 579.45 545.2 510.95 476.7 442.45 408.2 408.2 408.2 441.28 474.35 507.43 540.5 573.58 606.65 606.65 606.65 598.9 591.15 583.4 575.65 567.9 560.15 560.15 560.15 492.69 425.23 357.76 290.3 222.84 155.38 155.38 155.38 226.18 296.98 367.78 438.58 509.38 580.18 580.18 580.18 539.33 498.48 457.63 416.78 375.93 335.08 335.08 335.08 300.49 265.9 231.31
crearDespacho --fija
1600.0
configurarSolver --Gurobi
resolver --noConstante ejecuciones/bancos/recombinados/v1/directo/simple/v1_simple_000179.csv
finalizar
