inicializar --t 360
agregarAgente --RioNegro
16.37 17.23 18.1 18.1 18.1 18.95 19.8 20.65 21.5 22.35 23.2 23.2 23.2 24.05 24.9 25.75 26.6 27.45 28.3 28.3 28.3 29.13 29.97 30.8 31.63 32.47 33.3 33.3 33.3 34.15 35.0 35.85 36.7 37.55 38.4 38.4 38.4 39.25 40.1 40.95 41.8 42.65 43.5 43.5 43.5 44.37 45.23 46.1 46.97 47.83 48.7 48.7 48.7 49.52 50.33 51.15 51.97 52.78 53.6 53.6 53.6 54.45 55.3 56.15 57.0 57.85 58.7 58.7 58.7 59.18 59.67 60.15 60.63 61.12 61.6 61.6 61.6 61.6 61.6 61.6 61.6 61.6 61.6 61.6 61.6 61.6 61.6 61.6 61.6 61.6 61.6 61.6 61.6 61.6 61.6 61.6 61.6 61.6 61.6 61.6 61.6 61.6 61.6 61.6 61.6 61.6 61.6 61.6 61.6 61.6 61.6 61.6 61.6 61.6 61.6 61.6 61.6 61.6 61.6 61.6 61.6 61.6 61.6 61.6 61.6 61.6 61.6 61.6 61.6 61.6 61.6 61.6 61.6 61.6 61.6 61.6 61.6 61.6 61.6 61.6 61.6 61.52 61.43 61.35 61.27 61.18 61.1 61.1 61.1 60.93 60.77 60.6 60.43 60.27 60.1 60.1 60.1 59.92 59.73 59.55 59.37 59.18 59.0 59.0 59.0 58.85 58.7 58.55 58.4 58.25 58.1 58.1 58.1 57.93 57.77 57.6 57.43 57.27 57.1 57.1 57.1 56.95 56.8 56.65 56.5 56.35 56.2 56.2 56.2 56.0 55.8 55.6 55.4 55.2 55.0 55.0 55.0 54.85 54.7 54.55 54.4 54.25 54.1 54.1 54.1 53.93 53.77 53.6 53.43 53.27 53.1 53.1 53.1 52.95 52.8 52.65 52.5 52.35 52.2 52.2 52.2 52.02 51.83 51.65 51.47 51.28 51.1 51.1 51.1 50.93 50.77 50.6 50.43 50.27 50.1 50.1 50.1 50.02 49.93 49.85 49.77 49.68 49.6 49.6 49.6 49.6 49.6 49.6 49.6 49.6 49.6 49.6 49.6 49.6 49.6 49.6 49.6 49.6 49.6 49.6 49.6 49.6 49.6 49.6 49.6 49.6 49.6 49.6 49.6 49.6 49.6 49.6 49.6 49.6 49.6 49.6 49.6 49.6 49.6 49.6 49.6 49.6 49.6 49.6 49.6 49.6 49.6 49.6 49.6 49.6 49.6 49.6 49.6 49.6 49.6 49.6 49.6 49.6 49.6 49.6 49.6 49.6 49.6 49.6 49.6 49.6 49.6 49.6 49.6 49.22 48.83 48.45 48.07 47.68 47.3 47.3 47.3 46.62 45.93 45.25 44.57 43.88 43.2 43.2 43.2 42.52 41.83 41.15 40.47 39.78 39.1 39.1 39.1 38.42 37.73 37.05 36.37 35.68 35.0 35.0 35.0 34.32 33.63 32.95 32.27 31.58 30.9 30.9 30.9 30.23 29.57 28.9 28.23 27.57 26.9 26.9 26.9 26.2 25.5 24.8
2.07 2.03 2.0 2.0 2.0 2.0 2.0 2.0 2.0 2.0 2.0 2.0 2.0 2.0 2.0 2.0 2.0 2.0 2.0 2.0 2.0 2.0 2.0 2.0 2.0 2.0 2.0 2.0 2.0 2.0 2.0 2.0 2.0 2.0 2.0 2.0 2.0 2.0 2.0 2.0 2.0 2.0 2.0 2.0 2.0 1.97 1.93 1.9 1.87 1.83 1.8 1.8 1.8 1.8 1.8 1.8 1.8 1.8 1.8 1.8 1.8 1.8 1.8 1.8 1.8 1.8 1.8 1.8 1.8 1.8 1.8 1.8 1.8 1.8 1.8 1.8 1.8 1.8 1.8 1.8 1.8 1.8 1.8 1.8 1.8 1.8 1.8 1.8 1.8 1.8 1.8 1.8 1.8 1.8 1.8 1.8 1.8 1.8 1.8 1.8 1.8 1.8 1.8 1.8 1.8 1.8 1.8 1.8 1.8 1.8 1.8 1.8 1.8 1.8 1.8 1.8 1.8 1.8 1.8 1.8 1.8 1.8 1.8 1.8 1.8 1.8 1.8 1.8 1.8 1.8 1.8 1.8 1.8 1.8 1.8 1.8 1.8 1.8 1.8 1.8 1.8 1.8 1.8 1.8 1.8 1.8 1.8 1.8 1.8 1.77 1.74 1.71 1.68 1.65 1.63 1.63 1.63 1.62 1.62 1.61 1.61 1.6 1.6 1.6 1.6 1.59 1.58 1.56 1.55 1.54 1.53 1.53 1.53 1.5 1.48 1.46 1.44 1.42 1.4 1.4 1.4 1.4 1.4 1.4 1.4 1.4 1.4 1.4 1.4 1.37 1.33 1.3 1.27 1.23 1.2 1.2 1.2 1.2 1.2 1.2 1.2 1.2 1.2 1.2 1.2 1.18 1.16 1.14 1.12 1.1 1.08 1.08 1.08 1.06 1.05 1.04 1.03 1.01 1.0 1.0 1.0 1.0 0.99 0.99 0.98 0.98 0.98 0.98 0.98 0.95 0.92 0.89 0.86 0.83 0.8 0.8 0.8 0.8 0.8 0.8 0.8 0.8 0.8 0.8 0.8 0.8 0.8 0.8 0.8 0.8 0.8 0.8 0.8 0.8 0.8 0.8 0.8 0.8 0.8 0.8 0.8 0.8 0.8 0.8 0.8 0.8 0.8 0.8 0.8 0.8 0.8 0.8 0.8 0.8 0.8 0.8 0.8 0.8 0.8 0.8 0.8 0.8 0.8 0.8 0.8 0.8 0.8 0.8 0.8 0.8 0.8 0.8 0.8 0.8 0.8 0.8 0.8 0.8 0.8 0.8 0.8 0.8 0.8 0.8 0.8 0.8 0.8 0.8 0.8 0.8 0.8 0.8 0.8 0.8 0.8 0.8 0.8 0.8 0.8 0.8 0.8 0.8 0.8 0.8 0.8 0.77 0.73 0.7 0.67 0.63 0.6 0.6 0.6 0.6 0.6 0.6 0.6 0.6 0.6 0.6 0.6 0.6 0.6 0.6 0.6 0.6 0.6 0.6 0.6 0.6 0.6 0.6 0.6 0.6 0.6 0.6 0.6 0.57 0.53 0.5
16.8 16.8 16.8 16.8 16.8 16.8 16.8 16.8 16.8 16.8 16.8 16.8 16.8 16.8 16.8 16.8 16.8 16.8 16.8 16.8 16.8 16.68 16.57 16.45 16.33 16.22 16.1 16.1 16.1 16.1 16.1 16.1 16.1 16.1 16.1 16.1 16.1 16.1 16.1 16.1 16.1 16.1 16.1 16.1 16.1 16.1 16.1 16.1 16.1 16.1 16.1 16.1 16.1 15.98 15.87 15.75 15.63 15.52 15.4 15.4 15.4 15.4 15.4 15.4 15.4 15.4 15.4 15.4 15.4 15.4 15.4 15.4 15.4 15.4 15.4 15.4 15.4 15.4 15.4 15.4 15.4 15.4 15.4 15.4 15.4 15.4 15.4 15.4 15.4 15.4 15.4 15.4 15.4 15.4 15.4 15.4 15.4 15.4 15.4 15.4 15.4 15.4 15.4 15.4 15.4 15.4 15.4 15.4 15.4 15.4 15.4 15.4 15.4 15.4 15.4 15.4 15.4 15.4 15.4 15.4 15.4 15.4 15.4 15.4 15.4 15.4 15.4 15.4 15.4 15.4 15.4 15.4 15.4 15.4 15.4 15.4 15.4 15.4 15.4 15.4 15.4 15.4 15.4 15.4 15.4 15.4 15.4 15.4 15.4 15.46 15.52 15.58 15.63 15.69 15.75 15.75 15.75 15.81 15.87 15.92 15.98 16.04 16.1 16.1 16.1 16.1 16.1 16.1 16.1 16.1 16.1 16.1 16.1 16.16 16.22 16.28 16.33 16.39 16.45 16.45 16.45 16.51 16.57 16.63 16.68 16.74 16.8 16.8 16.8 16.8 16.8 16.8 16.8 16.8 16.8 16.8 16.8 16.86 16.92 16.97 17.03 17.09 17.15 17.15 17.15 17.21 17.27 17.33 17.38 17.44 17.5 17.5 17.5 17.5 17.5 17.5 17.5 17.5 17.5 17.5 17.5 17.56 17.62 17.67 17.73 17.79 17.85 17.85 17.85 17.91 17.97 18.03 18.08 18.14 18.2 18.2 18.2 18.2 18.2 18.2 18.2 18.2 18.2 18.2 18.2 18.2 18.2 18.2 18.2 18.2 18.2 18.2 18.2 18.2 18.2 18.2 18.2 18.2 18.2 18.2 18.2 18.2 18.2 18.2 18.2 18.2 18.2 18.2 18.2 18.2 18.2 18.2 18.2 18.2 18.2 18.2 18.2 18.2 18.2 18.2 18.2 18.2 18.2 18.2 18.2 18.2 18.2 18.2 18.2 18.2 18.2 18.2 18.2 18.2 18.2 18.2 18.2 18.2 18.2 18.2 18.2 18.2 18.2 18.2 18.2 18.2 18.2 18.2 18.2 18.08 17.97 17.85 17.73 17.62 17.5 17.5 17.5 17.27 17.03 16.8 16.57 16.33 16.1 16.1 16.1 15.88 15.66 15.44 15.23 15.01 14.79 14.79 14.79 14.57 14.35 14.13 13.91 13.69 13.48 13.48 13.48 13.26 13.04 12.82 12.6 12.38 12.16 12.16 12.16 11.94 11.73 11.51 11.29 11.07 10.85 10.85 10.85 10.62 10.38 10.15
4150177636.0
1222573692.0
0.00633
0.00326
agregarAgente --DemandaFija
88.7 83.86 79.03 79.03 79.03 81.68 84.33 86.98 89.63 92.28 94.93 94.93 94.93 110.61 126.3 141.99 157.68 173.36 189.05 189.05 189.05 201.58 214.1 226.63 239.15 251.68 264.2 264.2 264.2 257.25 250.3 243.35 236.4 229.45 222.5 222.5 222.5 246.44 270.38 294.31 318.25 342.19 366.13 366.13 366.13 416.43 466.73 517.03 567.33 617.63 667.93 667.93 667.93 686.11 704.3 722.49 740.68 758.86 777.05 777.05 777.05 799.0 820.95 842.9 864.85 886.8 908.75 908.75 908.75 834.5 760.25 686.0 611.75 537.5 463.25 463.25 463.25 425.28 387.3 349.33 311.35 273.38 235.4 235.4 235.4 228.86 222.33 215.79 209.25 202.71 196.18 196.18 196.18 186.96 177.75 168.54 159.33 150.11 140.9 140.9 140.9 172.56 204.23 235.89 267.55 299.21 330.88 330.88 330.88 354.71 378.55 402.39 426.23 450.06 473.9 473.9 473.9 447.58 421.25 394.93 368.6 342.28 315.95 315.95 315.95 317.54 319.13 320.71 322.3 323.89 325.48 325.48 325.48 323.65 321.83 320.0 318.18 316.35 314.53 314.53 314.53 315.61 316.7 317.79 318.88 319.96 321.05 321.05 321.05 312.78 304.5 296.23 287.95 279.68 271.4 271.4 271.4 259.86 248.33 236.79 225.25 213.71 202.18 202.18 202.18 224.88 247.58 270.28 292.97 315.68 338.38 338.38 338.38 350.39 362.4 374.41 386.43 398.44 410.45 410.45 410.45 421.94 433.43 444.91 456.4 467.89 479.38 479.38 479.38 476.16 472.95 469.74 466.53 463.31 460.1 460.1 460.1 454.24 448.38 442.51 436.65 430.79 424.93 424.93 424.93 422.03 419.13 416.23 413.33 410.43 407.53 407.53 407.53 396.81 386.1 375.39 364.68 353.96 343.25 343.25 343.25 343.45 343.65 343.85 344.05 344.25 344.45 344.45 344.45 344.23 344.0 343.78 343.55 343.33 343.1 343.1 343.1 351.28 359.45 367.63 375.8 383.98 392.15 392.15 392.15 397.54 402.93 408.31 413.7 419.09 424.48 424.48 424.48 425.35 426.23 427.1 427.98 428.85 429.73 429.73 429.73 401.58 373.43 345.28 317.13 288.98 260.83 260.83 260.83 246.53 232.23 217.93 203.63 189.33 175.03 175.03 175.03 210.05 245.08 280.1 315.13 350.15 385.18 385.18 385.18 338.96 292.75 246.54 200.33 154.11 107.9 107.9 107.9 163.9 219.9 275.9 331.9 387.9 443.9 443.9 443.9 446.03 448.15 450.28 452.4 454.53 456.65 456.65 456.65 402.55 348.45 294.35 240.25 186.15 132.05 132.05 132.05 180.06 228.08 276.09 324.1 372.11 420.13 420.13 420.13 418.96 417.8 416.64 415.48 414.31 413.15 413.15 413.15 395.4 377.65 359.9 342.15 324.4 306.65 306.65 306.65 364.51 422.38 480.24 538.1 595.96 653.83 653.83 653.83 652.55 651.28 650.0 648.73 647.45 646.18 646.18 646.18 593.19 540.2 487.21
crearDespacho --fija
1600.0
configurarSolver --Gurobi
resolver --noConstante ejecuciones/bancos/recombinados/v1/directo/simple/v1_simple_000491.csv
finalizar
