inicializar --t 360
agregarAgente --RioNegro
10.4 10.4 10.4 10.4 10.4 10.4 10.4 10.4 10.4 10.4 10.4 10.4 10.4 10.4 10.4 10.4 10.4 10.4 10.4 10.4 10.4 10.32 10.23 10.15 10.07 9.98 9.9 9.9 9.9 9.77 9.63 9.5 9.37 9.23 9.1 9.1 9.1 8.95 8.8 8.65 8.5 8.35 8.2 8.2 8.2 8.07 7.93 7.8 7.67 7.53 7.4 7.4 7.4 7.25 7.1 6.95 6.8 6.65 6.5 6.5 6.5 6.37 6.23 6.1 5.97 5.83 5.7 5.7 5.7 5.53 5.37 5.2 5.03 4.87 4.7 4.7 4.7 4.57 4.43 4.3 4.17 4.03 3.9 3.9 3.9 3.75 3.6 3.45 3.3 3.15 3.0 3.0 3.0 2.87 2.73 2.6 2.47 2.33 2.2 2.2 2.2 2.05 1.9 1.75 1.6 1.45 1.3 1.3 1.3 1.17 1.03 0.9 0.77 0.63 0.5 0.5 0.5 0.42 0.33 0.25 0.17 0.08 0 0 0 0 0 0 0 0 0 0 0 0 0 0 0 0 0 0 0 0 0 0 0 0 0 0 0 0 0 0 0 0 0 0 0 0 0 0 0 0 0 0 0 0 0 0 0 0 0 0 0 0 0 0 0 0 0 0 0 0 0 0 0 0 0 0 0 0 0 0 0 0 0 0 0 0 0 0 0 0 0 0 0 0 0 0 0 0 0 0 0 0 0 0 0 0 0 0 0 0 0 0 0 0 0 0 0 0 0 0 0 0 0 0 0 0 0 0 0 0 0 0 0 0 0 0 0 0 0 0 0 0 0 0 0 0 0 0 0 0 0 0 0 0 0 0 0 0 0 0 0 0 0 0 0 0 0 0 0 0 0 0 0 0 0 0 0 0 0 0 0 0 0 0 0 0 0 0 0 0 0 0 0 0 0 0 0 0 0 0 0 0 0 0 0 0 0 0 0 0 0 0 0 0 0 0 0 0 0 0 0 0 0 0 0 0 0 0 0 0 0 0 0 0 0 0 0 0 0 0 0 0 0 0 0 0 0 0
0.2 0.2 0.2 0.2 0.2 0.2 0.2 0.2 0.2 0.2 0.2 0.2 0.2 0.2 0.2 0.2 0.2 0.2 0.2 0.2 0.2 0.2 0.2 0.2 0.2 0.2 0.2 0.2 0.2 0.2 0.2 0.2 0.2 0.2 0.2 0.2 0.2 0.2 0.2 0.2 0.2 0.2 0.2 0.2 0.2 0.2 0.2 0.2 0.2 0.2 0.2 0.2 0.2 0.2 0.2 0.2 0.2 0.2 0.2 0.2 0.2 0.2 0.2 0.2 0.2 0.2 0.2 0.2 0.2 0.17 0.13 0.1 0.07 0.03 0 0 0 0 0 0 0 0 0 0 0 0 0 0 0 0 0 0 0 0 0 0 0 0 0 0 0 0 0 0 0 0 0 0 0 0 0 0 0 0 0 0 0 0 0 0 0 0 0 0 0 0 0 0 0 0 0 0 0 0 0 0 0 0 0 0 0 0 0 0 0 0 0 0 0 0 0 0 0 0 0 0 0 0 0 0 0 0 0 0 0 0 0 0 0 0 0 0 0 0 0 0 0 0 0 0 0 0 0 0 0 0 0 0 0 0.02 0.03 0.05 0.07 0.08 0.1 0.1 0.1 0.13 0.15 0.18 0.2 0.23 0.25 0.25 0.25 0.27 0.3 0.33 0.35 0.38 0.4 0.4 0.4 0.43 0.47 0.5 0.53 0.57 0.6 0.6 0.6 0.63 0.66 0.69 0.72 0.75 0.78 0.78 0.78 0.8 0.83 0.85 0.88 0.9 0.93 0.93 0.93 0.95 0.98 1.0 1.03 1.05 1.08 1.08 1.08 1.1 1.13 1.15 1.18 1.2 1.23 1.23 1.23 1.25 1.28 1.31 1.34 1.37 1.4 1.4 1.4 1.43 1.47 1.5 1.53 1.57 1.6 1.6 1.6 1.63 1.65 1.68 1.7 1.72 1.75 1.75 1.75 1.78 1.8 1.83 1.85 1.88 1.9 1.9 1.9 1.92 1.93 1.95 1.97 1.98 2.0 2.0 2.0 2.0 2.0 2.0 2.0 2.0 2.0 2.0 2.0 2.0 2.0 2.0 2.0 2.0 2.0 2.0 2.0 2.0 2.0 2.0 2.0 2.0 2.0 2.0 2.0 2.0 2.0 2.0 2.0 2.0 2.0 2.0 2.0 2.0 2.0 2.0 2.0 2.0 2.0 2.0 2.0 2.0 2.0 2.0 2.0 2.0 2.0 2.0 2.0 2.0 2.0 2.0 2.0 2.0 2.0 2.0 2.0 2.0 2.0 2.0 2.0 2.0 2.0 2.0 2.0 1.98 1.97 1.95
9.8 9.8 9.8 9.8 9.8 9.8 9.8 9.8 9.8 9.8 9.8 9.8 9.8 9.8 9.8 9.8 9.8 9.8 9.8 9.8 9.8 10.09 10.38 10.67 10.97 11.26 11.55 11.55 11.55 12.06 12.57 13.08 13.59 14.1 14.61 14.61 14.61 15.11 15.6 16.1 16.6 17.09 17.59 17.59 17.59 18.1 18.61 19.12 19.63 20.14 20.65 20.65 20.65 21.18 21.7 22.22 22.75 23.27 23.8 23.8 23.8 24.3 24.79 25.29 25.78 26.28 26.78 26.78 26.78 27.3 27.83 28.35 28.88 29.4 29.92 29.92 29.92 30.42 30.92 31.41 31.91 32.4 32.9 32.9 32.9 33.43 33.95 34.47 35.0 35.53 36.05 36.05 36.05 36.56 37.07 37.58 38.09 38.6 39.11 39.11 39.11 39.61 40.1 40.6 41.1 41.59 42.09 42.09 42.09 42.6 43.11 43.62 44.13 44.64 45.15 45.15 45.15 45.44 45.73 46.03 46.32 46.61 46.9 46.9 46.9 46.9 46.9 46.9 46.9 46.9 46.9 46.9 46.9 46.9 46.9 46.9 46.9 46.9 46.9 46.9 46.9 46.9 46.9 46.9 46.9 46.9 46.9 46.9 46.9 46.9 46.9 46.9 46.9 46.9 46.9 46.9 46.9 46.9 46.9 46.9 46.9 46.9 46.9 46.9 46.9 46.9 46.9 46.9 46.9 46.9 46.9 46.9 46.9 46.9 46.9 46.9 46.9 46.9 46.9 46.9 46.9 46.9 46.9 46.9 46.9 46.9 46.9 46.9 46.9 46.68 46.46 46.24 46.03 45.81 45.59 45.59 45.59 45.18 44.77 44.36 43.95 43.55 43.14 43.14 43.14 42.73 42.32 41.91 41.5 41.1 40.69 40.69 40.69 40.28 39.87 39.46 39.05 38.65 38.24 38.24 38.24 37.84 37.45 37.06 36.66 36.27 35.88 35.88 35.88 35.47 35.06 34.65 34.24 33.83 33.43 33.43 33.43 33.02 32.61 32.2 31.79 31.38 30.97 30.97 30.97 30.57 30.16 29.75 29.34 28.93 28.53 28.53 28.53 28.13 27.74 27.34 26.95 26.56 26.16 26.16 26.16 25.75 25.35 24.94 24.53 24.12 23.71 23.71 23.71 23.3 22.9 22.49 22.08 21.67 21.26 21.26 21.26 20.85 20.45 20.04 19.63 19.22 18.81 18.81 18.81 18.59 18.38 18.16 17.94 17.72 17.5 17.5 17.5 17.5 17.5 17.5 17.5 17.5 17.5 17.5 17.5 17.5 17.5 17.5 17.5 17.5 17.5 17.5 17.5 17.5 17.5 17.5 17.5 17.5 17.5 17.5 17.5 17.5 17.5 17.5 17.5 17.5 17.5 17.5 17.5 17.5 17.5 17.5 17.5 17.5 17.5 17.5 17.5 17.5 17.5 17.5 17.5 17.5 17.5 17.5 17.5 17.5 17.5 17.5 17.5 17.5 17.5 17.5 17.5 17.5 17.5 17.5 17.5 17.5 17.5 17.5 17.5 17.5 17.5 17.5
4156979952.0
1475764701.0
0.00479
0.00479
agregarAgente --DemandaFija
530.68 486.2 441.73 441.73 441.73 442.2 442.68 443.15 443.63 444.1 444.58 444.58 444.58 469.25 493.92 518.6 543.28 567.95 592.63 592.63 592.63 593.99 595.35 596.71 598.08 599.44 600.8 600.8 600.8 604.06 607.33 610.59 613.85 617.11 620.38 620.38 620.38 649.74 679.1 708.46 737.83 767.19 796.55 796.55 796.55 680.76 564.98 449.19 333.4 217.61 101.83 101.83 101.83 163.51 225.2 286.89 348.58 410.26 471.95 471.95 471.95 481.81 491.67 501.54 511.4 521.26 531.13 531.13 531.13 496.99 462.85 428.71 394.58 360.44 326.3 326.3 326.3 327.63 328.95 330.28 331.6 332.93 334.25 334.25 334.25 360.09 385.93 411.76 437.6 463.44 489.28 489.28 489.28 457.49 425.7 393.91 362.13 330.34 298.55 298.55 298.55 299.56 300.58 301.59 302.6 303.61 304.63 304.63 304.63 332.19 359.75 387.31 414.88 442.44 470.0 470.0 470.0 420.61 371.23 321.84 272.45 223.06 173.68 173.68 173.68 241.3 308.93 376.55 444.18 511.8 579.43 579.43 579.43 607.23 635.03 662.83 690.63 718.43 746.23 746.23 746.23 645.56 544.9 444.24 343.58 242.91 142.25 142.25 142.25 235.69 329.13 422.56 516.0 609.44 702.88 702.88 702.88 696.46 690.05 683.64 677.23 670.81 664.4 664.4 664.4 595.0 525.6 456.2 386.8 317.4 248.0 248.0 248.0 296.95 345.9 394.85 443.8 492.75 541.7 541.7 541.7 534.16 526.63 519.09 511.55 504.01 496.48 496.48 496.48 443.66 390.85 338.04 285.23 232.41 179.6 179.6 179.6 206.43 233.25 260.08 286.9 313.73 340.55 340.55 340.55 377.81 415.08 452.34 489.6 526.86 564.13 564.13 564.13 509.81 455.5 401.19 346.88 292.56 238.25 238.25 238.25 318.93 399.6 480.28 560.95 641.63 722.3 722.3 722.3 723.33 724.35 725.38 726.4 727.43 728.45 728.45 728.45 636.3 544.15 452.0 359.85 267.7 175.55 175.55 175.55 189.49 203.43 217.36 231.3 245.24 259.18 259.18 259.18 297.39 335.6 373.81 412.03 450.24 488.45 488.45 488.45 443.59 398.73 353.86 309.0 264.14 219.28 219.28 219.28 219.21 219.15 219.09 219.03 218.96 218.9 218.9 218.9 234.86 250.83 266.79 282.75 298.71 314.68 314.68 314.68 302.26 289.85 277.44 265.03 252.61 240.2 240.2 240.2 295.36 350.53 405.69 460.85 516.01 571.18 571.18 571.18 609.34 647.5 685.66 723.83 761.99 800.15 800.15 800.15 801.09 802.03 802.96 803.9 804.84 805.78 805.78 805.78 824.18 842.58 860.98 879.38 897.77 916.18 916.18 916.18 911.53 906.88 902.23 897.58 892.93 888.28 888.28 888.28 859.14 830.0 800.86 771.73 742.59 713.45 713.45 713.45 737.51 761.58 785.64 809.7 833.76 857.83 857.83 857.83 864.69 871.55 878.41 885.28 892.14 899.0 899.0 899.0 889.28 879.55 869.82
crearDespacho --fija
1600.0
configurarSolver --Gurobi
resolver --noConstante ejecuciones/bancos/recombinados/v1/directo/simple/v1_simple_000178.csv
finalizar
