inicializar --t 360
agregarAgente --RioNegro
58.93 58.67 58.4 58.4 58.4 58.13 57.87 57.6 57.33 57.07 56.8 56.8 56.8 56.53 56.27 56.0 55.73 55.47 55.2 55.2 55.2 55.07 54.93 54.8 54.67 54.53 54.4 54.4 54.4 54.4 54.4 54.4 54.4 54.4 54.4 54.4 54.4 54.4 54.4 54.4 54.4 54.4 54.4 54.4 54.4 54.4 54.4 54.4 54.4 54.4 54.4 54.4 54.4 54.4 54.4 54.4 54.4 54.4 54.4 54.4 54.4 54.4 54.4 54.4 54.4 54.4 54.4 54.4 54.4 54.4 54.4 54.4 54.4 54.4 54.4 54.4 54.4 54.4 54.4 54.4 54.4 54.4 54.4 54.4 54.4 54.4 54.4 54.4 54.4 54.4 54.4 54.4 54.4 54.4 54.4 54.4 54.4 54.4 54.4 54.4 54.4 54.4 54.4 54.4 54.4 54.4 54.4 54.4 54.4 54.4 54.4 54.4 54.4 54.4 54.4 54.4 54.4 54.4 54.4 54.4 54.4 54.4 54.4 54.4 54.4 54.4 54.4 54.4 54.4 54.4 54.4 54.4 54.4 54.4 54.4 54.4 54.4 54.4 54.4 54.4 54.4 54.27 54.13 54.0 53.87 53.73 53.6 53.6 53.6 53.6 53.6 53.6 53.6 53.6 53.6 53.6 53.6 53.6 53.6 53.6 53.6 53.6 53.6 53.6 53.6 53.6 53.6 53.6 53.6 53.6 53.6 53.6 53.6 53.6 53.6 53.6 53.6 53.6 53.6 53.6 53.6 53.6 53.6 53.6 53.6 53.6 53.6 53.6 53.6 53.6 53.6 53.6 53.6 53.6 53.6 53.6 53.6 53.6 53.6 53.6 53.6 53.6 53.6 53.6 53.6 53.6 53.6 53.6 53.6 53.6 53.6 53.6 53.6 53.6 53.6 53.6 53.6 53.6 53.6 53.6 53.6 53.6 53.6 53.6 53.6 53.6 53.6 53.6 53.6 53.6 53.6 53.6 53.6 53.6 53.6 53.6 53.6 53.6 53.6 53.6 53.6 53.6 53.6 53.6 53.6 53.6 53.6 53.6 53.6 53.6 53.6 53.6 53.6 53.6 53.6 53.6 53.6 53.6 53.6 53.6 53.6 53.42 53.23 53.05 52.87 52.68 52.5 52.5 52.5 52.17 51.83 51.5 51.17 50.83 50.5 50.5 50.5 50.18 49.87 49.55 49.23 48.92 48.6 48.6 48.6 48.25 47.9 47.55 47.2 46.85 46.5 46.5 46.5 46.18 45.87 45.55 45.23 44.92 44.6 44.6 44.6 44.25 43.9 43.55 43.2 42.85 42.5 42.5 42.5 42.2 41.9 41.6 41.3 41.0 40.7 40.7 40.7 40.35 40.0 39.65 39.3 38.95 38.6 38.6 38.6 38.28 37.97 37.65 37.33 37.02 36.7 36.7 36.7 36.35 36.0 35.65 35.3 34.95 34.6 34.6 34.6 34.28 33.97 33.65 33.33 33.02 32.7 32.7 32.7 32.37 32.03 31.7 31.37 31.03 30.7 30.7 30.7 30.52 30.33 30.15
13.08 13.32 13.55 13.55 13.55 13.79 14.03 14.26 14.5 14.74 14.98 14.98 14.98 15.21 15.45 15.69 15.93 16.16 16.4 16.4 16.4 16.53 16.67 16.8 16.93 17.07 17.2 17.2 17.2 17.2 17.2 17.2 17.2 17.2 17.2 17.2 17.2 17.2 17.2 17.2 17.2 17.2 17.2 17.2 17.2 17.2 17.2 17.2 17.2 17.2 17.2 17.2 17.2 17.2 17.2 17.2 17.2 17.2 17.2 17.2 17.2 17.2 17.2 17.2 17.2 17.2 17.2 17.2 17.2 17.2 17.2 17.2 17.2 17.2 17.2 17.2 17.2 17.2 17.2 17.2 17.2 17.2 17.2 17.2 17.2 17.2 17.2 17.2 17.2 17.2 17.2 17.2 17.2 17.07 16.94 16.81 16.68 16.55 16.43 16.43 16.43 16.19 15.96 15.73 15.49 15.26 15.03 15.03 15.03 14.8 14.57 14.34 14.11 13.88 13.65 13.65 13.65 13.42 13.18 12.95 12.72 12.48 12.25 12.25 12.25 12.02 11.79 11.56 11.33 11.1 10.88 10.88 10.88 10.64 10.41 10.18 9.94 9.71 9.48 9.48 9.48 9.25 9.03 8.8 8.58 8.35 8.13 8.13 8.13 7.89 7.66 7.43 7.19 6.96 6.73 6.73 6.73 6.5 6.27 6.04 5.81 5.58 5.35 5.35 5.35 5.12 4.88 4.65 4.42 4.18 3.95 3.95 3.95 3.72 3.49 3.26 3.03 2.8 2.58 2.58 2.58 2.34 2.11 1.88 1.64 1.41 1.18 1.18 1.18 1.05 0.92 0.79 0.66 0.53 0.4 0.4 0.4 0.4 0.4 0.4 0.4 0.4 0.4 0.4 0.4 0.4 0.4 0.4 0.4 0.4 0.4 0.4 0.4 0.4 0.4 0.4 0.4 0.4 0.4 0.4 0.4 0.4 0.4 0.4 0.4 0.4 0.4 0.4 0.4 0.4 0.4 0.4 0.4 0.4 0.4 0.4 0.4 0.4 0.4 0.4 0.4 0.4 0.4 0.4 0.4 0.4 0.4 0.4 0.4 0.4 0.4 0.4 0.4 0.4 0.4 0.4 0.4 0.4 0.4 0.4 0.4 0.4 0.4 0.4 0.4 0.4 0.4 0.4 0.4 0.4 0.4 0.4 0.4 0.4 0.4 0.4 0.4 0.4 0.4 0.4 0.4 0.4 0.4 0.4 0.4 0.37 0.33 0.3 0.27 0.23 0.2 0.2 0.2 0.2 0.2 0.2 0.2 0.2 0.2 0.2 0.2 0.2 0.2 0.2 0.2 0.2 0.2 0.2 0.2 0.2 0.2 0.2 0.2 0.2 0.2 0.2 0.2 0.2 0.2 0.2 0.2 0.2 0.2 0.2 0.2 0.2 0.2 0.2 0.2 0.2 0.2 0.2 0.2 0.17 0.13 0.1 0.07 0.03 0 0 0 0 0 0 0 0 0 0 0 0 0 0 0 0 0 0 0 0 0 0
21.15 21.29 21.44 21.44 21.44 21.6 21.76 21.92 22.08 22.24 22.4 22.4 22.4 22.56 22.72 22.88 23.04 23.2 23.36 23.36 23.36 23.44 23.51 23.58 23.65 23.73 23.8 23.8 23.8 23.8 23.8 23.8 23.8 23.8 23.8 23.8 23.8 23.8 23.8 23.8 23.8 23.8 23.8 23.8 23.8 23.8 23.8 23.8 23.8 23.8 23.8 23.8 23.8 23.8 23.8 23.8 23.8 23.8 23.8 23.8 23.8 23.8 23.8 23.8 23.8 23.8 23.8 23.8 23.8 23.8 23.8 23.8 23.8 23.8 23.8 23.8 23.8 23.8 23.8 23.8 23.8 23.8 23.8 23.8 23.8 23.8 23.8 23.8 23.8 23.8 23.8 23.8 23.8 23.7 23.6 23.49 23.39 23.29 23.19 23.19 23.19 23.0 22.81 22.62 22.43 22.24 22.05 22.05 22.05 21.86 21.67 21.48 21.29 21.1 20.91 20.91 20.91 20.75 20.59 20.43 20.27 20.11 19.95 19.95 19.95 19.76 19.57 19.38 19.19 19.0 18.81 18.81 18.81 18.64 18.46 18.29 18.11 17.94 17.76 17.76 17.76 17.56 17.35 17.15 16.95 16.74 16.54 16.54 16.54 16.36 16.19 16.01 15.84 15.66 15.49 15.49 15.49 15.3 15.11 14.92 14.73 14.54 14.35 14.35 14.35 14.19 14.03 13.87 13.71 13.55 13.39 13.39 13.39 13.2 13.01 12.82 12.63 12.44 12.25 12.25 12.25 12.06 11.87 11.68 11.49 11.3 11.11 11.11 11.11 11.01 10.91 10.81 10.7 10.6 10.5 10.5 10.5 10.5 10.5 10.5 10.5 10.5 10.5 10.5 10.5 10.5 10.5 10.5 10.5 10.5 10.5 10.5 10.5 10.5 10.5 10.5 10.5 10.5 10.5 10.5 10.5 10.5 10.5 10.5 10.5 10.5 10.5 10.5 10.5 10.5 10.5 10.5 10.5 10.5 10.5 10.5 10.5 10.5 10.5 10.5 10.5 10.5 10.5 10.5 10.5 10.5 10.5 10.5 10.5 10.5 10.5 10.5 10.5 10.5 10.5 10.5 10.5 10.5 10.5 10.5 10.5 10.72 10.94 11.16 11.38 11.59 11.81 11.81 11.81 12.21 12.6 12.99 13.39 13.78 14.17 14.17 14.17 14.57 14.96 15.36 15.75 16.14 16.54 16.54 16.54 16.95 17.35 17.76 18.17 18.58 18.99 18.99 18.99 19.37 19.75 20.13 20.5 20.88 21.26 21.26 21.26 21.66 22.05 22.44 22.84 23.23 23.63 23.63 23.63 24.03 24.44 24.85 25.26 25.67 26.08 26.08 26.08 26.47 26.86 27.26 27.65 28.04 28.44 28.44 28.44 28.82 29.2 29.57 29.95 30.33 30.71 30.71 30.71 31.12 31.53 31.94 32.35 32.75 33.16 33.16 33.16 33.56 33.95 34.34 34.74 35.13 35.53 35.53 35.53 35.92 36.31 36.71 37.1 37.49 37.89 37.89 37.89 38.11 38.32 38.54
3860691501.0
1308904701.0
0.00633
0.00326
agregarAgente --DemandaFija
1011.2 995.94 980.68 980.68 980.68 998.41 1016.15 1033.89 1051.63 1069.36 1087.1 1087.1 1087.1 1088.56 1090.03 1091.49 1092.95 1094.41 1095.88 1095.88 1095.88 1045.95 996.02 946.1 896.18 846.25 796.33 796.33 796.33 844.59 892.85 941.11 989.38 1037.64 1085.9 1085.9 1085.9 1087.15 1088.4 1089.65 1090.9 1092.15 1093.4 1093.4 1093.4 1047.39 1001.38 955.36 909.35 863.34 817.33 817.33 817.33 857.71 898.1 938.49 978.88 1019.26 1059.65 1059.65 1059.65 1067.65 1075.65 1083.65 1091.65 1099.65 1107.65 1107.65 1107.65 1057.36 1007.08 956.79 906.5 856.21 805.93 805.93 805.93 851.38 896.83 942.28 987.72 1033.18 1078.63 1078.63 1078.63 1077.95 1077.28 1076.6 1075.93 1075.25 1074.58 1074.58 1074.58 1021.6 968.63 915.65 862.68 809.7 756.73 756.73 756.73 789.64 822.55 855.46 888.38 921.29 954.2 954.2 954.2 957.78 961.35 964.93 968.5 972.08 975.65 975.65 975.65 935.38 895.1 854.82 814.55 774.28 734.0 734.0 734.0 764.11 794.23 824.34 854.45 884.56 914.68 914.68 914.68 944.13 973.58 1003.03 1032.48 1061.93 1091.38 1091.38 1091.38 1045.99 1000.6 955.21 909.83 864.44 819.05 819.05 819.05 851.9 884.75 917.6 950.45 983.3 1016.15 1016.15 1016.15 1014.29 1012.43 1010.56 1008.7 1006.84 1004.98 1004.98 1004.98 957.39 909.8 862.21 814.63 767.04 719.45 719.45 719.45 722.0 724.55 727.1 729.65 732.2 734.75 734.75 734.75 741.44 748.13 754.81 761.5 768.19 774.88 774.88 774.88 752.16 729.45 706.74 684.03 661.31 638.6 638.6 638.6 673.0 707.4 741.8 776.2 810.6 845.0 845.0 845.0 847.2 849.4 851.6 853.8 856.0 858.2 858.2 858.2 810.03 761.85 713.68 665.5 617.33 569.15 569.15 569.15 610.79 652.43 694.06 735.7 777.34 818.97 818.97 818.97 822.25 825.53 828.8 832.08 835.35 838.63 838.63 838.63 791.58 744.53 697.47 650.43 603.38 556.33 556.33 556.33 604.09 651.85 699.61 747.38 795.14 842.9 842.9 842.9 847.13 851.35 855.57 859.8 864.02 868.25 868.25 868.25 803.53 738.8 674.08 609.35 544.63 479.9 479.9 479.9 510.13 540.35 570.58 600.8 631.03 661.25 661.25 661.25 672.06 682.88 693.69 704.5 715.31 726.13 726.13 726.13 647.5 568.88 490.25 411.63 333.0 254.38 254.38 254.38 273.93 293.48 313.03 332.58 352.13 371.68 371.68 371.68 419.88 468.08 516.28 564.48 612.68 660.88 660.88 660.88 585.55 510.23 434.9 359.58 284.25 208.93 208.93 208.93 302.83 396.73 490.63 584.53 678.43 772.33 772.33 772.33 783.66 795.0 806.34 817.68 829.01 840.35 840.35 840.35 772.78 705.2 637.63 570.05 502.48 434.9 434.9 434.9 488.94 542.98 597.01 651.05 705.09 759.13 759.13 759.13 758.69 758.25 757.81 757.38 756.94 756.5 756.5 756.5 683.43 610.35 537.28
crearDespacho --fija
1600.0
configurarSolver --Gurobi
resolver --noConstante ejecuciones/bancos/recombinados/v1/directo/simple/v1_simple_000017.csv
finalizar
