inicializar --t 360
agregarAgente --RioNegro
103.68 103.68 103.68 103.68 103.68 103.68 103.68 103.68 103.68 103.68 103.68 103.68 103.68 103.68 103.68 103.68 103.68 103.68 103.68 103.68 103.68 104.48 105.28 106.08 106.88 107.68 108.48 108.48 108.48 109.88 111.28 112.68 114.08 115.48 116.88 116.88 116.88 118.28 119.68 121.08 122.48 123.88 125.28 125.28 125.28 126.72 128.16 129.6 131.04 132.48 133.92 133.92 133.92 135.34 136.76 138.18 139.6 141.02 142.44 142.44 142.44 143.84 145.24 146.64 148.04 149.44 150.84 150.84 150.84 152.24 153.64 155.04 156.44 157.84 159.24 159.24 159.24 160.64 162.04 163.44 164.84 166.24 167.64 167.64 167.64 169.06 170.48 171.9 173.32 174.74 176.16 176.16 176.16 177.6 179.04 180.48 181.92 183.36 184.8 184.8 184.8 186.2 187.6 189.0 190.4 191.8 193.2 193.2 193.2 194.6 196.0 197.4 198.8 200.2 201.6 201.6 201.6 202.4 203.2 204.0 204.8 205.6 206.4 206.4 206.4 206.4 206.4 206.4 206.4 206.4 206.4 206.4 206.4 206.4 206.4 206.4 206.4 206.4 206.4 206.4 206.4 206.4 206.4 206.4 206.4 206.4 206.4 206.4 206.4 206.4 206.4 206.4 206.4 206.4 206.4 206.4 206.4 206.4 206.4 206.4 206.4 206.4 206.4 206.4 206.4 206.4 206.4 206.4 206.4 206.4 206.4 206.4 206.4 206.4 206.4 206.4 206.4 206.4 206.4 206.4 206.4 206.4 206.4 206.4 206.4 206.4 206.4 206.4 206.4 209.52 212.64 215.76 218.88 222.0 225.12 225.12 225.12 230.66 236.2 241.74 247.28 252.82 258.36 258.36 258.36 263.92 269.48 275.04 280.6 286.16 291.72 291.72 291.72 297.26 302.8 308.34 313.88 319.42 324.96 324.96 324.96 330.5 336.04 341.58 347.12 352.66 358.2 358.2 358.2 363.76 369.32 374.88 380.44 386.0 391.56 391.56 391.56 397.04 402.52 408.0 413.48 418.96 424.44 424.44 424.44 430.0 435.56 441.12 446.68 452.24 457.8 457.8 457.8 463.34 468.88 474.42 479.96 485.5 491.04 491.04 491.04 496.58 502.12 507.66 513.2 518.74 524.28 524.28 524.28 529.84 535.4 540.96 546.52 552.08 557.64 557.64 557.64 563.18 568.72 574.26 579.8 585.34 590.88 590.88 590.88 594.0 597.12 600.24 603.36 606.48 609.6 609.6 609.6 609.6 609.6 609.6 609.6 609.6 609.6 609.6 609.6 609.6 609.6 609.6 609.6 609.6 609.6 609.6 609.6 609.6 609.6 609.6 609.6 609.6 609.6 609.6 609.6 609.6 609.6 609.6 609.6 609.6 609.6 609.6 609.6 609.6 609.6 609.6 609.6 609.6 609.6 609.6 609.6 609.6 609.6 609.6 609.6 609.6 609.6 609.6 609.6 609.6 609.6 609.6 609.6 609.6 609.6 609.6 609.6 609.6 609.6 609.6 609.6 609.6 609.6 609.6 609.6 611.44 613.28 615.12
0 0 0 0 0 0 0 0 0 0 0 0 0 0 0 0 0 0 0 0 0 0.05 0.1 0.16 0.21 0.26 0.31 0.31 0.31 0.42 0.52 0.63 0.73 0.83 0.94 0.94 0.94 1.05 1.17 1.28 1.4 1.51 1.63 1.63 1.63 1.72 1.81 1.91 2.0 2.09 2.19 2.19 2.19 2.29 2.4 2.5 2.6 2.71 2.81 2.81 2.81 2.91 3.0 3.09 3.19 3.28 3.38 3.38 3.38 3.5 3.63 3.75 3.88 4.0 4.13 4.13 4.13 4.22 4.31 4.41 4.5 4.59 4.69 4.69 4.69 4.79 4.9 5.0 5.1 5.21 5.31 5.31 5.31 5.41 5.5 5.59 5.69 5.78 5.88 5.88 5.88 5.99 6.1 6.22 6.33 6.45 6.56 6.56 6.56 6.67 6.77 6.88 6.98 7.08 7.19 7.19 7.19 7.24 7.29 7.34 7.4 7.45 7.5 7.5 7.5 7.5 7.5 7.5 7.5 7.5 7.5 7.5 7.5 7.5 7.5 7.5 7.5 7.5 7.5 7.5 7.5 7.5 7.5 7.5 7.5 7.5 7.5 7.5 7.5 7.5 7.5 7.5 7.5 7.5 7.5 7.5 7.5 7.5 7.5 7.5 7.5 7.5 7.5 7.5 7.5 7.5 7.5 7.5 7.5 7.5 7.5 7.5 7.5 7.5 7.5 7.5 7.5 7.5 7.5 7.5 7.5 7.5 7.5 7.5 7.5 7.5 7.5 7.5 7.5 7.77 8.04 8.31 8.58 8.85 9.13 9.13 9.13 9.59 10.06 10.53 11.0 11.47 11.94 11.94 11.94 12.42 12.9 13.38 13.85 14.33 14.81 14.81 14.81 15.28 15.75 16.22 16.69 17.16 17.63 17.63 17.63 18.09 18.56 19.03 19.5 19.97 20.44 20.44 20.44 20.92 21.4 21.88 22.35 22.83 23.31 23.31 23.31 23.79 24.27 24.75 25.23 25.71 26.19 26.19 26.19 26.67 27.15 27.63 28.1 28.58 29.06 29.06 29.06 29.53 30.0 30.47 30.94 31.41 31.88 31.88 31.88 32.34 32.81 33.28 33.75 34.22 34.69 34.69 34.69 35.17 35.65 36.13 36.6 37.08 37.56 37.56 37.56 38.03 38.5 38.97 39.44 39.91 40.38 40.38 40.38 40.65 40.92 41.19 41.46 41.73 42.0 42.0 42.0 42.0 42.0 42.0 42.0 42.0 42.0 42.0 42.0 42.0 42.0 42.0 42.0 42.0 42.0 42.0 42.0 42.0 42.0 42.0 42.0 42.0 42.0 42.0 42.0 42.0 42.0 42.0 42.0 42.0 42.0 42.0 42.0 42.0 42.0 42.0 42.0 42.0 42.0 42.0 42.0 42.0 42.0 42.0 42.0 42.0 42.0 42.0 42.0 42.0 42.0 42.0 42.0 42.0 42.0 42.0 42.0 42.0 42.0 42.0 42.0 42.0 42.0 42.0 42.0 41.69 41.38 41.06
111.8 111.8 111.8 111.8 111.8 111.8 111.8 111.8 111.8 111.8 111.8 111.8 111.8 111.8 111.8 111.8 111.8 111.8 111.8 111.8 111.8 112.14 112.47 112.81 113.14 113.48 113.82 113.82 113.82 114.44 115.07 115.7 116.32 116.95 117.58 117.58 117.58 118.21 118.83 119.46 120.09 120.71 121.34 121.34 121.34 121.97 122.59 123.22 123.85 124.48 125.1 125.1 125.1 125.71 126.31 126.92 127.52 128.13 128.73 128.73 128.73 129.36 129.99 130.61 131.24 131.87 132.49 132.49 132.49 133.12 133.75 134.38 135.0 135.63 136.26 136.26 136.26 136.88 137.51 138.14 138.76 139.39 140.02 140.02 140.02 140.62 141.23 141.83 142.44 143.04 143.65 143.65 143.65 144.27 144.9 145.53 146.16 146.78 147.41 147.41 147.41 148.04 148.66 149.29 149.92 150.54 151.17 151.17 151.17 151.8 152.43 153.05 153.68 154.31 154.93 154.93 154.93 155.27 155.61 155.94 156.28 156.61 156.95 156.95 156.95 156.95 156.95 156.95 156.95 156.95 156.95 156.95 156.95 156.95 156.95 156.95 156.95 156.95 156.95 156.95 156.95 156.95 156.95 156.95 156.95 156.95 156.95 156.95 156.95 156.95 156.95 156.95 156.95 156.95 156.95 156.95 156.95 156.95 156.95 156.95 156.95 156.95 156.95 156.95 156.95 156.95 156.95 156.95 156.95 156.95 156.95 156.95 156.95 156.95 156.95 156.95 156.95 156.95 156.95 156.95 156.95 156.95 156.95 156.95 156.95 156.95 156.95 156.95 156.95 155.7 154.44 153.19 151.93 150.68 149.42 149.42 149.42 147.27 145.13 142.98 140.83 138.67 136.53 136.53 136.53 134.38 132.23 130.08 127.93 125.77 123.63 123.63 123.63 121.48 119.33 117.18 115.02 112.88 110.73 110.73 110.73 108.58 106.43 104.28 102.13 99.98 97.83 97.83 97.83 95.68 93.52 91.38 89.23 87.08 84.93 84.93 84.93 82.77 80.63 78.48 76.32 74.18 72.02 72.02 72.02 69.87 67.73 65.57 63.42 61.28 59.13 59.13 59.13 56.98 54.82 52.68 50.53 48.38 46.23 46.23 46.23 44.07 41.93 39.78 37.63 35.47 33.32 33.32 33.32 31.17 29.02 26.88 24.72 22.58 20.43 20.43 20.43 18.28 16.13 13.98 11.83 9.67 7.52 7.52 7.52 6.27 5.02 3.76 2.51 1.25 0 0 0 0 0 0 0 0 0 0 0 0 0 0 0 0 0 0 0 0 0 0 0 0 0 0 0 0 0 0 0 0 0 0 0 0 0 0 0 0 0 0 0 0 0 0 0 0 0 0 0 0 0 0 0 0 0 0 0 0 0 0 0 0 0 0 0 1.08 2.15 3.22
6593288389.0
1695105956.0
0.00326
0.00633
agregarAgente --DemandaFija
307.08 239.48 171.88 171.88 171.88 195.29 218.7 242.11 265.53 288.94 312.35 312.35 312.35 314.1 315.85 317.6 319.35 321.1 322.85 322.85 322.85 280.38 237.9 195.43 152.95 110.48 68.0 68.0 68.0 96.91 125.83 154.74 183.65 212.56 241.48 241.48 241.48 254.8 268.13 281.45 294.78 308.1 321.43 321.43 321.43 280.46 239.5 198.54 157.58 116.61 75.65 75.65 75.65 107.53 139.4 171.27 203.15 235.03 266.9 266.9 266.9 305.86 344.83 383.79 422.75 461.71 500.67 500.67 500.67 464.5 428.33 392.15 355.98 319.8 283.63 283.63 283.63 331.18 378.73 426.28 473.83 521.38 568.93 568.93 568.93 605.44 641.95 678.46 714.98 751.49 788.0 788.0 788.0 739.86 691.73 643.59 595.45 547.31 499.17 499.17 499.17 551.51 603.85 656.19 708.53 760.86 813.2 813.2 813.2 824.27 835.35 846.43 857.5 868.58 879.65 879.65 879.65 838.16 796.68 755.19 713.7 672.21 630.73 630.73 630.73 658.08 685.43 712.78 740.13 767.48 794.83 794.83 794.83 820.36 845.9 871.44 896.97 922.51 948.05 948.05 948.05 890.41 832.78 775.14 717.5 659.86 602.23 602.23 602.23 602.94 603.65 604.36 605.08 605.79 606.5 606.5 606.5 583.83 561.15 538.47 515.8 493.13 470.45 470.45 470.45 413.26 356.08 298.89 241.7 184.51 127.33 127.33 127.33 160.59 193.85 227.11 260.38 293.64 326.9 326.9 326.9 352.78 378.65 404.53 430.4 456.28 482.15 482.15 482.15 448.7 415.25 381.8 348.35 314.9 281.45 281.45 281.45 321.11 360.78 400.44 440.1 479.76 519.43 519.43 519.43 518.44 517.45 516.46 515.48 514.49 513.5 513.5 513.5 462.6 411.7 360.8 309.9 259.0 208.1 208.1 208.1 278.63 349.15 419.67 490.2 560.73 631.25 631.25 631.25 602.76 574.28 545.79 517.3 488.81 460.33 460.33 460.33 416.43 372.53 328.63 284.73 240.83 196.93 196.93 196.93 255.83 314.73 373.63 432.53 491.43 550.33 550.33 550.33 598.3 646.28 694.25 742.23 790.2 838.18 838.18 838.18 760.19 682.2 604.21 526.23 448.24 370.25 370.25 370.25 388.58 406.9 425.23 443.55 461.88 480.2 480.2 480.2 519.34 558.48 597.61 636.75 675.89 715.03 715.03 715.03 682.55 650.08 617.6 585.13 552.65 520.18 520.18 520.18 532.74 545.3 557.86 570.43 582.99 595.55 595.55 595.55 546.56 497.58 448.59 399.6 350.61 301.63 301.63 301.63 262.26 222.9 183.54 144.18 104.81 65.45 65.45 65.45 108.64 151.83 195.01 238.2 281.39 324.58 324.58 324.58 378.13 431.68 485.22 538.78 592.33 645.88 645.88 645.88 615.88 585.88 555.88 525.88 495.88 465.88 465.88 465.88 516.13 566.38 616.63 666.88 717.13 767.38 767.38 767.38 786.81 806.25 825.69 845.13 864.56 884.0 884.0 884.0 814.16 744.33 674.49
crearDespacho --fija
1600.0
configurarSolver --Gurobi
resolver --noConstante ejecuciones/bancos/recombinados/v1/directo/simple/v1_simple_000459.csv
finalizar
