inicializar --t 360
agregarAgente --RioNegro
16.37 17.23 18.1 18.1 18.1 18.95 19.8 20.65 21.5 22.35 23.2 23.2 23.2 24.05 24.9 25.75 26.6 27.45 28.3 28.3 28.3 29.13 29.97 30.8 31.63 32.47 33.3 33.3 33.3 34.15 35.0 35.85 36.7 37.55 38.4 38.4 38.4 39.25 40.1 40.95 41.8 42.65 43.5 43.5 43.5 44.37 45.23 46.1 46.97 47.83 48.7 48.7 48.7 49.52 50.33 51.15 51.97 52.78 53.6 53.6 53.6 54.45 55.3 56.15 57.0 57.85 58.7 58.7 58.7 59.18 59.67 60.15 60.63 61.12 61.6 61.6 61.6 61.6 61.6 61.6 61.6 61.6 61.6 61.6 61.6 61.6 61.6 61.6 61.6 61.6 61.6 61.6 61.6 61.6 61.6 61.6 61.6 61.6 61.6 61.6 61.6 61.6 61.6 61.6 61.6 61.6 61.6 61.6 61.6 61.6 61.6 61.6 61.6 61.6 61.6 61.6 61.6 61.6 61.6 61.6 61.6 61.6 61.6 61.6 61.6 61.6 61.6 61.6 61.6 61.6 61.6 61.6 61.6 61.6 61.6 61.6 61.6 61.6 61.6 61.6 61.6 61.52 61.43 61.35 61.27 61.18 61.1 61.1 61.1 60.93 60.77 60.6 60.43 60.27 60.1 60.1 60.1 59.92 59.73 59.55 59.37 59.18 59.0 59.0 59.0 58.85 58.7 58.55 58.4 58.25 58.1 58.1 58.1 57.93 57.77 57.6 57.43 57.27 57.1 57.1 57.1 56.95 56.8 56.65 56.5 56.35 56.2 56.2 56.2 56.0 55.8 55.6 55.4 55.2 55.0 55.0 55.0 54.85 54.7 54.55 54.4 54.25 54.1 54.1 54.1 53.93 53.77 53.6 53.43 53.27 53.1 53.1 53.1 52.95 52.8 52.65 52.5 52.35 52.2 52.2 52.2 52.02 51.83 51.65 51.47 51.28 51.1 51.1 51.1 50.93 50.77 50.6 50.43 50.27 50.1 50.1 50.1 50.02 49.93 49.85 49.77 49.68 49.6 49.6 49.6 49.6 49.6 49.6 49.6 49.6 49.6 49.6 49.6 49.6 49.6 49.6 49.6 49.6 49.6 49.6 49.6 49.6 49.6 49.6 49.6 49.6 49.6 49.6 49.6 49.6 49.6 49.6 49.6 49.6 49.6 49.6 49.6 49.6 49.6 49.6 49.6 49.6 49.6 49.6 49.6 49.6 49.6 49.6 49.6 49.6 49.6 49.6 49.6 49.6 49.6 49.6 49.6 49.6 49.6 49.6 49.6 49.6 49.6 49.6 49.6 49.6 49.6 49.6 49.6 49.22 48.83 48.45 48.07 47.68 47.3 47.3 47.3 46.62 45.93 45.25 44.57 43.88 43.2 43.2 43.2 42.52 41.83 41.15 40.47 39.78 39.1 39.1 39.1 38.42 37.73 37.05 36.37 35.68 35.0 35.0 35.0 34.32 33.63 32.95 32.27 31.58 30.9 30.9 30.9 30.23 29.57 28.9 28.23 27.57 26.9 26.9 26.9 26.2 25.5 24.8
2.07 2.03 2.0 2.0 2.0 2.0 2.0 2.0 2.0 2.0 2.0 2.0 2.0 2.0 2.0 2.0 2.0 2.0 2.0 2.0 2.0 2.0 2.0 2.0 2.0 2.0 2.0 2.0 2.0 2.0 2.0 2.0 2.0 2.0 2.0 2.0 2.0 2.0 2.0 2.0 2.0 2.0 2.0 2.0 2.0 1.97 1.93 1.9 1.87 1.83 1.8 1.8 1.8 1.8 1.8 1.8 1.8 1.8 1.8 1.8 1.8 1.8 1.8 1.8 1.8 1.8 1.8 1.8 1.8 1.8 1.8 1.8 1.8 1.8 1.8 1.8 1.8 1.8 1.8 1.8 1.8 1.8 1.8 1.8 1.8 1.8 1.8 1.8 1.8 1.8 1.8 1.8 1.8 1.8 1.8 1.8 1.8 1.8 1.8 1.8 1.8 1.8 1.8 1.8 1.8 1.8 1.8 1.8 1.8 1.8 1.8 1.8 1.8 1.8 1.8 1.8 1.8 1.8 1.8 1.8 1.8 1.8 1.8 1.8 1.8 1.8 1.8 1.8 1.8 1.8 1.8 1.8 1.8 1.8 1.8 1.8 1.8 1.8 1.8 1.8 1.8 1.8 1.8 1.8 1.8 1.8 1.8 1.8 1.8 1.77 1.74 1.71 1.68 1.65 1.63 1.63 1.63 1.62 1.62 1.61 1.61 1.6 1.6 1.6 1.6 1.59 1.58 1.56 1.55 1.54 1.53 1.53 1.53 1.5 1.48 1.46 1.44 1.42 1.4 1.4 1.4 1.4 1.4 1.4 1.4 1.4 1.4 1.4 1.4 1.37 1.33 1.3 1.27 1.23 1.2 1.2 1.2 1.2 1.2 1.2 1.2 1.2 1.2 1.2 1.2 1.18 1.16 1.14 1.12 1.1 1.08 1.08 1.08 1.06 1.05 1.04 1.03 1.01 1.0 1.0 1.0 1.0 0.99 0.99 0.98 0.98 0.98 0.98 0.98 0.95 0.92 0.89 0.86 0.83 0.8 0.8 0.8 0.8 0.8 0.8 0.8 0.8 0.8 0.8 0.8 0.8 0.8 0.8 0.8 0.8 0.8 0.8 0.8 0.8 0.8 0.8 0.8 0.8 0.8 0.8 0.8 0.8 0.8 0.8 0.8 0.8 0.8 0.8 0.8 0.8 0.8 0.8 0.8 0.8 0.8 0.8 0.8 0.8 0.8 0.8 0.8 0.8 0.8 0.8 0.8 0.8 0.8 0.8 0.8 0.8 0.8 0.8 0.8 0.8 0.8 0.8 0.8 0.8 0.8 0.8 0.8 0.8 0.8 0.8 0.8 0.8 0.8 0.8 0.8 0.8 0.8 0.8 0.8 0.8 0.8 0.8 0.8 0.8 0.8 0.8 0.8 0.8 0.8 0.8 0.8 0.77 0.73 0.7 0.67 0.63 0.6 0.6 0.6 0.6 0.6 0.6 0.6 0.6 0.6 0.6 0.6 0.6 0.6 0.6 0.6 0.6 0.6 0.6 0.6 0.6 0.6 0.6 0.6 0.6 0.6 0.6 0.6 0.57 0.53 0.5
16.8 16.8 16.8 16.8 16.8 16.8 16.8 16.8 16.8 16.8 16.8 16.8 16.8 16.8 16.8 16.8 16.8 16.8 16.8 16.8 16.8 16.68 16.57 16.45 16.33 16.22 16.1 16.1 16.1 16.1 16.1 16.1 16.1 16.1 16.1 16.1 16.1 16.1 16.1 16.1 16.1 16.1 16.1 16.1 16.1 16.1 16.1 16.1 16.1 16.1 16.1 16.1 16.1 15.98 15.87 15.75 15.63 15.52 15.4 15.4 15.4 15.4 15.4 15.4 15.4 15.4 15.4 15.4 15.4 15.4 15.4 15.4 15.4 15.4 15.4 15.4 15.4 15.4 15.4 15.4 15.4 15.4 15.4 15.4 15.4 15.4 15.4 15.4 15.4 15.4 15.4 15.4 15.4 15.4 15.4 15.4 15.4 15.4 15.4 15.4 15.4 15.4 15.4 15.4 15.4 15.4 15.4 15.4 15.4 15.4 15.4 15.4 15.4 15.4 15.4 15.4 15.4 15.4 15.4 15.4 15.4 15.4 15.4 15.4 15.4 15.4 15.4 15.4 15.4 15.4 15.4 15.4 15.4 15.4 15.4 15.4 15.4 15.4 15.4 15.4 15.4 15.4 15.4 15.4 15.4 15.4 15.4 15.4 15.4 15.46 15.52 15.58 15.63 15.69 15.75 15.75 15.75 15.81 15.87 15.92 15.98 16.04 16.1 16.1 16.1 16.1 16.1 16.1 16.1 16.1 16.1 16.1 16.1 16.16 16.22 16.28 16.33 16.39 16.45 16.45 16.45 16.51 16.57 16.63 16.68 16.74 16.8 16.8 16.8 16.8 16.8 16.8 16.8 16.8 16.8 16.8 16.8 16.86 16.92 16.97 17.03 17.09 17.15 17.15 17.15 17.21 17.27 17.33 17.38 17.44 17.5 17.5 17.5 17.5 17.5 17.5 17.5 17.5 17.5 17.5 17.5 17.56 17.62 17.67 17.73 17.79 17.85 17.85 17.85 17.91 17.97 18.03 18.08 18.14 18.2 18.2 18.2 18.2 18.2 18.2 18.2 18.2 18.2 18.2 18.2 18.2 18.2 18.2 18.2 18.2 18.2 18.2 18.2 18.2 18.2 18.2 18.2 18.2 18.2 18.2 18.2 18.2 18.2 18.2 18.2 18.2 18.2 18.2 18.2 18.2 18.2 18.2 18.2 18.2 18.2 18.2 18.2 18.2 18.2 18.2 18.2 18.2 18.2 18.2 18.2 18.2 18.2 18.2 18.2 18.2 18.2 18.2 18.2 18.2 18.2 18.2 18.2 18.2 18.2 18.2 18.2 18.2 18.2 18.2 18.2 18.2 18.2 18.2 18.2 18.08 17.97 17.85 17.73 17.62 17.5 17.5 17.5 17.27 17.03 16.8 16.57 16.33 16.1 16.1 16.1 15.88 15.66 15.44 15.23 15.01 14.79 14.79 14.79 14.57 14.35 14.13 13.91 13.69 13.48 13.48 13.48 13.26 13.04 12.82 12.6 12.38 12.16 12.16 12.16 11.94 11.73 11.51 11.29 11.07 10.85 10.85 10.85 10.62 10.38 10.15
4150177636.0
1222573692.0
0.00633
0.00326
agregarAgente --DemandaFija
320.45 290.8 261.15 261.15 261.15 261.47 261.78 262.1 262.42 262.73 263.05 263.05 263.05 279.5 295.95 312.4 328.85 345.3 361.75 361.75 361.75 362.66 363.57 364.48 365.38 366.29 367.2 367.2 367.2 369.38 371.55 373.73 375.9 378.08 380.25 380.25 380.25 399.83 419.4 438.98 458.55 478.13 497.7 497.7 497.7 420.51 343.32 266.13 188.93 111.74 34.55 34.55 34.55 75.68 116.8 157.93 199.05 240.17 281.3 281.3 281.3 287.88 294.45 301.03 307.6 314.18 320.75 320.75 320.75 297.99 275.23 252.48 229.72 206.96 184.2 184.2 184.2 185.08 185.97 186.85 187.73 188.62 189.5 189.5 189.5 206.73 223.95 241.18 258.4 275.63 292.85 292.85 292.85 271.66 250.47 229.28 208.08 186.89 165.7 165.7 165.7 166.38 167.05 167.73 168.4 169.08 169.75 169.75 169.75 188.13 206.5 224.88 243.25 261.63 280.0 280.0 280.0 247.08 214.15 181.23 148.3 115.38 82.45 82.45 82.45 127.53 172.62 217.7 262.78 307.87 352.95 352.95 352.95 371.48 390.02 408.55 427.08 445.62 464.15 464.15 464.15 397.04 329.93 262.83 195.72 128.61 61.5 61.5 61.5 123.79 186.08 248.38 310.67 372.96 435.25 435.25 435.25 430.97 426.7 422.43 418.15 413.88 409.6 409.6 409.6 363.33 317.07 270.8 224.53 178.27 132.0 132.0 132.0 164.63 197.27 229.9 262.53 295.17 327.8 327.8 327.8 322.78 317.75 312.73 307.7 302.68 297.65 297.65 297.65 262.44 227.23 192.03 156.82 121.61 86.4 86.4 86.4 104.28 122.17 140.05 157.93 175.82 193.7 193.7 193.7 218.54 243.38 268.23 293.07 317.91 342.75 342.75 342.75 306.54 270.33 234.13 197.92 161.71 125.5 125.5 125.5 179.28 233.07 286.85 340.63 394.42 448.2 448.2 448.2 448.88 449.57 450.25 450.93 451.62 452.3 452.3 452.3 390.87 329.43 268.0 206.57 145.13 83.7 83.7 83.7 92.99 102.28 111.58 120.87 130.16 139.45 139.45 139.45 164.93 190.4 215.88 241.35 266.83 292.3 292.3 292.3 262.39 232.48 202.58 172.67 142.76 112.85 112.85 112.85 112.81 112.77 112.73 112.68 112.64 112.6 112.6 112.6 123.24 133.88 144.53 155.17 165.81 176.45 176.45 176.45 168.18 159.9 151.63 143.35 135.08 126.8 126.8 126.8 163.58 200.35 237.13 273.9 310.68 347.45 347.45 347.45 372.89 398.33 423.78 449.22 474.66 500.1 500.1 500.1 500.72 501.35 501.98 502.6 503.22 503.85 503.85 503.85 516.12 528.38 540.65 552.92 565.18 577.45 577.45 577.45 574.35 571.25 568.15 565.05 561.95 558.85 558.85 558.85 539.43 520.0 500.58 481.15 461.72 442.3 442.3 442.3 458.34 474.38 490.43 506.47 522.51 538.55 538.55 538.55 543.13 547.7 552.28 556.85 561.43 566.0 566.0 566.0 559.52 553.03 546.55
crearDespacho --fija
3200.0
configurarSolver --Gurobi
resolver --noConstante ejecuciones/bancos/recombinados/v1/directo/simple/v1_simple_000070.csv
finalizar
