inicializar --t 360
agregarAgente --RioNegro
750.16 745.76 741.36 741.36 741.36 737.02 732.68 728.34 724.0 719.66 715.32 715.32 715.32 710.96 706.6 702.24 697.88 693.52 689.16 689.16 689.16 684.82 680.48 676.14 671.8 667.46 663.12 663.12 663.12 658.76 654.4 650.04 645.68 641.32 636.96 636.96 636.96 632.6 628.24 623.88 619.52 615.16 610.8 610.8 610.8 608.36 605.92 603.48 601.04 598.6 596.16 596.16 596.16 596.16 596.16 596.16 596.16 596.16 596.16 596.16 596.16 596.16 596.16 596.16 596.16 596.16 596.16 596.16 596.16 596.16 596.16 596.16 596.16 596.16 596.16 596.16 596.16 596.16 596.16 596.16 596.16 596.16 596.16 596.16 596.16 596.16 596.16 596.16 596.16 596.16 596.16 596.16 596.16 596.16 596.16 596.16 596.16 596.16 596.16 596.16 596.16 596.16 596.16 596.16 596.16 596.16 596.16 596.16 596.16 596.16 596.16 596.16 596.16 596.16 596.16 596.16 596.16 593.92 591.68 589.44 587.2 584.96 582.72 582.72 582.72 578.76 574.8 570.84 566.88 562.92 558.96 558.96 558.96 555.0 551.04 547.08 543.12 539.16 535.2 535.2 535.2 531.2 527.2 523.2 519.2 515.2 511.2 511.2 511.2 507.22 503.24 499.26 495.28 491.3 487.32 487.32 487.32 483.36 479.4 475.44 471.48 467.52 463.56 463.56 463.56 459.6 455.64 451.68 447.72 443.76 439.8 439.8 439.8 435.84 431.88 427.92 423.96 420.0 416.04 416.04 416.04 412.06 408.08 404.1 400.12 396.14 392.16 392.16 392.16 388.16 384.16 380.16 376.16 372.16 368.16 368.16 368.16 364.2 360.24 356.28 352.32 348.36 344.4 344.4 344.4 340.44 336.48 332.52 328.56 324.6 320.64 320.64 320.64 318.4 316.16 313.92 311.68 309.44 307.2 307.2 307.2 307.2 307.2 307.2 307.2 307.2 307.2 307.2 307.2 307.2 307.2 307.2 307.2 307.2 307.2 307.2 307.2 307.2 307.2 307.2 307.2 307.2 307.2 307.2 307.2 307.2 307.2 307.2 307.2 307.2 307.2 307.2 307.2 307.2 307.2 307.2 307.2 307.2 307.2 307.2 307.2 307.2 307.2 307.2 307.2 307.2 307.2 307.2 307.2 307.2 307.2 307.2 307.2 307.2 307.2 307.2 307.2 307.2 307.2 307.2 307.2 307.2 307.2 307.2 307.2 311.92 316.64 321.36 326.08 330.8 335.52 335.52 335.52 343.84 352.16 360.48 368.8 377.12 385.44 385.44 385.44 393.76 402.08 410.4 418.72 427.04 435.36 435.36 435.36 443.68 452.0 460.32 468.64 476.96 485.28 485.28 485.28 493.6 501.92 510.24 518.56 526.88 535.2 535.2 535.2 543.52 551.84 560.16 568.48 576.8 585.12 585.12 585.12 593.44 601.76 610.08 618.4 626.72 635.04 635.04 635.04 643.36 651.68 660.0 668.32 676.64 684.96 684.96 684.96 693.28 701.6 709.92 718.24 726.56 734.88 734.88 734.88 743.2 751.52 759.84
230.83 236.47 242.1 242.1 242.1 247.73 253.37 259.0 264.63 270.27 275.9 275.9 275.9 281.55 287.2 292.85 298.5 304.15 309.8 309.8 309.8 315.45 321.1 326.75 332.4 338.05 343.7 343.7 343.7 349.33 354.97 360.6 366.23 371.87 377.5 377.5 377.5 383.15 388.8 394.45 400.1 405.75 411.4 411.4 411.4 414.57 417.73 420.9 424.07 427.23 430.4 430.4 430.4 430.4 430.4 430.4 430.4 430.4 430.4 430.4 430.4 430.4 430.4 430.4 430.4 430.4 430.4 430.4 430.4 430.4 430.4 430.4 430.4 430.4 430.4 430.4 430.4 430.4 430.4 430.4 430.4 430.4 430.4 430.4 430.4 430.4 430.4 430.4 430.4 430.4 430.4 430.4 430.4 430.4 430.4 430.4 430.4 430.4 430.4 430.4 430.4 430.4 430.4 430.4 430.4 430.4 430.4 430.4 430.4 430.4 430.4 430.4 430.4 430.4 430.4 430.4 430.4 427.13 423.87 420.6 417.33 414.07 410.8 410.8 410.8 405.0 399.2 393.4 387.6 381.8 376.0 376.0 376.0 370.18 364.37 358.55 352.73 346.92 341.1 341.1 341.1 335.3 329.5 323.7 317.9 312.1 306.3 306.3 306.3 300.48 294.67 288.85 283.03 277.22 271.4 271.4 271.4 265.6 259.8 254.0 248.2 242.4 236.6 236.6 236.6 230.8 225.0 219.2 213.4 207.6 201.8 201.8 201.8 196.0 190.2 184.4 178.6 172.8 167.0 167.0 167.0 161.18 155.37 149.55 143.73 137.92 132.1 132.1 132.1 126.3 120.5 114.7 108.9 103.1 97.3 97.3 97.3 91.48 85.67 79.85 74.03 68.22 62.4 62.4 62.4 56.6 50.8 45.0 39.2 33.4 27.6 27.6 27.6 24.33 21.07 17.8 14.53 11.27 8.0 8.0 8.0 8.0 8.0 8.0 8.0 8.0 8.0 8.0 8.0 8.0 8.0 8.0 8.0 8.0 8.0 8.0 8.0 8.0 8.0 8.0 8.0 8.0 8.0 8.0 8.0 8.0 8.0 8.0 8.0 8.0 8.0 8.0 8.0 8.0 8.0 8.0 8.0 8.0 8.0 8.0 8.0 8.0 8.0 8.0 8.0 8.0 8.0 8.0 8.0 8.0 8.0 8.0 8.0 8.0 8.0 8.0 8.0 8.0 8.0 8.0 8.0 8.0 8.0 8.0 8.0 8.93 9.87 10.8 11.73 12.67 13.6 13.6 13.6 15.2 16.8 18.4 20.0 21.6 23.2 23.2 23.2 24.85 26.5 28.15 29.8 31.45 33.1 33.1 33.1 34.72 36.33 37.95 39.57 41.18 42.8 42.8 42.8 44.42 46.03 47.65 49.27 50.88 52.5 52.5 52.5 54.15 55.8 57.45 59.1 60.75 62.4 62.4 62.4 64.0 65.6 67.2 68.8 70.4 72.0 72.0 72.0 73.65 75.3 76.95 78.6 80.25 81.9 81.9 81.9 83.52 85.13 86.75 88.37 89.98 91.6 91.6 91.6 93.22 94.83 96.45
754.83 772.75 790.66 790.66 790.66 808.49 826.32 844.14 861.97 879.8 897.63 897.63 897.63 915.5 933.37 951.24 969.11 986.98 1004.86 1004.86 1004.86 1022.73 1040.6 1058.47 1076.34 1094.22 1112.09 1112.09 1112.09 1129.96 1147.83 1165.7 1183.57 1201.45 1219.32 1219.32 1219.32 1237.19 1255.06 1272.93 1290.81 1308.68 1326.55 1326.55 1326.55 1336.58 1346.62 1356.65 1366.68 1376.72 1386.75 1386.75 1386.75 1386.75 1386.75 1386.75 1386.75 1386.75 1386.75 1386.75 1386.75 1386.75 1386.75 1386.75 1386.75 1386.75 1386.75 1386.75 1386.75 1386.75 1386.75 1386.75 1386.75 1386.75 1386.75 1386.75 1386.75 1386.75 1386.75 1386.75 1386.75 1386.75 1386.75 1386.75 1386.75 1386.75 1386.75 1386.75 1386.75 1386.75 1386.75 1386.75 1386.75 1386.75 1386.75 1386.75 1386.75 1386.75 1386.75 1386.75 1386.75 1386.75 1386.75 1386.75 1386.75 1386.75 1386.75 1386.75 1386.75 1386.75 1386.75 1386.75 1386.75 1386.75 1386.75 1386.75 1386.75 1381.35 1375.96 1370.56 1365.16 1359.76 1354.37 1354.37 1354.37 1344.78 1335.19 1325.61 1316.02 1306.44 1296.85 1296.85 1296.85 1287.25 1277.64 1268.03 1258.42 1248.81 1239.21 1239.21 1239.21 1229.64 1220.08 1210.52 1200.95 1191.39 1181.83 1181.83 1181.83 1172.22 1162.61 1153.0 1143.4 1133.79 1124.18 1124.18 1124.18 1114.62 1105.06 1095.49 1085.93 1076.37 1066.8 1066.8 1066.8 1057.17 1047.54 1037.91 1028.28 1018.65 1009.02 1009.02 1009.02 999.46 989.9 980.33 970.77 961.21 951.64 951.64 951.64 942.04 932.43 922.82 913.21 903.6 894.0 894.0 894.0 884.43 874.87 865.31 855.74 846.18 836.62 836.62 836.62 827.01 817.4 807.8 798.19 788.58 778.97 778.97 778.97 769.39 759.8 750.22 740.63 731.04 721.46 721.46 721.46 716.06 710.66 705.27 699.87 694.47 689.07 689.07 689.07 689.07 689.07 689.07 689.07 689.07 689.07 689.07 689.07 689.07 689.07 689.07 689.07 689.07 689.07 689.07 689.07 689.07 689.07 689.07 689.07 689.07 689.07 689.07 689.07 689.07 689.07 689.07 689.07 689.07 689.07 689.07 689.07 689.07 689.07 689.07 689.07 689.07 689.07 689.07 689.07 689.07 689.07 689.07 689.07 689.07 689.07 689.07 689.07 689.07 689.07 689.07 689.07 689.07 689.07 689.07 689.07 689.07 689.07 689.07 689.07 689.07 689.07 689.07 689.07 686.79 684.51 682.22 679.94 677.65 675.37 675.37 675.37 671.36 667.35 663.34 659.33 655.32 651.32 651.32 651.32 647.26 643.21 639.15 635.1 631.05 626.99 626.99 626.99 622.98 618.98 614.97 610.96 606.95 602.94 602.94 602.94 598.86 594.79 590.71 586.64 582.56 578.48 578.48 578.48 574.5 570.51 566.53 562.54 558.55 554.57 554.57 554.57 550.49 546.41 542.34 538.26 534.19 530.11 530.11 530.11 526.12 522.14 518.15 514.16 510.18 506.19 506.19 506.19 502.11 498.04 493.96 489.89 485.81 481.73 481.73 481.73 477.73 473.72 469.71
4076597044.0
1653463483.0
0.00633
0.00326
agregarAgente --DemandaFija
75.1 47.25 19.4 19.4 19.4 52.05 84.7 117.35 150.0 182.65 215.3 215.3 215.3 180.46 145.62 110.78 75.93 41.09 6.25 6.25 6.25 6.25 6.25 6.25 6.25 6.25 6.25 6.25 6.25 8.74 11.23 13.73 16.22 18.71 21.2 21.2 21.2 20.42 19.63 18.85 18.07 17.28 16.5 16.5 16.5 14.79 13.08 11.38 9.67 7.96 6.25 6.25 6.25 9.34 12.43 15.53 18.62 21.71 24.8 24.8 24.8 31.15 37.5 43.85 50.2 56.55 62.9 62.9 62.9 60.81 58.72 56.63 54.53 52.44 50.35 50.35 50.35 103.41 156.47 209.53 262.58 315.64 368.7 368.7 368.7 360.9 353.1 345.3 337.5 329.7 321.9 321.9 321.9 277.92 233.93 189.95 145.97 101.98 58.0 58.0 58.0 103.18 148.37 193.55 238.73 283.92 329.1 329.1 329.1 318.98 308.87 298.75 288.63 278.52 268.4 268.4 268.4 236.23 204.07 171.9 139.73 107.57 75.4 75.4 75.4 98.73 122.07 145.4 168.73 192.07 215.4 215.4 215.4 233.02 250.63 268.25 285.87 303.48 321.1 321.1 321.1 291.17 261.23 231.3 201.37 171.43 141.5 141.5 141.5 118.96 96.42 73.88 51.33 28.79 6.25 6.25 6.25 28.42 50.58 72.75 94.92 117.08 139.25 139.25 139.25 129.06 118.87 108.68 98.48 88.29 78.1 78.1 78.1 72.73 67.37 62.0 56.63 51.27 45.9 45.9 45.9 56.18 66.45 76.73 87.0 97.27 107.55 107.55 107.55 93.06 78.57 64.08 49.58 35.09 20.6 20.6 20.6 51.45 82.3 113.15 144.0 174.85 205.7 205.7 205.7 217.72 229.73 241.75 253.77 265.78 277.8 277.8 277.8 234.09 190.38 146.68 102.97 59.26 15.55 15.55 15.55 56.07 96.58 137.1 177.62 218.13 258.65 258.65 258.65 259.98 261.3 262.63 263.95 265.28 266.6 266.6 266.6 226.32 186.03 145.75 105.47 65.18 24.9 24.9 24.9 65.35 105.8 146.25 186.7 227.15 267.6 267.6 267.6 268.37 269.13 269.9 270.67 271.43 272.2 272.2 272.2 233.98 195.77 157.55 119.33 81.12 42.9 42.9 42.9 75.82 108.73 141.65 174.57 207.48 240.4 240.4 240.4 252.55 264.7 276.85 289.0 301.15 313.3 313.3 313.3 263.33 213.35 163.38 113.4 63.43 13.45 13.45 13.45 37.18 60.9 84.63 108.35 132.08 155.8 155.8 155.8 169.25 182.7 196.15 209.6 223.05 236.5 236.5 236.5 206.51 176.52 146.53 116.53 86.54 56.55 56.55 56.55 81.58 106.62 131.65 156.68 181.72 206.75 206.75 206.75 229.13 251.52 273.9 296.28 318.67 341.05 341.05 341.05 302.22 263.4 224.58 185.75 146.92 108.1 108.1 108.1 111.66 115.22 118.78 122.33 125.89 129.45 129.45 129.45 164.74 200.03 235.33 270.62 305.91 341.2 341.2 341.2 302.03 262.87 223.7
crearDespacho --fija
1600.0
configurarSolver --Gurobi
resolver --noConstante ejecuciones/bancos/recombinados/v1/directo/simple/v1_simple_000302.csv
finalizar
