inicializar --t 360
agregarAgente --RioNegro
0 0 0 0 0 0 0 0 0 0 0 0 0 0 0 0 0 0 0 0 0 0 0 0 0 0 0 0 0 0 0 0 0 0 0 0 0 0 0 0 0 0 0 0 0 0.6 1.2 1.8 2.4 3.0 3.6 3.6 3.6 4.62 5.64 6.66 7.68 8.7 9.72 9.72 9.72 10.78 11.84 12.9 13.96 15.02 16.08 16.08 16.08 17.1 18.12 19.14 20.16 21.18 22.2 22.2 22.2 23.28 24.36 25.44 26.52 27.6 28.68 28.68 28.68 29.68 30.68 31.68 32.68 33.68 34.68 34.68 34.68 35.76 36.84 37.92 39.0 40.08 41.16 41.16 41.16 42.16 43.16 44.16 45.16 46.16 47.16 47.16 47.16 48.24 49.32 50.4 51.48 52.56 53.64 53.64 53.64 54.66 55.68 56.7 57.72 58.74 59.76 59.76 59.76 60.82 61.88 62.94 64.0 65.06 66.12 66.12 66.12 67.14 68.16 69.18 70.2 71.22 72.24 72.24 72.24 72.84 73.44 74.04 74.64 75.24 75.84 75.84 75.84 75.84 75.84 75.84 75.84 75.84 75.84 75.84 75.84 75.84 75.84 75.84 75.84 75.84 75.84 75.84 75.84 75.84 75.84 75.84 75.84 75.84 75.84 75.84 75.84 75.84 75.84 75.84 75.84 75.84 75.84 75.84 75.84 75.84 75.84 75.84 75.84 75.84 75.84 75.84 75.84 75.84 75.84 75.84 75.84 75.84 75.84 75.84 75.84 75.84 75.84 75.84 75.84 75.84 75.84 75.84 75.84 75.84 75.84 75.84 75.84 75.84 75.84 75.84 75.84 75.24 74.64 74.04 73.44 72.84 72.24 72.24 72.24 71.22 70.2 69.18 68.16 67.14 66.12 66.12 66.12 65.06 64.0 62.94 61.88 60.82 59.76 59.76 59.76 58.74 57.72 56.7 55.68 54.66 53.64 53.64 53.64 52.56 51.48 50.4 49.32 48.24 47.16 47.16 47.16 46.16 45.16 44.16 43.16 42.16 41.16 41.16 41.16 40.08 39.0 37.92 36.84 35.76 34.68 34.68 34.68 33.68 32.68 31.68 30.68 29.68 28.68 28.68 28.68 27.6 26.52 25.44 24.36 23.28 22.2 22.2 22.2 21.18 20.16 19.14 18.12 17.1 16.08 16.08 16.08 15.02 13.96 12.9 11.84 10.78 9.72 9.72 9.72 8.7 7.68 6.66 5.64 4.62 3.6 3.6 3.6 3.0 2.4 1.8 1.2 0.6 0 0 0 0 0 0 0 0 0 0 0 0 0 0 0 0 0 0 0 0 0 0 0 0 0 0 0 0 0 0 0 0 0 0 0 0 0 0 0 0 0 0 0 0 0 0
28.5 28.5 28.5 28.5 28.5 28.5 28.5 28.5 28.5 28.5 28.5 28.5 28.5 28.5 28.5 28.5 28.5 28.5 28.5 28.5 28.5 28.5 28.5 28.5 28.5 28.5 28.5 28.5 28.5 28.5 28.5 28.5 28.5 28.5 28.5 28.5 28.5 28.5 28.5 28.5 28.5 28.5 28.5 28.5 28.5 28.27 28.04 27.81 27.58 27.35 27.13 27.13 27.13 26.75 26.38 26.0 25.63 25.25 24.88 24.88 24.88 24.47 24.06 23.66 23.25 22.84 22.44 22.44 22.44 22.05 21.67 21.28 20.9 20.51 20.13 20.13 20.13 19.73 19.33 18.94 18.54 18.15 17.75 17.75 17.75 17.36 16.98 16.59 16.21 15.82 15.44 15.44 15.44 15.04 14.65 14.25 13.85 13.46 13.06 13.06 13.06 12.68 12.29 11.91 11.52 11.14 10.75 10.75 10.75 10.35 9.96 9.56 9.17 8.77 8.38 8.38 8.38 7.99 7.6 7.22 6.83 6.45 6.06 6.06 6.06 5.66 5.25 4.84 4.44 4.03 3.63 3.63 3.63 3.25 2.88 2.5 2.13 1.75 1.38 1.38 1.38 1.15 0.92 0.69 0.46 0.23 0 0 0 0 0 0 0 0 0 0 0 0 0 0 0 0 0 0 0 0 0 0 0 0 0 0 0 0 0 0 0 0 0 0 0 0 0 0 0 0 0 0 0 0 0 0 0 0 0 0 0 0 0 0 0 0 0 0 0 0 0 0 0 0 0 0 0 0.16 0.31 0.47 0.63 0.78 0.94 0.94 0.94 1.23 1.52 1.81 2.1 2.4 2.69 2.69 2.69 2.98 3.27 3.56 3.85 4.15 4.44 4.44 4.44 4.73 5.02 5.31 5.6 5.9 6.19 6.19 6.19 6.47 6.75 7.03 7.31 7.59 7.88 7.88 7.88 8.17 8.46 8.75 9.04 9.33 9.63 9.63 9.63 9.92 10.21 10.5 10.79 11.08 11.38 11.38 11.38 11.67 11.96 12.25 12.54 12.83 13.13 13.13 13.13 13.41 13.69 13.97 14.25 14.53 14.81 14.81 14.81 15.1 15.4 15.69 15.98 16.27 16.56 16.56 16.56 16.85 17.15 17.44 17.73 18.02 18.31 18.31 18.31 18.6 18.9 19.19 19.48 19.77 20.06 20.06 20.06 20.22 20.38 20.53 20.69 20.84 21.0 21.0 21.0 21.0 21.0 21.0 21.0 21.0 21.0 21.0 21.0 21.0 21.0 21.0 21.0 21.0 21.0 21.0 21.0 21.0 21.0 21.0 21.0 21.0 21.0 21.0 21.0 21.0 21.0 21.0 21.0 21.0 21.0 21.0 21.0 21.0 21.0 21.0 21.0 21.0 21.0 21.0 21.0 21.0 21.0 21.0
0 0 0 0 0 0 0 0 0 0 0 0 0 0 0 0 0 0 0 0 0 0 0 0 0 0 0 0 0 0 0 0 0 0 0 0 0 0 0 0 0 0 0 0 0 0.36 0.72 1.08 1.43 1.79 2.15 2.15 2.15 2.87 3.58 4.3 5.02 5.73 6.45 6.45 6.45 7.1 7.75 8.4 9.05 9.7 10.35 10.35 10.35 11.04 11.74 12.43 13.12 13.82 14.51 14.51 14.51 15.21 15.9 16.6 17.29 17.98 18.68 18.68 18.68 19.33 19.98 20.63 21.28 21.93 22.58 22.58 22.58 23.29 24.01 24.73 25.44 26.16 26.88 26.88 26.88 27.52 28.17 28.82 29.47 30.12 30.77 30.77 30.77 31.47 32.16 32.85 33.55 34.24 34.94 34.94 34.94 35.63 36.33 37.02 37.71 38.41 39.1 39.1 39.1 39.75 40.4 41.05 41.7 42.35 43.0 43.0 43.0 43.72 44.43 45.15 45.87 46.58 47.3 47.3 47.3 47.66 48.02 48.38 48.73 49.09 49.45 49.45 49.45 49.45 49.45 49.45 49.45 49.45 49.45 49.45 49.45 49.45 49.45 49.45 49.45 49.45 49.45 49.45 49.45 49.45 49.45 49.45 49.45 49.45 49.45 49.45 49.45 49.45 49.45 49.45 49.45 49.45 49.45 49.45 49.45 49.45 49.45 49.45 49.45 49.45 49.45 49.45 49.45 49.45 49.45 49.45 49.45 49.45 49.45 49.45 49.45 49.45 49.45 49.45 49.45 49.45 49.45 49.45 49.45 49.45 49.45 49.45 49.45 49.45 49.45 49.45 49.45 49.09 48.73 48.38 48.02 47.66 47.3 47.3 47.3 46.58 45.87 45.15 44.43 43.72 43.0 43.0 43.0 42.35 41.7 41.05 40.4 39.75 39.1 39.1 39.1 38.41 37.71 37.02 36.33 35.63 34.94 34.94 34.94 34.24 33.55 32.85 32.16 31.47 30.77 30.77 30.77 30.12 29.47 28.82 28.17 27.52 26.88 26.88 26.88 26.16 25.44 24.73 24.01 23.29 22.58 22.58 22.58 21.93 21.28 20.63 19.98 19.33 18.68 18.68 18.68 17.98 17.29 16.6 15.9 15.21 14.51 14.51 14.51 13.82 13.12 12.43 11.74 11.04 10.35 10.35 10.35 9.7 9.05 8.4 7.75 7.1 6.45 6.45 6.45 5.73 5.02 4.3 3.58 2.87 2.15 2.15 2.15 1.79 1.43 1.08 0.72 0.36 0 0 0 0 0 0 0 0 0 0 0 0 0 0 0 0 0 0 0 0 0 0 0 0 0 0 0 0 0 0 0 0 0 0 0 0 0 0 0 0 0 0 0 0 0 0
6391688443.0
830542806.0
0.00633
0.00326
agregarAgente --DemandaFija
604.65 534.81 464.98 464.98 464.98 510.06 555.15 600.24 645.33 690.41 735.5 735.5 735.5 760.23 784.95 809.68 834.4 859.13 883.85 883.85 883.85 843.41 802.98 762.54 722.1 681.66 641.23 641.23 641.23 673.68 706.13 738.58 771.03 803.48 835.93 835.93 835.93 866.56 897.2 927.84 958.47 989.11 1019.75 1019.75 1019.75 933.2 846.65 760.1 673.55 587.0 500.45 500.45 500.45 517.11 533.78 550.44 567.1 583.76 600.43 600.43 600.43 618.15 635.88 653.6 671.33 689.05 706.78 706.78 706.78 631.76 556.75 481.74 406.73 331.71 256.7 256.7 256.7 341.98 427.25 512.53 597.8 683.08 768.35 768.35 768.35 757.58 746.8 736.03 725.25 714.48 703.7 703.7 703.7 614.48 525.25 436.03 346.8 257.58 168.35 168.35 168.35 229.38 290.4 351.42 412.45 473.48 534.5 534.5 534.5 535.26 536.03 536.79 537.55 538.31 539.08 539.08 539.08 484.75 430.43 376.1 321.78 267.45 213.13 213.13 213.13 303.39 393.65 483.91 574.18 664.44 754.7 754.7 754.7 718.94 683.18 647.41 611.65 575.89 540.13 540.13 540.13 462.24 384.35 306.46 228.58 150.69 72.8 72.8 72.8 98.75 124.7 150.65 176.6 202.55 228.5 228.5 228.5 261.49 294.48 327.46 360.45 393.44 426.43 426.43 426.43 442.2 457.98 473.75 489.53 505.3 521.08 521.08 521.08 548.01 574.95 601.89 628.83 655.76 682.7 682.7 682.7 661.23 639.75 618.28 596.8 575.33 553.85 553.85 553.85 525.25 496.65 468.05 439.45 410.85 382.25 382.25 382.25 403.41 424.58 445.74 466.9 488.06 509.23 509.23 509.23 492.65 476.08 459.5 442.93 426.35 409.78 409.78 409.78 375.05 340.33 305.6 270.88 236.15 201.43 201.43 201.43 280.58 359.73 438.88 518.03 597.18 676.33 676.33 676.33 721.29 766.25 811.21 856.18 901.14 946.1 946.1 946.1 882.9 819.7 756.5 693.3 630.1 566.9 566.9 566.9 613.28 659.65 706.03 752.4 798.78 845.15 845.15 845.15 822.63 800.1 777.58 755.05 732.53 710.0 710.0 710.0 653.49 596.98 540.46 483.95 427.44 370.93 370.93 370.93 426.34 481.75 537.16 592.58 647.99 703.4 703.4 703.4 711.93 720.45 728.98 737.5 746.03 754.55 754.55 754.55 664.49 574.43 484.36 394.3 304.24 214.18 214.18 214.18 264.76 315.35 365.94 416.53 467.11 517.7 517.7 517.7 559.57 601.45 643.33 685.2 727.08 768.95 768.95 768.95 743.74 718.53 693.31 668.1 642.89 617.68 617.68 617.68 638.9 660.13 681.35 702.58 723.8 745.03 745.03 745.03 734.18 723.33 712.48 701.63 690.78 679.93 679.93 679.93 647.05 614.18 581.3 548.43 515.55 482.67 482.67 482.67 540.99 599.3 657.61 715.93 774.24 832.55 832.55 832.55 852.86 873.18 893.49 913.8 934.11 954.43 954.43 954.43 912.24 870.05 827.86
crearDespacho --fija
1600.0
configurarSolver --Gurobi
resolver --noConstante ejecuciones/bancos/recombinados/v1/directo/simple/v1_simple_000246.csv
finalizar
