inicializar --t 360
agregarAgente --RioNegro
0.48 0.24 0 0 0 0 0 0 0 0 0 0 0 0 0 0 0 0 0 0 0 0 0 0 0 0 0 0 0 0 0 0 0 0 0 0 0 0 0 0 0 0 0 0 0 0 0 0 0 0 0 0 0 0 0 0 0 0 0 0 0 0 0 0 0 0 0 0 0 0 0 0 0 0 0 0 0 0 0 0 0 0 0 0 0 0 0 0 0 0 0 0 0 0 0 0 0 0 0 0 0 0 0 0 0 0 0 0 0 0 0 0 0 0 0 0 0 0 0 0 0 0 0 0 0 0 0 0 0 0 0 0 0 0 0 0 0 0 0 0 0 0 0 0 0 0 0 0 0 0 0 0 0 0 0 0 0 0 0 0 0 0 0 0 0 0 0 0 0 0 0 0 0 0 0 0 0 0 0 0 0 0 0 0 0 0 0 0 0 0 0 0 0 0 0 0 0 0 0 0 0 0 0 0 0 0 0 0 0 0 0 0 0 0 0 0 0 0 0 0 0 0 0 0 0 0 0 0 0 0 0 0 0 0 0 0 0 0 0 0 0 0 0 0 0 0 0 0 0 0 0 0 0 0 0 0 0 0 0 0 0 0 0 0 0 0 0 0 0 0 0 0 0 0 0 0 0 0 0 0 0 0 0 0 0 0 0 0 0 0 0 0 0 0 0 0 0 0 0 0 0 0 0 0 0 0 0 0 0 0 0 0 0 0 0 0 0 0 0 0 0 0 0 0 0 0 0 0 0 0 0 0 0 0 0 0 0 0 0 0 0 0 0 0 0 0 0 0 0 0 0 0 0 0 0 0 0 0 0 0
32.98 33.24 33.5 33.5 33.5 33.5 33.5 33.5 33.5 33.5 33.5 33.5 33.5 33.5 33.5 33.5 33.5 33.5 33.5 33.5 33.5 33.5 33.5 33.5 33.5 33.5 33.5 33.5 33.5 33.5 33.5 33.5 33.5 33.5 33.5 33.5 33.5 33.5 33.5 33.5 33.5 33.5 33.5 33.5 33.5 33.5 33.5 33.5 33.5 33.5 33.5 33.5 33.5 33.5 33.5 33.5 33.5 33.5 33.5 33.5 33.5 33.5 33.5 33.5 33.5 33.5 33.5 33.5 33.5 33.24 32.98 32.72 32.46 32.2 31.94 31.94 31.94 31.48 31.02 30.56 30.1 29.65 29.19 29.19 29.19 28.72 28.25 27.78 27.31 26.84 26.38 26.38 26.38 25.93 25.48 25.03 24.58 24.14 23.69 23.69 23.69 23.22 22.75 22.28 21.81 21.34 20.88 20.88 20.88 20.43 19.98 19.53 19.08 18.64 18.19 18.19 18.19 17.71 17.23 16.75 16.27 15.79 15.31 15.31 15.31 14.86 14.42 13.97 13.52 13.07 12.63 12.63 12.63 12.16 11.69 11.22 10.75 10.28 9.81 9.81 9.81 9.36 8.92 8.47 8.02 7.57 7.13 7.13 7.13 6.66 6.19 5.72 5.25 4.78 4.31 4.31 4.31 3.85 3.4 2.94 2.48 2.02 1.56 1.56 1.56 1.3 1.04 0.78 0.52 0.26 0 0 0 0 0 0 0 0 0 0 0 0 0 0 0 0 0 0 0 0 0 0 0 0 0 0 0 0 0 0 0 0 0 0 0 0 0 0 0 0 0 0 0 0 0 0 0 0 0 0 0 0 0 0 0 0 0 0 0 0 0 0 0 0 0 0 0 0.23 0.46 0.69 0.92 1.15 1.38 1.38 1.38 1.75 2.13 2.5 2.88 3.25 3.63 3.63 3.63 4.03 4.44 4.84 5.25 5.66 6.06 6.06 6.06 6.45 6.83 7.22 7.6 7.99 8.38 8.38 8.38 8.77 9.17 9.56 9.96 10.35 10.75 10.75 10.75 11.14 11.52 11.91 12.29 12.68 13.06 13.06 13.06 13.46 13.85 14.25 14.65 15.04 15.44 15.44 15.44 15.82 16.21 16.59 16.98 17.36 17.75 17.75 17.75 18.15 18.54 18.94 19.33 19.73 20.13 20.13 20.13 20.51 20.9 21.28 21.67 22.05 22.44 22.44 22.44 22.84 23.25 23.66 24.06 24.47 24.88 24.88 24.88 25.25 25.63 26.0 26.38 26.75 27.13 27.13 27.13 27.35 27.58 27.81 28.04 28.27 28.5 28.5 28.5 28.5 28.5 28.5 28.5 28.5 28.5 28.5 28.5 28.5 28.5 28.5 28.5 28.5 28.5 28.5 28.5 28.5 28.5 28.5
1.03 0.52 0 0 0 0 0 0 0 0 0 0 0 0 0 0 0 0 0 0 0 0 0 0 0 0 0 0 0 0 0 0 0 0 0 0 0 0 0 0 0 0 0 0 0 0 0 0 0 0 0 0 0 0 0 0 0 0 0 0 0 0 0 0 0 0 0 0 0 0.22 0.45 0.67 0.9 1.12 1.34 1.34 1.34 1.77 2.19 2.62 3.05 3.47 3.9 3.9 3.9 4.3 4.7 5.11 5.51 5.91 6.32 6.32 6.32 6.74 7.17 7.59 8.02 8.44 8.87 8.87 8.87 9.29 9.72 10.15 10.57 11.0 11.42 11.42 11.42 11.83 12.23 12.63 13.03 13.44 13.84 13.84 13.84 14.24 14.65 15.05 15.45 15.86 16.26 16.26 16.26 16.66 17.07 17.47 17.87 18.27 18.68 18.68 18.68 19.1 19.53 19.95 20.38 20.81 21.23 21.23 21.23 21.66 22.08 22.51 22.93 23.36 23.78 23.78 23.78 24.19 24.59 24.99 25.4 25.8 26.2 26.2 26.2 26.63 27.05 27.48 27.91 28.33 28.76 28.76 28.76 28.98 29.2 29.43 29.65 29.88 30.1 30.1 30.1 30.1 30.1 30.1 30.1 30.1 30.1 30.1 30.1 30.1 30.1 30.1 30.1 30.1 30.1 30.1 30.1 30.1 30.1 30.1 30.1 30.1 30.1 30.1 30.1 30.1 30.1 30.1 30.1 30.1 30.1 30.1 30.1 30.1 30.1 30.1 30.1 30.1 30.1 30.1 30.1 30.1 30.1 30.1 30.1 30.1 30.1 30.1 30.1 30.1 30.1 30.1 30.1 30.1 30.1 30.1 30.1 30.1 30.1 30.1 30.1 30.1 30.1 30.1 30.1 29.88 29.65 29.43 29.2 28.98 28.76 28.76 28.76 28.33 27.91 27.48 27.05 26.63 26.2 26.2 26.2 25.8 25.4 24.99 24.59 24.19 23.78 23.78 23.78 23.36 22.93 22.51 22.08 21.66 21.23 21.23 21.23 20.81 20.38 19.95 19.53 19.1 18.68 18.68 18.68 18.27 17.87 17.47 17.07 16.66 16.26 16.26 16.26 15.86 15.45 15.05 14.65 14.24 13.84 13.84 13.84 13.44 13.03 12.63 12.23 11.83 11.42 11.42 11.42 11.0 10.57 10.15 9.72 9.29 8.87 8.87 8.87 8.44 8.02 7.59 7.17 6.74 6.32 6.32 6.32 5.91 5.51 5.11 4.7 4.3 3.9 3.9 3.9 3.47 3.05 2.62 2.19 1.77 1.34 1.34 1.34 1.12 0.9 0.67 0.45 0.22 0 0 0 0 0 0 0 0 0 0 0 0 0 0 0 0 0 0 0 0 0 0
6621704071.0
879755606.0
0.00633
0.00326
agregarAgente --DemandaFija
25.8 22.58 19.35 19.35 19.35 21.12 22.88 24.65 26.42 28.18 29.95 29.95 29.95 40.41 50.87 61.33 71.78 82.24 92.7 92.7 92.7 101.05 109.4 117.75 126.1 134.45 142.8 142.8 142.8 138.17 133.53 128.9 124.27 119.63 115.0 115.0 115.0 130.96 146.92 162.88 178.83 194.79 210.75 210.75 210.75 244.28 277.82 311.35 344.88 378.42 411.95 411.95 411.95 424.08 436.2 448.33 460.45 472.58 484.7 484.7 484.7 499.33 513.97 528.6 543.23 557.87 572.5 572.5 572.5 523.0 473.5 424.0 374.5 325.0 275.5 275.5 275.5 250.18 224.87 199.55 174.23 148.92 123.6 123.6 123.6 119.24 114.88 110.53 106.17 101.81 97.45 97.45 97.45 91.31 85.17 79.03 72.88 66.74 60.6 60.6 60.6 81.71 102.82 123.93 145.03 166.14 187.25 187.25 187.25 203.14 219.03 234.93 250.82 266.71 282.6 282.6 282.6 265.05 247.5 229.95 212.4 194.85 177.3 177.3 177.3 178.36 179.42 180.48 181.53 182.59 183.65 183.65 183.65 182.43 181.22 180.0 178.78 177.57 176.35 176.35 176.35 177.08 177.8 178.53 179.25 179.98 180.7 180.7 180.7 175.18 169.67 164.15 158.63 153.12 147.6 147.6 147.6 139.91 132.22 124.53 116.83 109.14 101.45 101.45 101.45 116.58 131.72 146.85 161.98 177.12 192.25 192.25 192.25 200.26 208.27 216.28 224.28 232.29 240.3 240.3 240.3 247.96 255.62 263.28 270.93 278.59 286.25 286.25 286.25 284.11 281.97 279.83 277.68 275.54 273.4 273.4 273.4 269.49 265.58 261.68 257.77 253.86 249.95 249.95 249.95 248.02 246.08 244.15 242.22 240.28 238.35 238.35 238.35 231.21 224.07 216.93 209.78 202.64 195.5 195.5 195.5 195.63 195.77 195.9 196.03 196.17 196.3 196.3 196.3 196.15 196.0 195.85 195.7 195.55 195.4 195.4 195.4 200.85 206.3 211.75 217.2 222.65 228.1 228.1 228.1 231.69 235.28 238.88 242.47 246.06 249.65 249.65 249.65 250.23 250.82 251.4 251.98 252.57 253.15 253.15 253.15 234.38 215.62 196.85 178.08 159.32 140.55 140.55 140.55 131.02 121.48 111.95 102.42 92.88 83.35 83.35 83.35 106.7 130.05 153.4 176.75 200.1 223.45 223.45 223.45 192.64 161.83 131.03 100.22 69.41 38.6 38.6 38.6 75.93 113.27 150.6 187.93 225.27 262.6 262.6 262.6 264.02 265.43 266.85 268.27 269.68 271.1 271.1 271.1 235.03 198.97 162.9 126.83 90.77 54.7 54.7 54.7 86.71 118.72 150.73 182.73 214.74 246.75 246.75 246.75 245.98 245.2 244.43 243.65 242.88 242.1 242.1 242.1 230.27 218.43 206.6 194.77 182.93 171.1 171.1 171.1 209.68 248.25 286.83 325.4 363.97 402.55 402.55 402.55 401.7 400.85 400.0 399.15 398.3 397.45 397.45 397.45 362.13 326.8 291.48
crearDespacho --fija
1600.0
configurarSolver --Gurobi
resolver --noConstante ejecuciones/bancos/recombinados/v1/directo/simple/v1_simple_000397.csv
finalizar
