inicializar --t 360
agregarAgente --RioNegro
161.28 161.28 161.28 161.28 161.28 161.28 161.28 161.28 161.28 161.28 161.28 161.28 161.28 161.28 161.28 161.28 161.28 161.28 161.28 161.28 161.28 161.28 161.28 161.28 161.28 161.28 161.28 161.28 161.28 161.28 161.28 161.28 161.28 161.28 161.28 161.28 161.28 161.28 161.28 161.28 161.28 161.28 161.28 161.28 161.28 168.62 175.96 183.3 190.64 197.98 205.32 205.32 205.32 218.38 231.44 244.5 257.56 270.62 283.68 283.68 283.68 296.78 309.88 322.98 336.08 349.18 362.28 362.28 362.28 375.32 388.36 401.4 414.44 427.48 440.52 440.52 440.52 453.58 466.64 479.7 492.76 505.82 518.88 518.88 518.88 531.94 545.0 558.06 571.12 584.18 597.24 597.24 597.24 610.32 623.4 636.48 649.56 662.64 675.72 675.72 675.72 688.78 701.84 714.9 727.96 741.02 754.08 754.08 754.08 767.14 780.2 793.26 806.32 819.38 832.44 832.44 832.44 845.48 858.52 871.56 884.6 897.64 910.68 910.68 910.68 923.78 936.88 949.98 963.08 976.18 989.28 989.28 989.28 1002.34 1015.4 1028.46 1041.52 1054.58 1067.64 1067.64 1067.64 1074.98 1082.32 1089.66 1097.0 1104.34 1111.68 1111.68 1111.68 1111.68 1111.68 1111.68 1111.68 1111.68 1111.68 1111.68 1111.68 1111.68 1111.68 1111.68 1111.68 1111.68 1111.68 1111.68 1111.68 1111.68 1111.68 1111.68 1111.68 1111.68 1111.68 1111.68 1111.68 1111.68 1111.68 1111.68 1111.68 1111.68 1111.68 1111.68 1111.68 1111.68 1111.68 1111.68 1111.68 1111.68 1111.68 1111.68 1111.68 1111.68 1111.68 1111.68 1111.68 1111.68 1111.68 1111.68 1111.68 1111.68 1111.68 1111.68 1111.68 1111.68 1111.68 1111.68 1111.68 1111.68 1111.68 1111.68 1111.68 1111.68 1111.68 1111.68 1111.68 1105.66 1099.64 1093.62 1087.6 1081.58 1075.56 1075.56 1075.56 1064.84 1054.12 1043.4 1032.68 1021.96 1011.24 1011.24 1011.24 1000.52 989.8 979.08 968.36 957.64 946.92 946.92 946.92 936.2 925.48 914.76 904.04 893.32 882.6 882.6 882.6 871.9 861.2 850.5 839.8 829.1 818.4 818.4 818.4 807.68 796.96 786.24 775.52 764.8 754.08 754.08 754.08 743.36 732.64 721.92 711.2 700.48 689.76 689.76 689.76 679.04 668.32 657.6 646.88 636.16 625.44 625.44 625.44 614.74 604.04 593.34 582.64 571.94 561.24 561.24 561.24 550.52 539.8 529.08 518.36 507.64 496.92 496.92 496.92 486.2 475.48 464.76 454.04 443.32 432.6 432.6 432.6 421.88 411.16 400.44 389.72 379.0 368.28 368.28 368.28 362.26 356.24 350.22 344.2 338.18 332.16 332.16 332.16 332.16 332.16 332.16 332.16 332.16 332.16 332.16 332.16 332.16 332.16 332.16 332.16 332.16 332.16 332.16 332.16 332.16 332.16 332.16 332.16 332.16 332.16 332.16 332.16 332.16 332.16 332.16 332.16 332.16 332.16 332.16 332.16 332.16 332.16 332.16 332.16 332.16 332.16 332.16 332.16 332.16 332.16 332.16
0.4 0.4 0.4 0.4 0.4 0.4 0.4 0.4 0.4 0.4 0.4 0.4 0.4 0.4 0.4 0.4 0.4 0.4 0.4 0.4 0.4 0.4 0.4 0.4 0.4 0.4 0.4 0.4 0.4 0.4 0.4 0.4 0.4 0.4 0.4 0.4 0.4 0.6 0.8 1.0 1.2 1.4 1.6 1.6 1.6 4.6 7.6 10.6 13.6 16.6 19.6 19.6 19.6 25.05 30.5 35.95 41.4 46.85 52.3 52.3 52.3 57.65 63.0 68.35 73.7 79.05 84.4 84.4 84.4 89.78 95.17 100.55 105.93 111.32 116.7 116.7 116.7 122.12 127.53 132.95 138.37 143.78 149.2 149.2 149.2 154.53 159.87 165.2 170.53 175.87 181.2 181.2 181.2 186.67 192.13 197.6 203.07 208.53 214.0 214.0 214.0 219.33 224.67 230.0 235.33 240.67 246.0 246.0 246.0 251.42 256.83 262.25 267.67 273.08 278.5 278.5 278.5 283.88 289.27 294.65 300.03 305.42 310.8 310.8 310.8 316.15 321.5 326.85 332.2 337.55 342.9 342.9 342.9 348.35 353.8 359.25 364.7 370.15 375.6 375.6 375.6 378.6 381.6 384.6 387.6 390.6 393.6 393.6 393.6 393.6 393.6 393.6 393.6 393.6 393.6 393.6 393.6 393.6 393.6 393.6 393.6 393.6 393.6 393.6 393.6 393.6 393.6 393.6 393.6 393.6 393.6 393.6 393.6 393.6 393.6 393.6 393.6 393.6 393.6 393.6 393.6 393.6 393.6 393.6 393.6 393.6 393.6 393.6 393.6 393.6 393.6 393.6 393.6 393.6 393.6 393.6 393.6 393.6 393.6 393.6 393.6 393.6 393.6 393.6 393.6 393.6 393.6 393.6 393.6 393.6 393.6 393.6 393.6 390.6 387.6 384.6 381.6 378.6 375.6 375.6 375.6 370.13 364.67 359.2 353.73 348.27 342.8 342.8 342.8 337.47 332.13 326.8 321.47 316.13 310.8 310.8 310.8 305.33 299.87 294.4 288.93 283.47 278.0 278.0 278.0 272.67 267.33 262.0 256.67 251.33 246.0 246.0 246.0 240.53 235.07 229.6 224.13 218.67 213.2 213.2 213.2 207.87 202.53 197.2 191.87 186.53 181.2 181.2 181.2 175.73 170.27 164.8 159.33 153.87 148.4 148.4 148.4 143.07 137.73 132.4 127.07 121.73 116.4 116.4 116.4 110.93 105.47 100.0 94.53 89.07 83.6 83.6 83.6 78.27 72.93 67.6 62.27 56.93 51.6 51.6 51.6 46.13 40.67 35.2 29.73 24.27 18.8 18.8 18.8 15.8 12.8 9.8 6.8 3.8 0.8 0.8 0.8 0.8 0.8 0.8 0.8 0.8 0.8 0.8 0.8 0.8 0.8 0.8 0.8 0.8 0.8 0.8 0.8 0.8 0.8 0.8 0.8 0.8 0.8 0.8 0.8 0.8 0.8 0.8 0.8 0.8 0.8 0.8 0.8 0.8 0.8 0.8 0.8 0.8 0.8 0.8 0.8 0.8 0.8 0.8
15.4 15.4 15.4 15.4 15.4 15.4 15.4 15.4 15.4 15.4 15.4 15.4 15.4 15.4 15.4 15.4 15.4 15.4 15.4 15.4 15.4 15.4 15.4 15.4 15.4 15.4 15.4 15.4 15.4 15.4 15.4 15.4 15.4 15.4 15.4 15.4 15.4 15.4 15.4 15.4 15.4 15.4 15.4 15.4 15.4 16.29 17.18 18.07 18.96 19.85 20.74 20.74 20.74 22.31 23.89 25.46 27.04 28.61 30.19 30.19 30.19 31.78 33.37 34.96 36.55 38.14 39.72 39.72 39.72 41.29 42.85 44.41 45.97 47.53 49.09 49.09 49.09 50.68 52.27 53.86 55.45 57.04 58.62 58.62 58.62 60.19 61.75 63.31 64.87 66.43 67.99 67.99 67.99 69.59 71.2 72.8 74.4 76.01 77.61 77.61 77.61 79.17 80.73 82.29 83.85 85.41 86.98 86.98 86.98 88.56 90.15 91.74 93.33 94.92 96.51 96.51 96.51 98.07 99.63 101.19 102.75 104.31 105.88 105.88 105.88 107.46 109.05 110.64 112.23 113.82 115.41 115.41 115.41 116.99 118.56 120.14 121.71 123.29 124.86 124.86 124.86 125.75 126.64 127.53 128.42 129.31 130.2 130.2 130.2 130.2 130.2 130.2 130.2 130.2 130.2 130.2 130.2 130.2 130.2 130.2 130.2 130.2 130.2 130.2 130.2 130.2 130.2 130.2 130.2 130.2 130.2 130.2 130.2 130.2 130.2 130.2 130.2 130.2 130.2 130.2 130.2 130.2 130.2 130.2 130.2 130.2 130.2 130.2 130.2 130.2 130.2 130.2 130.2 130.2 130.2 130.2 130.2 130.2 130.2 130.2 130.2 130.2 130.2 130.2 130.2 130.2 130.2 130.2 130.2 130.2 130.2 130.2 130.2 132.3 134.4 136.5 138.6 140.7 142.8 142.8 142.8 146.53 150.27 154.0 157.73 161.47 165.2 165.2 165.2 168.93 172.67 176.4 180.13 183.87 187.6 187.6 187.6 191.33 195.07 198.8 202.53 206.27 210.0 210.0 210.0 213.73 217.47 221.2 224.93 228.67 232.4 232.4 232.4 236.13 239.87 243.6 247.33 251.07 254.8 254.8 254.8 258.42 262.03 265.65 269.27 272.88 276.5 276.5 276.5 280.23 283.97 287.7 291.43 295.17 298.9 298.9 298.9 302.63 306.37 310.1 313.83 317.57 321.3 321.3 321.3 325.03 328.77 332.5 336.23 339.97 343.7 343.7 343.7 347.43 351.17 354.9 358.63 362.37 366.1 366.1 366.1 369.83 373.57 377.3 381.03 384.77 388.5 388.5 388.5 390.6 392.7 394.8 396.9 399.0 401.1 401.1 401.1 401.1 401.1 401.1 401.1 401.1 401.1 401.1 401.1 401.1 401.1 401.1 401.1 401.1 401.1 401.1 401.1 401.1 401.1 401.1 401.1 401.1 401.1 401.1 401.1 401.1 401.1 401.1 401.1 401.1 401.1 401.1 401.1 401.1 401.1 401.1 401.1 401.1 401.1 401.1 401.1 401.1 401.1 401.1
2402094772.0
1488361289.0
0.00633
0.00326
agregarAgente --DemandaFija
604.65 534.81 464.98 464.98 464.98 510.06 555.15 600.24 645.33 690.41 735.5 735.5 735.5 760.23 784.95 809.68 834.4 859.13 883.85 883.85 883.85 843.41 802.98 762.54 722.1 681.66 641.23 641.23 641.23 673.68 706.13 738.58 771.03 803.48 835.93 835.93 835.93 866.56 897.2 927.84 958.47 989.11 1019.75 1019.75 1019.75 933.2 846.65 760.1 673.55 587.0 500.45 500.45 500.45 517.11 533.78 550.44 567.1 583.76 600.43 600.43 600.43 618.15 635.88 653.6 671.33 689.05 706.78 706.78 706.78 631.76 556.75 481.74 406.73 331.71 256.7 256.7 256.7 341.98 427.25 512.53 597.8 683.08 768.35 768.35 768.35 757.58 746.8 736.03 725.25 714.48 703.7 703.7 703.7 614.48 525.25 436.03 346.8 257.58 168.35 168.35 168.35 229.38 290.4 351.42 412.45 473.48 534.5 534.5 534.5 535.26 536.03 536.79 537.55 538.31 539.08 539.08 539.08 484.75 430.43 376.1 321.78 267.45 213.13 213.13 213.13 303.39 393.65 483.91 574.18 664.44 754.7 754.7 754.7 718.94 683.18 647.41 611.65 575.89 540.13 540.13 540.13 462.24 384.35 306.46 228.58 150.69 72.8 72.8 72.8 98.75 124.7 150.65 176.6 202.55 228.5 228.5 228.5 261.49 294.48 327.46 360.45 393.44 426.43 426.43 426.43 442.2 457.98 473.75 489.53 505.3 521.08 521.08 521.08 548.01 574.95 601.89 628.83 655.76 682.7 682.7 682.7 661.23 639.75 618.28 596.8 575.33 553.85 553.85 553.85 525.25 496.65 468.05 439.45 410.85 382.25 382.25 382.25 403.41 424.58 445.74 466.9 488.06 509.23 509.23 509.23 492.65 476.08 459.5 442.93 426.35 409.78 409.78 409.78 375.05 340.33 305.6 270.88 236.15 201.43 201.43 201.43 280.58 359.73 438.88 518.03 597.18 676.33 676.33 676.33 721.29 766.25 811.21 856.18 901.14 946.1 946.1 946.1 882.9 819.7 756.5 693.3 630.1 566.9 566.9 566.9 613.28 659.65 706.03 752.4 798.78 845.15 845.15 845.15 822.63 800.1 777.58 755.05 732.53 710.0 710.0 710.0 653.49 596.98 540.46 483.95 427.44 370.93 370.93 370.93 426.34 481.75 537.16 592.58 647.99 703.4 703.4 703.4 711.93 720.45 728.98 737.5 746.03 754.55 754.55 754.55 664.49 574.43 484.36 394.3 304.24 214.18 214.18 214.18 264.76 315.35 365.94 416.53 467.11 517.7 517.7 517.7 559.57 601.45 643.33 685.2 727.08 768.95 768.95 768.95 743.74 718.53 693.31 668.1 642.89 617.68 617.68 617.68 638.9 660.13 681.35 702.58 723.8 745.03 745.03 745.03 734.18 723.33 712.48 701.63 690.78 679.93 679.93 679.93 647.05 614.18 581.3 548.43 515.55 482.67 482.67 482.67 540.99 599.3 657.61 715.93 774.24 832.55 832.55 832.55 852.86 873.18 893.49 913.8 934.11 954.43 954.43 954.43 912.24 870.05 827.86
crearDespacho --fija
1600.0
configurarSolver --Gurobi
resolver --noConstante ejecuciones/bancos/recombinados/v1/directo/simple/v1_simple_000059.csv
finalizar
