inicializar --t 360
agregarAgente --RioNegro
29.97 29.78 29.6 29.6 29.6 29.6 29.6 29.6 29.6 29.6 29.6 29.6 29.6 29.6 29.6 29.6 29.6 29.6 29.6 29.6 29.6 29.6 29.6 29.6 29.6 29.6 29.6 29.6 29.6 29.6 29.6 29.6 29.6 29.6 29.6 29.6 29.6 29.6 29.6 29.6 29.6 29.6 29.6 29.6 29.6 29.6 29.6 29.6 29.6 29.6 29.6 29.6 29.6 29.6 29.6 29.6 29.6 29.6 29.6 29.6 29.6 29.6 29.6 29.6 29.6 29.6 29.6 29.6 29.6 29.6 29.6 29.6 29.6 29.6 29.6 29.6 29.6 29.6 29.6 29.6 29.6 29.6 29.6 29.6 29.6 29.6 29.6 29.6 29.6 29.6 29.6 29.6 29.6 29.47 29.33 29.2 29.07 28.93 28.8 28.8 28.8 28.8 28.8 28.8 28.8 28.8 28.8 28.8 28.8 28.8 28.8 28.8 28.8 28.8 28.8 28.8 28.8 28.8 28.8 28.8 28.8 28.8 28.8 28.8 28.8 28.8 28.8 28.8 28.8 28.8 28.8 28.8 28.8 28.8 28.8 28.8 28.8 28.8 28.8 28.8 28.8 28.67 28.53 28.4 28.27 28.13 28.0 28.0 28.0 28.0 28.0 28.0 28.0 28.0 28.0 28.0 28.0 28.0 28.0 28.0 28.0 28.0 28.0 28.0 28.0 28.0 28.0 28.0 28.0 28.0 28.0 28.0 28.0 28.0 28.0 28.0 28.0 28.0 28.0 28.0 28.0 28.0 28.0 28.0 28.0 28.0 28.0 28.0 28.0 28.0 28.0 28.0 28.0 28.0 28.0 28.0 28.0 28.0 28.0 28.0 28.0 28.0 28.0 28.0 28.0 28.0 28.0 28.0 28.0 28.0 28.0 28.0 28.0 28.0 28.0 28.0 28.0 28.0 28.0 28.0 28.0 28.0 28.0 28.0 28.0 28.0 28.0 28.0 28.0 28.0 28.0 28.0 28.0 28.0 28.0 28.0 28.0 28.82 29.63 30.45 31.27 32.08 32.9 32.9 32.9 34.37 35.83 37.3 38.77 40.23 41.7 41.7 41.7 43.17 44.63 46.1 47.57 49.03 50.5 50.5 50.5 51.97 53.43 54.9 56.37 57.83 59.3 59.3 59.3 60.75 62.2 63.65 65.1 66.55 68.0 68.0 68.0 69.47 70.93 72.4 73.87 75.33 76.8 76.8 76.8 78.27 79.73 81.2 82.67 84.13 85.6 85.6 85.6 87.07 88.53 90.0 91.47 92.93 94.4 94.4 94.4 95.85 97.3 98.75 100.2 101.65 103.1 103.1 103.1 104.57 106.03 107.5 108.97 110.43 111.9 111.9 111.9 117.39 122.88 128.37 133.86 139.35 144.84 144.84 144.84 146.6 148.36 150.12 151.88 153.64 155.4 155.4 155.4 156.38 157.36 158.34 159.32 160.3 161.28 161.28 161.28 161.28 161.28 161.28 161.28 161.28 161.28 161.28 161.28 161.28 161.28 161.28 161.28 161.28 161.28 161.28 161.28 161.28 161.28 161.28
0 0 0 0 0 0 0 0 0 0 0 0 0 0 0 0 0 0 0 0 0 0 0 0 0 0 0 0 0 0 0 0 0 0 0 0 0 0 0 0 0 0 0 0 0 0 0 0 0 0 0 0 0 0 0 0 0 0 0 0 0 0 0 0 0 0 0 0 0 0 0 0 0 0 0 0 0 0 0 0 0 0 0 0 0 0 0 0 0 0 0 0 0 0 0 0 0 0 0 0 0 0 0 0 0 0 0 0 0 0 0 0 0 0 0 0 0 0 0 0 0 0 0 0 0 0 0 0 0 0 0 0 0 0 0 0 0 0 0 0 0 0 0 0 0 0 0 0 0 0 0 0 0 0 0 0 0 0 0 0 0 0 0 0 0 0 0 0 0 0 0 0 0 0 0 0 0 0 0 0 0 0 0 0 0 0 0 0 0 0 0 0 0 0 0 0 0 0 0 0 0 0 0 0 0 0 0 0 0 0 0 0 0 0 0 0 0 0 0 0 0 0 0 0 0 0 0 0 0 0 0 0 0 0 0 0 0 0 0 0 0 0 0 0 0 0 0 0 0 0 0 0 0 0 0 0 0 0 0 0 0 0.03 0.07 0.1 0.13 0.17 0.2 0.2 0.2 0.2 0.2 0.2 0.2 0.2 0.2 0.2 0.2 0.2 0.2 0.2 0.2 0.2 0.2 0.2 0.2 0.2 0.2 0.2 0.2 0.2 0.2 0.2 0.2 0.2 0.2 0.2 0.2 0.2 0.2 0.2 0.2 0.2 0.2 0.2 0.2 0.2 0.2 0.2 0.2 0.23 0.27 0.3 0.33 0.37 0.4 0.4 0.4 0.4 0.4 0.4 0.4 0.4 0.4 0.4 0.4 0.4 0.4 0.4 0.4 0.4 0.4 0.4 0.4 0.4 0.4 0.4 0.4 0.4 0.4 0.4 0.4 0.4 0.4 0.4 0.4 0.4 0.4 0.4 0.4 0.4 0.4 0.4 0.4 0.4 0.4 0.4 0.4 0.4 0.4 0.4
38.76 38.98 39.2 39.2 39.2 39.2 39.2 39.2 39.2 39.2 39.2 39.2 39.2 39.2 39.2 39.2 39.2 39.2 39.2 39.2 39.2 39.2 39.2 39.2 39.2 39.2 39.2 39.2 39.2 39.2 39.2 39.2 39.2 39.2 39.2 39.2 39.2 39.2 39.2 39.2 39.2 39.2 39.2 39.2 39.2 39.2 39.2 39.2 39.2 39.2 39.2 39.2 39.2 39.2 39.2 39.2 39.2 39.2 39.2 39.2 39.2 39.2 39.2 39.2 39.2 39.2 39.2 39.2 39.2 39.2 39.2 39.2 39.2 39.2 39.2 39.2 39.2 39.32 39.43 39.55 39.67 39.78 39.9 39.9 39.9 39.9 39.9 39.9 39.9 39.9 39.9 39.9 39.9 40.02 40.13 40.25 40.37 40.48 40.6 40.6 40.6 40.6 40.6 40.6 40.6 40.6 40.6 40.6 40.6 40.72 40.83 40.95 41.07 41.18 41.3 41.3 41.3 41.3 41.3 41.3 41.3 41.3 41.3 41.3 41.3 41.42 41.53 41.65 41.77 41.88 42.0 42.0 42.0 42.0 42.0 42.0 42.0 42.0 42.0 42.0 42.0 42.12 42.23 42.35 42.47 42.58 42.7 42.7 42.7 42.7 42.7 42.7 42.7 42.7 42.7 42.7 42.7 42.82 42.93 43.05 43.17 43.28 43.4 43.4 43.4 43.4 43.4 43.4 43.4 43.4 43.4 43.4 43.4 43.4 43.4 43.4 43.4 43.4 43.4 43.4 43.4 43.4 43.4 43.4 43.4 43.4 43.4 43.4 43.4 43.4 43.4 43.4 43.4 43.4 43.4 43.4 43.4 43.4 43.4 43.4 43.4 43.4 43.4 43.4 43.4 43.4 43.4 43.4 43.4 43.4 43.4 43.4 43.4 43.4 43.4 43.4 43.4 43.4 43.4 43.4 43.4 43.4 43.4 43.4 43.4 43.4 43.4 43.4 43.4 43.4 43.4 43.4 43.4 43.4 43.4 43.4 43.4 43.2 42.99 42.79 42.58 42.38 42.18 42.18 42.18 41.77 41.36 40.95 40.54 40.13 39.72 39.72 39.72 39.36 39.0 38.63 38.27 37.9 37.54 37.54 37.54 37.14 36.75 36.36 35.96 35.57 35.18 35.18 35.18 34.8 34.42 34.04 33.66 33.28 32.9 32.9 32.9 32.51 32.11 31.72 31.33 30.93 30.54 30.54 30.54 30.16 29.78 29.4 29.02 28.64 28.26 28.26 28.26 27.87 27.47 27.08 26.69 26.29 25.9 25.9 25.9 25.52 25.14 24.76 24.38 24.0 23.63 23.63 23.63 23.23 22.84 22.44 22.05 21.66 21.26 21.26 21.26 20.9 20.53 20.17 19.8 19.44 19.08 19.08 19.08 18.67 18.26 17.85 17.44 17.03 16.63 16.63 16.63 16.42 16.22 16.01 15.81 15.6 15.4 15.4 15.4 15.4 15.4 15.4 15.4 15.4 15.4 15.4 15.4 15.4 15.4 15.4 15.4 15.4 15.4 15.4 15.4 15.4 15.4 15.4
3816415747.0
1372554726.0
0.00326
0.00633
agregarAgente --DemandaFija
75.1 47.25 19.4 19.4 19.4 52.05 84.7 117.35 150.0 182.65 215.3 215.3 215.3 180.46 145.62 110.78 75.93 41.09 6.25 6.25 6.25 6.25 6.25 6.25 6.25 6.25 6.25 6.25 6.25 8.74 11.23 13.73 16.22 18.71 21.2 21.2 21.2 20.42 19.63 18.85 18.07 17.28 16.5 16.5 16.5 14.79 13.08 11.38 9.67 7.96 6.25 6.25 6.25 9.34 12.43 15.53 18.62 21.71 24.8 24.8 24.8 31.15 37.5 43.85 50.2 56.55 62.9 62.9 62.9 60.81 58.72 56.63 54.53 52.44 50.35 50.35 50.35 103.41 156.47 209.53 262.58 315.64 368.7 368.7 368.7 360.9 353.1 345.3 337.5 329.7 321.9 321.9 321.9 277.92 233.93 189.95 145.97 101.98 58.0 58.0 58.0 103.18 148.37 193.55 238.73 283.92 329.1 329.1 329.1 318.98 308.87 298.75 288.63 278.52 268.4 268.4 268.4 236.23 204.07 171.9 139.73 107.57 75.4 75.4 75.4 98.73 122.07 145.4 168.73 192.07 215.4 215.4 215.4 233.02 250.63 268.25 285.87 303.48 321.1 321.1 321.1 291.17 261.23 231.3 201.37 171.43 141.5 141.5 141.5 118.96 96.42 73.88 51.33 28.79 6.25 6.25 6.25 28.42 50.58 72.75 94.92 117.08 139.25 139.25 139.25 129.06 118.87 108.68 98.48 88.29 78.1 78.1 78.1 72.73 67.37 62.0 56.63 51.27 45.9 45.9 45.9 56.18 66.45 76.73 87.0 97.27 107.55 107.55 107.55 93.06 78.57 64.08 49.58 35.09 20.6 20.6 20.6 51.45 82.3 113.15 144.0 174.85 205.7 205.7 205.7 217.72 229.73 241.75 253.77 265.78 277.8 277.8 277.8 234.09 190.38 146.68 102.97 59.26 15.55 15.55 15.55 56.07 96.58 137.1 177.62 218.13 258.65 258.65 258.65 259.98 261.3 262.63 263.95 265.28 266.6 266.6 266.6 226.32 186.03 145.75 105.47 65.18 24.9 24.9 24.9 65.35 105.8 146.25 186.7 227.15 267.6 267.6 267.6 268.37 269.13 269.9 270.67 271.43 272.2 272.2 272.2 233.98 195.77 157.55 119.33 81.12 42.9 42.9 42.9 75.82 108.73 141.65 174.57 207.48 240.4 240.4 240.4 252.55 264.7 276.85 289.0 301.15 313.3 313.3 313.3 263.33 213.35 163.38 113.4 63.43 13.45 13.45 13.45 37.18 60.9 84.63 108.35 132.08 155.8 155.8 155.8 169.25 182.7 196.15 209.6 223.05 236.5 236.5 236.5 206.51 176.52 146.53 116.53 86.54 56.55 56.55 56.55 81.58 106.62 131.65 156.68 181.72 206.75 206.75 206.75 229.13 251.52 273.9 296.28 318.67 341.05 341.05 341.05 302.22 263.4 224.58 185.75 146.92 108.1 108.1 108.1 111.66 115.22 118.78 122.33 125.89 129.45 129.45 129.45 164.74 200.03 235.33 270.62 305.91 341.2 341.2 341.2 302.03 262.87 223.7
crearDespacho --fija
3200.0
configurarSolver --Gurobi
resolver --noConstante ejecuciones/bancos/recombinados/v1/directo/simple/v1_simple_000272.csv
finalizar
