inicializar --t 360
agregarAgente --RioNegro
29.97 29.78 29.6 29.6 29.6 29.6 29.6 29.6 29.6 29.6 29.6 29.6 29.6 29.6 29.6 29.6 29.6 29.6 29.6 29.6 29.6 29.6 29.6 29.6 29.6 29.6 29.6 29.6 29.6 29.6 29.6 29.6 29.6 29.6 29.6 29.6 29.6 29.6 29.6 29.6 29.6 29.6 29.6 29.6 29.6 29.6 29.6 29.6 29.6 29.6 29.6 29.6 29.6 29.6 29.6 29.6 29.6 29.6 29.6 29.6 29.6 29.6 29.6 29.6 29.6 29.6 29.6 29.6 29.6 29.6 29.6 29.6 29.6 29.6 29.6 29.6 29.6 29.6 29.6 29.6 29.6 29.6 29.6 29.6 29.6 29.6 29.6 29.6 29.6 29.6 29.6 29.6 29.6 29.47 29.33 29.2 29.07 28.93 28.8 28.8 28.8 28.8 28.8 28.8 28.8 28.8 28.8 28.8 28.8 28.8 28.8 28.8 28.8 28.8 28.8 28.8 28.8 28.8 28.8 28.8 28.8 28.8 28.8 28.8 28.8 28.8 28.8 28.8 28.8 28.8 28.8 28.8 28.8 28.8 28.8 28.8 28.8 28.8 28.8 28.8 28.8 28.67 28.53 28.4 28.27 28.13 28.0 28.0 28.0 28.0 28.0 28.0 28.0 28.0 28.0 28.0 28.0 28.0 28.0 28.0 28.0 28.0 28.0 28.0 28.0 28.0 28.0 28.0 28.0 28.0 28.0 28.0 28.0 28.0 28.0 28.0 28.0 28.0 28.0 28.0 28.0 28.0 28.0 28.0 28.0 28.0 28.0 28.0 28.0 28.0 28.0 28.0 28.0 28.0 28.0 28.0 28.0 28.0 28.0 28.0 28.0 28.0 28.0 28.0 28.0 28.0 28.0 28.0 28.0 28.0 28.0 28.0 28.0 28.0 28.0 28.0 28.0 28.0 28.0 28.0 28.0 28.0 28.0 28.0 28.0 28.0 28.0 28.0 28.0 28.0 28.0 28.0 28.0 28.0 28.0 28.0 28.0 28.82 29.63 30.45 31.27 32.08 32.9 32.9 32.9 34.37 35.83 37.3 38.77 40.23 41.7 41.7 41.7 43.17 44.63 46.1 47.57 49.03 50.5 50.5 50.5 51.97 53.43 54.9 56.37 57.83 59.3 59.3 59.3 60.75 62.2 63.65 65.1 66.55 68.0 68.0 68.0 69.47 70.93 72.4 73.87 75.33 76.8 76.8 76.8 78.27 79.73 81.2 82.67 84.13 85.6 85.6 85.6 87.07 88.53 90.0 91.47 92.93 94.4 94.4 94.4 95.85 97.3 98.75 100.2 101.65 103.1 103.1 103.1 104.57 106.03 107.5 108.97 110.43 111.9 111.9 111.9 117.39 122.88 128.37 133.86 139.35 144.84 144.84 144.84 146.6 148.36 150.12 151.88 153.64 155.4 155.4 155.4 156.38 157.36 158.34 159.32 160.3 161.28 161.28 161.28 161.28 161.28 161.28 161.28 161.28 161.28 161.28 161.28 161.28 161.28 161.28 161.28 161.28 161.28 161.28 161.28 161.28 161.28 161.28
0 0 0 0 0 0 0 0 0 0 0 0 0 0 0 0 0 0 0 0 0 0 0 0 0 0 0 0 0 0 0 0 0 0 0 0 0 0 0 0 0 0 0 0 0 0 0 0 0 0 0 0 0 0 0 0 0 0 0 0 0 0 0 0 0 0 0 0 0 0 0 0 0 0 0 0 0 0 0 0 0 0 0 0 0 0 0 0 0 0 0 0 0 0 0 0 0 0 0 0 0 0 0 0 0 0 0 0 0 0 0 0 0 0 0 0 0 0 0 0 0 0 0 0 0 0 0 0 0 0 0 0 0 0 0 0 0 0 0 0 0 0 0 0 0 0 0 0 0 0 0 0 0 0 0 0 0 0 0 0 0 0 0 0 0 0 0 0 0 0 0 0 0 0 0 0 0 0 0 0 0 0 0 0 0 0 0 0 0 0 0 0 0 0 0 0 0 0 0 0 0 0 0 0 0 0 0 0 0 0 0 0 0 0 0 0 0 0 0 0 0 0 0 0 0 0 0 0 0 0 0 0 0 0 0 0 0 0 0 0 0 0 0 0 0 0 0 0 0 0 0 0 0 0 0 0 0 0 0 0 0 0.03 0.07 0.1 0.13 0.17 0.2 0.2 0.2 0.2 0.2 0.2 0.2 0.2 0.2 0.2 0.2 0.2 0.2 0.2 0.2 0.2 0.2 0.2 0.2 0.2 0.2 0.2 0.2 0.2 0.2 0.2 0.2 0.2 0.2 0.2 0.2 0.2 0.2 0.2 0.2 0.2 0.2 0.2 0.2 0.2 0.2 0.2 0.2 0.23 0.27 0.3 0.33 0.37 0.4 0.4 0.4 0.4 0.4 0.4 0.4 0.4 0.4 0.4 0.4 0.4 0.4 0.4 0.4 0.4 0.4 0.4 0.4 0.4 0.4 0.4 0.4 0.4 0.4 0.4 0.4 0.4 0.4 0.4 0.4 0.4 0.4 0.4 0.4 0.4 0.4 0.4 0.4 0.4 0.4 0.4 0.4 0.4 0.4 0.4
38.76 38.98 39.2 39.2 39.2 39.2 39.2 39.2 39.2 39.2 39.2 39.2 39.2 39.2 39.2 39.2 39.2 39.2 39.2 39.2 39.2 39.2 39.2 39.2 39.2 39.2 39.2 39.2 39.2 39.2 39.2 39.2 39.2 39.2 39.2 39.2 39.2 39.2 39.2 39.2 39.2 39.2 39.2 39.2 39.2 39.2 39.2 39.2 39.2 39.2 39.2 39.2 39.2 39.2 39.2 39.2 39.2 39.2 39.2 39.2 39.2 39.2 39.2 39.2 39.2 39.2 39.2 39.2 39.2 39.2 39.2 39.2 39.2 39.2 39.2 39.2 39.2 39.32 39.43 39.55 39.67 39.78 39.9 39.9 39.9 39.9 39.9 39.9 39.9 39.9 39.9 39.9 39.9 40.02 40.13 40.25 40.37 40.48 40.6 40.6 40.6 40.6 40.6 40.6 40.6 40.6 40.6 40.6 40.6 40.72 40.83 40.95 41.07 41.18 41.3 41.3 41.3 41.3 41.3 41.3 41.3 41.3 41.3 41.3 41.3 41.42 41.53 41.65 41.77 41.88 42.0 42.0 42.0 42.0 42.0 42.0 42.0 42.0 42.0 42.0 42.0 42.12 42.23 42.35 42.47 42.58 42.7 42.7 42.7 42.7 42.7 42.7 42.7 42.7 42.7 42.7 42.7 42.82 42.93 43.05 43.17 43.28 43.4 43.4 43.4 43.4 43.4 43.4 43.4 43.4 43.4 43.4 43.4 43.4 43.4 43.4 43.4 43.4 43.4 43.4 43.4 43.4 43.4 43.4 43.4 43.4 43.4 43.4 43.4 43.4 43.4 43.4 43.4 43.4 43.4 43.4 43.4 43.4 43.4 43.4 43.4 43.4 43.4 43.4 43.4 43.4 43.4 43.4 43.4 43.4 43.4 43.4 43.4 43.4 43.4 43.4 43.4 43.4 43.4 43.4 43.4 43.4 43.4 43.4 43.4 43.4 43.4 43.4 43.4 43.4 43.4 43.4 43.4 43.4 43.4 43.4 43.4 43.2 42.99 42.79 42.58 42.38 42.18 42.18 42.18 41.77 41.36 40.95 40.54 40.13 39.72 39.72 39.72 39.36 39.0 38.63 38.27 37.9 37.54 37.54 37.54 37.14 36.75 36.36 35.96 35.57 35.18 35.18 35.18 34.8 34.42 34.04 33.66 33.28 32.9 32.9 32.9 32.51 32.11 31.72 31.33 30.93 30.54 30.54 30.54 30.16 29.78 29.4 29.02 28.64 28.26 28.26 28.26 27.87 27.47 27.08 26.69 26.29 25.9 25.9 25.9 25.52 25.14 24.76 24.38 24.0 23.63 23.63 23.63 23.23 22.84 22.44 22.05 21.66 21.26 21.26 21.26 20.9 20.53 20.17 19.8 19.44 19.08 19.08 19.08 18.67 18.26 17.85 17.44 17.03 16.63 16.63 16.63 16.42 16.22 16.01 15.81 15.6 15.4 15.4 15.4 15.4 15.4 15.4 15.4 15.4 15.4 15.4 15.4 15.4 15.4 15.4 15.4 15.4 15.4 15.4 15.4 15.4 15.4 15.4
2575145908.0
1672336258.0
0.00633
0.00326
agregarAgente --DemandaFija
59.38 59.38 59.38 59.38 59.38 59.38 59.38 59.38 59.38 59.38 59.38 59.38 59.38 59.38 59.38 59.38 59.38 59.38 59.38 59.38 59.38 59.38 59.38 59.38 59.38 59.38 59.38 59.38 59.38 59.38 59.38 59.38 59.38 59.38 59.38 59.38 59.38 60.29 61.2 62.11 63.03 63.94 64.85 64.85 64.85 63.94 63.03 62.11 61.2 60.29 59.38 59.38 59.38 71.18 82.98 94.78 106.58 118.38 130.18 130.18 130.18 132.9 135.63 138.35 141.08 143.8 146.53 146.53 146.53 132.0 117.48 102.95 88.43 73.9 59.38 59.38 59.38 74.65 89.93 105.2 120.48 135.75 151.03 151.03 151.03 151.05 151.08 151.1 151.13 151.15 151.18 151.18 151.18 135.88 120.58 105.28 89.98 74.68 59.38 59.38 59.38 59.38 59.38 59.38 59.38 59.38 59.38 59.38 59.38 63.58 67.78 71.98 76.18 80.38 84.58 84.58 84.58 80.38 76.18 71.98 67.78 63.58 59.38 59.38 59.38 60.31 61.25 62.19 63.13 64.06 65.0 65.0 65.0 64.06 63.13 62.19 61.25 60.31 59.38 59.38 59.38 59.38 59.38 59.38 59.38 59.38 59.38 59.38 59.38 72.81 86.25 99.69 113.13 126.56 140.0 140.0 140.0 146.35 152.7 159.05 165.4 171.75 178.1 178.1 178.1 158.31 138.53 118.74 98.95 79.16 59.38 59.38 59.38 66.36 73.35 80.34 87.33 94.31 101.3 101.3 101.3 104.94 108.58 112.21 115.85 119.49 123.13 123.13 123.13 112.5 101.88 91.25 80.63 70.0 59.38 59.38 59.38 59.38 59.38 59.38 59.38 59.38 59.38 59.38 59.38 61.89 64.4 66.91 69.43 71.94 74.45 74.45 74.45 71.94 69.43 66.91 64.4 61.89 59.38 59.38 59.38 65.2 71.03 76.85 82.68 88.5 94.33 94.33 94.33 97.98 101.63 105.28 108.93 112.58 116.23 116.23 116.23 110.83 105.43 100.03 94.63 89.23 83.83 83.83 83.83 111.55 139.28 167.0 194.73 222.45 250.18 250.18 250.18 258.43 266.68 274.93 283.18 291.43 299.68 299.68 299.68 263.88 228.08 192.28 156.48 120.68 84.88 84.88 84.88 80.63 76.38 72.13 67.88 63.63 59.38 59.38 59.38 59.38 59.38 59.38 59.38 59.38 59.38 59.38 59.38 75.13 90.88 106.63 122.38 138.13 153.88 153.88 153.88 148.24 142.6 136.96 131.33 125.69 120.05 120.05 120.05 109.94 99.83 89.71 79.6 69.49 59.38 59.38 59.38 59.38 59.38 59.38 59.38 59.38 59.38 59.38 59.38 84.53 109.68 134.83 159.98 185.13 210.28 210.28 210.28 207.24 204.2 201.16 198.13 195.09 192.05 192.05 192.05 169.94 147.83 125.71 103.6 81.49 59.38 59.38 59.38 71.63 83.88 96.13 108.38 120.63 132.88 132.88 132.88 128.74 124.6 120.46 116.33 112.19 108.05 108.05 108.05 103.21 98.38 93.54
crearDespacho --fija
3200.0
configurarSolver --Gurobi
resolver --noConstante ejecuciones/bancos/recombinados/v1/directo/simple/v1_simple_000441.csv
finalizar
