inicializar --t 360
agregarAgente --RioNegro
24.1 23.4 22.7 22.7 22.7 22.03 21.37 20.7 20.03 19.37 18.7 18.7 18.7 18.02 17.33 16.65 15.97 15.28 14.6 14.6 14.6 13.92 13.23 12.55 11.87 11.18 10.5 10.5 10.5 9.82 9.13 8.45 7.77 7.08 6.4 6.4 6.4 5.72 5.03 4.35 3.67 2.98 2.3 2.3 2.3 1.92 1.53 1.15 0.77 0.38 0 0 0 0 0 0 0 0 0 0 0 0 0 0 0 0 0 0 0 0 0 0 0 0 0 0 0 0 0 0 0 0 0 0 0 0 0 0 0 0 0 0 0 0 0 0 0 0 0 0 0 0 0 0 0 0 0 0 0 0 0 0 0 0 0 0 0 0.6 1.2 1.8 2.4 3.0 3.6 3.6 3.6 4.55 5.5 6.45 7.4 8.35 9.3 9.3 9.3 10.35 11.4 12.45 13.5 14.55 15.6 15.6 15.6 16.62 17.63 18.65 19.67 20.68 21.7 21.7 21.7 22.68 23.67 24.65 25.63 26.62 27.6 27.6 27.6 28.67 29.73 30.8 31.87 32.93 34.0 34.0 34.0 34.93 35.87 36.8 37.73 38.67 39.6 39.6 39.6 40.67 41.73 42.8 43.87 44.93 46.0 46.0 46.0 46.98 47.97 48.95 49.93 50.92 51.9 51.9 51.9 52.92 53.93 54.95 55.97 56.98 58.0 58.0 58.0 59.05 60.1 61.15 62.2 63.25 64.3 64.3 64.3 65.25 66.2 67.15 68.1 69.05 70.0 70.0 70.0 70.6 71.2 71.8 72.4 73.0 73.6 73.6 73.6 73.6 73.6 73.6 73.6 73.6 73.6 73.6 73.6 73.6 73.6 73.6 73.6 73.6 73.6 73.6 73.6 73.6 73.6 73.6 73.6 73.6 73.6 73.6 73.6 73.6 73.6 73.6 73.6 73.6 73.6 73.6 73.6 73.6 73.6 73.6 73.6 73.6 73.6 73.6 73.6 73.6 73.6 73.6 73.6 73.6 73.6 73.6 73.6 73.6 73.6 73.6 73.6 73.6 73.6 73.6 73.6 73.6 73.6 73.6 73.6 73.6 73.6 73.6 73.6 73.47 73.33 73.2 73.07 72.93 72.8 72.8 72.8 72.53 72.27 72.0 71.73 71.47 71.2 71.2 71.2 70.93 70.67 70.4 70.13 69.87 69.6 69.6 69.6 69.33 69.07 68.8 68.53 68.27 68.0 68.0 68.0 67.73 67.47 67.2 66.93 66.67 66.4 66.4 66.4 66.13 65.87 65.6 65.33 65.07 64.8 64.8 64.8 64.53 64.27 64.0 63.73 63.47 63.2 63.2 63.2 62.93 62.67 62.4 62.13 61.87 61.6 61.6 61.6 61.33 61.07 60.8 60.53 60.27 60.0 60.0 60.0 59.73 59.47 59.2
0.47 0.43 0.4 0.4 0.4 0.4 0.4 0.4 0.4 0.4 0.4 0.4 0.4 0.4 0.4 0.4 0.4 0.4 0.4 0.4 0.4 0.4 0.4 0.4 0.4 0.4 0.4 0.4 0.4 0.37 0.33 0.3 0.27 0.23 0.2 0.2 0.2 0.2 0.2 0.2 0.2 0.2 0.2 0.2 0.2 0.2 0.2 0.2 0.2 0.2 0.2 0.2 0.2 0.2 0.2 0.2 0.2 0.2 0.2 0.2 0.2 0.2 0.2 0.2 0.2 0.2 0.2 0.2 0.2 0.2 0.2 0.2 0.2 0.2 0.2 0.2 0.2 0.2 0.2 0.2 0.2 0.2 0.2 0.2 0.2 0.2 0.2 0.2 0.2 0.2 0.2 0.2 0.2 0.2 0.2 0.2 0.2 0.2 0.2 0.2 0.2 0.2 0.2 0.2 0.2 0.2 0.2 0.2 0.2 0.2 0.2 0.2 0.2 0.2 0.2 0.2 0.2 0.2 0.2 0.2 0.2 0.2 0.2 0.2 0.2 0.2 0.2 0.2 0.2 0.2 0.2 0.2 0.2 0.2 0.2 0.2 0.2 0.2 0.2 0.2 0.2 0.2 0.2 0.2 0.2 0.2 0.2 0.2 0.2 0.2 0.2 0.2 0.2 0.2 0.2 0.2 0.2 0.2 0.2 0.2 0.2 0.2 0.2 0.2 0.2 0.17 0.13 0.1 0.07 0.03 0 0 0 0 0 0 0 0 0 0 0 0 0 0 0 0 0 0 0 0 0 0 0 0 0 0 0 0 0 0 0 0 0 0 0 0 0 0 0 0 0 0 0 0 0 0 0 0 0 0 0 0 0 0 0 0 0 0 0 0 0 0 0 0 0 0 0 0 0 0 0 0 0 0 0 0 0 0 0 0 0 0 0 0 0 0 0 0 0 0 0 0 0 0 0 0 0 0 0 0 0 0 0 0 0 0 0 0 0 0 0 0 0 0 0 0.13 0.27 0.4 0.53 0.67 0.8 0.8 0.8 1.04 1.28 1.51 1.75 1.99 2.23 2.23 2.23 2.46 2.7 2.94 3.18 3.41 3.65 3.65 3.65 3.88 4.12 4.35 4.58 4.82 5.05 5.05 5.05 5.29 5.53 5.76 6.0 6.24 6.48 6.48 6.48 6.71 6.95 7.19 7.43 7.66 7.9 7.9 7.9 8.13 8.37 8.6 8.83 9.07 9.3 9.3 9.3 9.54 9.78 10.01 10.25 10.49 10.73 10.73 10.73 10.96 11.2 11.44 11.68 11.91 12.15 12.15 12.15 12.38 12.62 12.85
9.92 9.68 9.45 9.45 9.45 9.23 9.01 8.79 8.58 8.36 8.14 8.14 8.14 7.92 7.7 7.48 7.26 7.04 6.82 6.82 6.82 6.61 6.39 6.17 5.95 5.73 5.51 5.51 5.51 5.29 5.07 4.86 4.64 4.42 4.2 4.2 4.2 3.97 3.73 3.5 3.27 3.03 2.8 2.8 2.8 2.68 2.57 2.45 2.33 2.22 2.1 2.1 2.1 2.1 2.1 2.1 2.1 2.1 2.1 2.1 2.1 2.1 2.1 2.1 2.1 2.1 2.1 2.1 2.1 2.1 2.1 2.1 2.1 2.1 2.1 2.1 2.1 2.1 2.1 2.1 2.1 2.1 2.1 2.1 2.1 2.1 2.1 2.1 2.1 2.1 2.1 2.1 2.1 2.1 2.1 2.1 2.1 2.1 2.1 2.1 2.1 2.1 2.1 2.1 2.1 2.1 2.1 2.1 2.1 2.1 2.1 2.1 2.1 2.1 2.1 2.1 2.1 2.17 2.25 2.32 2.39 2.46 2.54 2.54 2.54 2.68 2.83 2.97 3.12 3.27 3.41 3.41 3.41 3.57 3.73 3.89 4.05 4.21 4.38 4.38 4.38 4.51 4.64 4.77 4.9 5.03 5.16 5.16 5.16 5.31 5.45 5.6 5.75 5.89 6.04 6.04 6.04 6.17 6.3 6.43 6.56 6.69 6.82 6.82 6.82 7.0 7.18 7.35 7.52 7.7 7.87 7.87 7.87 8.01 8.14 8.27 8.4 8.53 8.66 8.66 8.66 8.81 8.95 9.1 9.25 9.39 9.54 9.54 9.54 9.67 9.8 9.93 10.06 10.19 10.33 10.33 10.33 10.49 10.65 10.81 10.97 11.13 11.29 11.29 11.29 11.43 11.58 11.73 11.87 12.02 12.16 12.16 12.16 12.24 12.31 12.38 12.45 12.53 12.6 12.6 12.6 12.6 12.6 12.6 12.6 12.6 12.6 12.6 12.6 12.6 12.6 12.6 12.6 12.6 12.6 12.6 12.6 12.6 12.6 12.6 12.6 12.6 12.6 12.6 12.6 12.6 12.6 12.6 12.6 12.6 12.6 12.6 12.6 12.6 12.6 12.6 12.6 12.6 12.6 12.6 12.6 12.6 12.6 12.6 12.6 12.6 12.6 12.6 12.6 12.6 12.6 12.6 12.6 12.6 12.6 12.6 12.6 12.6 12.6 12.6 12.6 12.6 12.6 12.6 12.6 12.67 12.75 12.82 12.89 12.96 13.04 13.04 13.04 13.2 13.36 13.52 13.68 13.84 14.0 14.0 14.0 14.16 14.32 14.48 14.64 14.8 14.96 14.96 14.96 15.11 15.25 15.4 15.55 15.69 15.84 15.84 15.84 16.0 16.16 16.32 16.48 16.64 16.8 16.8 16.8 16.96 17.12 17.28 17.44 17.6 17.76 17.76 17.76 17.91 18.05 18.2 18.35 18.49 18.64 18.64 18.64 18.8 18.96 19.12 19.28 19.44 19.6 19.6 19.6 19.76 19.92 20.08 20.24 20.4 20.56 20.56 20.56 20.71 20.85 21.0
3867408628.0
1307088570.0
0.00633
0.00326
agregarAgente --DemandaFija
432.35 442.36 452.38 452.38 452.38 499.74 547.1 594.46 641.83 689.19 736.55 736.55 736.55 693.14 649.73 606.31 562.9 519.49 476.08 476.08 476.08 408.3 340.53 272.75 204.98 137.2 69.43 69.43 69.43 76.65 83.88 91.1 98.33 105.55 112.78 112.78 112.78 120.73 128.68 136.63 144.58 152.53 160.48 160.48 160.48 150.67 140.88 131.08 121.28 111.48 101.68 101.68 101.68 149.48 197.28 245.08 292.88 340.68 388.48 388.48 388.48 394.88 401.28 407.67 414.08 420.48 426.88 426.88 426.88 401.53 376.18 350.83 325.48 300.13 274.78 274.78 274.78 329.73 384.68 439.63 494.58 549.53 604.48 604.48 604.48 604.66 604.85 605.04 605.23 605.41 605.6 605.6 605.6 523.71 441.83 359.94 278.05 196.16 114.28 114.28 114.28 178.25 242.23 306.2 370.18 434.15 498.13 498.13 498.13 512.88 527.63 542.38 557.13 571.88 586.63 586.63 586.63 525.58 464.53 403.48 342.43 281.38 220.33 220.33 220.33 256.41 292.5 328.59 364.68 400.76 436.85 436.85 436.85 435.56 434.28 432.99 431.7 430.41 429.13 429.13 429.13 397.23 365.33 333.42 301.53 269.63 237.73 237.73 237.73 282.46 327.2 371.94 416.68 461.41 506.15 506.15 506.15 518.64 531.13 543.61 556.1 568.59 581.08 581.08 581.08 563.0 544.93 526.85 508.78 490.7 472.63 472.63 472.63 500.38 528.13 555.88 583.63 611.38 639.13 639.13 639.13 644.64 650.15 655.66 661.18 666.69 672.2 672.2 672.2 658.69 645.18 631.66 618.15 604.64 591.13 591.13 591.13 619.23 647.33 675.43 703.53 731.63 759.73 759.73 759.73 747.1 734.48 721.85 709.23 696.6 683.98 683.98 683.98 665.14 646.3 627.46 608.63 589.79 570.95 570.95 570.95 576.6 582.25 587.9 593.55 599.2 604.85 604.85 604.85 592.99 581.13 569.26 557.4 545.54 533.68 533.68 533.68 520.73 507.78 494.83 481.88 468.93 455.98 455.98 455.98 455.35 454.73 454.1 453.48 452.85 452.23 452.23 452.23 466.01 479.8 493.59 507.38 521.16 534.95 534.95 534.95 533.85 532.75 531.65 530.55 529.45 528.35 528.35 528.35 535.94 543.53 551.11 558.7 566.29 573.88 573.88 573.88 573.63 573.38 573.13 572.88 572.63 572.38 572.38 572.38 532.15 491.93 451.7 411.48 371.25 331.03 331.03 331.03 380.03 429.03 478.03 527.03 576.03 625.03 625.03 625.03 591.84 558.65 525.46 492.28 459.09 425.9 425.9 425.9 377.54 329.18 280.81 232.45 184.09 135.73 135.73 135.73 162.38 189.03 215.68 242.33 268.97 295.63 295.63 295.63 292.28 288.93 285.58 282.23 278.88 275.53 275.53 275.53 270.74 265.95 261.16 256.38 251.59 246.8 246.8 246.8 322.39 397.98 473.56 549.15 624.74 700.33 700.33 700.33 664.06 627.8 591.54 555.28 519.01 482.75 482.75 482.75 449.9 417.05 384.2
crearDespacho --fija
3200.0
configurarSolver --Gurobi
resolver --noConstante ejecuciones/bancos/recombinados/v1/directo/simple/v1_simple_000247.csv
finalizar
