inicializar --t 360
agregarAgente --RioNegro
29.97 29.78 29.6 29.6 29.6 29.6 29.6 29.6 29.6 29.6 29.6 29.6 29.6 29.6 29.6 29.6 29.6 29.6 29.6 29.6 29.6 29.6 29.6 29.6 29.6 29.6 29.6 29.6 29.6 29.6 29.6 29.6 29.6 29.6 29.6 29.6 29.6 29.6 29.6 29.6 29.6 29.6 29.6 29.6 29.6 29.6 29.6 29.6 29.6 29.6 29.6 29.6 29.6 29.6 29.6 29.6 29.6 29.6 29.6 29.6 29.6 29.6 29.6 29.6 29.6 29.6 29.6 29.6 29.6 29.6 29.6 29.6 29.6 29.6 29.6 29.6 29.6 29.6 29.6 29.6 29.6 29.6 29.6 29.6 29.6 29.6 29.6 29.6 29.6 29.6 29.6 29.6 29.6 29.47 29.33 29.2 29.07 28.93 28.8 28.8 28.8 28.8 28.8 28.8 28.8 28.8 28.8 28.8 28.8 28.8 28.8 28.8 28.8 28.8 28.8 28.8 28.8 28.8 28.8 28.8 28.8 28.8 28.8 28.8 28.8 28.8 28.8 28.8 28.8 28.8 28.8 28.8 28.8 28.8 28.8 28.8 28.8 28.8 28.8 28.8 28.8 28.67 28.53 28.4 28.27 28.13 28.0 28.0 28.0 28.0 28.0 28.0 28.0 28.0 28.0 28.0 28.0 28.0 28.0 28.0 28.0 28.0 28.0 28.0 28.0 28.0 28.0 28.0 28.0 28.0 28.0 28.0 28.0 28.0 28.0 28.0 28.0 28.0 28.0 28.0 28.0 28.0 28.0 28.0 28.0 28.0 28.0 28.0 28.0 28.0 28.0 28.0 28.0 28.0 28.0 28.0 28.0 28.0 28.0 28.0 28.0 28.0 28.0 28.0 28.0 28.0 28.0 28.0 28.0 28.0 28.0 28.0 28.0 28.0 28.0 28.0 28.0 28.0 28.0 28.0 28.0 28.0 28.0 28.0 28.0 28.0 28.0 28.0 28.0 28.0 28.0 28.0 28.0 28.0 28.0 28.0 28.0 28.82 29.63 30.45 31.27 32.08 32.9 32.9 32.9 34.37 35.83 37.3 38.77 40.23 41.7 41.7 41.7 43.17 44.63 46.1 47.57 49.03 50.5 50.5 50.5 51.97 53.43 54.9 56.37 57.83 59.3 59.3 59.3 60.75 62.2 63.65 65.1 66.55 68.0 68.0 68.0 69.47 70.93 72.4 73.87 75.33 76.8 76.8 76.8 78.27 79.73 81.2 82.67 84.13 85.6 85.6 85.6 87.07 88.53 90.0 91.47 92.93 94.4 94.4 94.4 95.85 97.3 98.75 100.2 101.65 103.1 103.1 103.1 104.57 106.03 107.5 108.97 110.43 111.9 111.9 111.9 117.39 122.88 128.37 133.86 139.35 144.84 144.84 144.84 146.6 148.36 150.12 151.88 153.64 155.4 155.4 155.4 156.38 157.36 158.34 159.32 160.3 161.28 161.28 161.28 161.28 161.28 161.28 161.28 161.28 161.28 161.28 161.28 161.28 161.28 161.28 161.28 161.28 161.28 161.28 161.28 161.28 161.28 161.28
0 0 0 0 0 0 0 0 0 0 0 0 0 0 0 0 0 0 0 0 0 0 0 0 0 0 0 0 0 0 0 0 0 0 0 0 0 0 0 0 0 0 0 0 0 0 0 0 0 0 0 0 0 0 0 0 0 0 0 0 0 0 0 0 0 0 0 0 0 0 0 0 0 0 0 0 0 0 0 0 0 0 0 0 0 0 0 0 0 0 0 0 0 0 0 0 0 0 0 0 0 0 0 0 0 0 0 0 0 0 0 0 0 0 0 0 0 0 0 0 0 0 0 0 0 0 0 0 0 0 0 0 0 0 0 0 0 0 0 0 0 0 0 0 0 0 0 0 0 0 0 0 0 0 0 0 0 0 0 0 0 0 0 0 0 0 0 0 0 0 0 0 0 0 0 0 0 0 0 0 0 0 0 0 0 0 0 0 0 0 0 0 0 0 0 0 0 0 0 0 0 0 0 0 0 0 0 0 0 0 0 0 0 0 0 0 0 0 0 0 0 0 0 0 0 0 0 0 0 0 0 0 0 0 0 0 0 0 0 0 0 0 0 0 0 0 0 0 0 0 0 0 0 0 0 0 0 0 0 0 0 0.03 0.07 0.1 0.13 0.17 0.2 0.2 0.2 0.2 0.2 0.2 0.2 0.2 0.2 0.2 0.2 0.2 0.2 0.2 0.2 0.2 0.2 0.2 0.2 0.2 0.2 0.2 0.2 0.2 0.2 0.2 0.2 0.2 0.2 0.2 0.2 0.2 0.2 0.2 0.2 0.2 0.2 0.2 0.2 0.2 0.2 0.2 0.2 0.23 0.27 0.3 0.33 0.37 0.4 0.4 0.4 0.4 0.4 0.4 0.4 0.4 0.4 0.4 0.4 0.4 0.4 0.4 0.4 0.4 0.4 0.4 0.4 0.4 0.4 0.4 0.4 0.4 0.4 0.4 0.4 0.4 0.4 0.4 0.4 0.4 0.4 0.4 0.4 0.4 0.4 0.4 0.4 0.4 0.4 0.4 0.4 0.4 0.4 0.4
38.76 38.98 39.2 39.2 39.2 39.2 39.2 39.2 39.2 39.2 39.2 39.2 39.2 39.2 39.2 39.2 39.2 39.2 39.2 39.2 39.2 39.2 39.2 39.2 39.2 39.2 39.2 39.2 39.2 39.2 39.2 39.2 39.2 39.2 39.2 39.2 39.2 39.2 39.2 39.2 39.2 39.2 39.2 39.2 39.2 39.2 39.2 39.2 39.2 39.2 39.2 39.2 39.2 39.2 39.2 39.2 39.2 39.2 39.2 39.2 39.2 39.2 39.2 39.2 39.2 39.2 39.2 39.2 39.2 39.2 39.2 39.2 39.2 39.2 39.2 39.2 39.2 39.32 39.43 39.55 39.67 39.78 39.9 39.9 39.9 39.9 39.9 39.9 39.9 39.9 39.9 39.9 39.9 40.02 40.13 40.25 40.37 40.48 40.6 40.6 40.6 40.6 40.6 40.6 40.6 40.6 40.6 40.6 40.6 40.72 40.83 40.95 41.07 41.18 41.3 41.3 41.3 41.3 41.3 41.3 41.3 41.3 41.3 41.3 41.3 41.42 41.53 41.65 41.77 41.88 42.0 42.0 42.0 42.0 42.0 42.0 42.0 42.0 42.0 42.0 42.0 42.12 42.23 42.35 42.47 42.58 42.7 42.7 42.7 42.7 42.7 42.7 42.7 42.7 42.7 42.7 42.7 42.82 42.93 43.05 43.17 43.28 43.4 43.4 43.4 43.4 43.4 43.4 43.4 43.4 43.4 43.4 43.4 43.4 43.4 43.4 43.4 43.4 43.4 43.4 43.4 43.4 43.4 43.4 43.4 43.4 43.4 43.4 43.4 43.4 43.4 43.4 43.4 43.4 43.4 43.4 43.4 43.4 43.4 43.4 43.4 43.4 43.4 43.4 43.4 43.4 43.4 43.4 43.4 43.4 43.4 43.4 43.4 43.4 43.4 43.4 43.4 43.4 43.4 43.4 43.4 43.4 43.4 43.4 43.4 43.4 43.4 43.4 43.4 43.4 43.4 43.4 43.4 43.4 43.4 43.4 43.4 43.2 42.99 42.79 42.58 42.38 42.18 42.18 42.18 41.77 41.36 40.95 40.54 40.13 39.72 39.72 39.72 39.36 39.0 38.63 38.27 37.9 37.54 37.54 37.54 37.14 36.75 36.36 35.96 35.57 35.18 35.18 35.18 34.8 34.42 34.04 33.66 33.28 32.9 32.9 32.9 32.51 32.11 31.72 31.33 30.93 30.54 30.54 30.54 30.16 29.78 29.4 29.02 28.64 28.26 28.26 28.26 27.87 27.47 27.08 26.69 26.29 25.9 25.9 25.9 25.52 25.14 24.76 24.38 24.0 23.63 23.63 23.63 23.23 22.84 22.44 22.05 21.66 21.26 21.26 21.26 20.9 20.53 20.17 19.8 19.44 19.08 19.08 19.08 18.67 18.26 17.85 17.44 17.03 16.63 16.63 16.63 16.42 16.22 16.01 15.81 15.6 15.4 15.4 15.4 15.4 15.4 15.4 15.4 15.4 15.4 15.4 15.4 15.4 15.4 15.4 15.4 15.4 15.4 15.4 15.4 15.4 15.4 15.4
3816415747.0
1372554726.0
0.00479
0.00479
agregarAgente --DemandaFija
6.25 6.25 6.25 6.25 6.25 6.25 6.25 6.25 6.25 6.25 6.25 6.25 6.25 6.25 6.25 6.25 6.25 6.25 6.25 6.25 6.25 6.25 6.25 6.25 6.25 6.25 6.25 6.25 6.25 6.25 6.25 6.25 6.25 6.25 6.25 6.25 6.25 6.86 7.47 8.08 8.68 9.29 9.9 9.9 9.9 9.29 8.68 8.08 7.47 6.86 6.25 6.25 6.25 14.12 21.98 29.85 37.72 45.58 53.45 53.45 53.45 55.27 57.08 58.9 60.72 62.53 64.35 64.35 64.35 54.67 44.98 35.3 25.62 15.93 6.25 6.25 6.25 16.43 26.62 36.8 46.98 57.17 67.35 67.35 67.35 67.37 67.38 67.4 67.42 67.43 67.45 67.45 67.45 57.25 47.05 36.85 26.65 16.45 6.25 6.25 6.25 6.25 6.25 6.25 6.25 6.25 6.25 6.25 6.25 9.05 11.85 14.65 17.45 20.25 23.05 23.05 23.05 20.25 17.45 14.65 11.85 9.05 6.25 6.25 6.25 6.88 7.5 8.13 8.75 9.38 10.0 10.0 10.0 9.38 8.75 8.13 7.5 6.88 6.25 6.25 6.25 6.25 6.25 6.25 6.25 6.25 6.25 6.25 6.25 15.21 24.17 33.13 42.08 51.04 60.0 60.0 60.0 64.23 68.47 72.7 76.93 81.17 85.4 85.4 85.4 72.21 59.02 45.83 32.63 19.44 6.25 6.25 6.25 10.91 15.57 20.23 24.88 29.54 34.2 34.2 34.2 36.63 39.05 41.48 43.9 46.32 48.75 48.75 48.75 41.67 34.58 27.5 20.42 13.33 6.25 6.25 6.25 6.25 6.25 6.25 6.25 6.25 6.25 6.25 6.25 7.93 9.6 11.28 12.95 14.63 16.3 16.3 16.3 14.63 12.95 11.28 9.6 7.93 6.25 6.25 6.25 10.13 14.02 17.9 21.78 25.67 29.55 29.55 29.55 31.98 34.42 36.85 39.28 41.72 44.15 44.15 44.15 40.55 36.95 33.35 29.75 26.15 22.55 22.55 22.55 41.03 59.52 78.0 96.48 114.97 133.45 133.45 133.45 138.95 144.45 149.95 155.45 160.95 166.45 166.45 166.45 142.58 118.72 94.85 70.98 47.12 23.25 23.25 23.25 20.42 17.58 14.75 11.92 9.08 6.25 6.25 6.25 6.25 6.25 6.25 6.25 6.25 6.25 6.25 6.25 16.75 27.25 37.75 48.25 58.75 69.25 69.25 69.25 65.49 61.73 57.98 54.22 50.46 46.7 46.7 46.7 39.96 33.22 26.48 19.73 12.99 6.25 6.25 6.25 6.25 6.25 6.25 6.25 6.25 6.25 6.25 6.25 23.02 39.78 56.55 73.32 90.08 106.85 106.85 106.85 104.83 102.8 100.78 98.75 96.73 94.7 94.7 94.7 79.96 65.22 50.48 35.73 20.99 6.25 6.25 6.25 14.42 22.58 30.75 38.92 47.08 55.25 55.25 55.25 52.49 49.73 46.98 44.22 41.46 38.7 38.7 38.7 35.48 32.25 29.03
crearDespacho --fija
3200.0
configurarSolver --Gurobi
resolver --noConstante ejecuciones/bancos/recombinados/v1/directo/simple/v1_simple_000174.csv
finalizar
