inicializar --t 360
agregarAgente --RioNegro
0.48 0.24 0 0 0 0 0 0 0 0 0 0 0 0 0 0 0 0 0 0 0 0 0 0 0 0 0 0 0 0 0 0 0 0 0 0 0 0 0 0 0 0 0 0 0 0 0 0 0 0 0 0 0 0 0 0 0 0 0 0 0 0 0 0 0 0 0 0 0 0 0 0 0 0 0 0 0 0 0 0 0 0 0 0 0 0 0 0 0 0 0 0 0 0 0 0 0 0 0 0 0 0 0 0 0 0 0 0 0 0 0 0 0 0 0 0 0 0 0 0 0 0 0 0 0 0 0 0 0 0 0 0 0 0 0 0 0 0 0 0 0 0 0 0 0 0 0 0 0 0 0 0 0 0 0 0 0 0 0 0 0 0 0 0 0 0 0 0 0 0 0 0 0 0 0 0 0 0 0 0 0 0 0 0 0 0 0 0 0 0 0 0 0 0 0 0 0 0 0 0 0 0 0 0 0 0 0 0 0 0 0 0 0 0 0 0 0 0 0 0 0 0 0 0 0 0 0 0 0 0 0 0 0 0 0 0 0 0 0 0 0 0 0 0 0 0 0 0 0 0 0 0 0 0 0 0 0 0 0 0 0 0 0 0 0 0 0 0 0 0 0 0 0 0 0 0 0 0 0 0 0 0 0 0 0 0 0 0 0 0 0 0 0 0 0 0 0 0 0 0 0 0 0 0 0 0 0 0 0 0 0 0 0 0 0 0 0 0 0 0 0 0 0 0 0 0 0 0 0 0 0 0 0 0 0 0 0 0 0 0 0 0 0 0 0 0 0 0 0 0 0 0 0 0 0 0 0 0 0 0
32.98 33.24 33.5 33.5 33.5 33.5 33.5 33.5 33.5 33.5 33.5 33.5 33.5 33.5 33.5 33.5 33.5 33.5 33.5 33.5 33.5 33.5 33.5 33.5 33.5 33.5 33.5 33.5 33.5 33.5 33.5 33.5 33.5 33.5 33.5 33.5 33.5 33.5 33.5 33.5 33.5 33.5 33.5 33.5 33.5 33.5 33.5 33.5 33.5 33.5 33.5 33.5 33.5 33.5 33.5 33.5 33.5 33.5 33.5 33.5 33.5 33.5 33.5 33.5 33.5 33.5 33.5 33.5 33.5 33.24 32.98 32.72 32.46 32.2 31.94 31.94 31.94 31.48 31.02 30.56 30.1 29.65 29.19 29.19 29.19 28.72 28.25 27.78 27.31 26.84 26.38 26.38 26.38 25.93 25.48 25.03 24.58 24.14 23.69 23.69 23.69 23.22 22.75 22.28 21.81 21.34 20.88 20.88 20.88 20.43 19.98 19.53 19.08 18.64 18.19 18.19 18.19 17.71 17.23 16.75 16.27 15.79 15.31 15.31 15.31 14.86 14.42 13.97 13.52 13.07 12.63 12.63 12.63 12.16 11.69 11.22 10.75 10.28 9.81 9.81 9.81 9.36 8.92 8.47 8.02 7.57 7.13 7.13 7.13 6.66 6.19 5.72 5.25 4.78 4.31 4.31 4.31 3.85 3.4 2.94 2.48 2.02 1.56 1.56 1.56 1.3 1.04 0.78 0.52 0.26 0 0 0 0 0 0 0 0 0 0 0 0 0 0 0 0 0 0 0 0 0 0 0 0 0 0 0 0 0 0 0 0 0 0 0 0 0 0 0 0 0 0 0 0 0 0 0 0 0 0 0 0 0 0 0 0 0 0 0 0 0 0 0 0 0 0 0 0.23 0.46 0.69 0.92 1.15 1.38 1.38 1.38 1.75 2.13 2.5 2.88 3.25 3.63 3.63 3.63 4.03 4.44 4.84 5.25 5.66 6.06 6.06 6.06 6.45 6.83 7.22 7.6 7.99 8.38 8.38 8.38 8.77 9.17 9.56 9.96 10.35 10.75 10.75 10.75 11.14 11.52 11.91 12.29 12.68 13.06 13.06 13.06 13.46 13.85 14.25 14.65 15.04 15.44 15.44 15.44 15.82 16.21 16.59 16.98 17.36 17.75 17.75 17.75 18.15 18.54 18.94 19.33 19.73 20.13 20.13 20.13 20.51 20.9 21.28 21.67 22.05 22.44 22.44 22.44 22.84 23.25 23.66 24.06 24.47 24.88 24.88 24.88 25.25 25.63 26.0 26.38 26.75 27.13 27.13 27.13 27.35 27.58 27.81 28.04 28.27 28.5 28.5 28.5 28.5 28.5 28.5 28.5 28.5 28.5 28.5 28.5 28.5 28.5 28.5 28.5 28.5 28.5 28.5 28.5 28.5 28.5 28.5
1.03 0.52 0 0 0 0 0 0 0 0 0 0 0 0 0 0 0 0 0 0 0 0 0 0 0 0 0 0 0 0 0 0 0 0 0 0 0 0 0 0 0 0 0 0 0 0 0 0 0 0 0 0 0 0 0 0 0 0 0 0 0 0 0 0 0 0 0 0 0 0.22 0.45 0.67 0.9 1.12 1.34 1.34 1.34 1.77 2.19 2.62 3.05 3.47 3.9 3.9 3.9 4.3 4.7 5.11 5.51 5.91 6.32 6.32 6.32 6.74 7.17 7.59 8.02 8.44 8.87 8.87 8.87 9.29 9.72 10.15 10.57 11.0 11.42 11.42 11.42 11.83 12.23 12.63 13.03 13.44 13.84 13.84 13.84 14.24 14.65 15.05 15.45 15.86 16.26 16.26 16.26 16.66 17.07 17.47 17.87 18.27 18.68 18.68 18.68 19.1 19.53 19.95 20.38 20.81 21.23 21.23 21.23 21.66 22.08 22.51 22.93 23.36 23.78 23.78 23.78 24.19 24.59 24.99 25.4 25.8 26.2 26.2 26.2 26.63 27.05 27.48 27.91 28.33 28.76 28.76 28.76 28.98 29.2 29.43 29.65 29.88 30.1 30.1 30.1 30.1 30.1 30.1 30.1 30.1 30.1 30.1 30.1 30.1 30.1 30.1 30.1 30.1 30.1 30.1 30.1 30.1 30.1 30.1 30.1 30.1 30.1 30.1 30.1 30.1 30.1 30.1 30.1 30.1 30.1 30.1 30.1 30.1 30.1 30.1 30.1 30.1 30.1 30.1 30.1 30.1 30.1 30.1 30.1 30.1 30.1 30.1 30.1 30.1 30.1 30.1 30.1 30.1 30.1 30.1 30.1 30.1 30.1 30.1 30.1 30.1 30.1 30.1 30.1 29.88 29.65 29.43 29.2 28.98 28.76 28.76 28.76 28.33 27.91 27.48 27.05 26.63 26.2 26.2 26.2 25.8 25.4 24.99 24.59 24.19 23.78 23.78 23.78 23.36 22.93 22.51 22.08 21.66 21.23 21.23 21.23 20.81 20.38 19.95 19.53 19.1 18.68 18.68 18.68 18.27 17.87 17.47 17.07 16.66 16.26 16.26 16.26 15.86 15.45 15.05 14.65 14.24 13.84 13.84 13.84 13.44 13.03 12.63 12.23 11.83 11.42 11.42 11.42 11.0 10.57 10.15 9.72 9.29 8.87 8.87 8.87 8.44 8.02 7.59 7.17 6.74 6.32 6.32 6.32 5.91 5.51 5.11 4.7 4.3 3.9 3.9 3.9 3.47 3.05 2.62 2.19 1.77 1.34 1.34 1.34 1.12 0.9 0.67 0.45 0.22 0 0 0 0 0 0 0 0 0 0 0 0 0 0 0 0 0 0 0 0 0 0
6979258281.0
959551981.0
0.00633
0.00326
agregarAgente --DemandaFija
88.7 83.86 79.03 79.03 79.03 81.68 84.33 86.98 89.63 92.28 94.93 94.93 94.93 110.61 126.3 141.99 157.68 173.36 189.05 189.05 189.05 201.58 214.1 226.63 239.15 251.68 264.2 264.2 264.2 257.25 250.3 243.35 236.4 229.45 222.5 222.5 222.5 246.44 270.38 294.31 318.25 342.19 366.13 366.13 366.13 416.43 466.73 517.03 567.33 617.63 667.93 667.93 667.93 686.11 704.3 722.49 740.68 758.86 777.05 777.05 777.05 799.0 820.95 842.9 864.85 886.8 908.75 908.75 908.75 834.5 760.25 686.0 611.75 537.5 463.25 463.25 463.25 425.28 387.3 349.33 311.35 273.38 235.4 235.4 235.4 228.86 222.33 215.79 209.25 202.71 196.18 196.18 196.18 186.96 177.75 168.54 159.33 150.11 140.9 140.9 140.9 172.56 204.23 235.89 267.55 299.21 330.88 330.88 330.88 354.71 378.55 402.39 426.23 450.06 473.9 473.9 473.9 447.58 421.25 394.93 368.6 342.28 315.95 315.95 315.95 317.54 319.13 320.71 322.3 323.89 325.48 325.48 325.48 323.65 321.83 320.0 318.18 316.35 314.53 314.53 314.53 315.61 316.7 317.79 318.88 319.96 321.05 321.05 321.05 312.78 304.5 296.23 287.95 279.68 271.4 271.4 271.4 259.86 248.33 236.79 225.25 213.71 202.18 202.18 202.18 224.88 247.58 270.28 292.97 315.68 338.38 338.38 338.38 350.39 362.4 374.41 386.43 398.44 410.45 410.45 410.45 421.94 433.43 444.91 456.4 467.89 479.38 479.38 479.38 476.16 472.95 469.74 466.53 463.31 460.1 460.1 460.1 454.24 448.38 442.51 436.65 430.79 424.93 424.93 424.93 422.03 419.13 416.23 413.33 410.43 407.53 407.53 407.53 396.81 386.1 375.39 364.68 353.96 343.25 343.25 343.25 343.45 343.65 343.85 344.05 344.25 344.45 344.45 344.45 344.23 344.0 343.78 343.55 343.33 343.1 343.1 343.1 351.28 359.45 367.63 375.8 383.98 392.15 392.15 392.15 397.54 402.93 408.31 413.7 419.09 424.48 424.48 424.48 425.35 426.23 427.1 427.98 428.85 429.73 429.73 429.73 401.58 373.43 345.28 317.13 288.98 260.83 260.83 260.83 246.53 232.23 217.93 203.63 189.33 175.03 175.03 175.03 210.05 245.08 280.1 315.13 350.15 385.18 385.18 385.18 338.96 292.75 246.54 200.33 154.11 107.9 107.9 107.9 163.9 219.9 275.9 331.9 387.9 443.9 443.9 443.9 446.03 448.15 450.28 452.4 454.53 456.65 456.65 456.65 402.55 348.45 294.35 240.25 186.15 132.05 132.05 132.05 180.06 228.08 276.09 324.1 372.11 420.13 420.13 420.13 418.96 417.8 416.64 415.48 414.31 413.15 413.15 413.15 395.4 377.65 359.9 342.15 324.4 306.65 306.65 306.65 364.51 422.38 480.24 538.1 595.96 653.83 653.83 653.83 652.55 651.28 650.0 648.73 647.45 646.18 646.18 646.18 593.19 540.2 487.21
crearDespacho --fija
1600.0
configurarSolver --Gurobi
resolver --noConstante ejecuciones/bancos/recombinados/v1/directo/simple/v1_simple_000318.csv
finalizar
