inicializar --t 360
agregarAgente --RioNegro
343.0 340.88 338.76 338.76 338.76 336.58 334.4 332.22 330.04 327.86 325.68 325.68 325.68 323.54 321.4 319.26 317.12 314.98 312.84 312.84 312.84 310.7 308.56 306.42 304.28 302.14 300.0 300.0 300.0 297.84 295.68 293.52 291.36 289.2 287.04 287.04 287.04 284.88 282.72 280.56 278.4 276.24 274.08 274.08 274.08 272.88 271.68 270.48 269.28 268.08 266.88 266.88 266.88 266.88 266.88 266.88 266.88 266.88 266.88 266.88 266.88 266.88 266.88 266.88 266.88 266.88 266.88 266.88 266.88 266.88 266.88 266.88 266.88 266.88 266.88 266.88 266.88 266.88 266.88 266.88 266.88 266.88 266.88 266.88 266.88 266.88 266.88 266.88 266.88 266.88 266.88 266.88 266.88 266.88 266.88 266.88 266.88 266.88 266.88 266.88 266.88 266.88 266.88 266.88 266.88 266.88 266.88 266.88 266.88 266.88 266.88 266.88 266.88 266.88 266.88 266.88 266.88 264.82 262.76 260.7 258.64 256.58 254.52 254.52 254.52 250.84 247.16 243.48 239.8 236.12 232.44 232.44 232.44 228.78 225.12 221.46 217.8 214.14 210.48 210.48 210.48 206.8 203.12 199.44 195.76 192.08 188.4 188.4 188.4 184.74 181.08 177.42 173.76 170.1 166.44 166.44 166.44 162.76 159.08 155.4 151.72 148.04 144.36 144.36 144.36 140.72 137.08 133.44 129.8 126.16 122.52 122.52 122.52 118.84 115.16 111.48 107.8 104.12 100.44 100.44 100.44 96.78 93.12 89.46 85.8 82.14 78.48 78.48 78.48 74.8 71.12 67.44 63.76 60.08 56.4 56.4 56.4 52.74 49.08 45.42 41.76 38.1 34.44 34.44 34.44 30.76 27.08 23.4 19.72 16.04 12.36 12.36 12.36 10.3 8.24 6.18 4.12 2.06 0 0 0 0 0 0 0 0 0 0 0 0 0 0 0 0 0 0 0 0 0 0 0 0 0 0 0 0 0 0 0 0 0 0 0 0 0 0 0 0 0 0 0 0 0 0 0 0 0 0 0 0 0 0 0 0 0 0 0 0 0 0 0 0 0 0 0 1.72 3.44 5.16 6.88 8.6 10.32 10.32 10.32 13.44 16.56 19.68 22.8 25.92 29.04 29.04 29.04 32.1 35.16 38.22 41.28 44.34 47.4 47.4 47.4 50.5 53.6 56.7 59.8 62.9 66.0 66.0 66.0 69.08 72.16 75.24 78.32 81.4 84.48 84.48 84.48 87.58 90.68 93.78 96.88 99.98 103.08 103.08 103.08 106.16 109.24 112.32 115.4 118.48 121.56 121.56 121.56 124.66 127.76 130.86 133.96 137.06 140.16 140.16 140.16 143.24 146.32 149.4 152.48 155.56 158.64 158.64 158.64 161.74 164.84 167.94
32.31 32.88 33.44 33.44 33.44 33.96 34.48 35.0 35.52 36.04 36.56 36.56 36.56 37.13 37.69 38.25 38.81 39.38 39.94 39.94 39.94 40.47 41.0 41.53 42.06 42.59 43.13 43.13 43.13 43.68 44.23 44.78 45.33 45.89 46.44 46.44 46.44 46.97 47.5 48.03 48.56 49.09 49.63 49.63 49.63 49.94 50.25 50.56 50.88 51.19 51.5 51.5 51.5 51.5 51.5 51.5 51.5 51.5 51.5 51.5 51.5 51.5 51.5 51.5 51.5 51.5 51.5 51.5 51.5 51.5 51.5 51.5 51.5 51.5 51.5 51.5 51.5 51.5 51.5 51.5 51.5 51.5 51.5 51.5 51.5 51.5 51.5 51.5 51.5 51.5 51.5 51.5 51.5 51.5 51.5 51.5 51.5 51.5 51.5 51.5 51.5 51.5 51.5 51.5 51.5 51.5 51.5 51.5 51.5 51.5 51.5 51.5 51.5 51.5 51.5 51.5 51.5 51.13 50.75 50.38 50.0 49.63 49.25 49.25 49.25 48.5 47.75 47.0 46.25 45.5 44.75 44.75 44.75 44.08 43.42 42.75 42.08 41.42 40.75 40.75 40.75 40.0 39.25 38.5 37.75 37.0 36.25 36.25 36.25 35.58 34.92 34.25 33.58 32.92 32.25 32.25 32.25 31.5 30.75 30.0 29.25 28.5 27.75 27.75 27.75 27.08 26.42 25.75 25.08 24.42 23.75 23.75 23.75 23.0 22.25 21.5 20.75 20.0 19.25 19.25 19.25 18.58 17.92 17.25 16.58 15.92 15.25 15.25 15.25 14.5 13.75 13.0 12.25 11.5 10.75 10.75 10.75 10.08 9.42 8.75 8.08 7.42 6.75 6.75 6.75 6.0 5.25 4.5 3.75 3.0 2.25 2.25 2.25 1.88 1.5 1.13 0.75 0.38 0 0 0 0 0 0 0 0 0 0 0 0 0 0 0 0 0 0 0 0 0 0 0 0 0 0 0 0 0 0 0 0 0 0 0 0 0 0 0 0 0 0 0 0 0 0 0 0 0 0 0 0 0 0 0 0 0 0 0 0 0 0 0 0 0 0 0 0.14 0.27 0.41 0.54 0.68 0.81 0.81 0.81 1.05 1.29 1.53 1.77 2.01 2.25 2.25 2.25 2.49 2.73 2.97 3.21 3.45 3.69 3.69 3.69 3.93 4.17 4.41 4.65 4.89 5.13 5.13 5.13 5.36 5.6 5.84 6.08 6.32 6.56 6.56 6.56 6.81 7.06 7.31 7.56 7.81 8.06 8.06 8.06 8.29 8.52 8.75 8.98 9.21 9.44 9.44 9.44 9.69 9.94 10.19 10.44 10.69 10.94 10.94 10.94 11.18 11.42 11.66 11.9 12.14 12.38 12.38 12.38 12.61 12.85 13.09
29.29 28.49 27.68 27.68 27.68 26.85 26.02 25.2 24.37 23.54 22.71 22.71 22.71 21.86 21.01 20.16 19.31 18.45 17.6 17.6 17.6 16.8 15.99 15.18 14.38 13.57 12.77 12.77 12.77 11.94 11.11 10.28 9.45 8.62 7.79 7.79 7.79 6.97 6.14 5.31 4.48 3.65 2.82 2.82 2.82 2.35 1.88 1.41 0.94 0.47 0 0 0 0 0 0 0 0 0 0 0 0 0 0 0 0 0 0 0 0 0 0 0 0 0 0 0 0 0 0 0 0 0 0 0 0 0 0 0 0 0 0 0 0 0 0 0 0 0 0 0 0 0 0 0 0 0 0 0 0 0 0 0 0 0 0 0 0.54 1.08 1.61 2.15 2.69 3.22 3.22 3.22 4.12 5.02 5.91 6.81 7.7 8.6 8.6 8.6 9.56 10.53 11.49 12.45 13.42 14.38 14.38 14.38 15.3 16.21 17.13 18.05 18.97 19.89 19.89 19.89 20.81 21.72 22.64 23.56 24.48 25.4 25.4 25.4 26.36 27.32 28.29 29.25 30.21 31.17 31.17 31.17 32.07 32.97 33.86 34.76 35.65 36.55 36.55 36.55 37.51 38.48 39.44 40.4 41.37 42.33 42.33 42.33 43.25 44.16 45.08 46.0 46.92 47.84 47.84 47.84 48.76 49.67 50.59 51.51 52.43 53.35 53.35 53.35 54.31 55.27 56.24 57.2 58.16 59.13 59.13 59.13 60.02 60.92 61.81 62.71 63.6 64.5 64.5 64.5 65.04 65.58 66.11 66.65 67.19 67.73 67.73 67.73 67.73 67.73 67.73 67.73 67.73 67.73 67.73 67.73 67.73 67.73 67.73 67.73 67.73 67.73 67.73 67.73 67.73 67.73 67.73 67.73 67.73 67.73 67.73 67.73 67.73 67.73 67.73 67.73 67.73 67.73 67.73 67.73 67.73 67.73 67.73 67.73 67.73 67.73 67.73 67.73 67.73 67.73 67.73 67.73 67.73 67.73 67.73 67.73 67.73 67.73 67.73 67.73 67.73 67.73 67.73 67.73 67.73 67.73 67.73 67.73 67.73 67.73 67.73 67.73 67.37 67.01 66.65 66.29 65.93 65.58 65.58 65.58 64.86 64.14 63.43 62.71 61.99 61.28 61.28 61.28 60.63 59.98 59.33 58.68 58.03 57.38 57.38 57.38 56.68 55.99 55.3 54.6 53.91 53.21 53.21 53.21 52.52 51.82 51.13 50.44 49.74 49.05 49.05 49.05 48.4 47.75 47.1 46.45 45.8 45.15 45.15 45.15 44.43 43.72 43.0 42.28 41.57 40.85 40.85 40.85 40.2 39.55 38.9 38.25 37.6 36.95 36.95 36.95 36.26 35.56 34.87 34.18 33.48 32.79 32.79 32.79 32.09 31.4 30.7
7343346365.0
1193528402.0
0.00326
0.00633
agregarAgente --DemandaFija
248.15 229.3 210.45 210.45 210.45 213.16 215.87 218.58 221.28 223.99 226.7 226.7 226.7 219.45 212.2 204.95 197.7 190.45 183.2 183.2 183.2 160.1 137.0 113.9 90.8 67.7 44.6 44.6 44.6 71.23 97.87 124.5 151.13 177.77 204.4 204.4 204.4 222.7 241.0 259.3 277.6 295.9 314.2 314.2 314.2 271.55 228.9 186.25 143.6 100.95 58.3 58.3 58.3 86.56 114.82 143.08 171.33 199.59 227.85 227.85 227.85 251.48 275.12 298.75 322.38 346.02 369.65 369.65 369.65 369.84 370.03 370.23 370.42 370.61 370.8 370.8 370.8 377.15 383.5 389.85 396.2 402.55 408.9 408.9 408.9 400.31 391.72 383.13 374.53 365.94 357.35 357.35 357.35 317.96 278.57 239.18 199.78 160.39 121.0 121.0 121.0 159.33 197.67 236.0 274.33 312.67 351.0 351.0 351.0 368.07 385.13 402.2 419.27 436.33 453.4 453.4 453.4 410.31 367.22 324.13 281.03 237.94 194.85 194.85 194.85 196.51 198.17 199.83 201.48 203.14 204.8 204.8 204.8 203.46 202.12 200.78 199.43 198.09 196.75 196.75 196.75 167.16 137.57 107.98 78.38 48.79 19.2 19.2 19.2 31.37 43.53 55.7 67.87 80.03 92.2 92.2 92.2 137.51 182.82 228.13 273.43 318.74 364.05 364.05 364.05 331.5 298.95 266.4 233.85 201.3 168.75 168.75 168.75 196.92 225.1 253.28 281.45 309.63 337.8 337.8 337.8 380.71 423.62 466.53 509.43 552.34 595.25 595.25 595.25 525.49 455.73 385.98 316.22 246.46 176.7 176.7 176.7 193.23 209.75 226.28 242.8 259.33 275.85 275.85 275.85 310.08 344.3 378.53 412.75 446.97 481.2 481.2 481.2 443.47 405.75 368.03 330.3 292.58 254.85 254.85 254.85 272.38 289.92 307.45 324.98 342.52 360.05 360.05 360.05 368.67 377.28 385.9 394.52 403.13 411.75 411.75 411.75 368.52 325.28 282.05 238.82 195.58 152.35 152.35 152.35 179.23 206.1 232.98 259.85 286.72 313.6 313.6 313.6 321.47 329.35 337.23 345.1 352.97 360.85 360.85 360.85 331.38 301.9 272.43 242.95 213.48 184.0 184.0 184.0 241.55 299.1 356.65 414.2 471.75 529.3 529.3 529.3 546.36 563.42 580.48 597.53 614.59 631.65 631.65 631.65 595.84 560.03 524.23 488.42 452.61 416.8 416.8 416.8 440.1 463.4 486.7 510.0 533.3 556.6 556.6 556.6 571.83 587.07 602.3 617.53 632.77 648.0 648.0 648.0 612.89 577.78 542.68 507.57 472.46 437.35 437.35 437.35 446.62 455.88 465.15 474.42 483.68 492.95 492.95 492.95 486.05 479.15 472.25 465.35 458.45 451.55 451.55 451.55 387.15 322.75 258.35 193.95 129.55 65.15 65.15 65.15 66.0 66.85 67.7 68.55 69.4 70.25 70.25 70.25 118.1 165.95 213.8 261.65 309.5 357.35 357.35 357.35 349.79 342.23 334.68
crearDespacho --fija
1600.0
configurarSolver --Gurobi
resolver --noConstante ejecuciones/bancos/recombinados/v1/directo/simple/v1_simple_000221.csv
finalizar
