inicializar --t 360
agregarAgente --RioNegro
0 0 0 0 0 0 0 0 0 0 0 0 0 0 0 0 0 0 0 0 0 0 0 0 0 0 0 0 0 0 0 0 0 0 0 0 0 0 0 0 0 0 0 0 0 0.6 1.2 1.8 2.4 3.0 3.6 3.6 3.6 4.62 5.64 6.66 7.68 8.7 9.72 9.72 9.72 10.78 11.84 12.9 13.96 15.02 16.08 16.08 16.08 17.1 18.12 19.14 20.16 21.18 22.2 22.2 22.2 23.28 24.36 25.44 26.52 27.6 28.68 28.68 28.68 29.68 30.68 31.68 32.68 33.68 34.68 34.68 34.68 35.76 36.84 37.92 39.0 40.08 41.16 41.16 41.16 42.16 43.16 44.16 45.16 46.16 47.16 47.16 47.16 48.24 49.32 50.4 51.48 52.56 53.64 53.64 53.64 54.66 55.68 56.7 57.72 58.74 59.76 59.76 59.76 60.82 61.88 62.94 64.0 65.06 66.12 66.12 66.12 67.14 68.16 69.18 70.2 71.22 72.24 72.24 72.24 72.84 73.44 74.04 74.64 75.24 75.84 75.84 75.84 75.84 75.84 75.84 75.84 75.84 75.84 75.84 75.84 75.84 75.84 75.84 75.84 75.84 75.84 75.84 75.84 75.84 75.84 75.84 75.84 75.84 75.84 75.84 75.84 75.84 75.84 75.84 75.84 75.84 75.84 75.84 75.84 75.84 75.84 75.84 75.84 75.84 75.84 75.84 75.84 75.84 75.84 75.84 75.84 75.84 75.84 75.84 75.84 75.84 75.84 75.84 75.84 75.84 75.84 75.84 75.84 75.84 75.84 75.84 75.84 75.84 75.84 75.84 75.84 75.24 74.64 74.04 73.44 72.84 72.24 72.24 72.24 71.22 70.2 69.18 68.16 67.14 66.12 66.12 66.12 65.06 64.0 62.94 61.88 60.82 59.76 59.76 59.76 58.74 57.72 56.7 55.68 54.66 53.64 53.64 53.64 52.56 51.48 50.4 49.32 48.24 47.16 47.16 47.16 46.16 45.16 44.16 43.16 42.16 41.16 41.16 41.16 40.08 39.0 37.92 36.84 35.76 34.68 34.68 34.68 33.68 32.68 31.68 30.68 29.68 28.68 28.68 28.68 27.6 26.52 25.44 24.36 23.28 22.2 22.2 22.2 21.18 20.16 19.14 18.12 17.1 16.08 16.08 16.08 15.02 13.96 12.9 11.84 10.78 9.72 9.72 9.72 8.7 7.68 6.66 5.64 4.62 3.6 3.6 3.6 3.0 2.4 1.8 1.2 0.6 0 0 0 0 0 0 0 0 0 0 0 0 0 0 0 0 0 0 0 0 0 0 0 0 0 0 0 0 0 0 0 0 0 0 0 0 0 0 0 0 0 0 0 0 0 0
28.5 28.5 28.5 28.5 28.5 28.5 28.5 28.5 28.5 28.5 28.5 28.5 28.5 28.5 28.5 28.5 28.5 28.5 28.5 28.5 28.5 28.5 28.5 28.5 28.5 28.5 28.5 28.5 28.5 28.5 28.5 28.5 28.5 28.5 28.5 28.5 28.5 28.5 28.5 28.5 28.5 28.5 28.5 28.5 28.5 28.27 28.04 27.81 27.58 27.35 27.13 27.13 27.13 26.75 26.38 26.0 25.63 25.25 24.88 24.88 24.88 24.47 24.06 23.66 23.25 22.84 22.44 22.44 22.44 22.05 21.67 21.28 20.9 20.51 20.13 20.13 20.13 19.73 19.33 18.94 18.54 18.15 17.75 17.75 17.75 17.36 16.98 16.59 16.21 15.82 15.44 15.44 15.44 15.04 14.65 14.25 13.85 13.46 13.06 13.06 13.06 12.68 12.29 11.91 11.52 11.14 10.75 10.75 10.75 10.35 9.96 9.56 9.17 8.77 8.38 8.38 8.38 7.99 7.6 7.22 6.83 6.45 6.06 6.06 6.06 5.66 5.25 4.84 4.44 4.03 3.63 3.63 3.63 3.25 2.88 2.5 2.13 1.75 1.38 1.38 1.38 1.15 0.92 0.69 0.46 0.23 0 0 0 0 0 0 0 0 0 0 0 0 0 0 0 0 0 0 0 0 0 0 0 0 0 0 0 0 0 0 0 0 0 0 0 0 0 0 0 0 0 0 0 0 0 0 0 0 0 0 0 0 0 0 0 0 0 0 0 0 0 0 0 0 0 0 0 0.16 0.31 0.47 0.63 0.78 0.94 0.94 0.94 1.23 1.52 1.81 2.1 2.4 2.69 2.69 2.69 2.98 3.27 3.56 3.85 4.15 4.44 4.44 4.44 4.73 5.02 5.31 5.6 5.9 6.19 6.19 6.19 6.47 6.75 7.03 7.31 7.59 7.88 7.88 7.88 8.17 8.46 8.75 9.04 9.33 9.63 9.63 9.63 9.92 10.21 10.5 10.79 11.08 11.38 11.38 11.38 11.67 11.96 12.25 12.54 12.83 13.13 13.13 13.13 13.41 13.69 13.97 14.25 14.53 14.81 14.81 14.81 15.1 15.4 15.69 15.98 16.27 16.56 16.56 16.56 16.85 17.15 17.44 17.73 18.02 18.31 18.31 18.31 18.6 18.9 19.19 19.48 19.77 20.06 20.06 20.06 20.22 20.38 20.53 20.69 20.84 21.0 21.0 21.0 21.0 21.0 21.0 21.0 21.0 21.0 21.0 21.0 21.0 21.0 21.0 21.0 21.0 21.0 21.0 21.0 21.0 21.0 21.0 21.0 21.0 21.0 21.0 21.0 21.0 21.0 21.0 21.0 21.0 21.0 21.0 21.0 21.0 21.0 21.0 21.0 21.0 21.0 21.0 21.0 21.0 21.0 21.0
0 0 0 0 0 0 0 0 0 0 0 0 0 0 0 0 0 0 0 0 0 0 0 0 0 0 0 0 0 0 0 0 0 0 0 0 0 0 0 0 0 0 0 0 0 0.36 0.72 1.08 1.43 1.79 2.15 2.15 2.15 2.87 3.58 4.3 5.02 5.73 6.45 6.45 6.45 7.1 7.75 8.4 9.05 9.7 10.35 10.35 10.35 11.04 11.74 12.43 13.12 13.82 14.51 14.51 14.51 15.21 15.9 16.6 17.29 17.98 18.68 18.68 18.68 19.33 19.98 20.63 21.28 21.93 22.58 22.58 22.58 23.29 24.01 24.73 25.44 26.16 26.88 26.88 26.88 27.52 28.17 28.82 29.47 30.12 30.77 30.77 30.77 31.47 32.16 32.85 33.55 34.24 34.94 34.94 34.94 35.63 36.33 37.02 37.71 38.41 39.1 39.1 39.1 39.75 40.4 41.05 41.7 42.35 43.0 43.0 43.0 43.72 44.43 45.15 45.87 46.58 47.3 47.3 47.3 47.66 48.02 48.38 48.73 49.09 49.45 49.45 49.45 49.45 49.45 49.45 49.45 49.45 49.45 49.45 49.45 49.45 49.45 49.45 49.45 49.45 49.45 49.45 49.45 49.45 49.45 49.45 49.45 49.45 49.45 49.45 49.45 49.45 49.45 49.45 49.45 49.45 49.45 49.45 49.45 49.45 49.45 49.45 49.45 49.45 49.45 49.45 49.45 49.45 49.45 49.45 49.45 49.45 49.45 49.45 49.45 49.45 49.45 49.45 49.45 49.45 49.45 49.45 49.45 49.45 49.45 49.45 49.45 49.45 49.45 49.45 49.45 49.09 48.73 48.38 48.02 47.66 47.3 47.3 47.3 46.58 45.87 45.15 44.43 43.72 43.0 43.0 43.0 42.35 41.7 41.05 40.4 39.75 39.1 39.1 39.1 38.41 37.71 37.02 36.33 35.63 34.94 34.94 34.94 34.24 33.55 32.85 32.16 31.47 30.77 30.77 30.77 30.12 29.47 28.82 28.17 27.52 26.88 26.88 26.88 26.16 25.44 24.73 24.01 23.29 22.58 22.58 22.58 21.93 21.28 20.63 19.98 19.33 18.68 18.68 18.68 17.98 17.29 16.6 15.9 15.21 14.51 14.51 14.51 13.82 13.12 12.43 11.74 11.04 10.35 10.35 10.35 9.7 9.05 8.4 7.75 7.1 6.45 6.45 6.45 5.73 5.02 4.3 3.58 2.87 2.15 2.15 2.15 1.79 1.43 1.08 0.72 0.36 0 0 0 0 0 0 0 0 0 0 0 0 0 0 0 0 0 0 0 0 0 0 0 0 0 0 0 0 0 0 0 0 0 0 0 0 0 0 0 0 0 0 0 0 0 0
6391688443.0
830542806.0
0.00326
0.00633
agregarAgente --DemandaFija
390.85 376.6 362.35 362.35 362.35 387.92 413.48 439.05 464.62 490.18 515.75 515.75 515.75 530.06 544.37 558.68 572.98 587.29 601.6 601.6 601.6 545.09 488.58 432.08 375.57 319.06 262.55 262.55 262.55 280.19 297.83 315.48 333.12 350.76 368.4 368.4 368.4 395.38 422.37 449.35 476.33 503.32 530.3 530.3 530.3 498.41 466.52 434.63 402.73 370.84 338.95 338.95 338.95 358.42 377.88 397.35 416.82 436.28 455.75 455.75 455.75 494.28 532.8 571.33 609.85 648.38 686.9 686.9 686.9 630.66 574.42 518.18 461.93 405.69 349.45 349.45 349.45 365.4 381.35 397.3 413.25 429.2 445.15 445.15 445.15 466.17 487.18 508.2 529.22 550.23 571.25 571.25 571.25 530.48 489.7 448.93 408.15 367.38 326.6 326.6 326.6 336.28 345.95 355.63 365.3 374.98 384.65 384.65 384.65 410.77 436.88 463.0 489.12 515.23 541.35 541.35 541.35 502.08 462.82 423.55 384.28 345.02 305.75 305.75 305.75 307.25 308.75 310.25 311.75 313.25 314.75 314.75 314.75 345.67 376.58 407.5 438.42 469.33 500.25 500.25 500.25 465.43 430.62 395.8 360.98 326.17 291.35 291.35 291.35 295.85 300.35 304.85 309.35 313.85 318.35 318.35 318.35 352.41 386.47 420.53 454.58 488.64 522.7 522.7 522.7 462.77 402.83 342.9 282.97 223.03 163.1 163.1 163.1 137.62 112.13 86.65 61.17 35.68 10.2 10.2 10.2 9.54 8.88 8.23 7.57 6.91 6.25 6.25 6.25 18.38 30.5 42.63 54.75 66.88 79.0 79.0 79.0 107.44 135.88 164.33 192.77 221.21 249.65 249.65 249.65 212.51 175.37 138.23 101.08 63.94 26.8 26.8 26.8 40.53 54.25 67.98 81.7 95.43 109.15 109.15 109.15 92.22 75.28 58.35 41.42 24.48 7.55 7.55 7.55 8.28 9.0 9.73 10.45 11.17 11.9 11.9 11.9 18.58 25.25 31.93 38.6 45.28 51.95 51.95 51.95 44.33 36.72 29.1 21.48 13.87 6.25 6.25 6.25 6.25 6.25 6.25 6.25 6.25 6.25 6.25 6.25 18.44 30.63 42.83 55.02 67.21 79.4 79.4 79.4 109.67 139.93 170.2 200.47 230.73 261.0 261.0 261.0 248.77 236.53 224.3 212.07 199.83 187.6 187.6 187.6 163.05 138.5 113.95 89.4 64.85 40.3 40.3 40.3 34.63 28.95 23.28 17.6 11.93 6.25 6.25 6.25 25.91 45.57 65.23 84.88 104.54 124.2 124.2 124.2 106.96 89.72 72.48 55.23 37.99 20.75 20.75 20.75 42.92 65.08 87.25 109.42 131.58 153.75 153.75 153.75 161.17 168.58 176.0 183.42 190.83 198.25 198.25 198.25 172.8 147.35 121.9 96.45 71.0 45.55 45.55 45.55 131.03 216.5 301.97 387.45 472.93 558.4 558.4 558.4 496.42 434.43 372.45 310.47 248.48 186.5 186.5 186.5 158.65 130.8 102.95
crearDespacho --fija
1600.0
configurarSolver --Gurobi
resolver --noConstante ejecuciones/bancos/recombinados/v1/directo/simple/v1_simple_000493.csv
finalizar
