inicializar --t 360
agregarAgente --RioNegro
29.97 29.78 29.6 29.6 29.6 29.6 29.6 29.6 29.6 29.6 29.6 29.6 29.6 29.6 29.6 29.6 29.6 29.6 29.6 29.6 29.6 29.6 29.6 29.6 29.6 29.6 29.6 29.6 29.6 29.6 29.6 29.6 29.6 29.6 29.6 29.6 29.6 29.6 29.6 29.6 29.6 29.6 29.6 29.6 29.6 29.6 29.6 29.6 29.6 29.6 29.6 29.6 29.6 29.6 29.6 29.6 29.6 29.6 29.6 29.6 29.6 29.6 29.6 29.6 29.6 29.6 29.6 29.6 29.6 29.6 29.6 29.6 29.6 29.6 29.6 29.6 29.6 29.6 29.6 29.6 29.6 29.6 29.6 29.6 29.6 29.6 29.6 29.6 29.6 29.6 29.6 29.6 29.6 29.47 29.33 29.2 29.07 28.93 28.8 28.8 28.8 28.8 28.8 28.8 28.8 28.8 28.8 28.8 28.8 28.8 28.8 28.8 28.8 28.8 28.8 28.8 28.8 28.8 28.8 28.8 28.8 28.8 28.8 28.8 28.8 28.8 28.8 28.8 28.8 28.8 28.8 28.8 28.8 28.8 28.8 28.8 28.8 28.8 28.8 28.8 28.8 28.67 28.53 28.4 28.27 28.13 28.0 28.0 28.0 28.0 28.0 28.0 28.0 28.0 28.0 28.0 28.0 28.0 28.0 28.0 28.0 28.0 28.0 28.0 28.0 28.0 28.0 28.0 28.0 28.0 28.0 28.0 28.0 28.0 28.0 28.0 28.0 28.0 28.0 28.0 28.0 28.0 28.0 28.0 28.0 28.0 28.0 28.0 28.0 28.0 28.0 28.0 28.0 28.0 28.0 28.0 28.0 28.0 28.0 28.0 28.0 28.0 28.0 28.0 28.0 28.0 28.0 28.0 28.0 28.0 28.0 28.0 28.0 28.0 28.0 28.0 28.0 28.0 28.0 28.0 28.0 28.0 28.0 28.0 28.0 28.0 28.0 28.0 28.0 28.0 28.0 28.0 28.0 28.0 28.0 28.0 28.0 28.82 29.63 30.45 31.27 32.08 32.9 32.9 32.9 34.37 35.83 37.3 38.77 40.23 41.7 41.7 41.7 43.17 44.63 46.1 47.57 49.03 50.5 50.5 50.5 51.97 53.43 54.9 56.37 57.83 59.3 59.3 59.3 60.75 62.2 63.65 65.1 66.55 68.0 68.0 68.0 69.47 70.93 72.4 73.87 75.33 76.8 76.8 76.8 78.27 79.73 81.2 82.67 84.13 85.6 85.6 85.6 87.07 88.53 90.0 91.47 92.93 94.4 94.4 94.4 95.85 97.3 98.75 100.2 101.65 103.1 103.1 103.1 104.57 106.03 107.5 108.97 110.43 111.9 111.9 111.9 117.39 122.88 128.37 133.86 139.35 144.84 144.84 144.84 146.6 148.36 150.12 151.88 153.64 155.4 155.4 155.4 156.38 157.36 158.34 159.32 160.3 161.28 161.28 161.28 161.28 161.28 161.28 161.28 161.28 161.28 161.28 161.28 161.28 161.28 161.28 161.28 161.28 161.28 161.28 161.28 161.28 161.28 161.28
0 0 0 0 0 0 0 0 0 0 0 0 0 0 0 0 0 0 0 0 0 0 0 0 0 0 0 0 0 0 0 0 0 0 0 0 0 0 0 0 0 0 0 0 0 0 0 0 0 0 0 0 0 0 0 0 0 0 0 0 0 0 0 0 0 0 0 0 0 0 0 0 0 0 0 0 0 0 0 0 0 0 0 0 0 0 0 0 0 0 0 0 0 0 0 0 0 0 0 0 0 0 0 0 0 0 0 0 0 0 0 0 0 0 0 0 0 0 0 0 0 0 0 0 0 0 0 0 0 0 0 0 0 0 0 0 0 0 0 0 0 0 0 0 0 0 0 0 0 0 0 0 0 0 0 0 0 0 0 0 0 0 0 0 0 0 0 0 0 0 0 0 0 0 0 0 0 0 0 0 0 0 0 0 0 0 0 0 0 0 0 0 0 0 0 0 0 0 0 0 0 0 0 0 0 0 0 0 0 0 0 0 0 0 0 0 0 0 0 0 0 0 0 0 0 0 0 0 0 0 0 0 0 0 0 0 0 0 0 0 0 0 0 0 0 0 0 0 0 0 0 0 0 0 0 0 0 0 0 0 0 0.03 0.07 0.1 0.13 0.17 0.2 0.2 0.2 0.2 0.2 0.2 0.2 0.2 0.2 0.2 0.2 0.2 0.2 0.2 0.2 0.2 0.2 0.2 0.2 0.2 0.2 0.2 0.2 0.2 0.2 0.2 0.2 0.2 0.2 0.2 0.2 0.2 0.2 0.2 0.2 0.2 0.2 0.2 0.2 0.2 0.2 0.2 0.2 0.23 0.27 0.3 0.33 0.37 0.4 0.4 0.4 0.4 0.4 0.4 0.4 0.4 0.4 0.4 0.4 0.4 0.4 0.4 0.4 0.4 0.4 0.4 0.4 0.4 0.4 0.4 0.4 0.4 0.4 0.4 0.4 0.4 0.4 0.4 0.4 0.4 0.4 0.4 0.4 0.4 0.4 0.4 0.4 0.4 0.4 0.4 0.4 0.4 0.4 0.4
38.76 38.98 39.2 39.2 39.2 39.2 39.2 39.2 39.2 39.2 39.2 39.2 39.2 39.2 39.2 39.2 39.2 39.2 39.2 39.2 39.2 39.2 39.2 39.2 39.2 39.2 39.2 39.2 39.2 39.2 39.2 39.2 39.2 39.2 39.2 39.2 39.2 39.2 39.2 39.2 39.2 39.2 39.2 39.2 39.2 39.2 39.2 39.2 39.2 39.2 39.2 39.2 39.2 39.2 39.2 39.2 39.2 39.2 39.2 39.2 39.2 39.2 39.2 39.2 39.2 39.2 39.2 39.2 39.2 39.2 39.2 39.2 39.2 39.2 39.2 39.2 39.2 39.32 39.43 39.55 39.67 39.78 39.9 39.9 39.9 39.9 39.9 39.9 39.9 39.9 39.9 39.9 39.9 40.02 40.13 40.25 40.37 40.48 40.6 40.6 40.6 40.6 40.6 40.6 40.6 40.6 40.6 40.6 40.6 40.72 40.83 40.95 41.07 41.18 41.3 41.3 41.3 41.3 41.3 41.3 41.3 41.3 41.3 41.3 41.3 41.42 41.53 41.65 41.77 41.88 42.0 42.0 42.0 42.0 42.0 42.0 42.0 42.0 42.0 42.0 42.0 42.12 42.23 42.35 42.47 42.58 42.7 42.7 42.7 42.7 42.7 42.7 42.7 42.7 42.7 42.7 42.7 42.82 42.93 43.05 43.17 43.28 43.4 43.4 43.4 43.4 43.4 43.4 43.4 43.4 43.4 43.4 43.4 43.4 43.4 43.4 43.4 43.4 43.4 43.4 43.4 43.4 43.4 43.4 43.4 43.4 43.4 43.4 43.4 43.4 43.4 43.4 43.4 43.4 43.4 43.4 43.4 43.4 43.4 43.4 43.4 43.4 43.4 43.4 43.4 43.4 43.4 43.4 43.4 43.4 43.4 43.4 43.4 43.4 43.4 43.4 43.4 43.4 43.4 43.4 43.4 43.4 43.4 43.4 43.4 43.4 43.4 43.4 43.4 43.4 43.4 43.4 43.4 43.4 43.4 43.4 43.4 43.2 42.99 42.79 42.58 42.38 42.18 42.18 42.18 41.77 41.36 40.95 40.54 40.13 39.72 39.72 39.72 39.36 39.0 38.63 38.27 37.9 37.54 37.54 37.54 37.14 36.75 36.36 35.96 35.57 35.18 35.18 35.18 34.8 34.42 34.04 33.66 33.28 32.9 32.9 32.9 32.51 32.11 31.72 31.33 30.93 30.54 30.54 30.54 30.16 29.78 29.4 29.02 28.64 28.26 28.26 28.26 27.87 27.47 27.08 26.69 26.29 25.9 25.9 25.9 25.52 25.14 24.76 24.38 24.0 23.63 23.63 23.63 23.23 22.84 22.44 22.05 21.66 21.26 21.26 21.26 20.9 20.53 20.17 19.8 19.44 19.08 19.08 19.08 18.67 18.26 17.85 17.44 17.03 16.63 16.63 16.63 16.42 16.22 16.01 15.81 15.6 15.4 15.4 15.4 15.4 15.4 15.4 15.4 15.4 15.4 15.4 15.4 15.4 15.4 15.4 15.4 15.4 15.4 15.4 15.4 15.4 15.4 15.4
3816415747.0
1372554726.0
0.00633
0.00326
agregarAgente --DemandaFija
390.85 376.6 362.35 362.35 362.35 387.92 413.48 439.05 464.62 490.18 515.75 515.75 515.75 530.06 544.37 558.68 572.98 587.29 601.6 601.6 601.6 545.09 488.58 432.08 375.57 319.06 262.55 262.55 262.55 280.19 297.83 315.48 333.12 350.76 368.4 368.4 368.4 395.38 422.37 449.35 476.33 503.32 530.3 530.3 530.3 498.41 466.52 434.63 402.73 370.84 338.95 338.95 338.95 358.42 377.88 397.35 416.82 436.28 455.75 455.75 455.75 494.28 532.8 571.33 609.85 648.38 686.9 686.9 686.9 630.66 574.42 518.18 461.93 405.69 349.45 349.45 349.45 365.4 381.35 397.3 413.25 429.2 445.15 445.15 445.15 466.17 487.18 508.2 529.22 550.23 571.25 571.25 571.25 530.48 489.7 448.93 408.15 367.38 326.6 326.6 326.6 336.28 345.95 355.63 365.3 374.98 384.65 384.65 384.65 410.77 436.88 463.0 489.12 515.23 541.35 541.35 541.35 502.08 462.82 423.55 384.28 345.02 305.75 305.75 305.75 307.25 308.75 310.25 311.75 313.25 314.75 314.75 314.75 345.67 376.58 407.5 438.42 469.33 500.25 500.25 500.25 465.43 430.62 395.8 360.98 326.17 291.35 291.35 291.35 295.85 300.35 304.85 309.35 313.85 318.35 318.35 318.35 352.41 386.47 420.53 454.58 488.64 522.7 522.7 522.7 462.77 402.83 342.9 282.97 223.03 163.1 163.1 163.1 137.62 112.13 86.65 61.17 35.68 10.2 10.2 10.2 9.54 8.88 8.23 7.57 6.91 6.25 6.25 6.25 18.38 30.5 42.63 54.75 66.88 79.0 79.0 79.0 107.44 135.88 164.33 192.77 221.21 249.65 249.65 249.65 212.51 175.37 138.23 101.08 63.94 26.8 26.8 26.8 40.53 54.25 67.98 81.7 95.43 109.15 109.15 109.15 92.22 75.28 58.35 41.42 24.48 7.55 7.55 7.55 8.28 9.0 9.73 10.45 11.17 11.9 11.9 11.9 18.58 25.25 31.93 38.6 45.28 51.95 51.95 51.95 44.33 36.72 29.1 21.48 13.87 6.25 6.25 6.25 6.25 6.25 6.25 6.25 6.25 6.25 6.25 6.25 18.44 30.63 42.83 55.02 67.21 79.4 79.4 79.4 109.67 139.93 170.2 200.47 230.73 261.0 261.0 261.0 248.77 236.53 224.3 212.07 199.83 187.6 187.6 187.6 163.05 138.5 113.95 89.4 64.85 40.3 40.3 40.3 34.63 28.95 23.28 17.6 11.93 6.25 6.25 6.25 25.91 45.57 65.23 84.88 104.54 124.2 124.2 124.2 106.96 89.72 72.48 55.23 37.99 20.75 20.75 20.75 42.92 65.08 87.25 109.42 131.58 153.75 153.75 153.75 161.17 168.58 176.0 183.42 190.83 198.25 198.25 198.25 172.8 147.35 121.9 96.45 71.0 45.55 45.55 45.55 131.03 216.5 301.97 387.45 472.93 558.4 558.4 558.4 496.42 434.43 372.45 310.47 248.48 186.5 186.5 186.5 158.65 130.8 102.95
crearDespacho --fija
3200.0
configurarSolver --Gurobi
resolver --noConstante ejecuciones/bancos/recombinados/v1/directo/simple/v1_simple_000410.csv
finalizar
