inicializar --t 360
agregarAgente --RioNegro
0 0 0 0 0 0 0 0 0 0 0 0 0 0 0 0 0 0 0 0 0 0 0 0 0 0 0 0 0 0 0 0 0 0 0 0 0 0 0 0 0 0 0 0 0 0.6 1.2 1.8 2.4 3.0 3.6 3.6 3.6 4.62 5.64 6.66 7.68 8.7 9.72 9.72 9.72 10.78 11.84 12.9 13.96 15.02 16.08 16.08 16.08 17.1 18.12 19.14 20.16 21.18 22.2 22.2 22.2 23.28 24.36 25.44 26.52 27.6 28.68 28.68 28.68 29.68 30.68 31.68 32.68 33.68 34.68 34.68 34.68 35.76 36.84 37.92 39.0 40.08 41.16 41.16 41.16 42.16 43.16 44.16 45.16 46.16 47.16 47.16 47.16 48.24 49.32 50.4 51.48 52.56 53.64 53.64 53.64 54.66 55.68 56.7 57.72 58.74 59.76 59.76 59.76 60.82 61.88 62.94 64.0 65.06 66.12 66.12 66.12 67.14 68.16 69.18 70.2 71.22 72.24 72.24 72.24 72.84 73.44 74.04 74.64 75.24 75.84 75.84 75.84 75.84 75.84 75.84 75.84 75.84 75.84 75.84 75.84 75.84 75.84 75.84 75.84 75.84 75.84 75.84 75.84 75.84 75.84 75.84 75.84 75.84 75.84 75.84 75.84 75.84 75.84 75.84 75.84 75.84 75.84 75.84 75.84 75.84 75.84 75.84 75.84 75.84 75.84 75.84 75.84 75.84 75.84 75.84 75.84 75.84 75.84 75.84 75.84 75.84 75.84 75.84 75.84 75.84 75.84 75.84 75.84 75.84 75.84 75.84 75.84 75.84 75.84 75.84 75.84 75.24 74.64 74.04 73.44 72.84 72.24 72.24 72.24 71.22 70.2 69.18 68.16 67.14 66.12 66.12 66.12 65.06 64.0 62.94 61.88 60.82 59.76 59.76 59.76 58.74 57.72 56.7 55.68 54.66 53.64 53.64 53.64 52.56 51.48 50.4 49.32 48.24 47.16 47.16 47.16 46.16 45.16 44.16 43.16 42.16 41.16 41.16 41.16 40.08 39.0 37.92 36.84 35.76 34.68 34.68 34.68 33.68 32.68 31.68 30.68 29.68 28.68 28.68 28.68 27.6 26.52 25.44 24.36 23.28 22.2 22.2 22.2 21.18 20.16 19.14 18.12 17.1 16.08 16.08 16.08 15.02 13.96 12.9 11.84 10.78 9.72 9.72 9.72 8.7 7.68 6.66 5.64 4.62 3.6 3.6 3.6 3.0 2.4 1.8 1.2 0.6 0 0 0 0 0 0 0 0 0 0 0 0 0 0 0 0 0 0 0 0 0 0 0 0 0 0 0 0 0 0 0 0 0 0 0 0 0 0 0 0 0 0 0 0 0 0
28.5 28.5 28.5 28.5 28.5 28.5 28.5 28.5 28.5 28.5 28.5 28.5 28.5 28.5 28.5 28.5 28.5 28.5 28.5 28.5 28.5 28.5 28.5 28.5 28.5 28.5 28.5 28.5 28.5 28.5 28.5 28.5 28.5 28.5 28.5 28.5 28.5 28.5 28.5 28.5 28.5 28.5 28.5 28.5 28.5 28.27 28.04 27.81 27.58 27.35 27.13 27.13 27.13 26.75 26.38 26.0 25.63 25.25 24.88 24.88 24.88 24.47 24.06 23.66 23.25 22.84 22.44 22.44 22.44 22.05 21.67 21.28 20.9 20.51 20.13 20.13 20.13 19.73 19.33 18.94 18.54 18.15 17.75 17.75 17.75 17.36 16.98 16.59 16.21 15.82 15.44 15.44 15.44 15.04 14.65 14.25 13.85 13.46 13.06 13.06 13.06 12.68 12.29 11.91 11.52 11.14 10.75 10.75 10.75 10.35 9.96 9.56 9.17 8.77 8.38 8.38 8.38 7.99 7.6 7.22 6.83 6.45 6.06 6.06 6.06 5.66 5.25 4.84 4.44 4.03 3.63 3.63 3.63 3.25 2.88 2.5 2.13 1.75 1.38 1.38 1.38 1.15 0.92 0.69 0.46 0.23 0 0 0 0 0 0 0 0 0 0 0 0 0 0 0 0 0 0 0 0 0 0 0 0 0 0 0 0 0 0 0 0 0 0 0 0 0 0 0 0 0 0 0 0 0 0 0 0 0 0 0 0 0 0 0 0 0 0 0 0 0 0 0 0 0 0 0 0.16 0.31 0.47 0.63 0.78 0.94 0.94 0.94 1.23 1.52 1.81 2.1 2.4 2.69 2.69 2.69 2.98 3.27 3.56 3.85 4.15 4.44 4.44 4.44 4.73 5.02 5.31 5.6 5.9 6.19 6.19 6.19 6.47 6.75 7.03 7.31 7.59 7.88 7.88 7.88 8.17 8.46 8.75 9.04 9.33 9.63 9.63 9.63 9.92 10.21 10.5 10.79 11.08 11.38 11.38 11.38 11.67 11.96 12.25 12.54 12.83 13.13 13.13 13.13 13.41 13.69 13.97 14.25 14.53 14.81 14.81 14.81 15.1 15.4 15.69 15.98 16.27 16.56 16.56 16.56 16.85 17.15 17.44 17.73 18.02 18.31 18.31 18.31 18.6 18.9 19.19 19.48 19.77 20.06 20.06 20.06 20.22 20.38 20.53 20.69 20.84 21.0 21.0 21.0 21.0 21.0 21.0 21.0 21.0 21.0 21.0 21.0 21.0 21.0 21.0 21.0 21.0 21.0 21.0 21.0 21.0 21.0 21.0 21.0 21.0 21.0 21.0 21.0 21.0 21.0 21.0 21.0 21.0 21.0 21.0 21.0 21.0 21.0 21.0 21.0 21.0 21.0 21.0 21.0 21.0 21.0 21.0
0 0 0 0 0 0 0 0 0 0 0 0 0 0 0 0 0 0 0 0 0 0 0 0 0 0 0 0 0 0 0 0 0 0 0 0 0 0 0 0 0 0 0 0 0 0.36 0.72 1.08 1.43 1.79 2.15 2.15 2.15 2.87 3.58 4.3 5.02 5.73 6.45 6.45 6.45 7.1 7.75 8.4 9.05 9.7 10.35 10.35 10.35 11.04 11.74 12.43 13.12 13.82 14.51 14.51 14.51 15.21 15.9 16.6 17.29 17.98 18.68 18.68 18.68 19.33 19.98 20.63 21.28 21.93 22.58 22.58 22.58 23.29 24.01 24.73 25.44 26.16 26.88 26.88 26.88 27.52 28.17 28.82 29.47 30.12 30.77 30.77 30.77 31.47 32.16 32.85 33.55 34.24 34.94 34.94 34.94 35.63 36.33 37.02 37.71 38.41 39.1 39.1 39.1 39.75 40.4 41.05 41.7 42.35 43.0 43.0 43.0 43.72 44.43 45.15 45.87 46.58 47.3 47.3 47.3 47.66 48.02 48.38 48.73 49.09 49.45 49.45 49.45 49.45 49.45 49.45 49.45 49.45 49.45 49.45 49.45 49.45 49.45 49.45 49.45 49.45 49.45 49.45 49.45 49.45 49.45 49.45 49.45 49.45 49.45 49.45 49.45 49.45 49.45 49.45 49.45 49.45 49.45 49.45 49.45 49.45 49.45 49.45 49.45 49.45 49.45 49.45 49.45 49.45 49.45 49.45 49.45 49.45 49.45 49.45 49.45 49.45 49.45 49.45 49.45 49.45 49.45 49.45 49.45 49.45 49.45 49.45 49.45 49.45 49.45 49.45 49.45 49.09 48.73 48.38 48.02 47.66 47.3 47.3 47.3 46.58 45.87 45.15 44.43 43.72 43.0 43.0 43.0 42.35 41.7 41.05 40.4 39.75 39.1 39.1 39.1 38.41 37.71 37.02 36.33 35.63 34.94 34.94 34.94 34.24 33.55 32.85 32.16 31.47 30.77 30.77 30.77 30.12 29.47 28.82 28.17 27.52 26.88 26.88 26.88 26.16 25.44 24.73 24.01 23.29 22.58 22.58 22.58 21.93 21.28 20.63 19.98 19.33 18.68 18.68 18.68 17.98 17.29 16.6 15.9 15.21 14.51 14.51 14.51 13.82 13.12 12.43 11.74 11.04 10.35 10.35 10.35 9.7 9.05 8.4 7.75 7.1 6.45 6.45 6.45 5.73 5.02 4.3 3.58 2.87 2.15 2.15 2.15 1.79 1.43 1.08 0.72 0.36 0 0 0 0 0 0 0 0 0 0 0 0 0 0 0 0 0 0 0 0 0 0 0 0 0 0 0 0 0 0 0 0 0 0 0 0 0 0 0 0 0 0 0 0 0 0
6391688443.0
830542806.0
0.00633
0.00326
agregarAgente --DemandaFija
344.28 252.3 160.33 160.33 160.33 229.79 299.25 368.71 438.18 507.64 577.1 577.1 577.1 616.53 655.95 695.38 734.8 774.23 813.65 813.65 813.65 712.76 611.88 510.99 410.1 309.21 208.33 208.33 208.33 283.29 358.25 433.21 508.18 583.14 658.1 658.1 658.1 683.24 708.38 733.51 758.65 783.79 808.93 808.93 808.93 703.06 597.2 491.34 385.48 279.61 173.75 173.75 173.75 250.96 328.18 405.39 482.6 559.81 637.03 637.03 637.03 655.28 673.53 691.78 710.03 728.28 746.53 746.53 746.53 649.09 551.65 454.21 356.78 259.34 161.9 161.9 161.9 227.24 292.58 357.91 423.25 488.59 553.93 553.93 553.93 570.55 587.18 603.8 620.43 637.05 653.68 653.68 653.68 558.35 463.03 367.7 272.38 177.05 81.73 81.73 81.73 140.64 199.55 258.46 317.38 376.29 435.2 435.2 435.2 479.63 524.05 568.47 612.9 657.33 701.75 701.75 701.75 601.15 500.55 399.95 299.35 198.75 98.15 98.15 98.15 129.09 160.03 190.96 221.9 252.84 283.78 283.78 283.78 317.96 352.15 386.34 420.53 454.71 488.9 488.9 488.9 425.88 362.85 299.83 236.8 173.78 110.75 110.75 110.75 182.73 254.7 326.68 398.65 470.63 542.6 542.6 542.6 574.44 606.28 638.11 669.95 701.79 733.63 733.63 733.63 685.34 637.05 588.76 540.48 492.19 443.9 443.9 443.9 456.44 468.98 481.51 494.05 506.59 519.13 519.13 519.13 546.19 573.25 600.31 627.38 654.44 681.5 681.5 681.5 641.9 602.3 562.7 523.1 483.5 443.9 443.9 443.9 447.8 451.7 455.6 459.5 463.4 467.3 467.3 467.3 480.81 494.32 507.84 521.35 534.86 548.38 548.38 548.38 530.89 513.4 495.91 478.43 460.94 443.45 443.45 443.45 456.63 469.8 482.97 496.15 509.32 522.5 522.5 522.5 545.03 567.55 590.08 612.6 635.13 657.65 657.65 657.65 621.9 586.15 550.4 514.65 478.9 443.15 443.15 443.15 448.46 453.78 459.09 464.4 469.71 475.03 475.03 475.03 495.25 515.48 535.7 555.93 576.15 596.38 596.38 596.38 602.68 608.98 615.28 621.58 627.88 634.18 634.18 634.18 647.24 660.3 673.36 686.43 699.49 712.55 712.55 712.55 733.26 753.98 774.69 795.4 816.11 836.83 836.83 836.83 820.68 804.53 788.38 772.23 756.08 739.93 739.93 739.93 736.9 733.88 730.85 727.83 724.8 721.78 721.78 721.78 719.13 716.48 713.83 711.18 708.53 705.88 705.88 705.88 707.44 709.0 710.56 712.13 713.69 715.25 715.25 715.25 722.35 729.45 736.55 743.65 750.75 757.85 757.85 757.85 781.16 804.48 827.79 851.1 874.41 897.72 897.72 897.72 841.13 784.53 727.93 671.33 614.73 558.13 558.13 558.13 555.98 553.83 551.68 549.53 547.38 545.23 545.23 545.23 572.45 599.68 626.9 654.13 681.35 708.58 708.58 708.58 664.1 619.63 575.15
crearDespacho --fija
3200.0
configurarSolver --Gurobi
resolver --noConstante ejecuciones/bancos/recombinados/v1/directo/simple/v1_simple_000119.csv
finalizar
