inicializar --t 360
agregarAgente --RioNegro
0 0 0 0 0 0 0 0 0 0 0 0 0 0 0 0 0 0 0 0 0 0 0 0 0 0 0 0 0 0 0 0 0 0 0 0 0 0 0 0 0 0 0 0 0 0 0 0 0 0 0 0 0 0 0 0 0 0 0 0 0 0 0 0 0 0 0 0 0 0 0 0 0 0 0 0 0 0 0 0 0 0 0 0 0 0 0 0 0 0 0 0 0 0 0 0 0 0 0 0 0 0 0 0 0 0 0 0 0 0 0 0 0 0 0 0 0 0 0 0 0 0 0 0 0 0 0 0 0 0 0 0 0 0 0 0 0 0 0 0 0 0 0 0 0 0 0 0 0 0 0 0 0 0 0 0 0 0 0 0 0 0 0 0 0 0 0 0 0 0 0 0 0 0 0 0 0 0 0 0 0 0 0 0 0 0 0 0 0 0 0 0 0 0 0 0 0 0 0 0 0 0 0 0 0 0 0 0 0 0 0 0 0 0 0 0 0 0 0 0 0 0 0 0 0 0 0 0 0 0 0 0 0 0 0 0 0 0.08 0.17 0.25 0.33 0.42 0.5 0.5 0.5 0.68 0.87 1.05 1.23 1.42 1.6 1.6 1.6 1.78 1.97 2.15 2.33 2.52 2.7 2.7 2.7 2.87 3.03 3.2 3.37 3.53 3.7 3.7 3.7 3.88 4.07 4.25 4.43 4.62 4.8 4.8 4.8 4.98 5.17 5.35 5.53 5.72 5.9 5.9 5.9 6.07 6.23 6.4 6.57 6.73 6.9 6.9 6.9 7.08 7.27 7.45 7.63 7.82 8.0 8.0 8.0 8.18 8.37 8.55 8.73 8.92 9.1 9.1 9.1 9.27 9.43 9.6 9.77 9.93 10.1 10.1 10.1 10.28 10.47 10.65 10.83 11.02 11.2 11.2 11.2 11.38 11.57 11.75 11.93 12.12 12.3 12.3 12.3 12.38 12.47 12.55 12.63 12.72 12.8 12.8 12.8 12.8 12.8 12.8 12.8 12.8 12.8 12.8 12.8 12.8 12.8 12.8 12.8 12.8 12.8 12.8 12.8 12.8 12.8 12.8
2.2 2.2 2.2 2.2 2.2 2.2 2.2 2.2 2.2 2.2 2.2 2.2 2.2 2.2 2.2 2.2 2.2 2.2 2.2 2.2 2.2 2.2 2.2 2.2 2.2 2.2 2.2 2.2 2.2 2.2 2.2 2.2 2.2 2.2 2.2 2.2 2.2 2.2 2.2 2.2 2.2 2.2 2.2 2.2 2.2 2.2 2.2 2.2 2.2 2.2 2.2 2.2 2.2 2.2 2.2 2.2 2.2 2.2 2.2 2.2 2.2 2.2 2.2 2.2 2.2 2.2 2.2 2.2 2.2 2.2 2.2 2.2 2.2 2.2 2.2 2.2 2.2 2.23 2.27 2.3 2.33 2.37 2.4 2.4 2.4 2.4 2.4 2.4 2.4 2.4 2.4 2.4 2.4 2.43 2.47 2.5 2.53 2.57 2.6 2.6 2.6 2.6 2.6 2.6 2.6 2.6 2.6 2.6 2.6 2.63 2.67 2.7 2.73 2.77 2.8 2.8 2.8 2.8 2.8 2.8 2.8 2.8 2.8 2.8 2.8 2.83 2.87 2.9 2.93 2.97 3.0 3.0 3.0 3.0 3.0 3.0 3.0 3.0 3.0 3.0 3.0 3.03 3.07 3.1 3.13 3.17 3.2 3.2 3.2 3.2 3.2 3.2 3.2 3.2 3.2 3.2 3.2 3.23 3.27 3.3 3.33 3.37 3.4 3.4 3.4 3.4 3.4 3.4 3.4 3.4 3.4 3.4 3.4 3.4 3.4 3.4 3.4 3.4 3.4 3.4 3.4 3.4 3.4 3.4 3.4 3.4 3.4 3.4 3.4 3.4 3.4 3.4 3.4 3.4 3.4 3.4 3.4 3.4 3.4 3.4 3.4 3.4 3.4 3.4 3.4 3.4 3.4 3.4 3.4 3.4 3.4 3.4 3.4 3.4 3.4 3.4 3.4 3.4 3.4 3.4 3.4 3.4 3.4 3.4 3.4 3.4 3.4 3.4 3.4 3.4 3.4 3.4 3.4 3.4 3.4 3.4 3.4 3.38 3.35 3.33 3.3 3.28 3.25 3.25 3.25 3.2 3.15 3.1 3.05 3.0 2.95 2.95 2.95 2.9 2.86 2.81 2.77 2.72 2.68 2.68 2.68 2.63 2.58 2.54 2.49 2.45 2.4 2.4 2.4 2.35 2.31 2.26 2.22 2.17 2.13 2.13 2.13 2.08 2.03 1.99 1.94 1.9 1.85 1.85 1.85 1.8 1.75 1.7 1.65 1.6 1.55 1.55 1.55 1.5 1.46 1.41 1.37 1.32 1.28 1.28 1.28 1.23 1.18 1.14 1.09 1.05 1.0 1.0 1.0 0.95 0.91 0.86 0.82 0.77 0.73 0.73 0.73 0.68 0.63 0.59 0.54 0.5 0.45 0.45 0.45 0.4 0.35 0.3 0.25 0.2 0.15 0.15 0.15 0.13 0.1 0.08 0.05 0.03 0 0 0 0 0 0 0 0 0 0 0 0 0 0 0 0 0 0 0 0 0 0
18.32 18.26 18.2 18.2 18.2 18.2 18.2 18.2 18.2 18.2 18.2 18.2 18.2 18.2 18.2 18.2 18.2 18.2 18.2 18.2 18.2 18.2 18.2 18.2 18.2 18.2 18.2 18.2 18.2 18.2 18.2 18.2 18.2 18.2 18.2 18.2 18.2 18.2 18.2 18.2 18.2 18.2 18.2 18.2 18.2 18.2 18.2 18.2 18.2 18.2 18.2 18.2 18.2 18.2 18.2 18.2 18.2 18.2 18.2 18.2 18.2 18.2 18.2 18.2 18.2 18.2 18.2 18.2 18.2 18.13 18.05 17.98 17.91 17.84 17.76 17.76 17.76 17.63 17.5 17.37 17.24 17.11 16.97 16.97 16.97 16.84 16.71 16.58 16.45 16.32 16.19 16.19 16.19 16.04 15.9 15.75 15.6 15.46 15.31 15.31 15.31 15.18 15.05 14.92 14.79 14.66 14.52 14.52 14.52 14.39 14.26 14.13 14.0 13.87 13.74 13.74 13.74 13.59 13.45 13.3 13.15 13.01 12.86 12.86 12.86 12.73 12.6 12.47 12.34 12.21 12.08 12.08 12.08 11.94 11.81 11.68 11.55 11.42 11.29 11.29 11.29 11.14 11.0 10.85 10.7 10.56 10.41 10.41 10.41 10.28 10.15 10.02 9.89 9.76 9.63 9.63 9.63 9.49 9.36 9.23 9.1 8.97 8.84 8.84 8.84 8.76 8.69 8.62 8.55 8.47 8.4 8.4 8.4 8.4 8.4 8.4 8.4 8.4 8.4 8.4 8.4 8.4 8.4 8.4 8.4 8.4 8.4 8.4 8.4 8.4 8.4 8.4 8.4 8.4 8.4 8.4 8.4 8.4 8.4 8.4 8.4 8.4 8.4 8.4 8.4 8.4 8.4 8.4 8.4 8.4 8.4 8.4 8.4 8.4 8.4 8.4 8.4 8.4 8.4 8.4 8.4 8.4 8.4 8.4 8.4 8.4 8.4 8.4 8.4 8.4 8.4 8.4 8.4 8.4 8.4 8.4 8.4 8.4 8.4 8.4 8.4 8.4 8.4 8.4 8.4 8.5 8.6 8.71 8.81 8.91 9.01 9.01 9.01 9.03 9.04 9.06 9.07 9.09 9.1 9.1 9.1 9.14 9.19 9.23 9.27 9.32 9.36 9.36 9.36 9.44 9.51 9.58 9.65 9.73 9.8 9.8 9.8 9.8 9.8 9.8 9.8 9.8 9.8 9.8 9.8 9.92 10.03 10.15 10.27 10.38 10.5 10.5 10.5 10.5 10.5 10.5 10.5 10.5 10.5 10.5 10.5 10.57 10.65 10.72 10.79 10.86 10.94 10.94 10.94 10.98 11.03 11.07 11.11 11.16 11.2 11.2 11.2 11.21 11.23 11.24 11.26 11.27 11.29 11.29 11.29 11.39 11.49 11.59 11.7 11.8 11.9 11.9 11.9 11.9 11.9 11.9 11.9 11.9 11.9 11.9 11.9 11.9 11.9 11.9 11.9 11.9 11.9 11.9 11.9 11.9 11.9 11.9 11.9 11.9 11.9 11.9 11.9 11.9 11.9 11.9
4951414692.0
932825977.0
0.00633
0.00326
agregarAgente --DemandaFija
606.55 578.21 549.88 549.88 549.88 596.73 643.58 690.43 737.28 784.13 830.97 830.97 830.97 797.14 763.3 729.46 695.63 661.79 627.95 627.95 627.95 590.96 553.98 516.99 480.0 443.01 406.03 406.03 406.03 453.86 501.7 549.54 597.38 645.21 693.05 693.05 693.05 664.25 635.45 606.65 577.85 549.05 520.25 520.25 520.25 500.45 480.65 460.85 441.05 421.25 401.45 401.45 401.45 440.01 478.58 517.14 555.7 594.26 632.83 632.83 632.83 634.85 636.88 638.9 640.93 642.95 644.98 644.98 644.98 616.0 587.03 558.05 529.08 500.1 471.13 471.13 471.13 505.8 540.48 575.15 609.83 644.5 679.18 679.18 679.18 611.9 544.63 477.35 410.08 342.8 275.53 275.53 275.53 270.55 265.58 260.6 255.63 250.65 245.68 245.68 245.68 258.28 270.88 283.48 296.08 308.68 321.28 321.28 321.28 324.19 327.1 330.01 332.93 335.84 338.75 338.75 338.75 361.6 384.45 407.3 430.15 453.0 475.85 475.85 475.85 500.74 525.63 550.51 575.4 600.29 625.18 625.18 625.18 626.03 626.88 627.73 628.58 629.43 630.28 630.28 630.28 598.41 566.55 534.69 502.83 470.96 439.1 439.1 439.1 477.74 516.38 555.01 593.65 632.29 670.93 670.93 670.93 650.74 630.55 610.36 590.18 569.99 549.8 549.8 549.8 494.45 439.1 383.75 328.4 273.05 217.7 217.7 217.7 296.49 375.28 454.06 532.85 611.64 690.43 690.43 690.43 677.85 665.28 652.7 640.13 627.55 614.98 614.98 614.98 541.44 467.9 394.36 320.83 247.29 173.75 173.75 173.75 243.65 313.55 383.45 453.35 523.25 593.15 593.15 593.15 616.06 638.98 661.89 684.8 707.71 730.63 730.63 730.63 650.26 569.9 489.54 409.18 328.81 248.45 248.45 248.45 225.15 201.85 178.55 155.25 131.95 108.65 108.65 108.65 130.93 153.2 175.48 197.75 220.03 242.3 242.3 242.3 260.53 278.75 296.98 315.2 333.43 351.65 351.65 351.65 398.84 446.03 493.21 540.4 587.59 634.78 634.78 634.78 636.29 637.8 639.31 640.83 642.34 643.85 643.85 643.85 592.81 541.78 490.74 439.7 388.66 337.63 337.63 337.63 360.39 383.15 405.91 428.68 451.44 474.2 474.2 474.2 490.51 506.83 523.14 539.45 555.76 572.08 572.08 572.08 530.39 488.7 447.01 405.33 363.64 321.95 321.95 321.95 375.08 428.2 481.33 534.45 587.58 640.7 640.7 640.7 594.68 548.65 502.63 456.6 410.58 364.55 364.55 364.55 337.14 309.73 282.31 254.9 227.49 200.08 200.08 200.08 176.63 153.18 129.73 106.28 82.83 59.38 59.38 59.38 122.9 186.43 249.95 313.48 377.0 440.53 440.53 440.53 438.41 436.3 434.19 432.08 429.96 427.85 427.85 427.85 461.69 495.53 529.36 563.2 597.04 630.88 630.88 630.88 613.99 597.1 580.21 563.33 546.44 529.55 529.55 529.55 453.15 376.75 300.35
crearDespacho --fija
1600.0
configurarSolver --Gurobi
resolver --noConstante ejecuciones/bancos/recombinados/v1/directo/simple/v1_simple_000073.csv
finalizar
