inicializar --t 360
agregarAgente --RioNegro
0.48 0.24 0 0 0 0 0 0 0 0 0 0 0 0 0 0 0 0 0 0 0 0 0 0 0 0 0 0 0 0 0 0 0 0 0 0 0 0 0 0 0 0 0 0 0 0 0 0 0 0 0 0 0 0 0 0 0 0 0 0 0 0 0 0 0 0 0 0 0 0 0 0 0 0 0 0 0 0 0 0 0 0 0 0 0 0 0 0 0 0 0 0 0 0 0 0 0 0 0 0 0 0 0 0 0 0 0 0 0 0 0 0 0 0 0 0 0 0 0 0 0 0 0 0 0 0 0 0 0 0 0 0 0 0 0 0 0 0 0 0 0 0 0 0 0 0 0 0 0 0 0 0 0 0 0 0 0 0 0 0 0 0 0 0 0 0 0 0 0 0 0 0 0 0 0 0 0 0 0 0 0 0 0 0 0 0 0 0 0 0 0 0 0 0 0 0 0 0 0 0 0 0 0 0 0 0 0 0 0 0 0 0 0 0 0 0 0 0 0 0 0 0 0 0 0 0 0 0 0 0 0 0 0 0 0 0 0 0 0 0 0 0 0 0 0 0 0 0 0 0 0 0 0 0 0 0 0 0 0 0 0 0 0 0 0 0 0 0 0 0 0 0 0 0 0 0 0 0 0 0 0 0 0 0 0 0 0 0 0 0 0 0 0 0 0 0 0 0 0 0 0 0 0 0 0 0 0 0 0 0 0 0 0 0 0 0 0 0 0 0 0 0 0 0 0 0 0 0 0 0 0 0 0 0 0 0 0 0 0 0 0 0 0 0 0 0 0 0 0 0 0 0 0 0 0 0 0 0 0 0
32.98 33.24 33.5 33.5 33.5 33.5 33.5 33.5 33.5 33.5 33.5 33.5 33.5 33.5 33.5 33.5 33.5 33.5 33.5 33.5 33.5 33.5 33.5 33.5 33.5 33.5 33.5 33.5 33.5 33.5 33.5 33.5 33.5 33.5 33.5 33.5 33.5 33.5 33.5 33.5 33.5 33.5 33.5 33.5 33.5 33.5 33.5 33.5 33.5 33.5 33.5 33.5 33.5 33.5 33.5 33.5 33.5 33.5 33.5 33.5 33.5 33.5 33.5 33.5 33.5 33.5 33.5 33.5 33.5 33.24 32.98 32.72 32.46 32.2 31.94 31.94 31.94 31.48 31.02 30.56 30.1 29.65 29.19 29.19 29.19 28.72 28.25 27.78 27.31 26.84 26.38 26.38 26.38 25.93 25.48 25.03 24.58 24.14 23.69 23.69 23.69 23.22 22.75 22.28 21.81 21.34 20.88 20.88 20.88 20.43 19.98 19.53 19.08 18.64 18.19 18.19 18.19 17.71 17.23 16.75 16.27 15.79 15.31 15.31 15.31 14.86 14.42 13.97 13.52 13.07 12.63 12.63 12.63 12.16 11.69 11.22 10.75 10.28 9.81 9.81 9.81 9.36 8.92 8.47 8.02 7.57 7.13 7.13 7.13 6.66 6.19 5.72 5.25 4.78 4.31 4.31 4.31 3.85 3.4 2.94 2.48 2.02 1.56 1.56 1.56 1.3 1.04 0.78 0.52 0.26 0 0 0 0 0 0 0 0 0 0 0 0 0 0 0 0 0 0 0 0 0 0 0 0 0 0 0 0 0 0 0 0 0 0 0 0 0 0 0 0 0 0 0 0 0 0 0 0 0 0 0 0 0 0 0 0 0 0 0 0 0 0 0 0 0 0 0 0.23 0.46 0.69 0.92 1.15 1.38 1.38 1.38 1.75 2.13 2.5 2.88 3.25 3.63 3.63 3.63 4.03 4.44 4.84 5.25 5.66 6.06 6.06 6.06 6.45 6.83 7.22 7.6 7.99 8.38 8.38 8.38 8.77 9.17 9.56 9.96 10.35 10.75 10.75 10.75 11.14 11.52 11.91 12.29 12.68 13.06 13.06 13.06 13.46 13.85 14.25 14.65 15.04 15.44 15.44 15.44 15.82 16.21 16.59 16.98 17.36 17.75 17.75 17.75 18.15 18.54 18.94 19.33 19.73 20.13 20.13 20.13 20.51 20.9 21.28 21.67 22.05 22.44 22.44 22.44 22.84 23.25 23.66 24.06 24.47 24.88 24.88 24.88 25.25 25.63 26.0 26.38 26.75 27.13 27.13 27.13 27.35 27.58 27.81 28.04 28.27 28.5 28.5 28.5 28.5 28.5 28.5 28.5 28.5 28.5 28.5 28.5 28.5 28.5 28.5 28.5 28.5 28.5 28.5 28.5 28.5 28.5 28.5
1.03 0.52 0 0 0 0 0 0 0 0 0 0 0 0 0 0 0 0 0 0 0 0 0 0 0 0 0 0 0 0 0 0 0 0 0 0 0 0 0 0 0 0 0 0 0 0 0 0 0 0 0 0 0 0 0 0 0 0 0 0 0 0 0 0 0 0 0 0 0 0.22 0.45 0.67 0.9 1.12 1.34 1.34 1.34 1.77 2.19 2.62 3.05 3.47 3.9 3.9 3.9 4.3 4.7 5.11 5.51 5.91 6.32 6.32 6.32 6.74 7.17 7.59 8.02 8.44 8.87 8.87 8.87 9.29 9.72 10.15 10.57 11.0 11.42 11.42 11.42 11.83 12.23 12.63 13.03 13.44 13.84 13.84 13.84 14.24 14.65 15.05 15.45 15.86 16.26 16.26 16.26 16.66 17.07 17.47 17.87 18.27 18.68 18.68 18.68 19.1 19.53 19.95 20.38 20.81 21.23 21.23 21.23 21.66 22.08 22.51 22.93 23.36 23.78 23.78 23.78 24.19 24.59 24.99 25.4 25.8 26.2 26.2 26.2 26.63 27.05 27.48 27.91 28.33 28.76 28.76 28.76 28.98 29.2 29.43 29.65 29.88 30.1 30.1 30.1 30.1 30.1 30.1 30.1 30.1 30.1 30.1 30.1 30.1 30.1 30.1 30.1 30.1 30.1 30.1 30.1 30.1 30.1 30.1 30.1 30.1 30.1 30.1 30.1 30.1 30.1 30.1 30.1 30.1 30.1 30.1 30.1 30.1 30.1 30.1 30.1 30.1 30.1 30.1 30.1 30.1 30.1 30.1 30.1 30.1 30.1 30.1 30.1 30.1 30.1 30.1 30.1 30.1 30.1 30.1 30.1 30.1 30.1 30.1 30.1 30.1 30.1 30.1 30.1 29.88 29.65 29.43 29.2 28.98 28.76 28.76 28.76 28.33 27.91 27.48 27.05 26.63 26.2 26.2 26.2 25.8 25.4 24.99 24.59 24.19 23.78 23.78 23.78 23.36 22.93 22.51 22.08 21.66 21.23 21.23 21.23 20.81 20.38 19.95 19.53 19.1 18.68 18.68 18.68 18.27 17.87 17.47 17.07 16.66 16.26 16.26 16.26 15.86 15.45 15.05 14.65 14.24 13.84 13.84 13.84 13.44 13.03 12.63 12.23 11.83 11.42 11.42 11.42 11.0 10.57 10.15 9.72 9.29 8.87 8.87 8.87 8.44 8.02 7.59 7.17 6.74 6.32 6.32 6.32 5.91 5.51 5.11 4.7 4.3 3.9 3.9 3.9 3.47 3.05 2.62 2.19 1.77 1.34 1.34 1.34 1.12 0.9 0.67 0.45 0.22 0 0 0 0 0 0 0 0 0 0 0 0 0 0 0 0 0 0 0 0 0 0
6621704071.0
879755606.0
0.00479
0.00479
agregarAgente --DemandaFija
196.73 162.14 127.55 127.55 127.55 191.05 254.55 318.05 381.55 445.05 508.55 508.55 508.55 484.63 460.7 436.78 412.85 388.93 365.0 365.0 365.0 326.91 288.83 250.74 212.65 174.56 136.48 136.48 136.48 200.8 265.13 329.45 393.78 458.1 522.43 522.43 522.43 508.7 494.98 481.25 467.53 453.8 440.08 440.08 440.08 401.31 362.55 323.79 285.03 246.26 207.5 207.5 207.5 272.39 337.28 402.16 467.05 531.94 596.83 596.83 596.83 579.83 562.83 545.83 528.83 511.83 494.83 494.83 494.83 448.91 403.0 357.09 311.18 265.26 219.35 219.35 219.35 269.56 319.78 369.99 420.2 470.41 520.63 520.63 520.63 540.3 559.98 579.65 599.33 619.0 638.68 638.68 638.68 593.71 548.75 503.79 458.83 413.86 368.9 368.9 368.9 442.43 515.95 589.48 663.0 736.53 810.05 810.05 810.05 799.14 788.23 777.31 766.4 755.49 744.58 744.58 744.58 729.99 715.4 700.81 686.23 671.64 657.05 657.05 657.05 658.19 659.33 660.46 661.6 662.74 663.88 663.88 663.88 646.06 628.25 610.44 592.63 574.81 557.0 557.0 557.0 536.48 515.95 495.42 474.9 454.38 433.85 433.85 433.85 405.05 376.25 347.45 318.65 289.85 261.05 261.05 261.05 264.04 267.03 270.01 273.0 275.99 278.98 278.98 278.98 284.03 289.08 294.13 299.18 304.23 309.28 309.28 309.28 355.41 401.55 447.69 493.83 539.96 586.1 586.1 586.1 591.25 596.4 601.55 606.7 611.85 617.0 617.0 617.0 590.75 564.5 538.25 512.0 485.75 459.5 459.5 459.5 495.09 530.68 566.26 601.85 637.44 673.03 673.03 673.03 650.59 628.15 605.71 583.28 560.84 538.4 538.4 538.4 519.98 501.55 483.13 464.7 446.28 427.85 427.85 427.85 452.91 477.98 503.04 528.1 553.16 578.23 578.23 578.23 540.58 502.93 465.28 427.63 389.98 352.33 352.33 352.33 347.1 341.88 336.65 331.43 326.2 320.98 320.98 320.98 342.66 364.35 386.04 407.73 429.41 451.1 451.1 451.1 428.64 406.18 383.71 361.25 338.79 316.33 316.33 316.33 314.53 312.73 310.93 309.13 307.33 305.53 305.53 305.53 368.23 430.93 493.63 556.33 619.03 681.73 681.73 681.73 645.54 609.35 573.16 536.98 500.79 464.6 464.6 464.6 438.25 411.9 385.55 359.2 332.85 306.5 306.5 306.5 376.11 445.73 515.34 584.95 654.56 724.18 724.18 724.18 694.11 664.05 633.99 603.93 573.86 543.8 543.8 543.8 522.21 500.63 479.04 457.45 435.86 414.28 414.28 414.28 459.06 503.85 548.64 593.43 638.21 683.0 683.0 683.0 668.79 654.58 640.36 626.15 611.94 597.73 597.73 597.73 572.69 547.65 522.61 497.58 472.54 447.5 447.5 447.5 510.66 573.83 636.99 700.15 763.31 826.47 826.47 826.47 808.71 790.95 773.19 755.43 737.66 719.9 719.9 719.9 691.56 663.23 634.89
crearDespacho --fija
3200.0
configurarSolver --Gurobi
resolver --noConstante ejecuciones/bancos/recombinados/v1/directo/simple/v1_simple_000202.csv
finalizar
