inicializar --t 360
agregarAgente --RioNegro
12.8 12.8 12.8 12.8 12.8 12.8 12.8 12.8 12.8 12.8 12.8 12.8 12.8 12.8 12.8 12.8 12.8 12.8 12.8 12.8 12.8 12.8 12.8 12.8 12.8 12.8 12.8 12.8 12.8 12.8 12.8 12.8 12.8 12.8 12.8 12.8 12.8 12.8 12.8 12.8 12.8 12.8 12.8 12.8 12.8 14.22 15.63 17.05 18.47 19.88 21.3 21.3 21.3 23.82 26.33 28.85 31.37 33.88 36.4 36.4 36.4 38.92 41.43 43.95 46.47 48.98 51.5 51.5 51.5 54.02 56.53 59.05 61.57 64.08 66.6 66.6 66.6 69.12 71.63 74.15 76.67 79.18 81.7 81.7 81.7 84.23 86.77 89.3 91.83 94.37 96.9 96.9 96.9 99.4 101.9 104.4 106.9 109.4 111.9 111.9 111.9 114.43 116.97 119.5 122.03 124.57 127.1 127.1 127.1 129.62 132.13 134.65 137.17 139.68 142.2 142.2 142.2 144.72 147.23 149.75 152.27 154.78 157.3 157.3 157.3 159.82 162.33 164.85 167.37 169.88 172.4 172.4 172.4 174.92 177.43 179.95 182.47 184.98 187.5 187.5 187.5 188.92 190.33 191.75 193.17 194.58 196.0 196.0 196.0 196.0 196.0 196.0 196.0 196.0 196.0 196.0 196.0 196.0 196.0 196.0 196.0 196.0 196.0 196.0 196.0 196.0 196.0 196.0 196.0 196.0 196.0 196.0 196.0 196.0 196.0 196.0 196.0 196.0 196.0 196.0 196.0 196.0 196.0 196.0 196.0 196.0 196.0 196.0 196.0 196.0 196.0 196.0 196.0 196.0 196.0 196.0 196.0 196.0 196.0 196.0 196.0 196.0 196.0 196.0 196.0 196.0 196.0 196.0 196.0 196.0 196.0 196.0 196.0 194.57 193.13 191.7 190.27 188.83 187.4 187.4 187.4 184.85 182.3 179.75 177.2 174.65 172.1 172.1 172.1 169.55 167.0 164.45 161.9 159.35 156.8 156.8 156.8 154.23 151.67 149.1 146.53 143.97 141.4 141.4 141.4 138.87 136.33 133.8 131.27 128.73 126.2 126.2 126.2 123.65 121.1 118.55 116.0 113.45 110.9 110.9 110.9 108.33 105.77 103.2 100.63 98.07 95.5 95.5 95.5 92.95 90.4 87.85 85.3 82.75 80.2 80.2 80.2 77.67 75.13 72.6 70.07 67.53 65.0 65.0 65.0 62.43 59.87 57.3 54.73 52.17 49.6 49.6 49.6 47.05 44.5 41.95 39.4 36.85 34.3 34.3 34.3 31.75 29.2 26.65 24.1 21.55 19.0 19.0 19.0 17.57 16.13 14.7 13.27 11.83 10.4 10.4 10.4 10.4 10.4 10.4 10.4 10.4 10.4 10.4 10.4 10.4 10.4 10.4 10.4 10.4 10.4 10.4 10.4 10.4 10.4 10.4 10.4 10.4 10.4 10.4 10.4 10.4 10.4 10.4 10.4 10.4 10.4 10.4 10.4 10.4 10.4 10.4 10.4 10.4 10.4 10.4 10.4 10.4 10.4 10.4
0 0 0 0 0 0 0 0 0 0 0 0 0 0 0 0 0 0 0 0 0 0 0 0 0 0 0 0 0 0 0 0 0 0 0 0 0 0 0 0 0 0 0 0 0 0.05 0.1 0.15 0.2 0.25 0.3 0.3 0.3 0.4 0.5 0.6 0.7 0.8 0.9 0.9 0.9 0.99 1.08 1.16 1.25 1.34 1.43 1.43 1.43 1.52 1.62 1.71 1.81 1.9 2.0 2.0 2.0 2.1 2.19 2.29 2.38 2.48 2.58 2.58 2.58 2.66 2.75 2.84 2.93 3.01 3.1 3.1 3.1 3.2 3.3 3.4 3.5 3.6 3.7 3.7 3.7 3.79 3.88 3.96 4.05 4.14 4.23 4.23 4.23 4.32 4.42 4.51 4.61 4.7 4.8 4.8 4.8 4.9 4.99 5.09 5.18 5.28 5.38 5.38 5.38 5.46 5.55 5.64 5.73 5.81 5.9 5.9 5.9 6.0 6.1 6.2 6.3 6.4 6.5 6.5 6.5 6.55 6.6 6.65 6.7 6.75 6.8 6.8 6.8 6.8 6.8 6.8 6.8 6.8 6.8 6.8 6.8 6.8 6.8 6.8 6.8 6.8 6.8 6.8 6.8 6.8 6.8 6.8 6.8 6.8 6.8 6.8 6.8 6.8 6.8 6.8 6.8 6.8 6.8 6.8 6.8 6.8 6.8 6.8 6.8 6.8 6.8 6.8 6.8 6.8 6.8 6.8 6.8 6.8 6.8 6.8 6.8 6.8 6.8 6.8 6.8 6.8 6.8 6.8 6.8 6.8 6.8 6.8 6.8 6.8 6.8 6.8 6.8 6.75 6.7 6.65 6.6 6.55 6.5 6.5 6.5 6.41 6.33 6.24 6.15 6.06 5.98 5.98 5.98 5.88 5.79 5.7 5.61 5.52 5.43 5.43 5.43 5.33 5.23 5.13 5.03 4.93 4.83 4.83 4.83 4.74 4.65 4.56 4.48 4.39 4.3 4.3 4.3 4.21 4.13 4.04 3.95 3.86 3.78 3.78 3.78 3.68 3.59 3.5 3.41 3.32 3.23 3.23 3.23 3.14 3.05 2.96 2.88 2.79 2.7 2.7 2.7 2.61 2.53 2.44 2.35 2.26 2.18 2.18 2.18 2.08 1.98 1.88 1.78 1.68 1.58 1.58 1.58 1.48 1.39 1.3 1.21 1.12 1.03 1.03 1.03 0.94 0.85 0.76 0.68 0.59 0.5 0.5 0.5 0.45 0.4 0.35 0.3 0.25 0.2 0.2 0.2 0.2 0.2 0.2 0.2 0.2 0.2 0.2 0.2 0.2 0.2 0.2 0.2 0.2 0.2 0.2 0.2 0.2 0.2 0.2 0.2 0.2 0.2 0.2 0.2 0.2 0.2 0.2 0.2 0.2 0.2 0.2 0.2 0.2 0.2 0.2 0.2 0.2 0.2 0.2 0.2 0.2 0.2 0.2
11.9 11.9 11.9 11.9 11.9 11.9 11.9 11.9 11.9 11.9 11.9 11.9 11.9 11.9 11.9 11.9 11.9 11.9 11.9 11.9 11.9 11.9 11.9 11.9 11.9 11.9 11.9 11.9 11.9 11.9 11.9 11.9 11.9 11.9 11.9 11.9 11.9 11.9 11.9 11.9 11.9 11.9 11.9 11.9 11.9 12.25 12.6 12.95 13.3 13.65 14.0 14.0 14.0 14.58 15.17 15.75 16.33 16.92 17.5 17.5 17.5 18.13 18.75 19.38 20.01 20.64 21.26 21.26 21.26 21.86 22.46 23.06 23.65 24.25 24.85 24.85 24.85 25.45 26.05 26.64 27.24 27.84 28.44 28.44 28.44 29.06 29.69 30.32 30.95 31.57 32.2 32.2 32.2 32.78 33.37 33.95 34.53 35.12 35.7 35.7 35.7 36.33 36.95 37.58 38.21 38.84 39.46 39.46 39.46 40.06 40.66 41.26 41.85 42.45 43.05 43.05 43.05 43.65 44.25 44.84 45.44 46.04 46.64 46.64 46.64 47.26 47.89 48.52 49.15 49.77 50.4 50.4 50.4 50.98 51.57 52.15 52.73 53.32 53.9 53.9 53.9 54.25 54.6 54.95 55.3 55.65 56.0 56.0 56.0 56.0 56.0 56.0 56.0 56.0 56.0 56.0 56.0 56.0 56.0 56.0 56.0 56.0 56.0 56.0 56.0 56.0 56.0 56.0 56.0 56.0 56.0 56.0 56.0 56.0 56.0 56.0 56.0 56.0 56.0 56.0 56.0 56.0 56.0 56.0 56.0 56.0 56.0 56.0 56.0 56.0 56.0 56.0 56.0 56.0 56.0 56.0 56.0 56.0 56.0 56.0 56.0 56.0 56.0 56.0 56.0 56.0 56.0 56.0 56.0 56.0 56.0 56.0 56.0 55.65 55.3 54.95 54.6 54.25 53.9 53.9 53.9 53.26 52.62 51.97 51.33 50.69 50.05 50.05 50.05 49.41 48.77 48.13 47.48 46.84 46.2 46.2 46.2 45.57 44.95 44.32 43.69 43.06 42.44 42.44 42.44 41.81 41.18 40.56 39.93 39.3 38.68 38.68 38.68 38.02 37.36 36.71 36.05 35.39 34.74 34.74 34.74 34.13 33.51 32.9 32.29 31.67 31.06 31.06 31.06 30.41 29.75 29.09 28.44 27.78 27.13 27.13 27.13 26.5 25.87 25.24 24.62 23.99 23.36 23.36 23.36 22.74 22.11 21.48 20.85 20.23 19.6 19.6 19.6 18.96 18.32 17.67 17.03 16.39 15.75 15.75 15.75 15.11 14.47 13.83 13.18 12.54 11.9 11.9 11.9 11.55 11.2 10.85 10.5 10.15 9.8 9.8 9.8 9.8 9.8 9.8 9.8 9.8 9.8 9.8 9.8 9.8 9.8 9.8 9.8 9.8 9.8 9.8 9.8 9.8 9.8 9.8 9.8 9.8 9.8 9.8 9.8 9.8 9.8 9.8 9.8 9.8 9.8 9.8 9.8 9.8 9.8 9.8 9.8 9.8 9.8 9.8 9.8 9.8 9.8 9.8
4763108043.0
869530495.0
0.00479
0.00479
agregarAgente --DemandaFija
195.4 195.4 195.4 195.4 195.4 206.07 216.73 227.4 238.07 248.73 259.4 259.4 259.4 251.27 243.13 235.0 226.87 218.73 210.6 210.6 210.6 223.86 237.12 250.38 263.63 276.89 290.15 290.15 290.15 311.03 331.92 352.8 373.68 394.57 415.45 415.45 415.45 413.12 410.78 408.45 406.12 403.78 401.45 401.45 401.45 381.96 362.47 342.98 323.48 303.99 284.5 284.5 284.5 289.35 294.2 299.05 303.9 308.75 313.6 313.6 313.6 316.34 319.08 321.83 324.57 327.31 330.05 330.05 330.05 310.67 291.28 271.9 252.52 233.13 213.75 213.75 213.75 224.22 234.68 245.15 255.62 266.08 276.55 276.55 276.55 281.15 285.75 290.35 294.95 299.55 304.15 304.15 304.15 270.5 236.85 203.2 169.55 135.9 102.25 102.25 102.25 124.13 146.0 167.88 189.75 211.63 233.5 233.5 233.5 251.8 270.1 288.4 306.7 325.0 343.3 343.3 343.3 327.93 312.55 297.18 281.8 266.43 251.05 251.05 251.05 238.3 225.55 212.8 200.05 187.3 174.55 174.55 174.55 184.38 194.22 204.05 213.88 223.72 233.55 233.55 233.55 199.82 166.08 132.35 98.62 64.88 31.15 31.15 31.15 64.76 98.37 131.98 165.58 199.19 232.8 232.8 232.8 259.87 286.93 314.0 341.07 368.13 395.2 395.2 395.2 344.53 293.87 243.2 192.53 141.87 91.2 91.2 91.2 138.08 184.97 231.85 278.73 325.62 372.5 372.5 372.5 352.09 331.68 311.28 290.87 270.46 250.05 250.05 250.05 217.88 185.72 153.55 121.38 89.22 57.05 57.05 57.05 96.83 136.62 176.4 216.18 255.97 295.75 295.75 295.75 275.79 255.83 235.88 215.92 195.96 176.0 176.0 176.0 164.13 152.27 140.4 128.53 116.67 104.8 104.8 104.8 169.28 233.75 298.23 362.7 427.18 491.65 491.65 491.65 477.83 464.02 450.2 436.38 422.57 408.75 408.75 408.75 392.77 376.78 360.8 344.82 328.83 312.85 312.85 312.85 359.56 406.27 452.98 499.68 546.39 593.1 593.1 593.1 557.38 521.67 485.95 450.23 414.52 378.8 378.8 378.8 350.47 322.13 293.8 265.47 237.13 208.8 208.8 208.8 254.75 300.7 346.65 392.6 438.55 484.5 484.5 484.5 468.64 452.78 436.93 421.07 405.21 389.35 389.35 389.35 378.57 367.78 357.0 346.22 335.43 324.65 324.65 324.65 347.07 369.48 391.9 414.32 436.73 459.15 459.15 459.15 444.6 430.05 415.5 400.95 386.4 371.85 371.85 371.85 366.94 362.03 357.13 352.22 347.31 342.4 342.4 342.4 337.07 331.73 326.4 321.07 315.73 310.4 310.4 310.4 276.06 241.72 207.38 173.03 138.69 104.35 104.35 104.35 93.58 82.82 72.05 61.28 50.52 39.75 39.75 39.75 60.29 80.83 101.38 121.92 142.46 163.0 163.0 163.0 186.76 210.52 234.28 258.03 281.79 305.55 305.55 305.55 298.09 290.63 283.18
crearDespacho --fija
3200.0
configurarSolver --Gurobi
resolver --noConstante ejecuciones/bancos/recombinados/v1/directo/simple/v1_simple_000275.csv
finalizar
