inicializar --t 360
agregarAgente --RioNegro
0 0 0 0 0 0 0 0 0 0 0 0 0 0 0 0 0 0 0 0 0 0 0 0 0 0 0 0 0 0 0 0 0 0 0 0 0 0 0 0 0 0 0 0 0 0.6 1.2 1.8 2.4 3.0 3.6 3.6 3.6 4.62 5.64 6.66 7.68 8.7 9.72 9.72 9.72 10.78 11.84 12.9 13.96 15.02 16.08 16.08 16.08 17.1 18.12 19.14 20.16 21.18 22.2 22.2 22.2 23.28 24.36 25.44 26.52 27.6 28.68 28.68 28.68 29.68 30.68 31.68 32.68 33.68 34.68 34.68 34.68 35.76 36.84 37.92 39.0 40.08 41.16 41.16 41.16 42.16 43.16 44.16 45.16 46.16 47.16 47.16 47.16 48.24 49.32 50.4 51.48 52.56 53.64 53.64 53.64 54.66 55.68 56.7 57.72 58.74 59.76 59.76 59.76 60.82 61.88 62.94 64.0 65.06 66.12 66.12 66.12 67.14 68.16 69.18 70.2 71.22 72.24 72.24 72.24 72.84 73.44 74.04 74.64 75.24 75.84 75.84 75.84 75.84 75.84 75.84 75.84 75.84 75.84 75.84 75.84 75.84 75.84 75.84 75.84 75.84 75.84 75.84 75.84 75.84 75.84 75.84 75.84 75.84 75.84 75.84 75.84 75.84 75.84 75.84 75.84 75.84 75.84 75.84 75.84 75.84 75.84 75.84 75.84 75.84 75.84 75.84 75.84 75.84 75.84 75.84 75.84 75.84 75.84 75.84 75.84 75.84 75.84 75.84 75.84 75.84 75.84 75.84 75.84 75.84 75.84 75.84 75.84 75.84 75.84 75.84 75.84 75.24 74.64 74.04 73.44 72.84 72.24 72.24 72.24 71.22 70.2 69.18 68.16 67.14 66.12 66.12 66.12 65.06 64.0 62.94 61.88 60.82 59.76 59.76 59.76 58.74 57.72 56.7 55.68 54.66 53.64 53.64 53.64 52.56 51.48 50.4 49.32 48.24 47.16 47.16 47.16 46.16 45.16 44.16 43.16 42.16 41.16 41.16 41.16 40.08 39.0 37.92 36.84 35.76 34.68 34.68 34.68 33.68 32.68 31.68 30.68 29.68 28.68 28.68 28.68 27.6 26.52 25.44 24.36 23.28 22.2 22.2 22.2 21.18 20.16 19.14 18.12 17.1 16.08 16.08 16.08 15.02 13.96 12.9 11.84 10.78 9.72 9.72 9.72 8.7 7.68 6.66 5.64 4.62 3.6 3.6 3.6 3.0 2.4 1.8 1.2 0.6 0 0 0 0 0 0 0 0 0 0 0 0 0 0 0 0 0 0 0 0 0 0 0 0 0 0 0 0 0 0 0 0 0 0 0 0 0 0 0 0 0 0 0 0 0 0
28.5 28.5 28.5 28.5 28.5 28.5 28.5 28.5 28.5 28.5 28.5 28.5 28.5 28.5 28.5 28.5 28.5 28.5 28.5 28.5 28.5 28.5 28.5 28.5 28.5 28.5 28.5 28.5 28.5 28.5 28.5 28.5 28.5 28.5 28.5 28.5 28.5 28.5 28.5 28.5 28.5 28.5 28.5 28.5 28.5 28.27 28.04 27.81 27.58 27.35 27.13 27.13 27.13 26.75 26.38 26.0 25.63 25.25 24.88 24.88 24.88 24.47 24.06 23.66 23.25 22.84 22.44 22.44 22.44 22.05 21.67 21.28 20.9 20.51 20.13 20.13 20.13 19.73 19.33 18.94 18.54 18.15 17.75 17.75 17.75 17.36 16.98 16.59 16.21 15.82 15.44 15.44 15.44 15.04 14.65 14.25 13.85 13.46 13.06 13.06 13.06 12.68 12.29 11.91 11.52 11.14 10.75 10.75 10.75 10.35 9.96 9.56 9.17 8.77 8.38 8.38 8.38 7.99 7.6 7.22 6.83 6.45 6.06 6.06 6.06 5.66 5.25 4.84 4.44 4.03 3.63 3.63 3.63 3.25 2.88 2.5 2.13 1.75 1.38 1.38 1.38 1.15 0.92 0.69 0.46 0.23 0 0 0 0 0 0 0 0 0 0 0 0 0 0 0 0 0 0 0 0 0 0 0 0 0 0 0 0 0 0 0 0 0 0 0 0 0 0 0 0 0 0 0 0 0 0 0 0 0 0 0 0 0 0 0 0 0 0 0 0 0 0 0 0 0 0 0 0.16 0.31 0.47 0.63 0.78 0.94 0.94 0.94 1.23 1.52 1.81 2.1 2.4 2.69 2.69 2.69 2.98 3.27 3.56 3.85 4.15 4.44 4.44 4.44 4.73 5.02 5.31 5.6 5.9 6.19 6.19 6.19 6.47 6.75 7.03 7.31 7.59 7.88 7.88 7.88 8.17 8.46 8.75 9.04 9.33 9.63 9.63 9.63 9.92 10.21 10.5 10.79 11.08 11.38 11.38 11.38 11.67 11.96 12.25 12.54 12.83 13.13 13.13 13.13 13.41 13.69 13.97 14.25 14.53 14.81 14.81 14.81 15.1 15.4 15.69 15.98 16.27 16.56 16.56 16.56 16.85 17.15 17.44 17.73 18.02 18.31 18.31 18.31 18.6 18.9 19.19 19.48 19.77 20.06 20.06 20.06 20.22 20.38 20.53 20.69 20.84 21.0 21.0 21.0 21.0 21.0 21.0 21.0 21.0 21.0 21.0 21.0 21.0 21.0 21.0 21.0 21.0 21.0 21.0 21.0 21.0 21.0 21.0 21.0 21.0 21.0 21.0 21.0 21.0 21.0 21.0 21.0 21.0 21.0 21.0 21.0 21.0 21.0 21.0 21.0 21.0 21.0 21.0 21.0 21.0 21.0 21.0
0 0 0 0 0 0 0 0 0 0 0 0 0 0 0 0 0 0 0 0 0 0 0 0 0 0 0 0 0 0 0 0 0 0 0 0 0 0 0 0 0 0 0 0 0 0.36 0.72 1.08 1.43 1.79 2.15 2.15 2.15 2.87 3.58 4.3 5.02 5.73 6.45 6.45 6.45 7.1 7.75 8.4 9.05 9.7 10.35 10.35 10.35 11.04 11.74 12.43 13.12 13.82 14.51 14.51 14.51 15.21 15.9 16.6 17.29 17.98 18.68 18.68 18.68 19.33 19.98 20.63 21.28 21.93 22.58 22.58 22.58 23.29 24.01 24.73 25.44 26.16 26.88 26.88 26.88 27.52 28.17 28.82 29.47 30.12 30.77 30.77 30.77 31.47 32.16 32.85 33.55 34.24 34.94 34.94 34.94 35.63 36.33 37.02 37.71 38.41 39.1 39.1 39.1 39.75 40.4 41.05 41.7 42.35 43.0 43.0 43.0 43.72 44.43 45.15 45.87 46.58 47.3 47.3 47.3 47.66 48.02 48.38 48.73 49.09 49.45 49.45 49.45 49.45 49.45 49.45 49.45 49.45 49.45 49.45 49.45 49.45 49.45 49.45 49.45 49.45 49.45 49.45 49.45 49.45 49.45 49.45 49.45 49.45 49.45 49.45 49.45 49.45 49.45 49.45 49.45 49.45 49.45 49.45 49.45 49.45 49.45 49.45 49.45 49.45 49.45 49.45 49.45 49.45 49.45 49.45 49.45 49.45 49.45 49.45 49.45 49.45 49.45 49.45 49.45 49.45 49.45 49.45 49.45 49.45 49.45 49.45 49.45 49.45 49.45 49.45 49.45 49.09 48.73 48.38 48.02 47.66 47.3 47.3 47.3 46.58 45.87 45.15 44.43 43.72 43.0 43.0 43.0 42.35 41.7 41.05 40.4 39.75 39.1 39.1 39.1 38.41 37.71 37.02 36.33 35.63 34.94 34.94 34.94 34.24 33.55 32.85 32.16 31.47 30.77 30.77 30.77 30.12 29.47 28.82 28.17 27.52 26.88 26.88 26.88 26.16 25.44 24.73 24.01 23.29 22.58 22.58 22.58 21.93 21.28 20.63 19.98 19.33 18.68 18.68 18.68 17.98 17.29 16.6 15.9 15.21 14.51 14.51 14.51 13.82 13.12 12.43 11.74 11.04 10.35 10.35 10.35 9.7 9.05 8.4 7.75 7.1 6.45 6.45 6.45 5.73 5.02 4.3 3.58 2.87 2.15 2.15 2.15 1.79 1.43 1.08 0.72 0.36 0 0 0 0 0 0 0 0 0 0 0 0 0 0 0 0 0 0 0 0 0 0 0 0 0 0 0 0 0 0 0 0 0 0 0 0 0 0 0 0 0 0 0 0 0 0
6600294864.0
889022667.0
0.00633
0.00326
agregarAgente --DemandaFija
104.83 104.83 104.83 104.83 104.83 121.96 139.1 156.24 173.38 190.51 207.65 207.65 207.65 193.86 180.08 166.29 152.5 138.71 124.93 124.93 124.93 115.83 106.73 97.63 88.53 79.43 70.33 70.33 70.33 74.24 78.15 82.06 85.98 89.89 93.8 93.8 93.8 88.06 82.33 76.59 70.85 65.11 59.38 59.38 59.38 103.28 147.18 191.08 234.98 278.88 322.78 322.78 322.78 360.19 397.6 435.01 472.43 509.84 547.25 547.25 547.25 546.59 545.93 545.26 544.6 543.94 543.28 543.28 543.28 501.36 459.45 417.54 375.63 333.71 291.8 291.8 291.8 313.46 335.13 356.79 378.45 400.11 421.78 421.78 421.78 413.49 405.2 396.91 388.63 380.34 372.05 372.05 372.05 355.44 338.83 322.21 305.6 288.99 272.38 272.38 272.38 277.94 283.5 289.06 294.63 300.19 305.75 305.75 305.75 307.71 309.68 311.64 313.6 315.56 317.53 317.53 317.53 279.6 241.68 203.75 165.83 127.9 89.98 89.98 89.98 84.88 79.78 74.68 69.58 64.48 59.38 59.38 59.38 59.38 59.38 59.38 59.38 59.38 59.38 59.38 59.38 59.38 59.38 59.38 59.38 59.38 59.38 59.38 59.38 59.38 59.38 59.38 59.38 59.38 59.38 59.38 59.38 59.38 59.38 59.38 59.38 59.38 59.38 59.38 59.38 59.38 59.38 59.38 59.38 59.38 59.38 59.38 59.38 59.38 59.38 59.38 59.38 59.38 59.38 59.38 59.38 59.38 59.38 59.38 59.38 59.38 59.38 59.38 59.38 64.35 69.33 74.3 79.28 84.25 89.23 89.23 89.23 91.4 93.58 95.75 97.93 100.1 102.28 102.28 102.28 95.13 87.98 80.83 73.68 66.53 59.38 59.38 59.38 62.53 65.68 68.83 71.98 75.13 78.28 78.28 78.28 75.13 71.98 68.83 65.68 62.53 59.38 59.38 59.38 59.38 59.38 59.38 59.38 59.38 59.38 59.38 59.38 59.38 59.38 59.38 59.38 59.38 59.38 59.38 59.38 59.38 59.38 59.38 59.38 59.38 59.38 59.38 59.38 59.38 59.38 59.38 59.38 59.38 59.38 59.38 59.38 62.08 64.78 67.48 70.18 72.88 75.58 75.58 75.58 72.88 70.18 67.48 64.78 62.08 59.38 59.38 59.38 68.05 76.73 85.4 94.08 102.75 111.43 111.43 111.43 119.98 128.53 137.08 145.63 154.18 162.73 162.73 162.73 182.44 202.15 221.86 241.58 261.29 281.0 281.0 281.0 290.06 299.13 308.19 317.25 326.31 335.38 335.38 335.38 379.13 422.88 466.63 510.38 554.13 597.88 597.88 597.88 597.71 597.55 597.39 597.23 597.06 596.9 596.9 596.9 595.1 593.3 591.5 589.7 587.9 586.1 586.1 586.1 510.0 433.9 357.8 281.7 205.6 129.5 129.5 129.5 148.85 168.2 187.55 206.9 226.25 245.6 245.6 245.6 292.24 338.88 385.51 432.15 478.79 525.43 525.43 525.43 498.73 472.03 445.33
crearDespacho --fija
3200.0
configurarSolver --Gurobi
resolver --noConstante ejecuciones/bancos/recombinados/v1/directo/simple/v1_simple_000338.csv
finalizar
