inicializar --t 360
agregarAgente --RioNegro
58.93 58.67 58.4 58.4 58.4 58.13 57.87 57.6 57.33 57.07 56.8 56.8 56.8 56.53 56.27 56.0 55.73 55.47 55.2 55.2 55.2 55.07 54.93 54.8 54.67 54.53 54.4 54.4 54.4 54.4 54.4 54.4 54.4 54.4 54.4 54.4 54.4 54.4 54.4 54.4 54.4 54.4 54.4 54.4 54.4 54.4 54.4 54.4 54.4 54.4 54.4 54.4 54.4 54.4 54.4 54.4 54.4 54.4 54.4 54.4 54.4 54.4 54.4 54.4 54.4 54.4 54.4 54.4 54.4 54.4 54.4 54.4 54.4 54.4 54.4 54.4 54.4 54.4 54.4 54.4 54.4 54.4 54.4 54.4 54.4 54.4 54.4 54.4 54.4 54.4 54.4 54.4 54.4 54.4 54.4 54.4 54.4 54.4 54.4 54.4 54.4 54.4 54.4 54.4 54.4 54.4 54.4 54.4 54.4 54.4 54.4 54.4 54.4 54.4 54.4 54.4 54.4 54.4 54.4 54.4 54.4 54.4 54.4 54.4 54.4 54.4 54.4 54.4 54.4 54.4 54.4 54.4 54.4 54.4 54.4 54.4 54.4 54.4 54.4 54.4 54.4 54.27 54.13 54.0 53.87 53.73 53.6 53.6 53.6 53.6 53.6 53.6 53.6 53.6 53.6 53.6 53.6 53.6 53.6 53.6 53.6 53.6 53.6 53.6 53.6 53.6 53.6 53.6 53.6 53.6 53.6 53.6 53.6 53.6 53.6 53.6 53.6 53.6 53.6 53.6 53.6 53.6 53.6 53.6 53.6 53.6 53.6 53.6 53.6 53.6 53.6 53.6 53.6 53.6 53.6 53.6 53.6 53.6 53.6 53.6 53.6 53.6 53.6 53.6 53.6 53.6 53.6 53.6 53.6 53.6 53.6 53.6 53.6 53.6 53.6 53.6 53.6 53.6 53.6 53.6 53.6 53.6 53.6 53.6 53.6 53.6 53.6 53.6 53.6 53.6 53.6 53.6 53.6 53.6 53.6 53.6 53.6 53.6 53.6 53.6 53.6 53.6 53.6 53.6 53.6 53.6 53.6 53.6 53.6 53.6 53.6 53.6 53.6 53.6 53.6 53.6 53.6 53.6 53.6 53.6 53.6 53.42 53.23 53.05 52.87 52.68 52.5 52.5 52.5 52.17 51.83 51.5 51.17 50.83 50.5 50.5 50.5 50.18 49.87 49.55 49.23 48.92 48.6 48.6 48.6 48.25 47.9 47.55 47.2 46.85 46.5 46.5 46.5 46.18 45.87 45.55 45.23 44.92 44.6 44.6 44.6 44.25 43.9 43.55 43.2 42.85 42.5 42.5 42.5 42.2 41.9 41.6 41.3 41.0 40.7 40.7 40.7 40.35 40.0 39.65 39.3 38.95 38.6 38.6 38.6 38.28 37.97 37.65 37.33 37.02 36.7 36.7 36.7 36.35 36.0 35.65 35.3 34.95 34.6 34.6 34.6 34.28 33.97 33.65 33.33 33.02 32.7 32.7 32.7 32.37 32.03 31.7 31.37 31.03 30.7 30.7 30.7 30.52 30.33 30.15
13.08 13.32 13.55 13.55 13.55 13.79 14.03 14.26 14.5 14.74 14.98 14.98 14.98 15.21 15.45 15.69 15.93 16.16 16.4 16.4 16.4 16.53 16.67 16.8 16.93 17.07 17.2 17.2 17.2 17.2 17.2 17.2 17.2 17.2 17.2 17.2 17.2 17.2 17.2 17.2 17.2 17.2 17.2 17.2 17.2 17.2 17.2 17.2 17.2 17.2 17.2 17.2 17.2 17.2 17.2 17.2 17.2 17.2 17.2 17.2 17.2 17.2 17.2 17.2 17.2 17.2 17.2 17.2 17.2 17.2 17.2 17.2 17.2 17.2 17.2 17.2 17.2 17.2 17.2 17.2 17.2 17.2 17.2 17.2 17.2 17.2 17.2 17.2 17.2 17.2 17.2 17.2 17.2 17.07 16.94 16.81 16.68 16.55 16.43 16.43 16.43 16.19 15.96 15.73 15.49 15.26 15.03 15.03 15.03 14.8 14.57 14.34 14.11 13.88 13.65 13.65 13.65 13.42 13.18 12.95 12.72 12.48 12.25 12.25 12.25 12.02 11.79 11.56 11.33 11.1 10.88 10.88 10.88 10.64 10.41 10.18 9.94 9.71 9.48 9.48 9.48 9.25 9.03 8.8 8.58 8.35 8.13 8.13 8.13 7.89 7.66 7.43 7.19 6.96 6.73 6.73 6.73 6.5 6.27 6.04 5.81 5.58 5.35 5.35 5.35 5.12 4.88 4.65 4.42 4.18 3.95 3.95 3.95 3.72 3.49 3.26 3.03 2.8 2.58 2.58 2.58 2.34 2.11 1.88 1.64 1.41 1.18 1.18 1.18 1.05 0.92 0.79 0.66 0.53 0.4 0.4 0.4 0.4 0.4 0.4 0.4 0.4 0.4 0.4 0.4 0.4 0.4 0.4 0.4 0.4 0.4 0.4 0.4 0.4 0.4 0.4 0.4 0.4 0.4 0.4 0.4 0.4 0.4 0.4 0.4 0.4 0.4 0.4 0.4 0.4 0.4 0.4 0.4 0.4 0.4 0.4 0.4 0.4 0.4 0.4 0.4 0.4 0.4 0.4 0.4 0.4 0.4 0.4 0.4 0.4 0.4 0.4 0.4 0.4 0.4 0.4 0.4 0.4 0.4 0.4 0.4 0.4 0.4 0.4 0.4 0.4 0.4 0.4 0.4 0.4 0.4 0.4 0.4 0.4 0.4 0.4 0.4 0.4 0.4 0.4 0.4 0.4 0.4 0.4 0.4 0.37 0.33 0.3 0.27 0.23 0.2 0.2 0.2 0.2 0.2 0.2 0.2 0.2 0.2 0.2 0.2 0.2 0.2 0.2 0.2 0.2 0.2 0.2 0.2 0.2 0.2 0.2 0.2 0.2 0.2 0.2 0.2 0.2 0.2 0.2 0.2 0.2 0.2 0.2 0.2 0.2 0.2 0.2 0.2 0.2 0.2 0.2 0.2 0.17 0.13 0.1 0.07 0.03 0 0 0 0 0 0 0 0 0 0 0 0 0 0 0 0 0 0 0 0 0 0
21.15 21.29 21.44 21.44 21.44 21.6 21.76 21.92 22.08 22.24 22.4 22.4 22.4 22.56 22.72 22.88 23.04 23.2 23.36 23.36 23.36 23.44 23.51 23.58 23.65 23.73 23.8 23.8 23.8 23.8 23.8 23.8 23.8 23.8 23.8 23.8 23.8 23.8 23.8 23.8 23.8 23.8 23.8 23.8 23.8 23.8 23.8 23.8 23.8 23.8 23.8 23.8 23.8 23.8 23.8 23.8 23.8 23.8 23.8 23.8 23.8 23.8 23.8 23.8 23.8 23.8 23.8 23.8 23.8 23.8 23.8 23.8 23.8 23.8 23.8 23.8 23.8 23.8 23.8 23.8 23.8 23.8 23.8 23.8 23.8 23.8 23.8 23.8 23.8 23.8 23.8 23.8 23.8 23.7 23.6 23.49 23.39 23.29 23.19 23.19 23.19 23.0 22.81 22.62 22.43 22.24 22.05 22.05 22.05 21.86 21.67 21.48 21.29 21.1 20.91 20.91 20.91 20.75 20.59 20.43 20.27 20.11 19.95 19.95 19.95 19.76 19.57 19.38 19.19 19.0 18.81 18.81 18.81 18.64 18.46 18.29 18.11 17.94 17.76 17.76 17.76 17.56 17.35 17.15 16.95 16.74 16.54 16.54 16.54 16.36 16.19 16.01 15.84 15.66 15.49 15.49 15.49 15.3 15.11 14.92 14.73 14.54 14.35 14.35 14.35 14.19 14.03 13.87 13.71 13.55 13.39 13.39 13.39 13.2 13.01 12.82 12.63 12.44 12.25 12.25 12.25 12.06 11.87 11.68 11.49 11.3 11.11 11.11 11.11 11.01 10.91 10.81 10.7 10.6 10.5 10.5 10.5 10.5 10.5 10.5 10.5 10.5 10.5 10.5 10.5 10.5 10.5 10.5 10.5 10.5 10.5 10.5 10.5 10.5 10.5 10.5 10.5 10.5 10.5 10.5 10.5 10.5 10.5 10.5 10.5 10.5 10.5 10.5 10.5 10.5 10.5 10.5 10.5 10.5 10.5 10.5 10.5 10.5 10.5 10.5 10.5 10.5 10.5 10.5 10.5 10.5 10.5 10.5 10.5 10.5 10.5 10.5 10.5 10.5 10.5 10.5 10.5 10.5 10.5 10.5 10.5 10.72 10.94 11.16 11.38 11.59 11.81 11.81 11.81 12.21 12.6 12.99 13.39 13.78 14.17 14.17 14.17 14.57 14.96 15.36 15.75 16.14 16.54 16.54 16.54 16.95 17.35 17.76 18.17 18.58 18.99 18.99 18.99 19.37 19.75 20.13 20.5 20.88 21.26 21.26 21.26 21.66 22.05 22.44 22.84 23.23 23.63 23.63 23.63 24.03 24.44 24.85 25.26 25.67 26.08 26.08 26.08 26.47 26.86 27.26 27.65 28.04 28.44 28.44 28.44 28.82 29.2 29.57 29.95 30.33 30.71 30.71 30.71 31.12 31.53 31.94 32.35 32.75 33.16 33.16 33.16 33.56 33.95 34.34 34.74 35.13 35.53 35.53 35.53 35.92 36.31 36.71 37.1 37.49 37.89 37.89 37.89 38.11 38.32 38.54
3860691501.0
1308904701.0
0.00479
0.00479
agregarAgente --DemandaFija
36.55 36.55 36.55 36.55 36.55 47.98 59.4 70.83 82.25 93.68 105.1 105.1 105.1 95.91 86.72 77.53 68.33 59.14 49.95 49.95 49.95 43.88 37.82 31.75 25.68 19.62 13.55 13.55 13.55 16.16 18.77 21.38 23.98 26.59 29.2 29.2 29.2 25.38 21.55 17.73 13.9 10.08 6.25 6.25 6.25 35.52 64.78 94.05 123.32 152.58 181.85 181.85 181.85 206.79 231.73 256.68 281.62 306.56 331.5 331.5 331.5 331.06 330.62 330.18 329.73 329.29 328.85 328.85 328.85 300.91 272.97 245.03 217.08 189.14 161.2 161.2 161.2 175.64 190.08 204.53 218.97 233.41 247.85 247.85 247.85 242.33 236.8 231.28 225.75 220.23 214.7 214.7 214.7 203.63 192.55 181.48 170.4 159.33 148.25 148.25 148.25 151.96 155.67 159.38 163.08 166.79 170.5 170.5 170.5 171.81 173.12 174.43 175.73 177.04 178.35 178.35 178.35 153.07 127.78 102.5 77.22 51.93 26.65 26.65 26.65 23.25 19.85 16.45 13.05 9.65 6.25 6.25 6.25 6.25 6.25 6.25 6.25 6.25 6.25 6.25 6.25 6.25 6.25 6.25 6.25 6.25 6.25 6.25 6.25 6.25 6.25 6.25 6.25 6.25 6.25 6.25 6.25 6.25 6.25 6.25 6.25 6.25 6.25 6.25 6.25 6.25 6.25 6.25 6.25 6.25 6.25 6.25 6.25 6.25 6.25 6.25 6.25 6.25 6.25 6.25 6.25 6.25 6.25 6.25 6.25 6.25 6.25 6.25 6.25 9.57 12.88 16.2 19.52 22.83 26.15 26.15 26.15 27.6 29.05 30.5 31.95 33.4 34.85 34.85 34.85 30.08 25.32 20.55 15.78 11.02 6.25 6.25 6.25 8.35 10.45 12.55 14.65 16.75 18.85 18.85 18.85 16.75 14.65 12.55 10.45 8.35 6.25 6.25 6.25 6.25 6.25 6.25 6.25 6.25 6.25 6.25 6.25 6.25 6.25 6.25 6.25 6.25 6.25 6.25 6.25 6.25 6.25 6.25 6.25 6.25 6.25 6.25 6.25 6.25 6.25 6.25 6.25 6.25 6.25 6.25 6.25 8.05 9.85 11.65 13.45 15.25 17.05 17.05 17.05 15.25 13.45 11.65 9.85 8.05 6.25 6.25 6.25 12.03 17.82 23.6 29.38 35.17 40.95 40.95 40.95 46.65 52.35 58.05 63.75 69.45 75.15 75.15 75.15 88.29 101.43 114.58 127.72 140.86 154.0 154.0 154.0 160.04 166.08 172.13 178.17 184.21 190.25 190.25 190.25 219.42 248.58 277.75 306.92 336.08 365.25 365.25 365.25 365.14 365.03 364.93 364.82 364.71 364.6 364.6 364.6 363.4 362.2 361.0 359.8 358.6 357.4 357.4 357.4 306.67 255.93 205.2 154.47 103.73 53.0 53.0 53.0 65.9 78.8 91.7 104.6 117.5 130.4 130.4 130.4 161.49 192.58 223.68 254.77 285.86 316.95 316.95 316.95 299.15 281.35 263.55
crearDespacho --fija
3200.0
configurarSolver --Gurobi
resolver --noConstante ejecuciones/bancos/recombinados/v1/directo/simple/v1_simple_000268.csv
finalizar
