inicializar --t 360
agregarAgente --RioNegro
0 0 0 0 0 0 0 0 0 0 0 0 0 0 0 0 0 0 0 0 0 0 0 0 0 0 0 0 0 0 0 0 0 0 0 0 0 0 0 0 0 0 0 0 0 0 0 0 0 0 0 0 0 0 0 0 0 0 0 0 0 0 0 0 0 0 0 0 0 0 0 0 0 0 0 0 0 0 0 0 0 0 0 0 0 0 0 0 0 0 0 0 0 0 0 0 0 0 0 0 0 0 0 0 0 0 0 0 0 0 0 0 0 0 0 0 0 0 0 0 0 0 0 0 0 0 0 0 0 0 0 0 0 0 0 0 0 0 0 0 0 0 0 0 0 0 0 0 0 0 0 0 0 0 0 0 0 0 0 0 0 0 0 0 0 0 0 0 0 0 0 0 0 0 0 0 0 0 0 0 0 0 0 0 0 0 0 0 0 0 0 0 0 0 0 0 0 0 0 0 0 0 0 0 0 0 0 0 0 0 0 0 0 0 0 0 0 0 0 0 0 0 0 0 0 0 0 0 0 0 0 0 0 0 0 0 0 0.08 0.17 0.25 0.33 0.42 0.5 0.5 0.5 0.68 0.87 1.05 1.23 1.42 1.6 1.6 1.6 1.78 1.97 2.15 2.33 2.52 2.7 2.7 2.7 2.87 3.03 3.2 3.37 3.53 3.7 3.7 3.7 3.88 4.07 4.25 4.43 4.62 4.8 4.8 4.8 4.98 5.17 5.35 5.53 5.72 5.9 5.9 5.9 6.07 6.23 6.4 6.57 6.73 6.9 6.9 6.9 7.08 7.27 7.45 7.63 7.82 8.0 8.0 8.0 8.18 8.37 8.55 8.73 8.92 9.1 9.1 9.1 9.27 9.43 9.6 9.77 9.93 10.1 10.1 10.1 10.28 10.47 10.65 10.83 11.02 11.2 11.2 11.2 11.38 11.57 11.75 11.93 12.12 12.3 12.3 12.3 12.38 12.47 12.55 12.63 12.72 12.8 12.8 12.8 12.8 12.8 12.8 12.8 12.8 12.8 12.8 12.8 12.8 12.8 12.8 12.8 12.8 12.8 12.8 12.8 12.8 12.8 12.8
2.2 2.2 2.2 2.2 2.2 2.2 2.2 2.2 2.2 2.2 2.2 2.2 2.2 2.2 2.2 2.2 2.2 2.2 2.2 2.2 2.2 2.2 2.2 2.2 2.2 2.2 2.2 2.2 2.2 2.2 2.2 2.2 2.2 2.2 2.2 2.2 2.2 2.2 2.2 2.2 2.2 2.2 2.2 2.2 2.2 2.2 2.2 2.2 2.2 2.2 2.2 2.2 2.2 2.2 2.2 2.2 2.2 2.2 2.2 2.2 2.2 2.2 2.2 2.2 2.2 2.2 2.2 2.2 2.2 2.2 2.2 2.2 2.2 2.2 2.2 2.2 2.2 2.23 2.27 2.3 2.33 2.37 2.4 2.4 2.4 2.4 2.4 2.4 2.4 2.4 2.4 2.4 2.4 2.43 2.47 2.5 2.53 2.57 2.6 2.6 2.6 2.6 2.6 2.6 2.6 2.6 2.6 2.6 2.6 2.63 2.67 2.7 2.73 2.77 2.8 2.8 2.8 2.8 2.8 2.8 2.8 2.8 2.8 2.8 2.8 2.83 2.87 2.9 2.93 2.97 3.0 3.0 3.0 3.0 3.0 3.0 3.0 3.0 3.0 3.0 3.0 3.03 3.07 3.1 3.13 3.17 3.2 3.2 3.2 3.2 3.2 3.2 3.2 3.2 3.2 3.2 3.2 3.23 3.27 3.3 3.33 3.37 3.4 3.4 3.4 3.4 3.4 3.4 3.4 3.4 3.4 3.4 3.4 3.4 3.4 3.4 3.4 3.4 3.4 3.4 3.4 3.4 3.4 3.4 3.4 3.4 3.4 3.4 3.4 3.4 3.4 3.4 3.4 3.4 3.4 3.4 3.4 3.4 3.4 3.4 3.4 3.4 3.4 3.4 3.4 3.4 3.4 3.4 3.4 3.4 3.4 3.4 3.4 3.4 3.4 3.4 3.4 3.4 3.4 3.4 3.4 3.4 3.4 3.4 3.4 3.4 3.4 3.4 3.4 3.4 3.4 3.4 3.4 3.4 3.4 3.4 3.4 3.38 3.35 3.33 3.3 3.28 3.25 3.25 3.25 3.2 3.15 3.1 3.05 3.0 2.95 2.95 2.95 2.9 2.86 2.81 2.77 2.72 2.68 2.68 2.68 2.63 2.58 2.54 2.49 2.45 2.4 2.4 2.4 2.35 2.31 2.26 2.22 2.17 2.13 2.13 2.13 2.08 2.03 1.99 1.94 1.9 1.85 1.85 1.85 1.8 1.75 1.7 1.65 1.6 1.55 1.55 1.55 1.5 1.46 1.41 1.37 1.32 1.28 1.28 1.28 1.23 1.18 1.14 1.09 1.05 1.0 1.0 1.0 0.95 0.91 0.86 0.82 0.77 0.73 0.73 0.73 0.68 0.63 0.59 0.54 0.5 0.45 0.45 0.45 0.4 0.35 0.3 0.25 0.2 0.15 0.15 0.15 0.13 0.1 0.08 0.05 0.03 0 0 0 0 0 0 0 0 0 0 0 0 0 0 0 0 0 0 0 0 0 0
18.32 18.26 18.2 18.2 18.2 18.2 18.2 18.2 18.2 18.2 18.2 18.2 18.2 18.2 18.2 18.2 18.2 18.2 18.2 18.2 18.2 18.2 18.2 18.2 18.2 18.2 18.2 18.2 18.2 18.2 18.2 18.2 18.2 18.2 18.2 18.2 18.2 18.2 18.2 18.2 18.2 18.2 18.2 18.2 18.2 18.2 18.2 18.2 18.2 18.2 18.2 18.2 18.2 18.2 18.2 18.2 18.2 18.2 18.2 18.2 18.2 18.2 18.2 18.2 18.2 18.2 18.2 18.2 18.2 18.13 18.05 17.98 17.91 17.84 17.76 17.76 17.76 17.63 17.5 17.37 17.24 17.11 16.97 16.97 16.97 16.84 16.71 16.58 16.45 16.32 16.19 16.19 16.19 16.04 15.9 15.75 15.6 15.46 15.31 15.31 15.31 15.18 15.05 14.92 14.79 14.66 14.52 14.52 14.52 14.39 14.26 14.13 14.0 13.87 13.74 13.74 13.74 13.59 13.45 13.3 13.15 13.01 12.86 12.86 12.86 12.73 12.6 12.47 12.34 12.21 12.08 12.08 12.08 11.94 11.81 11.68 11.55 11.42 11.29 11.29 11.29 11.14 11.0 10.85 10.7 10.56 10.41 10.41 10.41 10.28 10.15 10.02 9.89 9.76 9.63 9.63 9.63 9.49 9.36 9.23 9.1 8.97 8.84 8.84 8.84 8.76 8.69 8.62 8.55 8.47 8.4 8.4 8.4 8.4 8.4 8.4 8.4 8.4 8.4 8.4 8.4 8.4 8.4 8.4 8.4 8.4 8.4 8.4 8.4 8.4 8.4 8.4 8.4 8.4 8.4 8.4 8.4 8.4 8.4 8.4 8.4 8.4 8.4 8.4 8.4 8.4 8.4 8.4 8.4 8.4 8.4 8.4 8.4 8.4 8.4 8.4 8.4 8.4 8.4 8.4 8.4 8.4 8.4 8.4 8.4 8.4 8.4 8.4 8.4 8.4 8.4 8.4 8.4 8.4 8.4 8.4 8.4 8.4 8.4 8.4 8.4 8.4 8.4 8.4 8.4 8.5 8.6 8.71 8.81 8.91 9.01 9.01 9.01 9.03 9.04 9.06 9.07 9.09 9.1 9.1 9.1 9.14 9.19 9.23 9.27 9.32 9.36 9.36 9.36 9.44 9.51 9.58 9.65 9.73 9.8 9.8 9.8 9.8 9.8 9.8 9.8 9.8 9.8 9.8 9.8 9.92 10.03 10.15 10.27 10.38 10.5 10.5 10.5 10.5 10.5 10.5 10.5 10.5 10.5 10.5 10.5 10.57 10.65 10.72 10.79 10.86 10.94 10.94 10.94 10.98 11.03 11.07 11.11 11.16 11.2 11.2 11.2 11.21 11.23 11.24 11.26 11.27 11.29 11.29 11.29 11.39 11.49 11.59 11.7 11.8 11.9 11.9 11.9 11.9 11.9 11.9 11.9 11.9 11.9 11.9 11.9 11.9 11.9 11.9 11.9 11.9 11.9 11.9 11.9 11.9 11.9 11.9 11.9 11.9 11.9 11.9 11.9 11.9 11.9 11.9
5155584765.0
776879460.0
0.00479
0.00479
agregarAgente --DemandaFija
97.82 74.76 51.7 51.7 51.7 94.03 136.37 178.7 221.03 263.37 305.7 305.7 305.7 289.75 273.8 257.85 241.9 225.95 210.0 210.0 210.0 184.61 159.22 133.83 108.43 83.04 57.65 57.65 57.65 100.53 143.42 186.3 229.18 272.07 314.95 314.95 314.95 305.8 296.65 287.5 278.35 269.2 260.05 260.05 260.05 234.21 208.37 182.53 156.68 130.84 105.0 105.0 105.0 148.26 191.52 234.78 278.03 321.29 364.55 364.55 364.55 353.22 341.88 330.55 319.22 307.88 296.55 296.55 296.55 265.94 235.33 204.73 174.12 143.51 112.9 112.9 112.9 146.38 179.85 213.33 246.8 280.28 313.75 313.75 313.75 326.87 339.98 353.1 366.22 379.33 392.45 392.45 392.45 362.48 332.5 302.53 272.55 242.58 212.6 212.6 212.6 261.62 310.63 359.65 408.67 457.68 506.7 506.7 506.7 499.43 492.15 484.88 477.6 470.33 463.05 463.05 463.05 453.33 443.6 433.88 424.15 414.43 404.7 404.7 404.7 405.46 406.22 406.98 407.73 408.49 409.25 409.25 409.25 397.38 385.5 373.63 361.75 349.88 338.0 338.0 338.0 324.32 310.63 296.95 283.27 269.58 255.9 255.9 255.9 236.7 217.5 198.3 179.1 159.9 140.7 140.7 140.7 142.69 144.68 146.68 148.67 150.66 152.65 152.65 152.65 156.02 159.38 162.75 166.12 169.48 172.85 172.85 172.85 203.61 234.37 265.13 295.88 326.64 357.4 357.4 357.4 360.83 364.27 367.7 371.13 374.57 378.0 378.0 378.0 360.5 343.0 325.5 308.0 290.5 273.0 273.0 273.0 296.72 320.45 344.18 367.9 391.63 415.35 415.35 415.35 400.39 385.43 370.48 355.52 340.56 325.6 325.6 325.6 313.32 301.03 288.75 276.47 264.18 251.9 251.9 251.9 268.61 285.32 302.03 318.73 335.44 352.15 352.15 352.15 327.05 301.95 276.85 251.75 226.65 201.55 201.55 201.55 198.07 194.58 191.1 187.62 184.13 180.65 180.65 180.65 195.11 209.57 224.03 238.48 252.94 267.4 267.4 267.4 252.43 237.45 222.48 207.5 192.53 177.55 177.55 177.55 176.35 175.15 173.95 172.75 171.55 170.35 170.35 170.35 212.15 253.95 295.75 337.55 379.35 421.15 421.15 421.15 397.03 372.9 348.78 324.65 300.53 276.4 276.4 276.4 258.83 241.27 223.7 206.13 188.57 171.0 171.0 171.0 217.41 263.82 310.23 356.63 403.04 449.45 449.45 449.45 429.41 409.37 389.33 369.28 349.24 329.2 329.2 329.2 314.81 300.42 286.03 271.63 257.24 242.85 242.85 242.85 272.71 302.57 332.43 362.28 392.14 422.0 422.0 422.0 412.53 403.05 393.58 384.1 374.63 365.15 365.15 365.15 348.46 331.77 315.08 298.38 281.69 265.0 265.0 265.0 307.11 349.22 391.33 433.43 475.54 517.65 517.65 517.65 505.81 493.97 482.13 470.28 458.44 446.6 446.6 446.6 427.71 408.82 389.93
crearDespacho --fija
3200.0
configurarSolver --Gurobi
resolver --noConstante ejecuciones/bancos/recombinados/v1/directo/simple/v1_simple_000411.csv
finalizar
