inicializar --t 360
agregarAgente --RioNegro
58.93 58.67 58.4 58.4 58.4 58.13 57.87 57.6 57.33 57.07 56.8 56.8 56.8 56.53 56.27 56.0 55.73 55.47 55.2 55.2 55.2 55.07 54.93 54.8 54.67 54.53 54.4 54.4 54.4 54.4 54.4 54.4 54.4 54.4 54.4 54.4 54.4 54.4 54.4 54.4 54.4 54.4 54.4 54.4 54.4 54.4 54.4 54.4 54.4 54.4 54.4 54.4 54.4 54.4 54.4 54.4 54.4 54.4 54.4 54.4 54.4 54.4 54.4 54.4 54.4 54.4 54.4 54.4 54.4 54.4 54.4 54.4 54.4 54.4 54.4 54.4 54.4 54.4 54.4 54.4 54.4 54.4 54.4 54.4 54.4 54.4 54.4 54.4 54.4 54.4 54.4 54.4 54.4 54.4 54.4 54.4 54.4 54.4 54.4 54.4 54.4 54.4 54.4 54.4 54.4 54.4 54.4 54.4 54.4 54.4 54.4 54.4 54.4 54.4 54.4 54.4 54.4 54.4 54.4 54.4 54.4 54.4 54.4 54.4 54.4 54.4 54.4 54.4 54.4 54.4 54.4 54.4 54.4 54.4 54.4 54.4 54.4 54.4 54.4 54.4 54.4 54.27 54.13 54.0 53.87 53.73 53.6 53.6 53.6 53.6 53.6 53.6 53.6 53.6 53.6 53.6 53.6 53.6 53.6 53.6 53.6 53.6 53.6 53.6 53.6 53.6 53.6 53.6 53.6 53.6 53.6 53.6 53.6 53.6 53.6 53.6 53.6 53.6 53.6 53.6 53.6 53.6 53.6 53.6 53.6 53.6 53.6 53.6 53.6 53.6 53.6 53.6 53.6 53.6 53.6 53.6 53.6 53.6 53.6 53.6 53.6 53.6 53.6 53.6 53.6 53.6 53.6 53.6 53.6 53.6 53.6 53.6 53.6 53.6 53.6 53.6 53.6 53.6 53.6 53.6 53.6 53.6 53.6 53.6 53.6 53.6 53.6 53.6 53.6 53.6 53.6 53.6 53.6 53.6 53.6 53.6 53.6 53.6 53.6 53.6 53.6 53.6 53.6 53.6 53.6 53.6 53.6 53.6 53.6 53.6 53.6 53.6 53.6 53.6 53.6 53.6 53.6 53.6 53.6 53.6 53.6 53.42 53.23 53.05 52.87 52.68 52.5 52.5 52.5 52.17 51.83 51.5 51.17 50.83 50.5 50.5 50.5 50.18 49.87 49.55 49.23 48.92 48.6 48.6 48.6 48.25 47.9 47.55 47.2 46.85 46.5 46.5 46.5 46.18 45.87 45.55 45.23 44.92 44.6 44.6 44.6 44.25 43.9 43.55 43.2 42.85 42.5 42.5 42.5 42.2 41.9 41.6 41.3 41.0 40.7 40.7 40.7 40.35 40.0 39.65 39.3 38.95 38.6 38.6 38.6 38.28 37.97 37.65 37.33 37.02 36.7 36.7 36.7 36.35 36.0 35.65 35.3 34.95 34.6 34.6 34.6 34.28 33.97 33.65 33.33 33.02 32.7 32.7 32.7 32.37 32.03 31.7 31.37 31.03 30.7 30.7 30.7 30.52 30.33 30.15
13.08 13.32 13.55 13.55 13.55 13.79 14.03 14.26 14.5 14.74 14.98 14.98 14.98 15.21 15.45 15.69 15.93 16.16 16.4 16.4 16.4 16.53 16.67 16.8 16.93 17.07 17.2 17.2 17.2 17.2 17.2 17.2 17.2 17.2 17.2 17.2 17.2 17.2 17.2 17.2 17.2 17.2 17.2 17.2 17.2 17.2 17.2 17.2 17.2 17.2 17.2 17.2 17.2 17.2 17.2 17.2 17.2 17.2 17.2 17.2 17.2 17.2 17.2 17.2 17.2 17.2 17.2 17.2 17.2 17.2 17.2 17.2 17.2 17.2 17.2 17.2 17.2 17.2 17.2 17.2 17.2 17.2 17.2 17.2 17.2 17.2 17.2 17.2 17.2 17.2 17.2 17.2 17.2 17.07 16.94 16.81 16.68 16.55 16.43 16.43 16.43 16.19 15.96 15.73 15.49 15.26 15.03 15.03 15.03 14.8 14.57 14.34 14.11 13.88 13.65 13.65 13.65 13.42 13.18 12.95 12.72 12.48 12.25 12.25 12.25 12.02 11.79 11.56 11.33 11.1 10.88 10.88 10.88 10.64 10.41 10.18 9.94 9.71 9.48 9.48 9.48 9.25 9.03 8.8 8.58 8.35 8.13 8.13 8.13 7.89 7.66 7.43 7.19 6.96 6.73 6.73 6.73 6.5 6.27 6.04 5.81 5.58 5.35 5.35 5.35 5.12 4.88 4.65 4.42 4.18 3.95 3.95 3.95 3.72 3.49 3.26 3.03 2.8 2.58 2.58 2.58 2.34 2.11 1.88 1.64 1.41 1.18 1.18 1.18 1.05 0.92 0.79 0.66 0.53 0.4 0.4 0.4 0.4 0.4 0.4 0.4 0.4 0.4 0.4 0.4 0.4 0.4 0.4 0.4 0.4 0.4 0.4 0.4 0.4 0.4 0.4 0.4 0.4 0.4 0.4 0.4 0.4 0.4 0.4 0.4 0.4 0.4 0.4 0.4 0.4 0.4 0.4 0.4 0.4 0.4 0.4 0.4 0.4 0.4 0.4 0.4 0.4 0.4 0.4 0.4 0.4 0.4 0.4 0.4 0.4 0.4 0.4 0.4 0.4 0.4 0.4 0.4 0.4 0.4 0.4 0.4 0.4 0.4 0.4 0.4 0.4 0.4 0.4 0.4 0.4 0.4 0.4 0.4 0.4 0.4 0.4 0.4 0.4 0.4 0.4 0.4 0.4 0.4 0.4 0.4 0.37 0.33 0.3 0.27 0.23 0.2 0.2 0.2 0.2 0.2 0.2 0.2 0.2 0.2 0.2 0.2 0.2 0.2 0.2 0.2 0.2 0.2 0.2 0.2 0.2 0.2 0.2 0.2 0.2 0.2 0.2 0.2 0.2 0.2 0.2 0.2 0.2 0.2 0.2 0.2 0.2 0.2 0.2 0.2 0.2 0.2 0.2 0.2 0.17 0.13 0.1 0.07 0.03 0 0 0 0 0 0 0 0 0 0 0 0 0 0 0 0 0 0 0 0 0 0
21.15 21.29 21.44 21.44 21.44 21.6 21.76 21.92 22.08 22.24 22.4 22.4 22.4 22.56 22.72 22.88 23.04 23.2 23.36 23.36 23.36 23.44 23.51 23.58 23.65 23.73 23.8 23.8 23.8 23.8 23.8 23.8 23.8 23.8 23.8 23.8 23.8 23.8 23.8 23.8 23.8 23.8 23.8 23.8 23.8 23.8 23.8 23.8 23.8 23.8 23.8 23.8 23.8 23.8 23.8 23.8 23.8 23.8 23.8 23.8 23.8 23.8 23.8 23.8 23.8 23.8 23.8 23.8 23.8 23.8 23.8 23.8 23.8 23.8 23.8 23.8 23.8 23.8 23.8 23.8 23.8 23.8 23.8 23.8 23.8 23.8 23.8 23.8 23.8 23.8 23.8 23.8 23.8 23.7 23.6 23.49 23.39 23.29 23.19 23.19 23.19 23.0 22.81 22.62 22.43 22.24 22.05 22.05 22.05 21.86 21.67 21.48 21.29 21.1 20.91 20.91 20.91 20.75 20.59 20.43 20.27 20.11 19.95 19.95 19.95 19.76 19.57 19.38 19.19 19.0 18.81 18.81 18.81 18.64 18.46 18.29 18.11 17.94 17.76 17.76 17.76 17.56 17.35 17.15 16.95 16.74 16.54 16.54 16.54 16.36 16.19 16.01 15.84 15.66 15.49 15.49 15.49 15.3 15.11 14.92 14.73 14.54 14.35 14.35 14.35 14.19 14.03 13.87 13.71 13.55 13.39 13.39 13.39 13.2 13.01 12.82 12.63 12.44 12.25 12.25 12.25 12.06 11.87 11.68 11.49 11.3 11.11 11.11 11.11 11.01 10.91 10.81 10.7 10.6 10.5 10.5 10.5 10.5 10.5 10.5 10.5 10.5 10.5 10.5 10.5 10.5 10.5 10.5 10.5 10.5 10.5 10.5 10.5 10.5 10.5 10.5 10.5 10.5 10.5 10.5 10.5 10.5 10.5 10.5 10.5 10.5 10.5 10.5 10.5 10.5 10.5 10.5 10.5 10.5 10.5 10.5 10.5 10.5 10.5 10.5 10.5 10.5 10.5 10.5 10.5 10.5 10.5 10.5 10.5 10.5 10.5 10.5 10.5 10.5 10.5 10.5 10.5 10.5 10.5 10.5 10.5 10.72 10.94 11.16 11.38 11.59 11.81 11.81 11.81 12.21 12.6 12.99 13.39 13.78 14.17 14.17 14.17 14.57 14.96 15.36 15.75 16.14 16.54 16.54 16.54 16.95 17.35 17.76 18.17 18.58 18.99 18.99 18.99 19.37 19.75 20.13 20.5 20.88 21.26 21.26 21.26 21.66 22.05 22.44 22.84 23.23 23.63 23.63 23.63 24.03 24.44 24.85 25.26 25.67 26.08 26.08 26.08 26.47 26.86 27.26 27.65 28.04 28.44 28.44 28.44 28.82 29.2 29.57 29.95 30.33 30.71 30.71 30.71 31.12 31.53 31.94 32.35 32.75 33.16 33.16 33.16 33.56 33.95 34.34 34.74 35.13 35.53 35.53 35.53 35.92 36.31 36.71 37.1 37.49 37.89 37.89 37.89 38.11 38.32 38.54
3860691501.0
1308904701.0
0.00479
0.00479
agregarAgente --DemandaFija
243.22 256.88 270.55 270.55 270.55 270.47 270.4 270.33 270.25 270.18 270.1 270.1 270.1 279.03 287.95 296.88 305.8 314.73 323.65 323.65 323.65 306.87 290.08 273.3 256.52 239.73 222.95 222.95 222.95 231.95 240.95 249.95 258.95 267.95 276.95 276.95 276.95 292.2 307.45 322.7 337.95 353.2 368.45 368.45 368.45 338.8 309.15 279.5 249.85 220.2 190.55 190.55 190.55 181.0 171.45 161.9 152.35 142.8 133.25 133.25 133.25 171.63 210.0 248.38 286.75 325.13 363.5 363.5 363.5 338.63 313.75 288.88 264.0 239.13 214.25 214.25 214.25 218.24 222.23 226.23 230.22 234.21 238.2 238.2 238.2 263.39 288.58 313.78 338.97 364.16 389.35 389.35 389.35 404.18 419.0 433.83 448.65 463.47 478.3 478.3 478.3 489.28 500.25 511.23 522.2 533.18 544.15 544.15 544.15 525.13 506.12 487.1 468.08 449.07 430.05 430.05 430.05 380.39 330.73 281.08 231.42 181.76 132.1 132.1 132.1 131.02 129.93 128.85 127.77 126.68 125.6 125.6 125.6 125.86 126.12 126.38 126.63 126.89 127.15 127.15 127.15 137.41 147.67 157.93 168.18 178.44 188.7 188.7 188.7 169.28 149.87 130.45 111.03 91.62 72.2 72.2 72.2 62.93 53.67 44.4 35.13 25.87 16.6 16.6 16.6 16.29 15.98 15.68 15.37 15.06 14.75 14.75 14.75 13.33 11.92 10.5 9.08 7.67 6.25 6.25 6.25 6.25 6.25 6.25 6.25 6.25 6.25 6.25 6.25 6.25 6.25 6.25 6.25 6.25 6.25 6.25 6.25 17.28 28.32 39.35 50.38 61.42 72.45 72.45 72.45 73.03 73.62 74.2 74.78 75.37 75.95 75.95 75.95 69.87 63.78 57.7 51.62 45.53 39.45 39.45 39.45 33.92 28.38 22.85 17.32 11.78 6.25 6.25 6.25 6.25 6.25 6.25 6.25 6.25 6.25 6.25 6.25 6.25 6.25 6.25 6.25 6.25 6.25 6.25 6.25 6.25 6.25 6.25 6.25 6.25 6.25 6.25 6.25 6.25 6.25 6.25 6.25 6.25 6.25 6.25 6.25 6.25 6.25 6.25 6.25 6.25 6.25 6.25 6.25 6.25 6.25 6.25 6.25 6.25 6.25 6.25 6.25 6.25 6.25 6.25 6.25 6.25 6.25 6.25 6.25 6.25 6.25 6.25 6.25 6.25 6.25 6.25 6.25 6.25 6.25 6.25 6.25 6.25 6.25 6.25 6.25 6.25 6.25 6.25 6.25 6.25 6.25 6.25 6.25 6.25 6.25 6.25 6.25 6.25 6.25 6.25 6.25 6.25 6.25 6.25 6.25 6.25 6.25 6.25 6.25 6.25 6.25 6.25 6.25 6.25 6.25 6.25 6.25 6.25 6.25 6.25 6.25 6.25 6.25 6.25 6.25 6.25 6.25 6.25 6.25 6.25 6.25 6.25 6.25 6.25 6.25 6.25 6.25 6.25 6.25 6.25 6.25 6.25 6.25 6.25
crearDespacho --fija
1600.0
configurarSolver --Gurobi
resolver --noConstante ejecuciones/bancos/recombinados/v1/directo/simple/v1_simple_000256.csv
finalizar
