inicializar --t 360
agregarAgente --RioNegro
0.48 0.24 0 0 0 0 0 0 0 0 0 0 0 0 0 0 0 0 0 0 0 0 0 0 0 0 0 0 0 0 0 0 0 0 0 0 0 0 0 0 0 0 0 0 0 0 0 0 0 0 0 0 0 0 0 0 0 0 0 0 0 0 0 0 0 0 0 0 0 0 0 0 0 0 0 0 0 0 0 0 0 0 0 0 0 0 0 0 0 0 0 0 0 0 0 0 0 0 0 0 0 0 0 0 0 0 0 0 0 0 0 0 0 0 0 0 0 0 0 0 0 0 0 0 0 0 0 0 0 0 0 0 0 0 0 0 0 0 0 0 0 0 0 0 0 0 0 0 0 0 0 0 0 0 0 0 0 0 0 0 0 0 0 0 0 0 0 0 0 0 0 0 0 0 0 0 0 0 0 0 0 0 0 0 0 0 0 0 0 0 0 0 0 0 0 0 0 0 0 0 0 0 0 0 0 0 0 0 0 0 0 0 0 0 0 0 0 0 0 0 0 0 0 0 0 0 0 0 0 0 0 0 0 0 0 0 0 0 0 0 0 0 0 0 0 0 0 0 0 0 0 0 0 0 0 0 0 0 0 0 0 0 0 0 0 0 0 0 0 0 0 0 0 0 0 0 0 0 0 0 0 0 0 0 0 0 0 0 0 0 0 0 0 0 0 0 0 0 0 0 0 0 0 0 0 0 0 0 0 0 0 0 0 0 0 0 0 0 0 0 0 0 0 0 0 0 0 0 0 0 0 0 0 0 0 0 0 0 0 0 0 0 0 0 0 0 0 0 0 0 0 0 0 0 0 0 0 0 0 0
32.98 33.24 33.5 33.5 33.5 33.5 33.5 33.5 33.5 33.5 33.5 33.5 33.5 33.5 33.5 33.5 33.5 33.5 33.5 33.5 33.5 33.5 33.5 33.5 33.5 33.5 33.5 33.5 33.5 33.5 33.5 33.5 33.5 33.5 33.5 33.5 33.5 33.5 33.5 33.5 33.5 33.5 33.5 33.5 33.5 33.5 33.5 33.5 33.5 33.5 33.5 33.5 33.5 33.5 33.5 33.5 33.5 33.5 33.5 33.5 33.5 33.5 33.5 33.5 33.5 33.5 33.5 33.5 33.5 33.24 32.98 32.72 32.46 32.2 31.94 31.94 31.94 31.48 31.02 30.56 30.1 29.65 29.19 29.19 29.19 28.72 28.25 27.78 27.31 26.84 26.38 26.38 26.38 25.93 25.48 25.03 24.58 24.14 23.69 23.69 23.69 23.22 22.75 22.28 21.81 21.34 20.88 20.88 20.88 20.43 19.98 19.53 19.08 18.64 18.19 18.19 18.19 17.71 17.23 16.75 16.27 15.79 15.31 15.31 15.31 14.86 14.42 13.97 13.52 13.07 12.63 12.63 12.63 12.16 11.69 11.22 10.75 10.28 9.81 9.81 9.81 9.36 8.92 8.47 8.02 7.57 7.13 7.13 7.13 6.66 6.19 5.72 5.25 4.78 4.31 4.31 4.31 3.85 3.4 2.94 2.48 2.02 1.56 1.56 1.56 1.3 1.04 0.78 0.52 0.26 0 0 0 0 0 0 0 0 0 0 0 0 0 0 0 0 0 0 0 0 0 0 0 0 0 0 0 0 0 0 0 0 0 0 0 0 0 0 0 0 0 0 0 0 0 0 0 0 0 0 0 0 0 0 0 0 0 0 0 0 0 0 0 0 0 0 0 0.23 0.46 0.69 0.92 1.15 1.38 1.38 1.38 1.75 2.13 2.5 2.88 3.25 3.63 3.63 3.63 4.03 4.44 4.84 5.25 5.66 6.06 6.06 6.06 6.45 6.83 7.22 7.6 7.99 8.38 8.38 8.38 8.77 9.17 9.56 9.96 10.35 10.75 10.75 10.75 11.14 11.52 11.91 12.29 12.68 13.06 13.06 13.06 13.46 13.85 14.25 14.65 15.04 15.44 15.44 15.44 15.82 16.21 16.59 16.98 17.36 17.75 17.75 17.75 18.15 18.54 18.94 19.33 19.73 20.13 20.13 20.13 20.51 20.9 21.28 21.67 22.05 22.44 22.44 22.44 22.84 23.25 23.66 24.06 24.47 24.88 24.88 24.88 25.25 25.63 26.0 26.38 26.75 27.13 27.13 27.13 27.35 27.58 27.81 28.04 28.27 28.5 28.5 28.5 28.5 28.5 28.5 28.5 28.5 28.5 28.5 28.5 28.5 28.5 28.5 28.5 28.5 28.5 28.5 28.5 28.5 28.5 28.5
1.03 0.52 0 0 0 0 0 0 0 0 0 0 0 0 0 0 0 0 0 0 0 0 0 0 0 0 0 0 0 0 0 0 0 0 0 0 0 0 0 0 0 0 0 0 0 0 0 0 0 0 0 0 0 0 0 0 0 0 0 0 0 0 0 0 0 0 0 0 0 0.22 0.45 0.67 0.9 1.12 1.34 1.34 1.34 1.77 2.19 2.62 3.05 3.47 3.9 3.9 3.9 4.3 4.7 5.11 5.51 5.91 6.32 6.32 6.32 6.74 7.17 7.59 8.02 8.44 8.87 8.87 8.87 9.29 9.72 10.15 10.57 11.0 11.42 11.42 11.42 11.83 12.23 12.63 13.03 13.44 13.84 13.84 13.84 14.24 14.65 15.05 15.45 15.86 16.26 16.26 16.26 16.66 17.07 17.47 17.87 18.27 18.68 18.68 18.68 19.1 19.53 19.95 20.38 20.81 21.23 21.23 21.23 21.66 22.08 22.51 22.93 23.36 23.78 23.78 23.78 24.19 24.59 24.99 25.4 25.8 26.2 26.2 26.2 26.63 27.05 27.48 27.91 28.33 28.76 28.76 28.76 28.98 29.2 29.43 29.65 29.88 30.1 30.1 30.1 30.1 30.1 30.1 30.1 30.1 30.1 30.1 30.1 30.1 30.1 30.1 30.1 30.1 30.1 30.1 30.1 30.1 30.1 30.1 30.1 30.1 30.1 30.1 30.1 30.1 30.1 30.1 30.1 30.1 30.1 30.1 30.1 30.1 30.1 30.1 30.1 30.1 30.1 30.1 30.1 30.1 30.1 30.1 30.1 30.1 30.1 30.1 30.1 30.1 30.1 30.1 30.1 30.1 30.1 30.1 30.1 30.1 30.1 30.1 30.1 30.1 30.1 30.1 30.1 29.88 29.65 29.43 29.2 28.98 28.76 28.76 28.76 28.33 27.91 27.48 27.05 26.63 26.2 26.2 26.2 25.8 25.4 24.99 24.59 24.19 23.78 23.78 23.78 23.36 22.93 22.51 22.08 21.66 21.23 21.23 21.23 20.81 20.38 19.95 19.53 19.1 18.68 18.68 18.68 18.27 17.87 17.47 17.07 16.66 16.26 16.26 16.26 15.86 15.45 15.05 14.65 14.24 13.84 13.84 13.84 13.44 13.03 12.63 12.23 11.83 11.42 11.42 11.42 11.0 10.57 10.15 9.72 9.29 8.87 8.87 8.87 8.44 8.02 7.59 7.17 6.74 6.32 6.32 6.32 5.91 5.51 5.11 4.7 4.3 3.9 3.9 3.9 3.47 3.05 2.62 2.19 1.77 1.34 1.34 1.34 1.12 0.9 0.67 0.45 0.22 0 0 0 0 0 0 0 0 0 0 0 0 0 0 0 0 0 0 0 0 0 0
6621704071.0
879755606.0
0.00633
0.00326
agregarAgente --DemandaFija
124.68 88.54 52.4 52.4 52.4 99.46 146.52 193.58 240.63 287.69 334.75 334.75 334.75 359.17 383.58 408.0 432.42 456.83 481.25 481.25 481.25 454.36 427.47 400.58 373.68 346.79 319.9 319.9 319.9 352.48 385.05 417.63 450.2 482.78 515.35 515.35 515.35 510.47 505.58 500.7 495.82 490.93 486.05 486.05 486.05 460.89 435.73 410.58 385.42 360.26 335.1 335.1 335.1 362.69 390.28 417.88 445.47 473.06 500.65 500.65 500.65 510.72 520.78 530.85 540.92 550.98 561.05 561.05 561.05 486.12 411.18 336.25 261.32 186.38 111.45 111.45 111.45 131.12 150.78 170.45 190.12 209.78 229.45 229.45 229.45 228.32 227.18 226.05 224.92 223.78 222.65 222.65 222.65 195.48 168.3 141.13 113.95 86.77 59.6 59.6 59.6 94.59 129.58 164.58 199.57 234.56 269.55 269.55 269.55 305.63 341.7 377.78 413.85 449.93 486.0 486.0 486.0 456.0 426.0 396.0 366.0 336.0 306.0 306.0 306.0 314.96 323.92 332.88 341.83 350.79 359.75 359.75 359.75 361.91 364.07 366.23 368.38 370.54 372.7 372.7 372.7 346.74 320.78 294.83 268.87 242.91 216.95 216.95 216.95 245.0 273.05 301.1 329.15 357.2 385.25 385.25 385.25 397.16 409.07 420.98 432.88 444.79 456.7 456.7 456.7 410.52 364.33 318.15 271.97 225.78 179.6 179.6 179.6 207.29 234.98 262.68 290.37 318.06 345.75 345.75 345.75 372.62 399.48 426.35 453.22 480.08 506.95 506.95 506.95 459.63 412.32 365.0 317.68 270.37 223.05 223.05 223.05 261.32 299.58 337.85 376.12 414.38 452.65 452.65 452.65 478.36 504.07 529.78 555.48 581.19 606.9 606.9 606.9 568.71 530.52 492.33 454.13 415.94 377.75 377.75 377.75 393.4 409.05 424.7 440.35 456.0 471.65 471.65 471.65 454.51 437.37 420.23 403.08 385.94 368.8 368.8 368.8 310.58 252.37 194.15 135.93 77.72 19.5 19.5 19.5 65.98 112.47 158.95 205.43 251.92 298.4 298.4 298.4 285.83 273.27 260.7 248.13 235.57 223.0 223.0 223.0 195.83 168.65 141.48 114.3 87.13 59.95 59.95 59.95 98.16 136.37 174.58 212.78 250.99 289.2 289.2 289.2 300.22 311.23 322.25 333.27 344.28 355.3 355.3 355.3 297.13 238.95 180.78 122.6 64.43 6.25 6.25 6.25 7.49 8.73 9.98 11.22 12.46 13.7 13.7 13.7 21.71 29.72 37.73 45.73 53.74 61.75 61.75 61.75 52.5 43.25 34.0 24.75 15.5 6.25 6.25 6.25 14.32 22.38 30.45 38.52 46.58 54.65 54.65 54.65 66.33 78.0 89.68 101.35 113.02 124.7 124.7 124.7 114.27 103.85 93.43 83.0 72.58 62.15 62.15 62.15 118.73 175.3 231.88 288.45 345.03 401.6 401.6 401.6 393.28 384.95 376.63 368.3 359.98 351.65 351.65 351.65 306.58 261.52 216.45
crearDespacho --fija
3200.0
configurarSolver --Gurobi
resolver --noConstante ejecuciones/bancos/recombinados/v1/directo/simple/v1_simple_000043.csv
finalizar
