inicializar --t 360
agregarAgente --RioNegro
10.4 10.4 10.4 10.4 10.4 10.4 10.4 10.4 10.4 10.4 10.4 10.4 10.4 10.4 10.4 10.4 10.4 10.4 10.4 10.4 10.4 10.32 10.23 10.15 10.07 9.98 9.9 9.9 9.9 9.77 9.63 9.5 9.37 9.23 9.1 9.1 9.1 8.95 8.8 8.65 8.5 8.35 8.2 8.2 8.2 8.07 7.93 7.8 7.67 7.53 7.4 7.4 7.4 7.25 7.1 6.95 6.8 6.65 6.5 6.5 6.5 6.37 6.23 6.1 5.97 5.83 5.7 5.7 5.7 5.53 5.37 5.2 5.03 4.87 4.7 4.7 4.7 4.57 4.43 4.3 4.17 4.03 3.9 3.9 3.9 3.75 3.6 3.45 3.3 3.15 3.0 3.0 3.0 2.87 2.73 2.6 2.47 2.33 2.2 2.2 2.2 2.05 1.9 1.75 1.6 1.45 1.3 1.3 1.3 1.17 1.03 0.9 0.77 0.63 0.5 0.5 0.5 0.42 0.33 0.25 0.17 0.08 0 0 0 0 0 0 0 0 0 0 0 0 0 0 0 0 0 0 0 0 0 0 0 0 0 0 0 0 0 0 0 0 0 0 0 0 0 0 0 0 0 0 0 0 0 0 0 0 0 0 0 0 0 0 0 0 0 0 0 0 0 0 0 0 0 0 0 0 0 0 0 0 0 0 0 0 0 0 0 0 0 0 0 0 0 0 0 0 0 0 0 0 0 0 0 0 0 0 0 0 0 0 0 0 0 0 0 0 0 0 0 0 0 0 0 0 0 0 0 0 0 0 0 0 0 0 0 0 0 0 0 0 0 0 0 0 0 0 0 0 0 0 0 0 0 0 0 0 0 0 0 0 0 0 0 0 0 0 0 0 0 0 0 0 0 0 0 0 0 0 0 0 0 0 0 0 0 0 0 0 0 0 0 0 0 0 0 0 0 0 0 0 0 0 0 0 0 0 0 0 0 0 0 0 0 0 0 0 0 0 0 0 0 0 0 0 0 0 0 0 0 0 0 0 0 0 0 0 0 0 0 0 0 0 0 0 0 0
0.2 0.2 0.2 0.2 0.2 0.2 0.2 0.2 0.2 0.2 0.2 0.2 0.2 0.2 0.2 0.2 0.2 0.2 0.2 0.2 0.2 0.2 0.2 0.2 0.2 0.2 0.2 0.2 0.2 0.2 0.2 0.2 0.2 0.2 0.2 0.2 0.2 0.2 0.2 0.2 0.2 0.2 0.2 0.2 0.2 0.2 0.2 0.2 0.2 0.2 0.2 0.2 0.2 0.2 0.2 0.2 0.2 0.2 0.2 0.2 0.2 0.2 0.2 0.2 0.2 0.2 0.2 0.2 0.2 0.17 0.13 0.1 0.07 0.03 0 0 0 0 0 0 0 0 0 0 0 0 0 0 0 0 0 0 0 0 0 0 0 0 0 0 0 0 0 0 0 0 0 0 0 0 0 0 0 0 0 0 0 0 0 0 0 0 0 0 0 0 0 0 0 0 0 0 0 0 0 0 0 0 0 0 0 0 0 0 0 0 0 0 0 0 0 0 0 0 0 0 0 0 0 0 0 0 0 0 0 0 0 0 0 0 0 0 0 0 0 0 0 0 0 0 0 0 0 0 0 0 0 0 0 0.02 0.03 0.05 0.07 0.08 0.1 0.1 0.1 0.13 0.15 0.18 0.2 0.23 0.25 0.25 0.25 0.27 0.3 0.33 0.35 0.38 0.4 0.4 0.4 0.43 0.47 0.5 0.53 0.57 0.6 0.6 0.6 0.63 0.66 0.69 0.72 0.75 0.78 0.78 0.78 0.8 0.83 0.85 0.88 0.9 0.93 0.93 0.93 0.95 0.98 1.0 1.03 1.05 1.08 1.08 1.08 1.1 1.13 1.15 1.18 1.2 1.23 1.23 1.23 1.25 1.28 1.31 1.34 1.37 1.4 1.4 1.4 1.43 1.47 1.5 1.53 1.57 1.6 1.6 1.6 1.63 1.65 1.68 1.7 1.72 1.75 1.75 1.75 1.78 1.8 1.83 1.85 1.88 1.9 1.9 1.9 1.92 1.93 1.95 1.97 1.98 2.0 2.0 2.0 2.0 2.0 2.0 2.0 2.0 2.0 2.0 2.0 2.0 2.0 2.0 2.0 2.0 2.0 2.0 2.0 2.0 2.0 2.0 2.0 2.0 2.0 2.0 2.0 2.0 2.0 2.0 2.0 2.0 2.0 2.0 2.0 2.0 2.0 2.0 2.0 2.0 2.0 2.0 2.0 2.0 2.0 2.0 2.0 2.0 2.0 2.0 2.0 2.0 2.0 2.0 2.0 2.0 2.0 2.0 2.0 2.0 2.0 2.0 2.0 2.0 2.0 2.0 2.0 1.98 1.97 1.95
9.8 9.8 9.8 9.8 9.8 9.8 9.8 9.8 9.8 9.8 9.8 9.8 9.8 9.8 9.8 9.8 9.8 9.8 9.8 9.8 9.8 10.09 10.38 10.67 10.97 11.26 11.55 11.55 11.55 12.06 12.57 13.08 13.59 14.1 14.61 14.61 14.61 15.11 15.6 16.1 16.6 17.09 17.59 17.59 17.59 18.1 18.61 19.12 19.63 20.14 20.65 20.65 20.65 21.18 21.7 22.22 22.75 23.27 23.8 23.8 23.8 24.3 24.79 25.29 25.78 26.28 26.78 26.78 26.78 27.3 27.83 28.35 28.88 29.4 29.92 29.92 29.92 30.42 30.92 31.41 31.91 32.4 32.9 32.9 32.9 33.43 33.95 34.47 35.0 35.53 36.05 36.05 36.05 36.56 37.07 37.58 38.09 38.6 39.11 39.11 39.11 39.61 40.1 40.6 41.1 41.59 42.09 42.09 42.09 42.6 43.11 43.62 44.13 44.64 45.15 45.15 45.15 45.44 45.73 46.03 46.32 46.61 46.9 46.9 46.9 46.9 46.9 46.9 46.9 46.9 46.9 46.9 46.9 46.9 46.9 46.9 46.9 46.9 46.9 46.9 46.9 46.9 46.9 46.9 46.9 46.9 46.9 46.9 46.9 46.9 46.9 46.9 46.9 46.9 46.9 46.9 46.9 46.9 46.9 46.9 46.9 46.9 46.9 46.9 46.9 46.9 46.9 46.9 46.9 46.9 46.9 46.9 46.9 46.9 46.9 46.9 46.9 46.9 46.9 46.9 46.9 46.9 46.9 46.9 46.9 46.9 46.9 46.9 46.9 46.68 46.46 46.24 46.03 45.81 45.59 45.59 45.59 45.18 44.77 44.36 43.95 43.55 43.14 43.14 43.14 42.73 42.32 41.91 41.5 41.1 40.69 40.69 40.69 40.28 39.87 39.46 39.05 38.65 38.24 38.24 38.24 37.84 37.45 37.06 36.66 36.27 35.88 35.88 35.88 35.47 35.06 34.65 34.24 33.83 33.43 33.43 33.43 33.02 32.61 32.2 31.79 31.38 30.97 30.97 30.97 30.57 30.16 29.75 29.34 28.93 28.53 28.53 28.53 28.13 27.74 27.34 26.95 26.56 26.16 26.16 26.16 25.75 25.35 24.94 24.53 24.12 23.71 23.71 23.71 23.3 22.9 22.49 22.08 21.67 21.26 21.26 21.26 20.85 20.45 20.04 19.63 19.22 18.81 18.81 18.81 18.59 18.38 18.16 17.94 17.72 17.5 17.5 17.5 17.5 17.5 17.5 17.5 17.5 17.5 17.5 17.5 17.5 17.5 17.5 17.5 17.5 17.5 17.5 17.5 17.5 17.5 17.5 17.5 17.5 17.5 17.5 17.5 17.5 17.5 17.5 17.5 17.5 17.5 17.5 17.5 17.5 17.5 17.5 17.5 17.5 17.5 17.5 17.5 17.5 17.5 17.5 17.5 17.5 17.5 17.5 17.5 17.5 17.5 17.5 17.5 17.5 17.5 17.5 17.5 17.5 17.5 17.5 17.5 17.5 17.5 17.5 17.5 17.5 17.5 17.5
4649900603.0
1102551957.0
0.00633
0.00326
agregarAgente --DemandaFija
88.7 83.86 79.03 79.03 79.03 81.68 84.33 86.98 89.63 92.28 94.93 94.93 94.93 110.61 126.3 141.99 157.68 173.36 189.05 189.05 189.05 201.58 214.1 226.63 239.15 251.68 264.2 264.2 264.2 257.25 250.3 243.35 236.4 229.45 222.5 222.5 222.5 246.44 270.38 294.31 318.25 342.19 366.13 366.13 366.13 416.43 466.73 517.03 567.33 617.63 667.93 667.93 667.93 686.11 704.3 722.49 740.68 758.86 777.05 777.05 777.05 799.0 820.95 842.9 864.85 886.8 908.75 908.75 908.75 834.5 760.25 686.0 611.75 537.5 463.25 463.25 463.25 425.28 387.3 349.33 311.35 273.38 235.4 235.4 235.4 228.86 222.33 215.79 209.25 202.71 196.18 196.18 196.18 186.96 177.75 168.54 159.33 150.11 140.9 140.9 140.9 172.56 204.23 235.89 267.55 299.21 330.88 330.88 330.88 354.71 378.55 402.39 426.23 450.06 473.9 473.9 473.9 447.58 421.25 394.93 368.6 342.28 315.95 315.95 315.95 317.54 319.13 320.71 322.3 323.89 325.48 325.48 325.48 323.65 321.83 320.0 318.18 316.35 314.53 314.53 314.53 315.61 316.7 317.79 318.88 319.96 321.05 321.05 321.05 312.78 304.5 296.23 287.95 279.68 271.4 271.4 271.4 259.86 248.33 236.79 225.25 213.71 202.18 202.18 202.18 224.88 247.58 270.28 292.97 315.68 338.38 338.38 338.38 350.39 362.4 374.41 386.43 398.44 410.45 410.45 410.45 421.94 433.43 444.91 456.4 467.89 479.38 479.38 479.38 476.16 472.95 469.74 466.53 463.31 460.1 460.1 460.1 454.24 448.38 442.51 436.65 430.79 424.93 424.93 424.93 422.03 419.13 416.23 413.33 410.43 407.53 407.53 407.53 396.81 386.1 375.39 364.68 353.96 343.25 343.25 343.25 343.45 343.65 343.85 344.05 344.25 344.45 344.45 344.45 344.23 344.0 343.78 343.55 343.33 343.1 343.1 343.1 351.28 359.45 367.63 375.8 383.98 392.15 392.15 392.15 397.54 402.93 408.31 413.7 419.09 424.48 424.48 424.48 425.35 426.23 427.1 427.98 428.85 429.73 429.73 429.73 401.58 373.43 345.28 317.13 288.98 260.83 260.83 260.83 246.53 232.23 217.93 203.63 189.33 175.03 175.03 175.03 210.05 245.08 280.1 315.13 350.15 385.18 385.18 385.18 338.96 292.75 246.54 200.33 154.11 107.9 107.9 107.9 163.9 219.9 275.9 331.9 387.9 443.9 443.9 443.9 446.03 448.15 450.28 452.4 454.53 456.65 456.65 456.65 402.55 348.45 294.35 240.25 186.15 132.05 132.05 132.05 180.06 228.08 276.09 324.1 372.11 420.13 420.13 420.13 418.96 417.8 416.64 415.48 414.31 413.15 413.15 413.15 395.4 377.65 359.9 342.15 324.4 306.65 306.65 306.65 364.51 422.38 480.24 538.1 595.96 653.83 653.83 653.83 652.55 651.28 650.0 648.73 647.45 646.18 646.18 646.18 593.19 540.2 487.21
crearDespacho --fija
3200.0
configurarSolver --Gurobi
resolver --noConstante ejecuciones/bancos/recombinados/v1/directo/simple/v1_simple_000464.csv
finalizar
