inicializar --t 360
agregarAgente --RioNegro
24.1 23.4 22.7 22.7 22.7 22.03 21.37 20.7 20.03 19.37 18.7 18.7 18.7 18.02 17.33 16.65 15.97 15.28 14.6 14.6 14.6 13.92 13.23 12.55 11.87 11.18 10.5 10.5 10.5 9.82 9.13 8.45 7.77 7.08 6.4 6.4 6.4 5.72 5.03 4.35 3.67 2.98 2.3 2.3 2.3 1.92 1.53 1.15 0.77 0.38 0 0 0 0 0 0 0 0 0 0 0 0 0 0 0 0 0 0 0 0 0 0 0 0 0 0 0 0 0 0 0 0 0 0 0 0 0 0 0 0 0 0 0 0 0 0 0 0 0 0 0 0 0 0 0 0 0 0 0 0 0 0 0 0 0 0 0 0.6 1.2 1.8 2.4 3.0 3.6 3.6 3.6 4.55 5.5 6.45 7.4 8.35 9.3 9.3 9.3 10.35 11.4 12.45 13.5 14.55 15.6 15.6 15.6 16.62 17.63 18.65 19.67 20.68 21.7 21.7 21.7 22.68 23.67 24.65 25.63 26.62 27.6 27.6 27.6 28.67 29.73 30.8 31.87 32.93 34.0 34.0 34.0 34.93 35.87 36.8 37.73 38.67 39.6 39.6 39.6 40.67 41.73 42.8 43.87 44.93 46.0 46.0 46.0 46.98 47.97 48.95 49.93 50.92 51.9 51.9 51.9 52.92 53.93 54.95 55.97 56.98 58.0 58.0 58.0 59.05 60.1 61.15 62.2 63.25 64.3 64.3 64.3 65.25 66.2 67.15 68.1 69.05 70.0 70.0 70.0 70.6 71.2 71.8 72.4 73.0 73.6 73.6 73.6 73.6 73.6 73.6 73.6 73.6 73.6 73.6 73.6 73.6 73.6 73.6 73.6 73.6 73.6 73.6 73.6 73.6 73.6 73.6 73.6 73.6 73.6 73.6 73.6 73.6 73.6 73.6 73.6 73.6 73.6 73.6 73.6 73.6 73.6 73.6 73.6 73.6 73.6 73.6 73.6 73.6 73.6 73.6 73.6 73.6 73.6 73.6 73.6 73.6 73.6 73.6 73.6 73.6 73.6 73.6 73.6 73.6 73.6 73.6 73.6 73.6 73.6 73.6 73.6 73.47 73.33 73.2 73.07 72.93 72.8 72.8 72.8 72.53 72.27 72.0 71.73 71.47 71.2 71.2 71.2 70.93 70.67 70.4 70.13 69.87 69.6 69.6 69.6 69.33 69.07 68.8 68.53 68.27 68.0 68.0 68.0 67.73 67.47 67.2 66.93 66.67 66.4 66.4 66.4 66.13 65.87 65.6 65.33 65.07 64.8 64.8 64.8 64.53 64.27 64.0 63.73 63.47 63.2 63.2 63.2 62.93 62.67 62.4 62.13 61.87 61.6 61.6 61.6 61.33 61.07 60.8 60.53 60.27 60.0 60.0 60.0 59.73 59.47 59.2
0.47 0.43 0.4 0.4 0.4 0.4 0.4 0.4 0.4 0.4 0.4 0.4 0.4 0.4 0.4 0.4 0.4 0.4 0.4 0.4 0.4 0.4 0.4 0.4 0.4 0.4 0.4 0.4 0.4 0.37 0.33 0.3 0.27 0.23 0.2 0.2 0.2 0.2 0.2 0.2 0.2 0.2 0.2 0.2 0.2 0.2 0.2 0.2 0.2 0.2 0.2 0.2 0.2 0.2 0.2 0.2 0.2 0.2 0.2 0.2 0.2 0.2 0.2 0.2 0.2 0.2 0.2 0.2 0.2 0.2 0.2 0.2 0.2 0.2 0.2 0.2 0.2 0.2 0.2 0.2 0.2 0.2 0.2 0.2 0.2 0.2 0.2 0.2 0.2 0.2 0.2 0.2 0.2 0.2 0.2 0.2 0.2 0.2 0.2 0.2 0.2 0.2 0.2 0.2 0.2 0.2 0.2 0.2 0.2 0.2 0.2 0.2 0.2 0.2 0.2 0.2 0.2 0.2 0.2 0.2 0.2 0.2 0.2 0.2 0.2 0.2 0.2 0.2 0.2 0.2 0.2 0.2 0.2 0.2 0.2 0.2 0.2 0.2 0.2 0.2 0.2 0.2 0.2 0.2 0.2 0.2 0.2 0.2 0.2 0.2 0.2 0.2 0.2 0.2 0.2 0.2 0.2 0.2 0.2 0.2 0.2 0.2 0.2 0.2 0.2 0.17 0.13 0.1 0.07 0.03 0 0 0 0 0 0 0 0 0 0 0 0 0 0 0 0 0 0 0 0 0 0 0 0 0 0 0 0 0 0 0 0 0 0 0 0 0 0 0 0 0 0 0 0 0 0 0 0 0 0 0 0 0 0 0 0 0 0 0 0 0 0 0 0 0 0 0 0 0 0 0 0 0 0 0 0 0 0 0 0 0 0 0 0 0 0 0 0 0 0 0 0 0 0 0 0 0 0 0 0 0 0 0 0 0 0 0 0 0 0 0 0 0 0 0 0.13 0.27 0.4 0.53 0.67 0.8 0.8 0.8 1.04 1.28 1.51 1.75 1.99 2.23 2.23 2.23 2.46 2.7 2.94 3.18 3.41 3.65 3.65 3.65 3.88 4.12 4.35 4.58 4.82 5.05 5.05 5.05 5.29 5.53 5.76 6.0 6.24 6.48 6.48 6.48 6.71 6.95 7.19 7.43 7.66 7.9 7.9 7.9 8.13 8.37 8.6 8.83 9.07 9.3 9.3 9.3 9.54 9.78 10.01 10.25 10.49 10.73 10.73 10.73 10.96 11.2 11.44 11.68 11.91 12.15 12.15 12.15 12.38 12.62 12.85
9.92 9.68 9.45 9.45 9.45 9.23 9.01 8.79 8.58 8.36 8.14 8.14 8.14 7.92 7.7 7.48 7.26 7.04 6.82 6.82 6.82 6.61 6.39 6.17 5.95 5.73 5.51 5.51 5.51 5.29 5.07 4.86 4.64 4.42 4.2 4.2 4.2 3.97 3.73 3.5 3.27 3.03 2.8 2.8 2.8 2.68 2.57 2.45 2.33 2.22 2.1 2.1 2.1 2.1 2.1 2.1 2.1 2.1 2.1 2.1 2.1 2.1 2.1 2.1 2.1 2.1 2.1 2.1 2.1 2.1 2.1 2.1 2.1 2.1 2.1 2.1 2.1 2.1 2.1 2.1 2.1 2.1 2.1 2.1 2.1 2.1 2.1 2.1 2.1 2.1 2.1 2.1 2.1 2.1 2.1 2.1 2.1 2.1 2.1 2.1 2.1 2.1 2.1 2.1 2.1 2.1 2.1 2.1 2.1 2.1 2.1 2.1 2.1 2.1 2.1 2.1 2.1 2.17 2.25 2.32 2.39 2.46 2.54 2.54 2.54 2.68 2.83 2.97 3.12 3.27 3.41 3.41 3.41 3.57 3.73 3.89 4.05 4.21 4.38 4.38 4.38 4.51 4.64 4.77 4.9 5.03 5.16 5.16 5.16 5.31 5.45 5.6 5.75 5.89 6.04 6.04 6.04 6.17 6.3 6.43 6.56 6.69 6.82 6.82 6.82 7.0 7.18 7.35 7.52 7.7 7.87 7.87 7.87 8.01 8.14 8.27 8.4 8.53 8.66 8.66 8.66 8.81 8.95 9.1 9.25 9.39 9.54 9.54 9.54 9.67 9.8 9.93 10.06 10.19 10.33 10.33 10.33 10.49 10.65 10.81 10.97 11.13 11.29 11.29 11.29 11.43 11.58 11.73 11.87 12.02 12.16 12.16 12.16 12.24 12.31 12.38 12.45 12.53 12.6 12.6 12.6 12.6 12.6 12.6 12.6 12.6 12.6 12.6 12.6 12.6 12.6 12.6 12.6 12.6 12.6 12.6 12.6 12.6 12.6 12.6 12.6 12.6 12.6 12.6 12.6 12.6 12.6 12.6 12.6 12.6 12.6 12.6 12.6 12.6 12.6 12.6 12.6 12.6 12.6 12.6 12.6 12.6 12.6 12.6 12.6 12.6 12.6 12.6 12.6 12.6 12.6 12.6 12.6 12.6 12.6 12.6 12.6 12.6 12.6 12.6 12.6 12.6 12.6 12.6 12.6 12.67 12.75 12.82 12.89 12.96 13.04 13.04 13.04 13.2 13.36 13.52 13.68 13.84 14.0 14.0 14.0 14.16 14.32 14.48 14.64 14.8 14.96 14.96 14.96 15.11 15.25 15.4 15.55 15.69 15.84 15.84 15.84 16.0 16.16 16.32 16.48 16.64 16.8 16.8 16.8 16.96 17.12 17.28 17.44 17.6 17.76 17.76 17.76 17.91 18.05 18.2 18.35 18.49 18.64 18.64 18.64 18.8 18.96 19.12 19.28 19.44 19.6 19.6 19.6 19.76 19.92 20.08 20.24 20.4 20.56 20.56 20.56 20.71 20.85 21.0
3867408628.0
1307088570.0
0.00326
0.00633
agregarAgente --DemandaFija
97.82 74.76 51.7 51.7 51.7 94.03 136.37 178.7 221.03 263.37 305.7 305.7 305.7 289.75 273.8 257.85 241.9 225.95 210.0 210.0 210.0 184.61 159.22 133.83 108.43 83.04 57.65 57.65 57.65 100.53 143.42 186.3 229.18 272.07 314.95 314.95 314.95 305.8 296.65 287.5 278.35 269.2 260.05 260.05 260.05 234.21 208.37 182.53 156.68 130.84 105.0 105.0 105.0 148.26 191.52 234.78 278.03 321.29 364.55 364.55 364.55 353.22 341.88 330.55 319.22 307.88 296.55 296.55 296.55 265.94 235.33 204.73 174.12 143.51 112.9 112.9 112.9 146.38 179.85 213.33 246.8 280.28 313.75 313.75 313.75 326.87 339.98 353.1 366.22 379.33 392.45 392.45 392.45 362.48 332.5 302.53 272.55 242.58 212.6 212.6 212.6 261.62 310.63 359.65 408.67 457.68 506.7 506.7 506.7 499.43 492.15 484.88 477.6 470.33 463.05 463.05 463.05 453.33 443.6 433.88 424.15 414.43 404.7 404.7 404.7 405.46 406.22 406.98 407.73 408.49 409.25 409.25 409.25 397.38 385.5 373.63 361.75 349.88 338.0 338.0 338.0 324.32 310.63 296.95 283.27 269.58 255.9 255.9 255.9 236.7 217.5 198.3 179.1 159.9 140.7 140.7 140.7 142.69 144.68 146.68 148.67 150.66 152.65 152.65 152.65 156.02 159.38 162.75 166.12 169.48 172.85 172.85 172.85 203.61 234.37 265.13 295.88 326.64 357.4 357.4 357.4 360.83 364.27 367.7 371.13 374.57 378.0 378.0 378.0 360.5 343.0 325.5 308.0 290.5 273.0 273.0 273.0 296.72 320.45 344.18 367.9 391.63 415.35 415.35 415.35 400.39 385.43 370.48 355.52 340.56 325.6 325.6 325.6 313.32 301.03 288.75 276.47 264.18 251.9 251.9 251.9 268.61 285.32 302.03 318.73 335.44 352.15 352.15 352.15 327.05 301.95 276.85 251.75 226.65 201.55 201.55 201.55 198.07 194.58 191.1 187.62 184.13 180.65 180.65 180.65 195.11 209.57 224.03 238.48 252.94 267.4 267.4 267.4 252.43 237.45 222.48 207.5 192.53 177.55 177.55 177.55 176.35 175.15 173.95 172.75 171.55 170.35 170.35 170.35 212.15 253.95 295.75 337.55 379.35 421.15 421.15 421.15 397.03 372.9 348.78 324.65 300.53 276.4 276.4 276.4 258.83 241.27 223.7 206.13 188.57 171.0 171.0 171.0 217.41 263.82 310.23 356.63 403.04 449.45 449.45 449.45 429.41 409.37 389.33 369.28 349.24 329.2 329.2 329.2 314.81 300.42 286.03 271.63 257.24 242.85 242.85 242.85 272.71 302.57 332.43 362.28 392.14 422.0 422.0 422.0 412.53 403.05 393.58 384.1 374.63 365.15 365.15 365.15 348.46 331.77 315.08 298.38 281.69 265.0 265.0 265.0 307.11 349.22 391.33 433.43 475.54 517.65 517.65 517.65 505.81 493.97 482.13 470.28 458.44 446.6 446.6 446.6 427.71 408.82 389.93
crearDespacho --fija
1600.0
configurarSolver --Gurobi
resolver --noConstante ejecuciones/bancos/recombinados/v1/directo/simple/v1_simple_000305.csv
finalizar
