inicializar --t 360
agregarAgente --SaltoGrande
0.002103
1807461596.0
4016.0 4013.0 4010.0 4008.0 4015.0 4025.0 4034.0 4044.0 4054.0 4064.0 4073.0 4083.0 4103.0 4113.0 4122.0 4132.0 4142.0 4152.0 4161.0 4171.0 4191.0 4201.0 4210.0 4220.0 4230.0 4240.0 4249.0 4259.0 4285.0 4302.0 4318.0 4334.0 4350.0 4367.0 4383.0 4399.0 4432.0 4448.0 4464.0 4480.0 4497.0 4513.0 4529.0 4545.0 4578.0 4594.0 4610.0 4627.0 4643.0 4659.0 4675.0 4692.0 4689.0 4671.0 4652.0 4634.0 4615.0 4597.0 4578.0 4560.0 4523.0 4504.0 4486.0 4467.0 4449.0 4430.0 4412.0 4393.0 4356.0 4338.0 4319.0 4301.0 4282.0 4264.0 4245.0 4227.0 4220.0 4231.0 4243.0 4255.0 4267.0 4278.0 4290.0 4302.0 4325.0 4337.0 4348.0 4360.0 4372.0 4384.0 4395.0 4407.0 4430.0 4442.0 4454.0 4465.0 4477.0 4489.0 4501.0 4512.0 4575.0 4626.0 4677.0 4727.0 4778.0 4829.0 4880.0 4931.0 5033.0 5083.0 5134.0 5185.0 5236.0 5287.0 5338.0 5388.0 5490.0 5541.0 5592.0 5643.0 5694.0 5744.0 5795.0 5846.0 5965.0 6032.0 6100.0 6168.0 6236.0 6303.0 6371.0 6439.0 6574.0 6642.0 6709.0 6777.0 6845.0 6913.0 6980.0 7048.0 7183.0 7251.0 7319.0 7386.0 7454.0 7522.0 7590.0 7657.0 7768.0 7810.0 7853.0 7896.0 7938.0 7981.0 8024.0 8066.0 8152.0 8194.0 8237.0 8280.0 8322.0 8365.0 8408.0 8450.0 8536.0 8578.0 8621.0 8664.0 8706.0 8749.0 8792.0 8834.0 8923.0 8970.0 9016.0 9063.0 9109.0 9156.0 9202.0 9249.0 9342.0 9388.0 9435.0 9481.0 9528.0 9574.0 9621.0 9667.0 9760.0 9807.0 9853.0 9900.0 9946.0 9993.0 10039.0 10086.0 10184.0 10236.0 10289.0 10341.0 10393.0 10445.0 10498.0 10550.0 10654.0 10706.0 10759.0 10811.0 10863.0 10915.0 10968.0 11020.0 11124.0 11176.0 11229.0 11281.0 11333.0 11385.0 11438.0 11490.0 11584.0 11625.0 11667.0 11709.0 11751.0 11792.0 11834.0 11876.0 11959.0 12001.0 12042.0 12084.0 12126.0 12168.0 12209.0 12251.0 12334.0 12376.0 12418.0 12459.0 12501.0 12543.0 12585.0 12626.0 12720.0 12773.0 12825.0 12878.0 12930.0 12983.0 13035.0 13088.0 13193.0 13245.0 13298.0 13350.0 13403.0 13455.0 13508.0 13560.0 13665.0 13718.0 13770.0 13823.0 13875.0 13928.0 13980.0 14033.0 14115.0 14145.0 14175.0 14205.0 14235.0 14265.0 14295.0 14325.0 14385.0 14415.0 14445.0 14475.0 14504.0 14534.0 14564.0 14594.0 14654.0 14684.0 14714.0 14744.0 14774.0 14804.0 14834.0 14864.0 14896.0 14898.0 14900.0 14902.0 14904.0 14906.0 14909.0 14911.0 14915.0 14917.0 14919.0 14921.0 14923.0 14925.0 14927.0 14929.0 14933.0 14935.0 14938.0 14940.0 14942.0 14944.0 14946.0 14948.0 14935.0 14919.0 14904.0 14888.0 14873.0 14857.0 14842.0 14826.0 14795.0 14780.0 14764.0 14749.0 14733.0 14718.0 14702.0 14687.0 14656.0 14640.0 14625.0 14609.0 14594.0 14578.0 14563.0 14547.0 14507.0 14482.0 14457.0 14432.0 14407.0 14382.0 14357.0 14332.0 14282.0 14257.0 14232.0 14207.0 14183.0 14158.0 14133.0 14108.0 14058.0 14033.0 14008.0 13983.0
agregarAgente --UnidadTermicaSimple
200.0
100.0
agregarAgente --DemandaFija
291.9 279.3 265.8 255.9 240.6 235.2 229.8 224.4 218.1 211.8 206.4 202.8 211.8 222.6 234.3 246.0 257.7 267.6 280.2 291.0 295.5 295.5 294.6 293.7 293.7 292.8 291.9 284.7 291.9 308.1 325.2 341.4 357.6 374.7 391.8 405.3 419.7 412.5 407.1 400.8 394.5 389.1 381.9 381.9 378.3 373.8 369.3 365.7 361.2 357.6 353.1 348.6 356.7 364.8 372.9 381.9 390.9 399.0 408.0 419.7 431.4 433.2 435.0 435.9 437.7 438.6 440.4 440.4 441.3 441.3 442.2 441.3 441.3 440.4 440.4 440.4 444.0 447.6 450.3 453.0 456.6 459.3 462.0 464.7 464.7 463.8 463.8 462.9 462.9 462.9 462.0 457.5 454.8 453.9 453.0 452.1 452.1 451.2 451.2 451.2 453.9 466.5 479.1 491.7 504.3 517.8 531.3 533.1 535.8 549.3 563.7 576.3 589.8 603.3 616.8 616.8 606.0 579.0 551.1 524.1 496.2 468.3 440.4 428.7 416.1 408.0 399.9 390.9 384.6 375.6 367.5 365.7 369.3 396.3 423.3 450.3 477.3 504.3 530.4 536.7 538.5 515.1 490.8 466.5 443.1 418.8 394.5 391.8 385.5 390.0 395.4 401.7 406.2 411.6 416.1 415.2 419.7 438.6 457.5 475.5 494.4 512.4 531.3 538.5 540.3 528.6 516.0 502.5 491.7 479.1 467.4 462.9 457.5 443.1 428.7 414.3 400.8 386.4 372.9 372.0 381.0 412.5 444.0 475.5 507.0 538.5 570.0 579.0 589.8 578.1 568.2 556.5 545.7 534.0 525.0 525.9 536.7 552.0 567.3 581.7 597.0 611.4 625.8 635.7 645.6 634.8 624.0 612.3 601.5 588.9 578.1 579.0 579.9 575.4 570.9 568.2 562.8 558.3 553.8 554.7 559.2 563.7 567.3 570.9 574.5 578.1 582.6 586.2 590.7 598.8 606.9 614.1 621.3 628.5 637.5 638.4 636.6 625.8 616.8 606.9 597.9 587.1 578.1 574.5 576.3 583.5 590.7 597.9 605.1 612.3 619.5 624.0 629.4 635.7 643.8 650.1 657.3 662.7 669.9 671.7 669.9 657.3 646.5 635.7 624.0 612.3 600.6 597.9 597.9 603.3 609.6 614.1 619.5 624.0 629.4 633.0 635.7 638.4 641.1 643.8 646.5 649.2 651.9 651.9 650.1 644.7 638.4 631.2 624.9 619.5 612.3 611.4 611.4 615.9 621.3 626.7 631.2 636.6 642.0 643.8 644.7 643.8 642.0 641.1 639.3 638.4 636.6 636.6 633.9 628.5 624.0 619.5 613.2 608.7 603.3 601.5 597.9 597.0 595.2 595.2 594.3 592.5 592.5 591.6 589.8 593.4 597.9 601.5 605.1 607.8 611.4 611.4 597.0 578.1 560.1 541.2 523.2 504.3 485.4 471.0 454.8 453.9 453.0 452.1 451.2 449.4 449.4 447.6 452.1 458.4 465.6 471.9 478.2 484.5 491.7 497.1 494.4 488.1 482.7 476.4
crearDespacho --mercado --conDemandaTotal
4
0.02 0.07 0.145 1.0
370.0 600.0 2400.0 4000.0
405.51 388.01 369.26 355.5 334.25 326.75 319.24 311.74 302.99 294.24 286.74 281.73 294.24 309.24 325.49 341.75 358.0 371.76 389.26 404.26 410.52 410.52 409.27 408.01 408.01 406.76 405.51 395.51 405.51 428.02 451.78 474.28 496.79 520.54 544.3 563.05 583.06 573.05 565.55 556.8 548.05 540.55 530.54 530.54 525.54 519.29 513.04 508.04 501.79 496.79 490.53 484.28 495.54 506.79 518.04 530.54 543.05 554.3 566.8 583.06 599.31 601.81 604.31 605.56 608.06 609.31 611.81 611.81 613.06 613.06 614.31 613.06 613.06 611.81 611.81 611.81 616.81 621.82 625.57 629.32 634.32 638.07 641.82 645.57 645.57 644.32 644.32 643.07 643.07 643.07 641.82 635.57 631.82 630.57 629.32 628.07 628.07 626.82 626.82 626.82 630.57 648.07 665.58 683.08 700.59 719.34 738.09 740.59 744.35 763.1 783.1 800.61 819.36 838.12 856.87 856.87 841.87 804.36 765.6 728.09 689.33 650.57 611.81 595.56 578.06 566.8 555.55 543.05 534.3 521.79 510.54 508.04 513.04 550.55 588.06 625.57 663.08 700.59 736.84 745.6 748.1 715.59 681.83 648.07 615.56 581.81 548.05 544.3 535.55 541.8 549.3 558.05 564.3 571.8 578.06 576.81 583.06 609.31 635.57 660.58 686.83 711.84 738.09 748.1 750.6 734.34 716.84 698.08 683.08 665.58 649.32 643.07 635.57 615.56 595.56 575.56 556.8 536.8 518.04 516.79 529.29 573.05 616.81 660.58 704.34 748.1 791.86 804.36 819.36 803.11 789.36 773.1 758.1 741.85 729.34 730.59 745.6 766.85 788.11 808.11 829.37 849.37 869.38 883.13 896.88 881.88 866.88 850.62 835.62 818.11 803.11 804.36 805.61 799.36 793.11 789.36 781.85 775.6 769.35 770.6 776.85 783.1 788.11 793.11 798.11 803.11 809.36 814.36 820.61 831.87 843.12 853.12 863.12 873.13 885.63 886.88 884.38 869.38 856.87 843.12 830.62 815.61 803.11 798.11 800.61 810.61 820.61 830.62 840.62 850.62 860.62 866.88 874.38 883.13 894.38 903.13 913.14 920.64 930.64 933.14 930.64 913.14 898.13 883.13 866.88 850.62 834.37 830.62 830.62 838.12 846.87 853.12 860.62 866.88 874.38 879.38 883.13 886.88 890.63 894.38 898.13 901.88 905.63 905.63 903.13 895.63 886.88 876.88 868.13 860.62 850.62 849.37 849.37 855.62 863.12 870.63 876.88 884.38 891.88 894.38 895.63 894.38 891.88 890.63 888.13 886.88 884.38 884.38 880.63 873.13 866.88 860.62 851.87 845.62 838.12 835.62 830.62 829.37 826.87 826.87 825.62 823.11 823.11 821.86 819.36 824.36 830.62 835.62 840.62 844.37 849.37 849.37 829.37 803.11 778.1 751.85 726.84 700.59 674.33 654.32 631.82 630.57 629.32 628.07 626.82 624.32 624.32 621.82 628.07 636.82 646.82 655.57 664.33 673.08 683.08 690.58 686.83 678.08 670.58 661.83
configurarSolver --Gurobi
resolver --noConstante ejecuciones/bancos/recombinados/v1/directo/sgtm/v1_sgtm_000012.csv
finalizar
