inicializar --t 360
agregarAgente --SaltoGrande
0.001841
2309268442.0
2861.0 2866.0 2871.0 2876.0 2885.0 2889.0 2893.0 2897.0 2902.0 2906.0 2910.0 2914.0 2922.0 2926.0 2930.0 2934.0 2939.0 2943.0 2947.0 2951.0 2959.0 2963.0 2967.0 2971.0 2976.0 2980.0 2984.0 2988.0 2984.0 2977.0 2969.0 2961.0 2954.0 2946.0 2938.0 2931.0 2915.0 2908.0 2900.0 2892.0 2885.0 2877.0 2869.0 2862.0 2846.0 2839.0 2831.0 2823.0 2816.0 2808.0 2800.0 2793.0 2778.0 2771.0 2764.0 2758.0 2751.0 2744.0 2737.0 2730.0 2716.0 2710.0 2703.0 2696.0 2689.0 2682.0 2675.0 2669.0 2655.0 2648.0 2641.0 2634.0 2627.0 2621.0 2614.0 2607.0 2590.0 2581.0 2571.0 2561.0 2552.0 2542.0 2533.0 2523.0 2504.0 2494.0 2484.0 2475.0 2465.0 2456.0 2446.0 2436.0 2417.0 2407.0 2398.0 2388.0 2379.0 2369.0 2359.0 2350.0 2338.0 2336.0 2334.0 2332.0 2330.0 2328.0 2326.0 2324.0 2320.0 2318.0 2316.0 2314.0 2312.0 2310.0 2308.0 2306.0 2302.0 2300.0 2298.0 2296.0 2294.0 2292.0 2290.0 2288.0 2280.0 2274.0 2268.0 2261.0 2255.0 2249.0 2243.0 2237.0 2225.0 2218.0 2212.0 2206.0 2200.0 2194.0 2188.0 2181.0 2169.0 2163.0 2157.0 2151.0 2145.0 2138.0 2132.0 2126.0 2119.0 2118.0 2117.0 2116.0 2115.0 2114.0 2114.0 2113.0 2111.0 2110.0 2109.0 2108.0 2107.0 2106.0 2105.0 2104.0 2102.0 2101.0 2101.0 2100.0 2099.0 2098.0 2097.0 2096.0 2089.0 2083.0 2077.0 2072.0 2066.0 2060.0 2054.0 2048.0 2036.0 2031.0 2025.0 2019.0 2013.0 2007.0 2001.0 1996.0 1984.0 1978.0 1972.0 1966.0 1960.0 1955.0 1949.0 1943.0 1932.0 1927.0 1922.0 1917.0 1912.0 1907.0 1901.0 1896.0 1886.0 1881.0 1876.0 1871.0 1866.0 1861.0 1856.0 1851.0 1841.0 1836.0 1830.0 1825.0 1820.0 1815.0 1810.0 1805.0 1787.0 1774.0 1761.0 1748.0 1735.0 1722.0 1710.0 1697.0 1671.0 1658.0 1645.0 1632.0 1619.0 1606.0 1593.0 1580.0 1554.0 1541.0 1529.0 1516.0 1503.0 1490.0 1477.0 1464.0 1448.0 1445.0 1442.0 1439.0 1436.0 1433.0 1430.0 1427.0 1421.0 1418.0 1415.0 1412.0 1410.0 1407.0 1404.0 1401.0 1395.0 1392.0 1389.0 1386.0 1383.0 1380.0 1377.0 1374.0 1361.0 1351.0 1341.0 1331.0 1322.0 1312.0 1302.0 1292.0 1272.0 1262.0 1252.0 1242.0 1233.0 1223.0 1213.0 1203.0 1183.0 1173.0 1163.0 1153.0 1144.0 1134.0 1124.0 1114.0 1100.0 1095.0 1091.0 1087.0 1083.0 1078.0 1074.0 1070.0 1061.0 1057.0 1053.0 1049.0 1044.0 1040.0 1036.0 1032.0 1023.0 1019.0 1015.0 1010.0 1006.0 1002.0 998.0 993.0 989.0 988.0 988.0 988.0 987.0 987.0 986.0 986.0 985.0 985.0 985.0 984.0 984.0 983.0 983.0 983.0 982.0 982.0 981.0 981.0 980.0 980.0 980.0 979.0 981.0 982.0 984.0 986.0 987.0 989.0 991.0 992.0 996.0 997.0 999.0 1001.0 1002.0 1004.0 1006.0 1007.0 1011.0 1012.0 1014.0 1016.0
agregarAgente --UnidadTermicaSimple
200.0
100.0
agregarAgente --DemandaFija
514.8 505.8 495.6 493.2 489.6 497.4 504.6 512.4 519.6 527.4 534.0 534.0 540.6 547.2 553.8 560.4 567.0 573.6 580.8 586.8 586.2 559.8 533.4 507.0 480.6 454.8 428.4 421.8 417.6 439.2 460.8 481.8 503.4 525.0 546.6 549.0 556.2 561.0 567.0 573.0 579.0 584.4 590.4 595.8 592.8 565.8 538.8 512.4 485.4 458.4 432.0 423.6 416.4 433.8 451.8 469.8 487.2 505.2 523.2 525.0 532.8 542.4 552.6 562.2 571.2 581.4 591.0 597.6 600.0 576.0 550.8 526.8 502.2 477.0 453.0 448.8 441.0 456.0 471.0 486.0 501.0 514.8 530.4 526.8 526.8 529.8 532.8 536.4 539.4 542.4 545.4 548.4 548.4 524.4 499.2 474.6 450.0 425.4 400.2 397.2 396.0 412.2 428.4 444.0 460.2 476.4 492.0 494.4 504.6 513.0 522.0 530.4 538.8 547.8 556.2 563.4 561.0 535.8 510.0 485.4 459.6 434.4 409.2 399.6 393.6 408.6 423.6 439.2 454.2 469.8 484.8 487.8 498.6 517.8 537.0 556.2 574.8 594.6 613.2 621.0 619.8 594.0 568.2 541.8 515.4 489.0 463.2 455.4 448.2 462.0 475.8 489.0 502.8 516.6 531.0 531.0 537.0 540.6 545.4 549.0 553.2 557.4 561.6 566.4 562.2 534.6 507.0 479.4 452.4 425.4 397.8 389.4 384.6 390.0 395.4 399.6 405.0 410.4 415.8 419.4 427.2 433.8 439.8 446.4 452.4 459.0 465.0 468.6 465.0 448.2 431.4 414.6 398.4 381.6 364.2 357.0 350.4 366.0 381.0 396.0 411.6 426.6 441.6 443.4 448.8 453.6 459.0 463.2 468.6 473.4 478.8 482.4 481.8 457.2 433.2 408.6 384.6 360.0 335.4 330.6 325.2 342.0 358.8 375.0 391.8 408.6 424.8 424.8 427.2 430.8 434.4 438.0 442.2 446.4 450.0 452.4 450.6 427.2 404.4 381.6 358.2 335.4 312.6 308.4 303.0 320.4 337.8 355.8 373.8 391.2 409.2 408.0 410.4 415.2 421.2 427.2 432.6 438.6 444.0 448.2 449.4 420.0 391.2 363.0 334.8 306.0 277.2 274.8 271.8 283.8 295.8 307.8 319.8 331.8 344.4 344.4 345.6 350.4 356.4 361.2 366.6 372.0 378.0 378.6 379.2 346.2 315.0 282.6 250.2 218.4 185.4 184.8 184.8 194.4 202.8 211.8 220.2 229.8 238.2 239.4 241.8 263.4 283.8 304.2 325.2 345.6 366.6 367.8 367.8 336.0 304.2 273.0 240.6 208.8 177.0 175.8 177.0 216.6 256.8 297.6 337.2 377.4 418.2 420.6 431.4 444.6 457.8 470.4 484.2 496.8 510.0 518.4 517.8 481.2 444.6 408.6 372.0 336.0 299.4 290.4 286.2 312.0 339.0 365.4 391.8 418.8 445.2 450.0 459.0 462.6 466.2 470.4 474.6 477.6 481.8 486.0 481.8 444.0 407.4 369.6
crearDespacho --mercado --conDemandaTotal
4
0.02 0.07 0.145 1.0
370.0 600.0 2400.0 4000.0
1022.29 1004.42 984.17 979.4 972.25 987.74 1002.04 1017.53 1031.82 1047.31 1060.42 1060.42 1073.53 1086.63 1099.74 1112.85 1125.95 1139.06 1153.36 1165.27 1164.08 1111.65 1059.23 1006.8 954.38 903.14 850.72 837.61 829.27 872.17 915.06 956.76 999.65 1042.55 1085.44 1090.21 1104.51 1114.04 1125.95 1137.87 1149.78 1160.5 1172.42 1183.14 1177.19 1123.57 1069.95 1017.53 963.91 910.29 857.87 841.19 826.89 861.44 897.19 932.93 967.48 1003.23 1038.97 1042.55 1058.04 1077.1 1097.36 1116.42 1134.29 1154.55 1173.61 1186.72 1191.48 1143.82 1093.78 1046.12 997.27 947.23 899.57 891.23 875.74 905.53 935.31 965.1 994.89 1022.29 1053.27 1046.12 1046.12 1052.08 1058.04 1065.19 1071.14 1077.1 1083.06 1089.02 1089.02 1041.36 991.31 942.46 893.61 844.76 794.72 788.76 786.38 818.55 850.72 881.7 913.87 946.04 977.02 981.78 1002.04 1018.72 1036.59 1053.27 1069.95 1087.82 1104.51 1118.8 1114.04 1063.99 1012.76 963.91 912.68 862.63 812.59 793.53 781.61 811.4 841.19 872.17 901.95 932.93 962.72 968.68 990.12 1028.25 1066.38 1104.51 1141.44 1180.76 1217.7 1233.19 1230.8 1179.57 1128.33 1075.91 1023.48 971.06 919.83 904.34 890.04 917.44 944.85 971.06 998.46 1025.87 1054.46 1054.46 1066.38 1073.53 1083.06 1090.21 1098.55 1106.89 1115.23 1124.76 1116.42 1061.61 1006.8 952.0 898.38 844.76 789.95 773.27 763.74 774.46 785.19 793.53 804.25 814.97 825.7 832.85 848.34 861.44 873.36 886.46 898.38 911.48 923.4 930.55 923.4 890.04 856.68 823.31 791.14 757.78 723.23 708.93 695.83 726.8 756.59 786.38 817.36 847.14 876.93 880.51 891.23 900.76 911.48 919.83 930.55 940.08 950.8 957.95 956.76 907.91 860.25 811.4 763.74 714.89 666.04 656.51 645.78 679.15 712.51 744.68 778.04 811.4 843.57 843.57 848.34 855.49 862.63 869.78 878.12 886.46 893.61 898.38 894.8 848.34 803.06 757.78 711.32 666.04 620.76 612.42 601.7 636.25 670.81 706.55 742.29 776.85 812.59 810.21 814.97 824.51 836.42 848.34 859.06 870.97 881.7 890.04 892.42 834.04 776.85 720.85 664.85 607.66 550.47 545.7 539.74 563.57 587.4 611.23 635.06 658.89 683.91 683.91 686.29 695.83 707.74 717.27 728.0 738.72 750.63 751.83 753.02 687.49 625.53 561.19 496.85 433.7 368.17 366.98 366.98 386.04 402.72 420.59 437.27 456.34 473.02 475.4 480.17 523.06 563.57 604.08 645.78 686.29 728.0 730.38 730.38 667.23 604.08 542.12 477.78 414.64 351.49 349.1 351.49 430.13 509.95 590.98 669.61 749.44 830.46 835.23 856.68 882.89 909.1 934.12 961.53 986.55 1012.76 1029.44 1028.25 955.57 882.89 811.4 738.72 667.23 594.55 576.68 568.34 619.57 673.19 725.61 778.04 831.66 884.08 893.61 911.48 918.63 925.78 934.12 942.46 948.42 956.76 965.1 956.76 881.7 809.02 733.95
configurarSolver --Gurobi
resolver --noConstante ejecuciones/bancos/recombinados/v1/directo/sgtm/v1_sgtm_000302.csv
finalizar
