inicializar --t 360
agregarAgente --SaltoGrande
0.000511
2032464238.0
9542.0 9596.0 9651.0 9705.0 9773.0 9786.0 9799.0 9812.0 9826.0 9839.0 9852.0 9865.0 9891.0 9904.0 9917.0 9930.0 9944.0 9957.0 9970.0 9983.0 10009.0 10022.0 10035.0 10048.0 10062.0 10075.0 10088.0 10101.0 10110.0 10106.0 10102.0 10097.0 10093.0 10089.0 10085.0 10081.0 10073.0 10068.0 10064.0 10060.0 10056.0 10052.0 10048.0 10043.0 10035.0 10031.0 10027.0 10023.0 10019.0 10014.0 10010.0 10006.0 9993.0 9984.0 9975.0 9966.0 9957.0 9948.0 9939.0 9930.0 9912.0 9903.0 9894.0 9885.0 9876.0 9867.0 9858.0 9849.0 9831.0 9822.0 9813.0 9804.0 9795.0 9786.0 9777.0 9768.0 9705.0 9651.0 9596.0 9542.0 9488.0 9434.0 9380.0 9326.0 9217.0 9163.0 9109.0 9055.0 9000.0 8946.0 8892.0 8838.0 8729.0 8675.0 8621.0 8567.0 8513.0 8459.0 8404.0 8350.0 8257.0 8218.0 8179.0 8140.0 8101.0 8062.0 8023.0 7984.0 7906.0 7867.0 7828.0 7789.0 7751.0 7712.0 7673.0 7634.0 7556.0 7517.0 7478.0 7439.0 7400.0 7361.0 7322.0 7283.0 7210.0 7177.0 7143.0 7109.0 7075.0 7042.0 7008.0 6974.0 6907.0 6873.0 6839.0 6805.0 6772.0 6738.0 6704.0 6670.0 6603.0 6569.0 6535.0 6502.0 6468.0 6434.0 6400.0 6367.0 6302.0 6271.0 6240.0 6208.0 6177.0 6146.0 6115.0 6084.0 6022.0 5990.0 5959.0 5928.0 5897.0 5866.0 5835.0 5803.0 5741.0 5710.0 5679.0 5648.0 5617.0 5585.0 5554.0 5523.0 5481.0 5470.0 5459.0 5448.0 5437.0 5426.0 5415.0 5404.0 5382.0 5371.0 5360.0 5349.0 5339.0 5328.0 5317.0 5306.0 5284.0 5273.0 5262.0 5251.0 5240.0 5229.0 5218.0 5207.0 5196.0 5195.0 5195.0 5194.0 5194.0 5194.0 5193.0 5193.0 5192.0 5192.0 5191.0 5191.0 5190.0 5190.0 5189.0 5189.0 5188.0 5188.0 5187.0 5187.0 5187.0 5186.0 5186.0 5185.0 5187.0 5190.0 5192.0 5194.0 5197.0 5199.0 5201.0 5204.0 5208.0 5211.0 5213.0 5215.0 5218.0 5220.0 5222.0 5225.0 5229.0 5232.0 5234.0 5236.0 5239.0 5241.0 5243.0 5246.0 5252.0 5257.0 5261.0 5265.0 5269.0 5274.0 5278.0 5282.0 5291.0 5295.0 5299.0 5303.0 5308.0 5312.0 5316.0 5320.0 5329.0 5333.0 5337.0 5342.0 5346.0 5350.0 5354.0 5359.0 5354.0 5346.0 5337.0 5328.0 5319.0 5311.0 5302.0 5293.0 5276.0 5267.0 5259.0 5250.0 5241.0 5232.0 5224.0 5215.0 5198.0 5189.0 5180.0 5172.0 5163.0 5154.0 5145.0 5137.0 5126.0 5123.0 5121.0 5118.0 5116.0 5113.0 5111.0 5108.0 5103.0 5101.0 5098.0 5096.0 5093.0 5091.0 5088.0 5086.0 5081.0 5078.0 5076.0 5073.0 5071.0 5068.0 5066.0 5063.0 5058.0 5055.0 5052.0 5049.0 5047.0 5044.0 5041.0 5038.0 5032.0 5029.0 5026.0 5023.0 5021.0 5018.0 5015.0 5012.0 5006.0 5003.0 5000.0 4997.0 4995.0 4992.0 4989.0 4986.0 4984.0 4984.0 4985.0 4986.0 4986.0 4987.0 4987.0 4988.0 4989.0 4990.0 4991.0 4991.0 4992.0 4992.0 4993.0 4994.0 4995.0 4996.0 4996.0 4997.0
agregarAgente --UnidadTermicaSimple
200.0
100.0
agregarAgente --DemandaFija
253.2 164.1 74.1 74.1 74.1 102.0 128.1 155.1 182.1 208.2 236.1 236.1 236.1 252.3 268.5 283.8 300.0 316.2 331.5 331.5 331.5 316.2 300.0 283.8 267.6 251.4 236.1 236.1 236.1 301.8 368.4 435.0 501.6 567.3 634.8 634.8 634.8 631.2 628.5 625.8 622.2 619.5 616.8 616.8 616.8 611.4 606.9 602.4 597.9 593.4 588.9 588.9 588.9 616.8 645.6 674.4 702.3 732.0 760.8 760.8 760.8 750.0 739.2 728.4 717.6 705.9 696.0 696.0 696.0 702.3 709.5 715.8 722.1 728.4 734.7 734.7 734.7 760.8 787.8 814.8 841.8 868.8 895.8 895.8 895.8 883.2 870.6 857.1 844.5 831.9 818.4 818.4 818.4 772.5 726.6 678.9 633.0 586.2 539.4 539.4 539.4 465.6 390.0 315.3 241.5 165.9 92.1 92.1 92.1 93.9 95.7 97.5 99.3 102.0 103.8 103.8 103.8 94.8 84.9 75.9 66.9 57.9 48.9 48.9 48.9 72.3 96.6 120.0 143.4 166.8 190.2 190.2 190.2 275.7 362.1 447.6 534.0 620.4 705.9 705.9 705.9 655.5 605.1 553.8 503.4 453.0 402.6 402.6 402.6 393.6 384.6 375.6 366.6 357.6 348.6 348.6 348.6 369.3 390.0 411.6 432.3 453.0 474.6 474.6 474.6 443.1 411.6 381.0 350.4 318.0 287.4 287.4 287.4 293.7 300.0 306.3 312.6 318.9 325.2 325.2 325.2 353.1 379.2 405.3 432.3 458.4 486.3 486.3 486.3 489.0 491.7 494.4 497.1 499.8 502.5 502.5 502.5 526.8 550.2 574.5 599.7 623.1 647.4 647.4 647.4 633.0 617.7 603.3 588.9 572.7 558.3 558.3 558.3 516.0 474.6 431.4 389.1 347.7 304.5 304.5 304.5 308.1 311.7 314.4 318.0 321.6 324.3 324.3 324.3 356.7 389.1 420.6 452.1 484.5 516.0 516.0 516.0 506.1 497.1 487.2 478.2 468.3 458.4 458.4 458.4 520.5 582.6 645.6 707.7 769.8 831.9 831.9 831.9 862.5 893.1 923.7 955.2 984.9 1015.5 1015.5 1015.5 942.6 870.6 797.7 725.7 652.8 579.9 579.9 579.9 599.7 617.7 635.7 654.6 672.6 691.5 691.5 691.5 643.8 597.0 549.3 502.5 454.8 408.0 408.0 408.0 378.3 349.5 319.8 290.1 261.3 232.5 232.5 232.5 276.6 321.6 366.6 411.6 455.7 501.6 501.6 501.6 528.6 555.6 582.6 610.5 637.5 665.4 665.4 665.4 651.9 638.4 625.8 612.3 598.8 586.2 586.2 586.2 669.9 755.4 840.0 924.6 1009.2 1094.7 1094.7 1094.7 1065.0 1036.2 1007.4 978.6 949.8 921.0 921.0 921.0 782.4 644.7 507.0 369.3 231.6 93.9 93.9 93.9 169.5 246.9 322.5 399.9 476.4 552.9 552.9 552.9 552.0 551.1 550.2 549.3 548.4 547.5 547.5 547.5 561.9 577.2 593.4
crearDespacho --mercado --conDemandaTotal
4
0.02 0.07 0.145 1.0
370.0 600.0 2400.0 4000.0
339.92 220.3 99.48 99.48 99.48 136.94 171.97 208.22 244.47 279.51 316.96 316.96 316.96 338.71 360.46 381.0 402.75 424.5 445.04 445.04 445.04 424.5 402.75 381.0 359.25 337.51 316.96 316.96 316.96 405.17 494.58 583.99 673.4 761.6 852.22 852.22 852.22 847.39 843.76 840.14 835.3 831.68 828.06 828.06 828.06 820.81 814.76 808.72 802.68 796.64 790.6 790.6 790.6 828.06 866.72 905.38 942.84 982.71 1021.38 1021.38 1021.38 1006.88 992.38 977.88 963.38 947.67 934.38 934.38 934.38 942.84 952.51 960.96 969.42 977.88 986.34 986.34 986.34 1021.38 1057.62 1093.87 1130.12 1166.37 1202.61 1202.61 1202.61 1185.7 1168.78 1150.66 1133.74 1116.83 1098.7 1098.7 1098.7 1037.08 975.46 911.42 849.8 786.97 724.15 724.15 724.15 625.07 523.58 423.29 324.21 222.72 123.64 123.64 123.64 126.06 128.48 130.89 133.31 136.94 139.35 139.35 139.35 127.27 113.98 101.9 89.81 77.73 65.65 65.65 65.65 97.06 129.69 161.1 192.51 223.93 255.34 255.34 255.34 370.13 486.12 600.9 716.9 832.89 947.67 947.67 947.67 880.01 812.35 743.48 675.82 608.15 540.49 540.49 540.49 528.41 516.33 504.24 492.16 480.08 468.0 468.0 468.0 495.79 523.58 552.57 580.36 608.15 637.15 637.15 637.15 594.86 552.57 511.49 470.41 426.92 385.84 385.84 385.84 394.29 402.75 411.21 419.67 428.12 436.58 436.58 436.58 474.04 509.08 544.12 580.36 615.4 652.86 652.86 652.86 656.48 660.11 663.73 667.36 670.98 674.61 674.61 674.61 707.23 738.64 771.27 805.1 836.51 869.14 869.14 869.14 849.8 829.26 809.93 790.6 768.85 749.52 749.52 749.52 692.73 637.15 579.16 522.37 466.79 408.79 408.79 408.79 413.62 418.46 422.08 426.92 431.75 435.37 435.37 435.37 478.87 522.37 564.66 606.95 650.44 692.73 692.73 692.73 679.44 667.36 654.07 641.98 628.69 615.4 615.4 615.4 698.77 782.14 866.72 950.09 1033.46 1116.83 1116.83 1116.83 1157.91 1198.99 1240.07 1282.36 1322.23 1363.31 1363.31 1363.31 1265.44 1168.78 1070.91 974.25 876.39 778.52 778.52 778.52 805.1 829.26 853.43 878.8 902.97 928.34 928.34 928.34 864.3 801.47 737.44 674.61 610.57 547.74 547.74 547.74 507.87 469.2 429.33 389.46 350.8 312.13 312.13 312.13 371.34 431.75 492.16 552.57 611.78 673.4 673.4 673.4 709.65 745.89 782.14 819.6 855.85 893.3 893.3 893.3 875.18 857.05 840.14 822.01 803.89 786.97 786.97 786.97 899.34 1014.13 1127.7 1241.28 1354.85 1469.64 1469.64 1469.64 1429.76 1391.1 1352.44 1313.77 1275.11 1236.44 1236.44 1236.44 1050.37 865.51 680.65 495.79 310.92 126.06 126.06 126.06 227.55 331.46 432.96 536.87 639.57 742.27 742.27 742.27 741.06 739.85 738.64 737.44 736.23 735.02 735.02 735.02 754.35 774.89 796.64
configurarSolver --Gurobi
resolver --noConstante ejecuciones/bancos/recombinados/v1/directo/sgtm/v1_sgtm_000127.csv
finalizar
