inicializar --t 360
agregarAgente --SaltoGrande
0.000925
2625516646.0
2912.0 2908.0 2904.0 2901.0 2914.0 2931.0 2948.0 2964.0 2981.0 2998.0 3015.0 3032.0 3066.0 3082.0 3099.0 3116.0 3133.0 3150.0 3167.0 3183.0 3217.0 3234.0 3251.0 3268.0 3285.0 3301.0 3318.0 3335.0 3339.0 3326.0 3313.0 3300.0 3287.0 3274.0 3261.0 3248.0 3222.0 3209.0 3196.0 3183.0 3170.0 3157.0 3144.0 3131.0 3105.0 3092.0 3079.0 3066.0 3053.0 3040.0 3027.0 3014.0 2998.0 2994.0 2991.0 2987.0 2984.0 2980.0 2977.0 2973.0 2966.0 2963.0 2959.0 2956.0 2952.0 2949.0 2945.0 2942.0 2935.0 2931.0 2928.0 2924.0 2921.0 2917.0 2914.0 2910.0 2899.0 2891.0 2883.0 2875.0 2866.0 2858.0 2850.0 2842.0 2826.0 2818.0 2810.0 2802.0 2793.0 2785.0 2777.0 2769.0 2753.0 2745.0 2737.0 2729.0 2720.0 2712.0 2704.0 2696.0 2686.0 2684.0 2683.0 2681.0 2679.0 2677.0 2675.0 2673.0 2670.0 2668.0 2666.0 2664.0 2663.0 2661.0 2659.0 2657.0 2654.0 2652.0 2650.0 2648.0 2646.0 2644.0 2643.0 2641.0 2629.0 2620.0 2610.0 2601.0 2591.0 2582.0 2572.0 2563.0 2544.0 2534.0 2525.0 2515.0 2506.0 2496.0 2487.0 2477.0 2458.0 2449.0 2439.0 2430.0 2420.0 2411.0 2401.0 2392.0 2384.0 2386.0 2389.0 2391.0 2393.0 2395.0 2398.0 2400.0 2404.0 2406.0 2409.0 2411.0 2413.0 2415.0 2418.0 2420.0 2424.0 2426.0 2429.0 2431.0 2433.0 2435.0 2438.0 2440.0 2453.0 2464.0 2475.0 2486.0 2496.0 2507.0 2518.0 2529.0 2551.0 2562.0 2573.0 2584.0 2594.0 2605.0 2616.0 2627.0 2649.0 2660.0 2671.0 2682.0 2692.0 2703.0 2714.0 2725.0 2739.0 2742.0 2745.0 2748.0 2751.0 2754.0 2757.0 2760.0 2766.0 2769.0 2772.0 2775.0 2778.0 2781.0 2784.0 2787.0 2793.0 2796.0 2799.0 2802.0 2805.0 2808.0 2811.0 2814.0 2817.0 2818.0 2818.0 2818.0 2819.0 2819.0 2819.0 2820.0 2820.0 2821.0 2821.0 2821.0 2822.0 2822.0 2822.0 2823.0 2823.0 2824.0 2824.0 2824.0 2825.0 2825.0 2825.0 2826.0 2821.0 2817.0 2812.0 2807.0 2802.0 2798.0 2793.0 2788.0 2779.0 2774.0 2770.0 2765.0 2760.0 2755.0 2751.0 2746.0 2737.0 2732.0 2727.0 2723.0 2718.0 2713.0 2708.0 2704.0 2689.0 2679.0 2670.0 2660.0 2650.0 2640.0 2630.0 2620.0 2601.0 2591.0 2581.0 2571.0 2562.0 2552.0 2542.0 2532.0 2513.0 2503.0 2493.0 2483.0 2473.0 2463.0 2454.0 2444.0 2431.0 2429.0 2426.0 2423.0 2421.0 2418.0 2415.0 2413.0 2407.0 2405.0 2402.0 2399.0 2397.0 2394.0 2391.0 2389.0 2383.0 2381.0 2378.0 2375.0 2373.0 2370.0 2367.0 2365.0 2361.0 2360.0 2359.0 2357.0 2356.0 2355.0 2354.0 2353.0 2351.0 2349.0 2348.0 2347.0 2346.0 2345.0 2344.0 2342.0 2340.0 2339.0 2338.0 2337.0 2336.0 2334.0 2333.0 2332.0 2332.0 2332.0 2333.0 2334.0 2334.0 2335.0 2336.0 2336.0 2338.0 2338.0 2339.0 2340.0 2340.0 2341.0 2342.0 2342.0 2344.0 2344.0 2345.0 2346.0
agregarAgente --UnidadTermicaSimple
200.0
100.0
agregarAgente --DemandaFija
561.0 531.6 503.4 503.4 503.4 550.8 597.6 645.0 691.8 739.8 787.2 787.2 787.2 752.4 718.8 684.0 650.4 616.8 582.0 582.0 582.0 545.4 507.6 470.4 433.2 396.0 358.2 358.2 358.2 406.8 455.4 503.4 551.4 599.4 648.0 648.0 648.0 619.2 589.8 561.0 531.6 502.8 474.0 474.0 474.0 454.2 433.8 414.0 394.2 374.4 354.0 354.0 354.0 393.0 431.4 471.0 509.4 548.4 586.8 586.8 586.8 589.2 591.0 593.4 595.2 597.0 599.4 599.4 599.4 570.0 541.2 511.8 482.4 453.6 424.2 424.2 424.2 459.6 493.8 528.6 564.0 598.8 634.2 634.2 634.2 565.8 498.0 430.2 362.4 295.2 227.4 227.4 227.4 222.6 217.2 212.4 207.6 201.6 196.8 196.8 196.8 210.0 222.6 235.2 247.8 260.4 273.0 273.0 273.0 276.0 279.0 282.0 285.0 288.0 291.0 291.0 291.0 313.8 336.6 360.0 383.4 406.2 429.0 429.0 429.0 454.2 479.4 504.0 529.2 554.4 579.6 579.6 579.6 580.2 580.8 582.0 582.6 583.8 584.4 584.4 584.4 552.6 520.2 488.4 456.6 424.2 392.4 392.4 392.4 430.8 469.8 508.8 547.8 586.2 625.8 625.8 625.8 604.8 585.0 564.6 544.2 523.8 503.4 503.4 503.4 447.6 392.4 336.0 280.2 225.0 169.2 169.2 169.2 248.4 327.6 406.8 486.6 565.8 645.0 645.0 645.0 632.4 619.8 607.2 594.6 582.0 569.4 569.4 569.4 495.0 421.2 346.8 272.4 198.6 124.8 124.8 124.8 195.0 265.2 336.0 406.2 477.0 547.2 547.2 547.2 570.0 593.4 616.8 639.6 662.4 685.2 685.2 685.2 604.2 523.2 442.8 361.8 280.8 199.8 199.8 199.8 176.4 153.0 129.6 105.6 82.8 59.4 59.4 59.4 81.6 103.8 126.6 148.8 171.0 193.8 193.8 193.8 212.4 230.4 249.0 267.0 285.0 304.2 304.2 304.2 351.0 399.0 446.4 493.8 541.8 589.2 589.2 589.2 590.4 592.2 593.4 595.2 596.4 598.2 598.2 598.2 547.2 495.6 444.0 393.0 340.8 289.8 289.8 289.8 312.6 335.4 358.2 381.6 404.4 427.2 427.2 427.2 443.4 460.2 477.0 493.2 509.4 525.6 525.6 525.6 484.2 441.6 400.2 357.6 316.2 273.6 273.6 273.6 327.6 381.0 434.4 487.8 541.8 595.2 595.2 595.2 549.0 502.2 456.0 409.8 363.0 316.8 316.8 316.8 289.8 261.6 234.0 207.0 178.8 151.2 151.2 151.2 127.8 103.8 80.4 57.0 33.0 9.6 9.6 9.6 73.8 137.4 201.0 265.2 329.4 393.6 393.6 393.6 391.2 389.4 387.0 385.2 382.8 381.0 381.0 381.0 414.6 448.8 483.0 516.6 551.4 585.0 585.0 585.0 568.2 551.4 534.6 517.2 499.8 483.0 483.0 483.0 406.2 329.4 252.0
crearDespacho --mercado --conDemandaTotal
4
0.02 0.07 0.145 1.0
370.0 600.0 2400.0 4000.0
982.45 930.97 881.58 881.58 881.58 964.59 1046.55 1129.56 1211.52 1295.58 1378.58 1378.58 1378.58 1317.64 1258.8 1197.86 1139.01 1080.17 1019.23 1019.23 1019.23 955.13 888.94 823.79 758.64 693.5 627.3 627.3 627.3 712.41 797.52 881.58 965.64 1049.7 1134.81 1134.81 1134.81 1084.37 1032.89 982.45 930.97 880.53 830.09 830.09 830.09 795.42 759.69 725.02 690.34 655.67 619.94 619.94 619.94 688.24 755.49 824.84 892.09 960.39 1027.63 1027.63 1027.63 1031.84 1034.99 1039.19 1042.34 1045.5 1049.7 1049.7 1049.7 998.21 947.78 896.29 844.8 794.37 742.88 742.88 742.88 804.88 864.77 925.71 987.71 1048.65 1110.64 1110.64 1110.64 990.86 872.12 753.39 634.65 516.97 398.23 398.23 398.23 389.83 380.37 371.97 363.56 353.05 344.65 344.65 344.65 367.76 389.83 411.89 433.96 456.03 478.09 478.09 478.09 483.35 488.6 493.85 499.11 504.36 509.61 509.61 509.61 549.54 589.47 630.45 671.43 711.36 751.29 751.29 751.29 795.42 839.55 882.63 926.76 970.89 1015.03 1015.03 1015.03 1016.08 1017.13 1019.23 1020.28 1022.38 1023.43 1023.43 1023.43 967.74 911.0 855.31 799.62 742.88 687.19 687.19 687.19 754.44 822.74 891.04 959.34 1026.58 1095.93 1095.93 1095.93 1059.16 1024.48 988.76 953.03 917.31 881.58 881.58 881.58 783.86 687.19 588.42 490.7 394.03 296.31 296.31 296.31 435.01 573.71 712.41 852.16 990.86 1129.56 1129.56 1129.56 1107.49 1085.43 1063.36 1041.29 1019.23 997.16 997.16 997.16 866.87 737.63 607.33 477.04 347.8 218.56 218.56 218.56 341.49 464.43 588.42 711.36 835.35 958.28 958.28 958.28 998.21 1039.19 1080.17 1120.1 1160.03 1199.96 1199.96 1199.96 1058.11 916.25 775.45 633.6 491.75 349.9 349.9 349.9 308.92 267.94 226.96 184.93 145.0 104.02 104.02 104.02 142.9 181.78 221.71 260.59 299.46 339.39 339.39 339.39 371.97 403.49 436.06 467.58 499.11 532.73 532.73 532.73 614.69 698.75 781.76 864.77 948.83 1031.84 1031.84 1031.84 1033.94 1037.09 1039.19 1042.34 1044.45 1047.6 1047.6 1047.6 958.28 867.92 777.56 688.24 596.83 507.51 507.51 507.51 547.44 587.37 627.3 668.28 708.21 748.13 748.13 748.13 776.5 805.93 835.35 863.72 892.09 920.46 920.46 920.46 847.96 773.35 700.85 626.25 553.75 479.14 479.14 479.14 573.71 667.23 760.74 854.26 948.83 1042.34 1042.34 1042.34 961.44 879.48 798.57 717.66 635.7 554.8 554.8 554.8 507.51 458.13 409.79 362.51 313.12 264.79 264.79 264.79 223.81 181.78 140.8 99.82 57.79 16.81 16.81 16.81 129.24 240.62 352.0 464.43 576.86 689.29 689.29 689.29 685.09 681.94 677.73 674.58 670.38 667.23 667.23 667.23 726.07 785.96 845.85 904.7 965.64 1024.48 1024.48 1024.48 995.06 965.64 936.22 905.75 875.28 845.85 845.85 845.85 711.36 576.86 441.32
configurarSolver --Gurobi
resolver --noConstante ejecuciones/bancos/recombinados/v1/directo/sgtm/v1_sgtm_000014.csv
finalizar
