inicializar --t 360
agregarAgente --SaltoGrande
0.000296
2108599337.0
3015.0 3010.0 3005.0 2999.0 2991.0 2987.0 2984.0 2980.0 2977.0 2973.0 2970.0 2966.0 2960.0 2956.0 2953.0 2949.0 2946.0 2942.0 2939.0 2935.0 2929.0 2925.0 2922.0 2918.0 2915.0 2911.0 2908.0 2904.0 2907.0 2912.0 2918.0 2924.0 2929.0 2935.0 2941.0 2946.0 2958.0 2963.0 2969.0 2975.0 2980.0 2986.0 2992.0 2997.0 3009.0 3014.0 3020.0 3026.0 3031.0 3037.0 3043.0 3048.0 3063.0 3072.0 3082.0 3091.0 3100.0 3109.0 3118.0 3127.0 3146.0 3155.0 3164.0 3173.0 3183.0 3192.0 3201.0 3210.0 3229.0 3238.0 3247.0 3256.0 3265.0 3274.0 3284.0 3293.0 3304.0 3306.0 3308.0 3310.0 3312.0 3314.0 3317.0 3319.0 3323.0 3325.0 3327.0 3329.0 3331.0 3333.0 3335.0 3337.0 3341.0 3343.0 3346.0 3348.0 3350.0 3352.0 3354.0 3356.0 3354.0 3350.0 3347.0 3343.0 3339.0 3335.0 3332.0 3328.0 3320.0 3316.0 3313.0 3309.0 3305.0 3301.0 3298.0 3294.0 3286.0 3282.0 3279.0 3275.0 3271.0 3267.0 3264.0 3260.0 3251.0 3245.0 3240.0 3234.0 3229.0 3223.0 3218.0 3212.0 3201.0 3196.0 3190.0 3185.0 3179.0 3174.0 3168.0 3163.0 3152.0 3146.0 3141.0 3135.0 3130.0 3124.0 3119.0 3113.0 3106.0 3104.0 3103.0 3101.0 3099.0 3097.0 3095.0 3093.0 3090.0 3088.0 3086.0 3084.0 3083.0 3081.0 3079.0 3077.0 3074.0 3072.0 3070.0 3068.0 3066.0 3064.0 3063.0 3061.0 3066.0 3072.0 3079.0 3086.0 3092.0 3099.0 3106.0 3112.0 3126.0 3132.0 3139.0 3146.0 3152.0 3159.0 3166.0 3172.0 3186.0 3192.0 3199.0 3206.0 3212.0 3219.0 3226.0 3232.0 3239.0 3239.0 3239.0 3239.0 3239.0 3239.0 3239.0 3239.0 3239.0 3239.0 3239.0 3239.0 3239.0 3239.0 3239.0 3239.0 3239.0 3239.0 3239.0 3239.0 3239.0 3239.0 3239.0 3239.0 3236.0 3233.0 3229.0 3226.0 3223.0 3220.0 3217.0 3214.0 3207.0 3204.0 3201.0 3198.0 3194.0 3191.0 3188.0 3185.0 3178.0 3175.0 3172.0 3169.0 3166.0 3163.0 3159.0 3156.0 3147.0 3141.0 3135.0 3130.0 3124.0 3118.0 3112.0 3106.0 3094.0 3089.0 3083.0 3077.0 3071.0 3065.0 3059.0 3054.0 3042.0 3036.0 3030.0 3024.0 3018.0 3013.0 3007.0 3001.0 2993.0 2992.0 2990.0 2988.0 2987.0 2985.0 2983.0 2982.0 2978.0 2977.0 2975.0 2973.0 2972.0 2970.0 2968.0 2967.0 2963.0 2962.0 2960.0 2958.0 2957.0 2955.0 2953.0 2952.0 2941.0 2931.0 2922.0 2913.0 2904.0 2894.0 2885.0 2876.0 2857.0 2848.0 2839.0 2830.0 2820.0 2811.0 2802.0 2793.0 2774.0 2765.0 2756.0 2746.0 2737.0 2728.0 2719.0 2709.0 2702.0 2703.0 2705.0 2707.0 2708.0 2710.0 2712.0 2713.0 2717.0 2718.0 2720.0 2722.0 2723.0 2725.0 2727.0 2728.0 2732.0 2733.0 2735.0 2737.0 2738.0 2740.0 2742.0 2743.0 2750.0 2755.0 2760.0 2765.0 2770.0 2775.0 2780.0 2785.0 2795.0 2800.0 2805.0 2810.0 2816.0 2821.0 2826.0 2831.0 2841.0 2846.0 2851.0 2856.0
agregarAgente --UnidadTermicaSimple
200.0
100.0
agregarAgente --DemandaFija
646.2 644.4 642.0 643.8 641.4 644.4 647.4 649.8 652.8 655.2 658.2 654.6 651.6 651.6 651.6 652.2 652.2 652.8 652.8 653.4 652.8 647.4 642.0 636.6 630.6 625.2 621.0 619.8 621.0 627.6 633.6 640.2 646.2 652.8 658.8 660.6 664.2 666.6 668.4 669.6 671.4 672.6 674.4 676.2 677.4 672.6 667.8 663.0 658.8 654.0 649.8 648.6 643.8 641.4 639.6 637.2 635.4 633.6 631.8 627.6 628.2 632.4 636.6 641.4 645.6 649.8 654.6 658.8 668.4 661.8 655.2 649.2 642.0 636.0 628.8 634.2 640.2 650.4 660.0 669.6 679.8 688.8 699.6 700.2 694.2 689.4 684.0 678.6 673.8 668.4 663.0 656.4 652.8 646.2 639.6 633.0 626.4 619.8 613.2 616.2 624.6 636.0 648.6 660.0 672.6 684.0 696.6 700.8 706.2 709.8 714.6 718.2 723.0 727.2 731.4 733.2 728.4 704.4 680.4 656.4 632.4 607.8 584.4 579.0 577.2 580.8 585.0 588.6 591.6 595.2 598.8 603.6 607.8 615.6 622.2 628.8 636.0 643.2 649.8 650.4 645.0 631.8 618.6 604.8 591.6 578.4 565.2 559.2 556.2 556.8 557.4 557.4 558.0 558.0 558.0 560.4 562.8 569.4 576.0 582.0 588.6 595.2 601.8 602.4 596.4 587.4 578.4 568.8 560.4 551.4 541.8 535.8 532.2 531.6 531.0 530.4 530.4 529.8 529.8 531.6 533.4 539.4 544.8 550.8 556.8 562.2 568.2 567.6 561.6 550.8 539.4 528.0 516.0 505.2 493.8 487.8 484.8 486.6 487.8 489.6 491.4 492.0 493.8 496.8 501.6 510.0 517.8 525.6 534.0 541.2 549.0 551.4 548.4 537.6 526.8 516.0 505.2 494.4 484.2 478.2 466.8 461.4 456.0 451.2 447.0 441.6 436.8 431.4 431.4 447.6 464.4 480.6 497.4 513.6 530.4 535.2 541.2 544.2 547.2 550.8 553.8 557.4 560.4 560.4 565.8 570.6 574.8 579.6 585.0 589.8 594.6 599.4 609.0 617.4 625.8 635.4 643.8 652.2 661.2 666.0 666.6 658.8 650.4 642.0 633.6 625.2 617.4 613.2 608.4 613.2 618.6 624.0 629.4 634.2 639.6 638.4 639.6 642.0 644.4 646.2 648.6 651.0 653.4 655.8 649.2 631.8 613.8 597.0 579.6 562.2 544.8 536.4 534.6 550.8 566.4 582.0 598.2 613.8 629.4 637.8 648.0 654.6 661.2 667.8 673.8 680.4 687.0 690.0 689.4 679.8 670.8 660.6 651.6 642.0 633.0 628.8 627.6 625.8 624.0 622.2 620.4 618.6 616.8 620.4 622.8 622.8 623.4 622.8 624.0 623.4 624.0 624.0 613.8 594.6 574.8 555.6 535.8 516.6 497.4 489.0 485.4 492.0 499.8 506.4 513.6 520.8 527.4 533.4 541.8 539.4 537.6 535.2 533.4 531.6 529.2 532.2 526.2 510.6 495.6 481.2
crearDespacho --mercado --conDemandaTotal
4
0.02 0.07 0.145 1.0
370.0 600.0 2400.0 4000.0
730.62 728.59 725.87 727.91 725.19 728.59 731.98 734.69 738.08 740.8 744.19 740.12 736.73 736.73 736.73 737.4 737.4 738.08 738.08 738.76 738.08 731.98 725.87 719.77 712.98 706.88 702.13 700.77 702.13 709.59 716.37 723.84 730.62 738.08 744.87 746.9 750.97 753.69 755.72 757.08 759.11 760.47 762.5 764.54 765.9 760.47 755.04 749.62 744.87 739.44 734.69 733.33 727.91 725.19 723.16 720.44 718.41 716.37 714.34 709.59 710.27 715.02 719.77 725.19 729.94 734.69 740.12 744.87 755.72 748.26 740.8 734.01 725.87 719.09 710.95 717.05 723.84 735.37 746.22 757.08 768.61 778.79 791.0 791.67 784.89 779.46 773.36 767.25 761.83 755.72 749.62 742.15 738.08 730.62 723.16 715.7 708.23 700.77 693.31 696.7 706.2 719.09 733.33 746.22 760.47 773.36 787.6 792.35 798.46 802.53 807.96 812.03 817.45 822.2 826.95 828.99 823.56 796.42 769.29 742.15 715.02 687.2 660.75 654.64 652.61 656.68 661.43 665.5 668.89 672.96 677.03 682.45 687.2 696.02 703.48 710.95 719.09 727.23 734.69 735.37 729.26 714.34 699.41 683.81 668.89 653.96 639.04 632.25 628.86 629.54 630.22 630.22 630.9 630.9 630.9 633.61 636.32 643.79 651.25 658.03 665.5 672.96 680.42 681.1 674.31 664.14 653.96 643.11 633.61 623.44 612.58 605.8 601.73 601.05 600.37 599.69 599.69 599.01 599.01 601.05 603.08 609.87 615.97 622.76 629.54 635.65 642.43 641.75 634.97 622.76 609.87 596.98 583.41 571.2 558.31 551.53 548.13 550.17 551.53 553.56 555.6 556.28 558.31 561.7 567.13 576.63 585.45 594.26 603.76 611.9 620.72 623.44 620.04 607.83 595.62 583.41 571.2 558.99 547.46 540.67 527.78 521.68 515.57 510.15 505.4 499.29 493.86 487.76 487.76 506.07 525.07 543.39 562.38 580.7 599.69 605.12 611.9 615.29 618.69 622.76 626.15 630.22 633.61 633.61 639.72 645.14 649.89 655.32 661.43 666.85 672.28 677.71 688.56 698.06 707.56 718.41 727.91 737.4 747.58 753.01 753.69 744.87 735.37 725.87 716.37 706.88 698.06 693.31 687.88 693.31 699.41 705.52 711.63 717.05 723.16 721.8 723.16 725.87 728.59 730.62 733.33 736.05 738.76 741.47 734.01 714.34 693.99 674.99 655.32 635.65 615.97 606.48 604.44 622.76 640.4 658.03 676.35 693.99 711.63 721.12 732.66 740.12 747.58 755.04 761.83 769.29 776.75 780.14 779.46 768.61 758.43 746.9 736.73 725.87 715.7 710.95 709.59 707.56 705.52 703.48 701.45 699.41 697.38 701.45 704.16 704.16 704.84 704.16 705.52 704.84 705.52 705.52 693.99 672.28 649.89 628.18 605.8 584.09 562.38 552.88 548.81 556.28 565.09 572.56 580.7 588.84 596.3 603.08 612.58 609.87 607.83 605.12 603.08 601.05 598.34 601.73 594.94 577.31 560.35 544.06
configurarSolver --Gurobi
resolver --noConstante ejecuciones/bancos/recombinados/v1/directo/sgtm/v1_sgtm_000296.csv
finalizar
