inicializar --t 360
agregarAgente --SaltoGrande
0.00371
2309268442.0
2861.0 2866.0 2871.0 2876.0 2885.0 2889.0 2893.0 2897.0 2902.0 2906.0 2910.0 2914.0 2922.0 2926.0 2930.0 2934.0 2939.0 2943.0 2947.0 2951.0 2959.0 2963.0 2967.0 2971.0 2976.0 2980.0 2984.0 2988.0 2984.0 2977.0 2969.0 2961.0 2954.0 2946.0 2938.0 2931.0 2915.0 2908.0 2900.0 2892.0 2885.0 2877.0 2869.0 2862.0 2846.0 2839.0 2831.0 2823.0 2816.0 2808.0 2800.0 2793.0 2778.0 2771.0 2764.0 2758.0 2751.0 2744.0 2737.0 2730.0 2716.0 2710.0 2703.0 2696.0 2689.0 2682.0 2675.0 2669.0 2655.0 2648.0 2641.0 2634.0 2627.0 2621.0 2614.0 2607.0 2590.0 2581.0 2571.0 2561.0 2552.0 2542.0 2533.0 2523.0 2504.0 2494.0 2484.0 2475.0 2465.0 2456.0 2446.0 2436.0 2417.0 2407.0 2398.0 2388.0 2379.0 2369.0 2359.0 2350.0 2338.0 2336.0 2334.0 2332.0 2330.0 2328.0 2326.0 2324.0 2320.0 2318.0 2316.0 2314.0 2312.0 2310.0 2308.0 2306.0 2302.0 2300.0 2298.0 2296.0 2294.0 2292.0 2290.0 2288.0 2280.0 2274.0 2268.0 2261.0 2255.0 2249.0 2243.0 2237.0 2225.0 2218.0 2212.0 2206.0 2200.0 2194.0 2188.0 2181.0 2169.0 2163.0 2157.0 2151.0 2145.0 2138.0 2132.0 2126.0 2119.0 2118.0 2117.0 2116.0 2115.0 2114.0 2114.0 2113.0 2111.0 2110.0 2109.0 2108.0 2107.0 2106.0 2105.0 2104.0 2102.0 2101.0 2101.0 2100.0 2099.0 2098.0 2097.0 2096.0 2089.0 2083.0 2077.0 2072.0 2066.0 2060.0 2054.0 2048.0 2036.0 2031.0 2025.0 2019.0 2013.0 2007.0 2001.0 1996.0 1984.0 1978.0 1972.0 1966.0 1960.0 1955.0 1949.0 1943.0 1932.0 1927.0 1922.0 1917.0 1912.0 1907.0 1901.0 1896.0 1886.0 1881.0 1876.0 1871.0 1866.0 1861.0 1856.0 1851.0 1841.0 1836.0 1830.0 1825.0 1820.0 1815.0 1810.0 1805.0 1787.0 1774.0 1761.0 1748.0 1735.0 1722.0 1710.0 1697.0 1671.0 1658.0 1645.0 1632.0 1619.0 1606.0 1593.0 1580.0 1554.0 1541.0 1529.0 1516.0 1503.0 1490.0 1477.0 1464.0 1448.0 1445.0 1442.0 1439.0 1436.0 1433.0 1430.0 1427.0 1421.0 1418.0 1415.0 1412.0 1410.0 1407.0 1404.0 1401.0 1395.0 1392.0 1389.0 1386.0 1383.0 1380.0 1377.0 1374.0 1361.0 1351.0 1341.0 1331.0 1322.0 1312.0 1302.0 1292.0 1272.0 1262.0 1252.0 1242.0 1233.0 1223.0 1213.0 1203.0 1183.0 1173.0 1163.0 1153.0 1144.0 1134.0 1124.0 1114.0 1100.0 1095.0 1091.0 1087.0 1083.0 1078.0 1074.0 1070.0 1061.0 1057.0 1053.0 1049.0 1044.0 1040.0 1036.0 1032.0 1023.0 1019.0 1015.0 1010.0 1006.0 1002.0 998.0 993.0 989.0 988.0 988.0 988.0 987.0 987.0 986.0 986.0 985.0 985.0 985.0 984.0 984.0 983.0 983.0 983.0 982.0 982.0 981.0 981.0 980.0 980.0 980.0 979.0 981.0 982.0 984.0 986.0 987.0 989.0 991.0 992.0 996.0 997.0 999.0 1001.0 1002.0 1004.0 1006.0 1007.0 1011.0 1012.0 1014.0 1016.0
agregarAgente --UnidadTermicaSimple
200.0
100.0
agregarAgente --DemandaFija
728.4 705.9 682.5 669.0 659.1 686.1 713.1 738.3 765.3 792.3 819.3 822.9 831.0 846.3 860.7 876.0 891.3 906.6 921.9 926.4 923.7 903.0 883.2 862.5 842.7 821.1 801.3 792.3 775.2 769.8 763.5 759.0 752.7 747.3 741.9 732.9 732.0 741.0 750.0 757.2 767.1 775.2 785.1 792.3 797.7 789.6 783.3 776.1 769.8 763.5 755.4 752.7 755.4 766.2 776.1 787.8 797.7 809.4 819.3 824.7 833.7 841.8 850.8 858.0 867.0 875.1 884.1 888.6 883.2 875.1 867.0 858.9 850.8 843.6 835.5 826.5 827.4 841.8 857.1 872.4 887.7 903.0 918.3 928.2 945.3 967.8 990.3 1013.7 1037.1 1060.5 1083.9 1091.1 1098.3 1078.5 1057.8 1038.0 1018.2 996.6 976.8 976.8 970.5 967.8 966.0 963.3 961.5 958.8 956.1 948.9 939.9 953.4 966.0 978.6 991.2 1003.8 1016.4 1014.6 1017.3 1002.9 988.5 975.0 959.7 946.2 931.8 936.3 943.5 941.7 939.9 938.1 936.3 934.5 932.7 936.3 942.6 932.7 921.0 910.2 899.4 888.6 877.8 880.5 882.3 880.5 879.6 877.8 876.0 874.2 873.3 872.4 873.3 878.7 885.0 890.4 895.8 903.0 907.5 908.4 909.3 909.3 911.1 912.0 912.9 914.7 916.5 914.7 908.4 894.9 880.5 867.0 853.5 840.0 825.6 820.2 812.1 807.6 803.1 799.5 794.1 789.6 784.2 781.5 778.8 788.7 797.7 807.6 817.5 827.4 838.2 838.2 833.7 797.7 761.7 725.7 689.7 652.8 617.7 612.3 604.2 600.6 597.9 595.2 591.6 588.0 586.2 581.7 583.5 592.5 600.6 610.5 619.5 627.6 636.6 642.0 641.1 632.1 622.2 613.2 604.2 595.2 585.3 579.9 583.5 593.4 602.4 611.4 622.2 631.2 641.1 651.0 658.2 657.3 655.5 654.6 652.8 651.9 651.0 649.2 642.0 637.5 633.0 628.5 623.1 619.5 614.1 608.7 608.7 608.7 608.7 607.8 607.8 607.8 606.9 613.2 619.5 625.8 631.2 638.4 643.8 650.1 655.5 656.4 646.5 639.3 631.2 623.1 615.9 607.8 599.7 589.8 586.2 617.7 649.2 679.8 711.3 741.9 773.4 779.7 787.8 800.4 813.0 825.6 837.3 849.9 863.4 866.1 850.8 811.2 772.5 732.9 694.2 654.6 615.9 598.8 587.1 600.6 614.1 627.6 642.0 655.5 669.9 674.4 686.1 702.3 718.5 734.7 750.9 768.0 784.2 792.3 786.9 764.4 741.9 720.3 697.8 676.2 653.7 641.1 635.7 643.8 652.8 660.9 669.9 678.0 687.0 694.2 704.1 710.4 716.7 723.0 728.4 734.7 741.0 743.7 732.9 713.1 694.2 674.4 654.6 634.8 615.9 601.5 588.0 595.2 601.5 607.8 614.1 620.4 627.6 627.6 631.2 638.4 644.7 651.0 657.3 663.6 670.8 675.3 671.7 651.9 630.3 609.6
crearDespacho --mercado --conDemandaTotal
4
0.02 0.07 0.145 1.0
370.0 600.0 2400.0 4000.0
728.4 705.9 682.5 669.0 659.1 686.1 713.1 738.3 765.3 792.3 819.3 822.9 831.0 846.3 860.7 876.0 891.3 906.6 921.9 926.4 923.7 903.0 883.2 862.5 842.7 821.1 801.3 792.3 775.2 769.8 763.5 759.0 752.7 747.3 741.9 732.9 732.0 741.0 750.0 757.2 767.1 775.2 785.1 792.3 797.7 789.6 783.3 776.1 769.8 763.5 755.4 752.7 755.4 766.2 776.1 787.8 797.7 809.4 819.3 824.7 833.7 841.8 850.8 858.0 867.0 875.1 884.1 888.6 883.2 875.1 867.0 858.9 850.8 843.6 835.5 826.5 827.4 841.8 857.1 872.4 887.7 903.0 918.3 928.2 945.3 967.8 990.3 1013.7 1037.1 1060.5 1083.9 1091.1 1098.3 1078.5 1057.8 1038.0 1018.2 996.6 976.8 976.8 970.5 967.8 966.0 963.3 961.5 958.8 956.1 948.9 939.9 953.4 966.0 978.6 991.2 1003.8 1016.4 1014.6 1017.3 1002.9 988.5 975.0 959.7 946.2 931.8 936.3 943.5 941.7 939.9 938.1 936.3 934.5 932.7 936.3 942.6 932.7 921.0 910.2 899.4 888.6 877.8 880.5 882.3 880.5 879.6 877.8 876.0 874.2 873.3 872.4 873.3 878.7 885.0 890.4 895.8 903.0 907.5 908.4 909.3 909.3 911.1 912.0 912.9 914.7 916.5 914.7 908.4 894.9 880.5 867.0 853.5 840.0 825.6 820.2 812.1 807.6 803.1 799.5 794.1 789.6 784.2 781.5 778.8 788.7 797.7 807.6 817.5 827.4 838.2 838.2 833.7 797.7 761.7 725.7 689.7 652.8 617.7 612.3 604.2 600.6 597.9 595.2 591.6 588.0 586.2 581.7 583.5 592.5 600.6 610.5 619.5 627.6 636.6 642.0 641.1 632.1 622.2 613.2 604.2 595.2 585.3 579.9 583.5 593.4 602.4 611.4 622.2 631.2 641.1 651.0 658.2 657.3 655.5 654.6 652.8 651.9 651.0 649.2 642.0 637.5 633.0 628.5 623.1 619.5 614.1 608.7 608.7 608.7 608.7 607.8 607.8 607.8 606.9 613.2 619.5 625.8 631.2 638.4 643.8 650.1 655.5 656.4 646.5 639.3 631.2 623.1 615.9 607.8 599.7 589.8 586.2 617.7 649.2 679.8 711.3 741.9 773.4 779.7 787.8 800.4 813.0 825.6 837.3 849.9 863.4 866.1 850.8 811.2 772.5 732.9 694.2 654.6 615.9 598.8 587.1 600.6 614.1 627.6 642.0 655.5 669.9 674.4 686.1 702.3 718.5 734.7 750.9 768.0 784.2 792.3 786.9 764.4 741.9 720.3 697.8 676.2 653.7 641.1 635.7 643.8 652.8 660.9 669.9 678.0 687.0 694.2 704.1 710.4 716.7 723.0 728.4 734.7 741.0 743.7 732.9 713.1 694.2 674.4 654.6 634.8 615.9 601.5 588.0 595.2 601.5 607.8 614.1 620.4 627.6 627.6 631.2 638.4 644.7 651.0 657.3 663.6 670.8 675.3 671.7 651.9 630.3 609.6
configurarSolver --Gurobi
resolver --noConstante ejecuciones/bancos/recombinados/v1/directo/sgtm/v1_sgtm_000261.csv
finalizar
