inicializar --t 360
agregarAgente --SaltoGrande
0.000296
2719162864.0
4902.0 4901.0 4900.0 4900.0 4901.0 4903.0 4905.0 4907.0 4908.0 4910.0 4912.0 4914.0 4918.0 4920.0 4922.0 4924.0 4925.0 4927.0 4929.0 4931.0 4935.0 4937.0 4939.0 4941.0 4942.0 4944.0 4946.0 4948.0 4941.0 4932.0 4923.0 4914.0 4906.0 4897.0 4888.0 4879.0 4861.0 4852.0 4843.0 4834.0 4826.0 4817.0 4808.0 4799.0 4781.0 4772.0 4763.0 4754.0 4746.0 4737.0 4728.0 4719.0 4726.0 4741.0 4757.0 4773.0 4789.0 4804.0 4820.0 4836.0 4867.0 4883.0 4899.0 4915.0 4930.0 4946.0 4962.0 4978.0 5009.0 5025.0 5041.0 5056.0 5072.0 5088.0 5104.0 5119.0 5153.0 5171.0 5189.0 5207.0 5225.0 5243.0 5261.0 5279.0 5315.0 5333.0 5351.0 5369.0 5386.0 5404.0 5422.0 5440.0 5476.0 5494.0 5512.0 5530.0 5548.0 5566.0 5584.0 5602.0 5636.0 5653.0 5669.0 5686.0 5702.0 5718.0 5735.0 5751.0 5784.0 5800.0 5817.0 5833.0 5850.0 5866.0 5883.0 5899.0 5932.0 5948.0 5965.0 5981.0 5997.0 6014.0 6030.0 6047.0 6060.0 6058.0 6055.0 6052.0 6049.0 6047.0 6044.0 6041.0 6036.0 6033.0 6031.0 6028.0 6025.0 6022.0 6020.0 6017.0 6012.0 6009.0 6006.0 6004.0 6001.0 5998.0 5995.0 5993.0 5959.0 5929.0 5898.0 5868.0 5837.0 5807.0 5776.0 5746.0 5685.0 5654.0 5624.0 5593.0 5563.0 5532.0 5502.0 5471.0 5410.0 5380.0 5349.0 5319.0 5288.0 5258.0 5227.0 5197.0 5153.0 5139.0 5126.0 5112.0 5099.0 5085.0 5072.0 5058.0 5031.0 5018.0 5004.0 4991.0 4977.0 4964.0 4950.0 4937.0 4910.0 4896.0 4883.0 4869.0 4856.0 4842.0 4829.0 4815.0 4777.0 4752.0 4728.0 4703.0 4678.0 4653.0 4628.0 4603.0 4554.0 4529.0 4504.0 4479.0 4455.0 4430.0 4405.0 4380.0 4331.0 4306.0 4281.0 4256.0 4231.0 4206.0 4182.0 4157.0 4112.0 4091.0 4071.0 4050.0 4030.0 4009.0 3989.0 3968.0 3927.0 3907.0 3886.0 3866.0 3845.0 3825.0 3804.0 3784.0 3743.0 3722.0 3702.0 3681.0 3661.0 3640.0 3620.0 3599.0 3582.0 3584.0 3587.0 3590.0 3592.0 3595.0 3598.0 3600.0 3606.0 3608.0 3611.0 3614.0 3616.0 3619.0 3622.0 3624.0 3630.0 3632.0 3635.0 3638.0 3640.0 3643.0 3646.0 3648.0 3649.0 3647.0 3645.0 3643.0 3640.0 3638.0 3636.0 3634.0 3630.0 3628.0 3626.0 3624.0 3621.0 3619.0 3617.0 3615.0 3611.0 3609.0 3607.0 3605.0 3602.0 3600.0 3598.0 3596.0 3585.0 3575.0 3566.0 3556.0 3547.0 3537.0 3528.0 3518.0 3500.0 3490.0 3481.0 3471.0 3462.0 3452.0 3443.0 3433.0 3415.0 3405.0 3396.0 3386.0 3377.0 3367.0 3358.0 3348.0 3332.0 3324.0 3317.0 3309.0 3302.0 3294.0 3287.0 3279.0 3264.0 3257.0 3249.0 3242.0 3234.0 3227.0 3219.0 3212.0 3197.0 3189.0 3182.0 3174.0 3167.0 3159.0 3152.0 3144.0 3132.0 3126.0 3121.0 3116.0 3111.0 3105.0 3100.0 3095.0 3084.0 3079.0 3073.0 3068.0 3063.0 3058.0 3052.0 3047.0 3036.0 3031.0 3026.0 3020.0
agregarAgente --UnidadTermicaSimple
200.0
100.0
agregarAgente --DemandaFija
375.0 346.2 318.0 318.0 318.0 322.2 326.4 330.0 334.2 338.4 342.6 342.6 342.6 331.8 321.0 309.6 298.8 288.0 276.6 276.6 276.6 241.8 207.6 172.2 137.4 102.0 67.8 67.8 67.8 107.4 148.2 187.8 228.6 268.2 309.0 309.0 309.0 336.6 364.2 391.8 419.4 447.0 475.2 475.2 475.2 410.4 345.6 281.4 217.2 152.4 88.2 88.2 88.2 130.8 173.4 216.6 258.6 301.8 344.4 344.4 344.4 380.4 415.8 451.8 487.2 522.6 558.6 558.6 558.6 559.2 559.2 559.8 559.8 560.4 560.4 560.4 560.4 570.0 579.6 589.2 598.8 607.8 618.0 618.0 618.0 604.8 591.6 579.0 565.8 553.2 540.0 540.0 540.0 480.6 420.6 361.2 301.8 242.4 183.0 183.0 183.0 240.6 298.8 356.4 414.6 472.8 530.4 530.4 530.4 556.2 582.0 607.8 633.6 659.4 685.2 685.2 685.2 620.4 555.0 489.6 424.8 359.4 294.6 294.6 294.6 297.0 299.4 302.4 304.8 307.2 309.6 309.6 309.6 307.8 305.4 303.6 301.8 299.4 297.6 297.6 297.6 252.6 208.2 163.2 118.2 73.8 28.8 28.8 28.8 47.4 66.0 84.0 102.6 120.6 139.8 139.8 139.8 208.2 276.0 344.4 413.4 481.8 550.2 550.2 550.2 501.0 451.8 402.6 353.4 304.2 255.0 255.0 255.0 297.6 340.2 382.8 425.4 468.0 510.6 510.6 510.6 575.4 640.2 705.0 769.8 834.6 899.4 899.4 899.4 794.4 688.2 583.2 478.2 372.6 267.0 267.0 267.0 292.2 316.8 342.0 366.6 391.8 417.0 417.0 417.0 468.6 520.2 571.8 624.0 675.0 727.2 727.2 727.2 670.2 612.6 556.2 499.2 441.6 385.2 385.2 385.2 411.6 438.0 465.0 490.8 517.2 544.2 544.2 544.2 557.4 570.0 583.2 595.8 609.0 622.2 622.2 622.2 556.8 491.4 426.0 360.6 295.8 230.4 230.4 230.4 270.6 311.4 351.6 393.0 433.2 474.0 474.0 474.0 486.0 497.4 509.4 521.4 532.8 545.4 545.4 545.4 500.4 456.6 411.6 366.6 322.8 277.8 277.8 277.8 364.8 452.4 539.4 626.4 712.8 799.8 799.8 799.8 825.6 851.4 877.2 903.0 928.2 954.6 954.6 954.6 900.6 846.0 792.6 738.0 684.0 630.0 630.0 630.0 664.8 700.8 735.6 770.4 805.8 841.2 841.2 841.2 864.6 887.4 910.2 933.0 956.4 979.2 979.2 979.2 925.8 873.0 820.2 766.8 714.0 660.6 660.6 660.6 675.0 688.8 703.2 717.0 730.8 744.6 744.6 744.6 734.4 724.2 714.0 703.2 692.4 682.2 682.2 682.2 585.0 487.8 390.6 293.4 195.6 98.4 98.4 98.4 99.6 100.8 102.0 103.2 104.4 106.2 106.2 106.2 178.2 250.8 323.4 395.4 468.0 540.0 540.0 540.0 528.0 517.2 505.8
crearDespacho --mercado --conDemandaTotal
4
0.02 0.07 0.145 1.0
370.0 600.0 2400.0 4000.0
723.17 667.63 613.25 613.25 613.25 621.35 629.45 636.39 644.49 652.59 660.69 660.69 660.69 639.87 619.04 597.05 576.23 555.4 533.41 533.41 533.41 466.3 400.35 332.08 264.97 196.7 130.75 130.75 130.75 207.12 285.8 362.17 440.85 517.21 595.9 595.9 595.9 649.12 702.35 755.57 808.8 862.02 916.41 916.41 916.41 791.44 666.48 542.67 418.86 293.9 170.09 170.09 170.09 252.24 334.4 417.71 498.7 582.01 664.16 664.16 664.16 733.59 801.86 871.28 939.55 1007.82 1077.24 1077.24 1077.24 1078.4 1078.4 1079.56 1079.56 1080.71 1080.71 1080.71 1080.71 1099.23 1117.74 1136.25 1154.77 1172.12 1191.79 1191.79 1191.79 1166.34 1140.88 1116.58 1091.13 1066.83 1041.37 1041.37 1041.37 926.82 811.11 696.56 582.01 467.46 352.91 352.91 352.91 463.99 576.23 687.31 799.54 911.78 1022.86 1022.86 1022.86 1072.61 1122.37 1172.12 1221.88 1271.63 1321.38 1321.38 1321.38 1196.42 1070.3 944.18 819.21 693.09 568.13 568.13 568.13 572.75 577.38 583.17 587.8 592.42 597.05 597.05 597.05 593.58 588.95 585.48 582.01 577.38 573.91 573.91 573.91 487.13 401.51 314.73 227.94 142.32 55.54 55.54 55.54 91.41 127.28 161.99 197.86 232.57 269.6 269.6 269.6 401.51 532.26 664.16 797.23 929.13 1061.04 1061.04 1061.04 966.16 871.28 776.4 681.52 586.64 491.76 491.76 491.76 573.91 656.06 738.22 820.37 902.52 984.67 984.67 984.67 1109.64 1234.6 1359.57 1484.53 1609.5 1734.46 1734.46 1734.46 1531.97 1327.17 1124.68 922.19 718.55 514.9 514.9 514.9 563.5 610.94 659.54 706.98 755.57 804.17 804.17 804.17 903.68 1003.19 1102.7 1203.36 1301.71 1402.38 1402.38 1402.38 1292.46 1181.38 1072.61 962.69 851.61 742.85 742.85 742.85 793.76 844.67 896.74 946.49 997.4 1049.47 1049.47 1049.47 1074.93 1099.23 1124.68 1148.98 1174.44 1199.89 1199.89 1199.89 1073.77 947.65 821.53 695.4 570.44 444.32 444.32 444.32 521.84 600.52 678.05 757.89 835.41 914.09 914.09 914.09 937.23 959.22 982.36 1005.5 1027.49 1051.79 1051.79 1051.79 965.0 880.54 793.76 706.98 622.51 535.73 535.73 535.73 703.5 872.44 1040.21 1207.99 1374.61 1542.39 1542.39 1542.39 1592.14 1641.9 1691.65 1741.4 1790.0 1840.91 1840.91 1840.91 1736.78 1631.48 1528.5 1423.21 1319.07 1214.93 1214.93 1214.93 1282.04 1351.47 1418.58 1485.69 1553.96 1622.23 1622.23 1622.23 1667.35 1711.32 1755.29 1799.26 1844.38 1888.35 1888.35 1888.35 1785.37 1683.55 1581.73 1478.75 1376.92 1273.94 1273.94 1273.94 1301.71 1328.33 1356.1 1382.71 1409.32 1435.94 1435.94 1435.94 1416.27 1396.6 1376.92 1356.1 1335.27 1315.6 1315.6 1315.6 1128.15 940.71 753.26 565.81 377.21 189.76 189.76 189.76 192.08 194.39 196.7 199.02 201.33 204.8 204.8 204.8 343.65 483.66 623.67 762.52 902.52 1041.37 1041.37 1041.37 1018.23 997.4 975.42
configurarSolver --Gurobi
resolver --noConstante ejecuciones/bancos/recombinados/v1/directo/sgtm/v1_sgtm_000362.csv
finalizar
