inicializar --t 360
agregarAgente --SaltoGrande
0.000173
2108599337.0
3015.0 3010.0 3005.0 2999.0 2991.0 2987.0 2984.0 2980.0 2977.0 2973.0 2970.0 2966.0 2960.0 2956.0 2953.0 2949.0 2946.0 2942.0 2939.0 2935.0 2929.0 2925.0 2922.0 2918.0 2915.0 2911.0 2908.0 2904.0 2907.0 2912.0 2918.0 2924.0 2929.0 2935.0 2941.0 2946.0 2958.0 2963.0 2969.0 2975.0 2980.0 2986.0 2992.0 2997.0 3009.0 3014.0 3020.0 3026.0 3031.0 3037.0 3043.0 3048.0 3063.0 3072.0 3082.0 3091.0 3100.0 3109.0 3118.0 3127.0 3146.0 3155.0 3164.0 3173.0 3183.0 3192.0 3201.0 3210.0 3229.0 3238.0 3247.0 3256.0 3265.0 3274.0 3284.0 3293.0 3304.0 3306.0 3308.0 3310.0 3312.0 3314.0 3317.0 3319.0 3323.0 3325.0 3327.0 3329.0 3331.0 3333.0 3335.0 3337.0 3341.0 3343.0 3346.0 3348.0 3350.0 3352.0 3354.0 3356.0 3354.0 3350.0 3347.0 3343.0 3339.0 3335.0 3332.0 3328.0 3320.0 3316.0 3313.0 3309.0 3305.0 3301.0 3298.0 3294.0 3286.0 3282.0 3279.0 3275.0 3271.0 3267.0 3264.0 3260.0 3251.0 3245.0 3240.0 3234.0 3229.0 3223.0 3218.0 3212.0 3201.0 3196.0 3190.0 3185.0 3179.0 3174.0 3168.0 3163.0 3152.0 3146.0 3141.0 3135.0 3130.0 3124.0 3119.0 3113.0 3106.0 3104.0 3103.0 3101.0 3099.0 3097.0 3095.0 3093.0 3090.0 3088.0 3086.0 3084.0 3083.0 3081.0 3079.0 3077.0 3074.0 3072.0 3070.0 3068.0 3066.0 3064.0 3063.0 3061.0 3066.0 3072.0 3079.0 3086.0 3092.0 3099.0 3106.0 3112.0 3126.0 3132.0 3139.0 3146.0 3152.0 3159.0 3166.0 3172.0 3186.0 3192.0 3199.0 3206.0 3212.0 3219.0 3226.0 3232.0 3239.0 3239.0 3239.0 3239.0 3239.0 3239.0 3239.0 3239.0 3239.0 3239.0 3239.0 3239.0 3239.0 3239.0 3239.0 3239.0 3239.0 3239.0 3239.0 3239.0 3239.0 3239.0 3239.0 3239.0 3236.0 3233.0 3229.0 3226.0 3223.0 3220.0 3217.0 3214.0 3207.0 3204.0 3201.0 3198.0 3194.0 3191.0 3188.0 3185.0 3178.0 3175.0 3172.0 3169.0 3166.0 3163.0 3159.0 3156.0 3147.0 3141.0 3135.0 3130.0 3124.0 3118.0 3112.0 3106.0 3094.0 3089.0 3083.0 3077.0 3071.0 3065.0 3059.0 3054.0 3042.0 3036.0 3030.0 3024.0 3018.0 3013.0 3007.0 3001.0 2993.0 2992.0 2990.0 2988.0 2987.0 2985.0 2983.0 2982.0 2978.0 2977.0 2975.0 2973.0 2972.0 2970.0 2968.0 2967.0 2963.0 2962.0 2960.0 2958.0 2957.0 2955.0 2953.0 2952.0 2941.0 2931.0 2922.0 2913.0 2904.0 2894.0 2885.0 2876.0 2857.0 2848.0 2839.0 2830.0 2820.0 2811.0 2802.0 2793.0 2774.0 2765.0 2756.0 2746.0 2737.0 2728.0 2719.0 2709.0 2702.0 2703.0 2705.0 2707.0 2708.0 2710.0 2712.0 2713.0 2717.0 2718.0 2720.0 2722.0 2723.0 2725.0 2727.0 2728.0 2732.0 2733.0 2735.0 2737.0 2738.0 2740.0 2742.0 2743.0 2750.0 2755.0 2760.0 2765.0 2770.0 2775.0 2780.0 2785.0 2795.0 2800.0 2805.0 2810.0 2816.0 2821.0 2826.0 2831.0 2841.0 2846.0 2851.0 2856.0
agregarAgente --UnidadTermicaSimple
200.0
100.0
agregarAgente --DemandaFija
515.1 436.8 358.5 358.5 358.5 479.1 600.6 722.1 842.7 964.2 1085.7 1085.7 1085.7 1056.0 1028.1 1000.2 972.3 943.5 915.6 915.6 915.6 875.1 834.6 793.2 752.7 711.3 669.9 669.9 669.9 768.0 865.2 963.3 1059.6 1157.7 1254.9 1254.9 1254.9 1249.5 1244.1 1238.7 1233.3 1227.9 1222.5 1222.5 1222.5 1142.4 1061.4 981.3 901.2 820.2 741.0 741.0 741.0 785.1 831.0 875.1 920.1 966.0 1010.1 1010.1 1010.1 944.4 879.6 813.9 749.1 683.4 618.6 618.6 618.6 615.9 612.3 609.6 606.9 604.2 601.5 601.5 601.5 651.9 703.2 754.5 805.8 857.1 908.4 908.4 908.4 849.9 790.5 732.9 673.5 615.9 556.5 556.5 556.5 490.8 425.1 359.4 293.7 228.0 162.3 162.3 162.3 230.7 298.2 366.6 434.1 502.5 570.0 570.0 570.0 566.4 562.8 559.2 555.6 552.0 548.4 548.4 548.4 505.2 462.0 417.9 374.7 330.6 287.4 287.4 287.4 427.8 567.3 707.7 848.1 987.6 1128.0 1128.0 1128.0 1108.2 1089.3 1068.6 1049.7 1029.9 1011.0 1011.0 1011.0 938.1 867.0 794.1 723.0 651.0 578.1 578.1 578.1 687.0 795.9 904.8 1013.7 1123.5 1232.4 1232.4 1232.4 1173.0 1115.4 1056.9 998.4 939.9 881.4 881.4 881.4 814.8 750.0 683.4 617.7 551.1 485.4 485.4 485.4 617.7 750.0 882.3 1014.6 1146.9 1279.2 1279.2 1279.2 1233.3 1185.6 1138.8 1092.0 1044.3 998.4 998.4 998.4 900.3 803.1 705.9 608.7 511.5 414.3 414.3 414.3 537.6 660.9 785.1 908.4 1031.7 1155.9 1155.9 1155.9 1116.3 1076.7 1036.2 996.6 957.0 917.4 917.4 917.4 835.5 753.6 671.7 590.7 508.8 426.9 426.9 426.9 471.9 516.0 560.1 605.1 650.1 694.2 694.2 694.2 768.0 841.8 914.7 988.5 1061.4 1135.2 1135.2 1135.2 1047.9 961.5 874.2 786.9 698.7 612.3 612.3 612.3 664.5 717.6 769.8 822.0 875.1 927.3 927.3 927.3 909.3 890.4 872.4 854.4 835.5 816.6 816.6 816.6 746.4 676.2 606.9 535.8 466.5 395.4 395.4 395.4 375.6 355.8 335.1 315.3 294.6 274.8 274.8 274.8 260.4 246.0 231.6 217.2 201.9 187.5 187.5 187.5 189.3 191.1 193.8 195.6 197.4 199.2 199.2 199.2 257.7 314.4 372.0 429.6 487.2 543.9 543.9 543.9 600.6 656.4 713.1 768.9 824.7 882.3 882.3 882.3 829.2 777.9 726.6 674.4 623.1 570.9 570.9 570.9 621.3 670.8 721.2 771.6 821.1 871.5 871.5 871.5 859.8 848.1 836.4 823.8 812.1 800.4 800.4 800.4 698.7 597.0 495.3 393.6 291.0 189.3 189.3 189.3 296.4 403.5 510.6 617.7 724.8 831.9 831.9 831.9 769.8 707.7 645.6 584.4 522.3 460.2 460.2 460.2 408.0 356.7 303.6
crearDespacho --mercado --conDemandaTotal
4
0.02 0.07 0.145 1.0
370.0 600.0 2400.0 4000.0
561.09 475.8 390.51 390.51 390.51 521.88 654.23 786.58 917.94 1050.29 1182.64 1182.64 1182.64 1150.29 1119.9 1089.51 1059.12 1027.74 997.35 997.35 997.35 953.24 909.12 864.02 819.91 774.81 729.71 729.71 729.71 836.57 942.45 1049.31 1154.21 1261.07 1366.95 1366.95 1366.95 1361.07 1355.18 1349.3 1343.42 1337.54 1331.65 1331.65 1331.65 1244.4 1156.17 1068.92 981.67 893.43 807.16 807.16 807.16 855.2 905.2 953.24 1002.25 1052.25 1100.29 1100.29 1100.29 1028.72 958.14 886.57 815.99 744.42 673.83 673.83 673.83 670.89 666.97 664.03 661.09 658.15 655.21 655.21 655.21 710.11 765.99 821.87 877.75 933.63 989.51 989.51 989.51 925.79 861.08 798.34 733.64 670.89 606.19 606.19 606.19 534.62 463.06 391.49 319.92 248.36 176.79 176.79 176.79 251.3 324.83 399.33 472.86 547.37 620.89 620.89 620.89 616.97 613.05 609.13 605.21 601.29 597.37 597.37 597.37 550.31 503.25 455.21 408.16 360.12 313.06 313.06 313.06 466.0 617.95 770.89 923.83 1075.78 1228.72 1228.72 1228.72 1207.15 1186.56 1164.01 1143.43 1121.86 1101.27 1101.27 1101.27 1021.86 944.41 865.0 787.56 709.13 629.72 629.72 629.72 748.34 866.96 985.59 1104.21 1223.82 1342.44 1342.44 1342.44 1277.74 1214.99 1151.27 1087.55 1023.82 960.1 960.1 960.1 887.55 816.97 744.42 672.85 600.31 528.74 528.74 528.74 672.85 816.97 961.08 1105.19 1249.3 1393.42 1393.42 1393.42 1343.42 1291.46 1240.48 1189.5 1137.54 1087.55 1087.55 1087.55 980.69 874.81 768.93 663.05 557.17 451.29 451.29 451.29 585.6 719.91 855.2 989.51 1123.82 1259.11 1259.11 1259.11 1215.97 1172.84 1128.72 1085.58 1042.45 999.31 999.31 999.31 910.1 820.89 731.67 643.44 554.23 465.02 465.02 465.02 514.04 562.07 610.11 659.13 708.15 756.18 756.18 756.18 836.57 916.96 996.37 1076.76 1156.17 1236.56 1236.56 1236.56 1141.47 1047.35 952.26 857.16 761.09 666.97 666.97 666.97 723.83 781.67 838.53 895.39 953.24 1010.1 1010.1 1010.1 990.49 969.9 950.3 930.69 910.1 889.51 889.51 889.51 813.04 736.58 661.09 583.64 508.15 430.7 430.7 430.7 409.14 387.57 365.02 343.45 320.9 299.34 299.34 299.34 283.65 267.96 252.28 236.59 219.93 204.24 204.24 204.24 206.2 208.16 211.1 213.06 215.03 216.99 216.99 216.99 280.71 342.47 405.22 467.96 530.7 592.46 592.46 592.46 654.23 715.01 776.77 837.55 898.34 961.08 961.08 961.08 903.24 847.36 791.48 734.62 678.74 621.87 621.87 621.87 676.77 730.69 785.59 840.49 894.41 949.31 949.31 949.31 936.57 923.83 911.08 897.36 884.61 871.87 871.87 871.87 761.09 650.31 539.52 428.74 316.98 206.2 206.2 206.2 322.87 439.53 556.19 672.85 789.52 906.18 906.18 906.18 838.53 770.89 703.24 636.58 568.94 501.29 501.29 501.29 444.43 388.55 330.71
configurarSolver --Gurobi
resolver --noConstante ejecuciones/bancos/recombinados/v1/directo/sgtm/v1_sgtm_000445.csv
finalizar
