inicializar --t 360
agregarAgente --SaltoGrande
0.00263
1115367887.0
4429.0 4465.0 4500.0 4536.0 4639.0 4705.0 4772.0 4839.0 4906.0 4972.0 5039.0 5106.0 5239.0 5306.0 5373.0 5440.0 5506.0 5573.0 5640.0 5707.0 5840.0 5907.0 5974.0 6040.0 6107.0 6174.0 6241.0 6307.0 6456.0 6537.0 6619.0 6701.0 6783.0 6864.0 6946.0 7028.0 7191.0 7273.0 7355.0 7437.0 7518.0 7600.0 7682.0 7764.0 7927.0 8009.0 8091.0 8172.0 8254.0 8336.0 8418.0 8499.0 8609.0 8636.0 8664.0 8692.0 8719.0 8747.0 8775.0 8802.0 8858.0 8885.0 8913.0 8941.0 8968.0 8996.0 9024.0 9051.0 9107.0 9134.0 9162.0 9190.0 9217.0 9245.0 9273.0 9300.0 9337.0 9347.0 9356.0 9365.0 9374.0 9384.0 9393.0 9402.0 9421.0 9430.0 9439.0 9448.0 9458.0 9467.0 9476.0 9485.0 9504.0 9513.0 9522.0 9532.0 9541.0 9550.0 9559.0 9569.0 9563.0 9548.0 9533.0 9519.0 9504.0 9489.0 9474.0 9459.0 9429.0 9415.0 9400.0 9385.0 9370.0 9355.0 9340.0 9326.0 9296.0 9281.0 9266.0 9251.0 9236.0 9222.0 9207.0 9192.0 9139.0 9102.0 9064.0 9026.0 8989.0 8951.0 8913.0 8876.0 8800.0 8763.0 8725.0 8687.0 8650.0 8612.0 8574.0 8537.0 8461.0 8424.0 8386.0 8348.0 8311.0 8273.0 8235.0 8198.0 8103.0 8046.0 7988.0 7931.0 7874.0 7817.0 7760.0 7703.0 7588.0 7531.0 7474.0 7417.0 7359.0 7302.0 7245.0 7188.0 7073.0 7016.0 6959.0 6902.0 6845.0 6788.0 6730.0 6673.0 6584.0 6553.0 6521.0 6490.0 6458.0 6427.0 6395.0 6364.0 6301.0 6269.0 6238.0 6206.0 6175.0 6143.0 6112.0 6080.0 6017.0 5986.0 5954.0 5923.0 5891.0 5860.0 5828.0 5797.0 5725.0 5684.0 5644.0 5603.0 5563.0 5523.0 5482.0 5442.0 5361.0 5321.0 5280.0 5240.0 5199.0 5159.0 5118.0 5078.0 4997.0 4957.0 4916.0 4876.0 4836.0 4795.0 4755.0 4714.0 4648.0 4623.0 4597.0 4571.0 4545.0 4520.0 4494.0 4468.0 4417.0 4391.0 4366.0 4340.0 4314.0 4288.0 4263.0 4237.0 4186.0 4160.0 4134.0 4109.0 4083.0 4057.0 4031.0 4006.0 3950.0 3920.0 3891.0 3861.0 3831.0 3801.0 3772.0 3742.0 3682.0 3652.0 3623.0 3593.0 3563.0 3533.0 3504.0 3474.0 3414.0 3384.0 3355.0 3325.0 3295.0 3265.0 3236.0 3206.0 3161.0 3145.0 3130.0 3114.0 3099.0 3083.0 3068.0 3052.0 3021.0 3006.0 2990.0 2975.0 2959.0 2944.0 2928.0 2913.0 2882.0 2866.0 2851.0 2835.0 2820.0 2804.0 2789.0 2773.0 2755.0 2753.0 2750.0 2747.0 2744.0 2742.0 2739.0 2736.0 2731.0 2728.0 2726.0 2723.0 2720.0 2717.0 2715.0 2712.0 2707.0 2704.0 2701.0 2699.0 2696.0 2693.0 2690.0 2688.0 2677.0 2669.0 2661.0 2653.0 2645.0 2637.0 2629.0 2621.0 2605.0 2597.0 2589.0 2581.0 2573.0 2565.0 2557.0 2549.0 2533.0 2525.0 2517.0 2509.0 2501.0 2493.0 2485.0 2477.0 2471.0 2474.0 2476.0 2479.0 2481.0 2483.0 2486.0 2488.0 2493.0 2495.0 2498.0 2500.0 2503.0 2505.0 2508.0 2510.0 2515.0 2517.0 2520.0 2522.0
agregarAgente --UnidadTermicaSimple
200.0
100.0
agregarAgente --DemandaFija
465.6 450.6 435.0 426.0 419.4 437.4 455.4 472.2 490.2 508.2 526.2 528.6 534.0 544.2 553.8 564.0 574.2 584.4 594.6 597.6 595.8 582.0 568.8 555.0 541.8 527.4 514.2 508.2 496.8 493.2 489.0 486.0 481.8 478.2 474.6 468.6 468.0 474.0 480.0 484.8 491.4 496.8 503.4 508.2 511.8 506.4 502.2 497.4 493.2 489.0 483.6 481.8 483.6 490.8 497.4 505.2 511.8 519.6 526.2 529.8 535.8 541.2 547.2 552.0 558.0 563.4 569.4 572.4 568.8 563.4 558.0 552.6 547.2 542.4 537.0 531.0 531.6 541.2 551.4 561.6 571.8 582.0 592.2 598.8 610.2 625.2 640.2 655.8 671.4 687.0 702.6 707.4 712.2 699.0 685.2 672.0 658.8 644.4 631.2 631.2 627.0 625.2 624.0 622.2 621.0 619.2 617.4 612.6 606.6 615.6 624.0 632.4 640.8 649.2 657.6 656.4 658.2 648.6 639.0 630.0 619.8 610.8 601.2 604.2 609.0 607.8 606.6 605.4 604.2 603.0 601.8 604.2 608.4 601.8 594.0 586.8 579.6 572.4 565.2 567.0 568.2 567.0 566.4 565.2 564.0 562.8 562.2 561.6 562.2 565.8 570.0 573.6 577.2 582.0 585.0 585.6 586.2 586.2 587.4 588.0 588.6 589.8 591.0 589.8 585.6 576.6 567.0 558.0 549.0 540.0 530.4 526.8 521.4 518.4 515.4 513.0 509.4 506.4 502.8 501.0 499.2 505.8 511.8 518.4 525.0 531.6 538.8 538.8 535.8 511.8 487.8 463.8 439.8 415.2 391.8 388.2 382.8 380.4 378.6 376.8 374.4 372.0 370.8 367.8 369.0 375.0 380.4 387.0 393.0 398.4 404.4 408.0 407.4 401.4 394.8 388.8 382.8 376.8 370.2 366.6 369.0 375.6 381.6 387.6 394.8 400.8 407.4 414.0 418.8 418.2 417.0 416.4 415.2 414.6 414.0 412.8 408.0 405.0 402.0 399.0 395.4 393.0 389.4 385.8 385.8 385.8 385.8 385.2 385.2 385.2 384.6 388.8 393.0 397.2 400.8 405.6 409.2 413.4 417.0 417.6 411.0 406.2 400.8 395.4 390.6 385.2 379.8 373.2 370.8 391.8 412.8 433.2 454.2 474.6 495.6 499.8 505.2 513.6 522.0 530.4 538.2 546.6 555.6 557.4 547.2 520.8 495.0 468.6 442.8 416.4 390.6 379.2 371.4 380.4 389.4 398.4 408.0 417.0 426.6 429.6 437.4 448.2 459.0 469.8 480.6 492.0 502.8 508.2 504.6 489.6 474.6 460.2 445.2 430.8 415.8 407.4 403.8 409.2 415.2 420.6 426.6 432.0 438.0 442.8 449.4 453.6 457.8 462.0 465.6 469.8 474.0 475.8 468.6 455.4 442.8 429.6 416.4 403.2 390.6 381.0 372.0 376.8 381.0 385.2 389.4 393.6 398.4 398.4 400.8 405.6 409.8 414.0 418.2 422.4 427.2 430.2 427.8 414.6 400.2 386.4
crearDespacho --mercado --conDemandaTotal
4
0.02 0.07 0.145 1.0
370.0 600.0 2400.0 4000.0
649.26 628.35 606.59 594.04 584.84 609.94 635.04 658.47 683.57 708.67 733.77 737.11 744.64 758.87 772.25 786.48 800.7 814.92 829.15 833.33 830.82 811.58 793.17 773.93 755.52 735.44 717.03 708.67 692.77 687.75 681.89 677.71 671.85 666.83 661.81 653.45 652.61 660.98 669.34 676.04 685.24 692.77 701.97 708.67 713.69 706.16 700.3 693.61 687.75 681.89 674.36 671.85 674.36 684.4 693.61 704.48 713.69 724.56 733.77 738.79 747.15 754.68 763.05 769.74 778.11 785.64 794.01 798.19 793.17 785.64 778.11 770.58 763.05 756.36 748.83 740.46 741.3 754.68 768.91 783.13 797.35 811.58 825.8 835.0 850.9 871.82 892.74 914.49 936.24 958.0 979.75 986.44 993.14 974.73 955.49 937.08 918.67 898.59 880.19 880.19 874.33 871.82 870.15 867.64 865.96 863.45 860.94 854.25 845.88 858.43 870.15 881.86 893.57 905.29 917.0 915.33 917.84 904.45 891.06 878.51 864.29 851.74 838.35 842.54 849.23 847.56 845.88 844.21 842.54 840.86 839.19 842.54 848.39 839.19 828.31 818.27 808.23 798.19 788.15 790.66 792.33 790.66 789.82 788.15 786.48 784.8 783.97 783.13 783.97 788.99 794.84 799.86 804.88 811.58 815.76 816.6 817.43 817.43 819.11 819.94 820.78 822.45 824.13 822.45 816.6 804.05 790.66 778.11 765.56 753.01 739.62 734.6 727.07 722.89 718.71 715.36 710.34 706.16 701.14 698.63 696.12 705.32 713.69 722.89 732.09 741.3 751.34 751.34 747.15 713.69 680.22 646.75 613.29 578.98 546.35 541.33 533.8 530.45 527.94 525.43 522.09 518.74 517.07 512.88 514.56 522.92 530.45 539.66 548.02 555.55 563.92 568.94 568.1 559.74 550.53 542.17 533.8 525.43 516.23 511.21 514.56 523.76 532.13 540.49 550.53 558.9 568.1 577.31 584.0 583.16 581.49 580.65 578.98 578.14 577.31 575.63 568.94 564.76 560.57 556.39 551.37 548.02 543.0 537.98 537.98 537.98 537.98 537.15 537.15 537.15 536.31 542.17 548.02 553.88 558.9 565.59 570.61 576.47 581.49 582.33 573.12 566.43 558.9 551.37 544.68 537.15 529.62 520.41 517.07 546.35 575.63 604.08 633.37 661.81 691.1 696.95 704.48 716.2 727.91 739.62 750.5 762.21 774.76 777.27 763.05 726.24 690.26 653.45 617.47 580.65 544.68 528.78 517.9 530.45 543.0 555.55 568.94 581.49 594.88 599.06 609.94 625.0 640.06 655.12 670.18 686.08 701.14 708.67 703.65 682.73 661.81 641.73 620.82 600.74 579.82 568.1 563.08 570.61 578.98 586.51 594.88 602.41 610.78 617.47 626.67 632.53 638.39 644.24 649.26 655.12 660.98 663.49 653.45 635.04 617.47 599.06 580.65 562.25 544.68 531.29 518.74 525.43 531.29 537.15 543.0 548.86 555.55 555.55 558.9 565.59 571.45 577.31 583.16 589.02 595.71 599.9 596.55 578.14 558.06 538.82
configurarSolver --Gurobi
resolver --noConstante ejecuciones/bancos/recombinados/v1/directo/sgtm/v1_sgtm_000493.csv
finalizar
