inicializar --t 360
agregarAgente --SaltoGrande
0.0017
2032464238.0
9542.0 9596.0 9651.0 9705.0 9773.0 9786.0 9799.0 9812.0 9826.0 9839.0 9852.0 9865.0 9891.0 9904.0 9917.0 9930.0 9944.0 9957.0 9970.0 9983.0 10009.0 10022.0 10035.0 10048.0 10062.0 10075.0 10088.0 10101.0 10110.0 10106.0 10102.0 10097.0 10093.0 10089.0 10085.0 10081.0 10073.0 10068.0 10064.0 10060.0 10056.0 10052.0 10048.0 10043.0 10035.0 10031.0 10027.0 10023.0 10019.0 10014.0 10010.0 10006.0 9993.0 9984.0 9975.0 9966.0 9957.0 9948.0 9939.0 9930.0 9912.0 9903.0 9894.0 9885.0 9876.0 9867.0 9858.0 9849.0 9831.0 9822.0 9813.0 9804.0 9795.0 9786.0 9777.0 9768.0 9705.0 9651.0 9596.0 9542.0 9488.0 9434.0 9380.0 9326.0 9217.0 9163.0 9109.0 9055.0 9000.0 8946.0 8892.0 8838.0 8729.0 8675.0 8621.0 8567.0 8513.0 8459.0 8404.0 8350.0 8257.0 8218.0 8179.0 8140.0 8101.0 8062.0 8023.0 7984.0 7906.0 7867.0 7828.0 7789.0 7751.0 7712.0 7673.0 7634.0 7556.0 7517.0 7478.0 7439.0 7400.0 7361.0 7322.0 7283.0 7210.0 7177.0 7143.0 7109.0 7075.0 7042.0 7008.0 6974.0 6907.0 6873.0 6839.0 6805.0 6772.0 6738.0 6704.0 6670.0 6603.0 6569.0 6535.0 6502.0 6468.0 6434.0 6400.0 6367.0 6302.0 6271.0 6240.0 6208.0 6177.0 6146.0 6115.0 6084.0 6022.0 5990.0 5959.0 5928.0 5897.0 5866.0 5835.0 5803.0 5741.0 5710.0 5679.0 5648.0 5617.0 5585.0 5554.0 5523.0 5481.0 5470.0 5459.0 5448.0 5437.0 5426.0 5415.0 5404.0 5382.0 5371.0 5360.0 5349.0 5339.0 5328.0 5317.0 5306.0 5284.0 5273.0 5262.0 5251.0 5240.0 5229.0 5218.0 5207.0 5196.0 5195.0 5195.0 5194.0 5194.0 5194.0 5193.0 5193.0 5192.0 5192.0 5191.0 5191.0 5190.0 5190.0 5189.0 5189.0 5188.0 5188.0 5187.0 5187.0 5187.0 5186.0 5186.0 5185.0 5187.0 5190.0 5192.0 5194.0 5197.0 5199.0 5201.0 5204.0 5208.0 5211.0 5213.0 5215.0 5218.0 5220.0 5222.0 5225.0 5229.0 5232.0 5234.0 5236.0 5239.0 5241.0 5243.0 5246.0 5252.0 5257.0 5261.0 5265.0 5269.0 5274.0 5278.0 5282.0 5291.0 5295.0 5299.0 5303.0 5308.0 5312.0 5316.0 5320.0 5329.0 5333.0 5337.0 5342.0 5346.0 5350.0 5354.0 5359.0 5354.0 5346.0 5337.0 5328.0 5319.0 5311.0 5302.0 5293.0 5276.0 5267.0 5259.0 5250.0 5241.0 5232.0 5224.0 5215.0 5198.0 5189.0 5180.0 5172.0 5163.0 5154.0 5145.0 5137.0 5126.0 5123.0 5121.0 5118.0 5116.0 5113.0 5111.0 5108.0 5103.0 5101.0 5098.0 5096.0 5093.0 5091.0 5088.0 5086.0 5081.0 5078.0 5076.0 5073.0 5071.0 5068.0 5066.0 5063.0 5058.0 5055.0 5052.0 5049.0 5047.0 5044.0 5041.0 5038.0 5032.0 5029.0 5026.0 5023.0 5021.0 5018.0 5015.0 5012.0 5006.0 5003.0 5000.0 4997.0 4995.0 4992.0 4989.0 4986.0 4984.0 4984.0 4985.0 4986.0 4986.0 4987.0 4987.0 4988.0 4989.0 4990.0 4991.0 4991.0 4992.0 4992.0 4993.0 4994.0 4995.0 4996.0 4996.0 4997.0
agregarAgente --UnidadTermicaSimple
200.0
100.0
agregarAgente --DemandaFija
558.6 488.4 418.2 418.2 418.2 463.8 508.8 554.4 599.4 645.0 690.6 690.6 690.6 715.8 740.4 765.0 790.2 815.4 840.0 840.0 840.0 799.2 758.4 718.2 676.8 636.6 595.2 595.2 595.2 628.2 661.2 693.6 726.6 759.0 792.0 792.0 792.0 822.6 853.2 884.4 915.0 946.2 976.8 976.8 976.8 889.8 802.8 715.2 628.2 541.2 454.2 454.2 454.2 471.0 487.2 504.0 520.8 538.2 554.4 554.4 554.4 572.4 589.8 607.8 626.4 643.8 661.8 661.8 661.8 586.2 510.6 435.0 359.4 283.8 208.8 208.8 208.8 294.6 380.4 466.2 552.0 637.8 723.6 723.6 723.6 712.8 702.0 690.6 679.8 669.0 658.8 658.8 658.8 568.8 478.8 388.8 299.4 209.4 118.8 118.8 118.8 180.6 242.4 303.6 364.8 426.6 488.4 488.4 488.4 489.0 489.6 490.2 491.4 492.0 492.6 492.6 492.6 438.0 383.4 328.8 273.6 219.0 164.4 164.4 164.4 255.0 346.2 436.8 528.0 619.2 710.4 710.4 710.4 673.8 637.8 601.8 565.8 529.2 493.8 493.8 493.8 415.2 336.6 258.0 180.0 101.4 22.8 22.8 22.8 49.2 75.6 101.4 127.8 153.6 180.0 180.0 180.0 213.0 246.0 279.0 312.6 345.6 379.2 379.2 379.2 395.4 411.0 426.6 442.8 459.0 474.6 474.6 474.6 501.6 528.6 556.2 583.2 610.2 637.8 637.8 637.8 616.2 594.0 572.4 550.8 529.2 507.6 507.6 507.6 478.8 449.4 421.2 392.4 363.0 334.8 334.8 334.8 355.8 377.4 399.0 420.0 441.0 462.6 462.6 462.6 445.8 429.0 412.8 396.0 379.2 362.4 362.4 362.4 327.6 292.8 257.4 222.6 187.2 152.4 152.4 152.4 232.2 312.0 391.8 471.6 551.4 631.2 631.2 631.2 676.2 721.8 766.8 812.4 857.4 902.4 902.4 902.4 838.8 775.2 712.2 648.0 584.4 520.8 520.8 520.8 567.6 613.8 660.6 708.0 754.2 801.0 801.0 801.0 778.2 755.4 733.2 710.4 687.6 664.8 664.8 664.8 607.8 551.4 493.8 436.8 380.4 323.4 323.4 323.4 379.2 435.0 490.8 546.6 602.4 658.2 658.2 658.2 666.6 675.0 684.0 692.4 701.4 709.8 709.8 709.8 619.2 528.0 437.4 346.8 256.2 165.6 165.6 165.6 216.6 267.0 318.6 369.6 420.0 471.6 471.6 471.6 513.0 555.6 597.6 640.2 681.6 724.2 724.2 724.2 699.0 673.2 648.0 622.8 597.0 571.8 571.8 571.8 593.4 614.4 636.0 657.6 678.6 700.2 700.2 700.2 688.8 678.0 667.2 656.4 645.6 634.8 634.8 634.8 601.2 568.2 535.8 502.2 469.2 435.6 435.6 435.6 494.4 553.2 612.0 670.8 729.6 788.4 788.4 788.4 808.8 829.2 849.6 870.6 891.0 910.8 910.8 910.8 868.8 826.2 783.6
crearDespacho --mercado --conDemandaTotal
4
0.02 0.07 0.145 1.0
370.0 600.0 2400.0 4000.0
909.79 795.46 681.12 681.12 681.12 755.39 828.68 902.95 976.25 1050.51 1124.78 1124.78 1124.78 1165.83 1205.89 1245.96 1287.0 1328.05 1368.11 1368.11 1368.11 1301.66 1235.21 1169.74 1102.31 1036.83 969.4 969.4 969.4 1023.15 1076.9 1129.67 1183.42 1236.19 1289.93 1289.93 1289.93 1339.77 1389.61 1440.43 1490.26 1541.08 1590.92 1590.92 1590.92 1449.22 1307.52 1164.85 1023.15 881.45 739.76 739.76 739.76 767.12 793.5 820.87 848.23 876.57 902.95 902.95 902.95 932.27 960.61 989.93 1020.22 1048.56 1077.88 1077.88 1077.88 954.75 831.62 708.49 585.36 462.23 340.07 340.07 340.07 479.82 619.56 759.3 899.04 1038.79 1178.53 1178.53 1178.53 1160.94 1143.35 1124.78 1107.19 1089.6 1072.99 1072.99 1072.99 926.41 779.82 633.24 487.63 341.05 193.49 193.49 193.49 294.14 394.8 494.47 594.15 694.81 795.46 795.46 795.46 796.44 797.41 798.39 800.35 801.32 802.3 802.3 802.3 713.37 624.45 535.52 445.61 356.69 267.76 267.76 267.76 415.32 563.86 711.42 859.96 1008.49 1157.03 1157.03 1157.03 1097.42 1038.79 980.15 921.52 861.91 804.25 804.25 804.25 676.24 548.22 420.21 293.17 165.15 37.13 37.13 37.13 80.13 123.13 165.15 208.15 250.17 293.17 293.17 293.17 346.91 400.66 454.41 509.13 562.88 617.6 617.6 617.6 643.99 669.4 694.81 721.19 747.58 772.98 772.98 772.98 816.96 860.93 905.89 949.86 993.84 1038.79 1038.79 1038.79 1003.61 967.45 932.27 897.09 861.91 826.73 826.73 826.73 779.82 731.94 686.01 639.1 591.22 545.29 545.29 545.29 579.49 614.67 649.85 684.06 718.26 753.44 753.44 753.44 726.08 698.71 672.33 644.97 617.6 590.24 590.24 590.24 533.56 476.88 419.23 362.55 304.89 248.21 248.21 248.21 378.19 508.16 638.13 768.1 898.07 1028.04 1028.04 1028.04 1101.33 1175.6 1248.89 1323.16 1396.45 1469.74 1469.74 1469.74 1366.16 1262.57 1159.96 1055.4 951.81 848.23 848.23 848.23 924.45 999.7 1075.92 1153.12 1228.37 1304.59 1304.59 1304.59 1267.46 1230.32 1194.17 1157.03 1119.9 1082.76 1082.76 1082.76 989.93 898.07 804.25 711.42 619.56 526.72 526.72 526.72 617.6 708.49 799.37 890.25 981.13 1072.01 1072.01 1072.01 1085.69 1099.38 1114.03 1127.71 1142.37 1156.05 1156.05 1156.05 1008.49 859.96 712.4 564.83 417.27 269.71 269.71 269.71 352.78 434.86 518.91 601.97 684.06 768.1 768.1 768.1 835.53 904.91 973.31 1042.7 1110.12 1179.51 1179.51 1179.51 1138.46 1096.44 1055.4 1014.36 972.34 931.29 931.29 931.29 966.47 1000.68 1035.86 1071.04 1105.24 1140.42 1140.42 1140.42 1121.85 1104.26 1086.67 1069.08 1051.49 1033.9 1033.9 1033.9 979.18 925.43 872.66 817.94 764.19 709.46 709.46 709.46 805.23 901.0 996.77 1092.53 1188.3 1284.07 1284.07 1284.07 1317.3 1350.52 1383.75 1417.95 1451.18 1483.42 1483.42 1483.42 1415.02 1345.64 1276.25
configurarSolver --Gurobi
resolver --noConstante ejecuciones/bancos/recombinados/v1/directo/sgtm/v1_sgtm_000030.csv
finalizar
