inicializar --t 360
agregarAgente --SaltoGrande
0.000209
1681415995.0
5942.0 5976.0 6010.0 6044.0 6077.0 6075.0 6074.0 6072.0 6071.0 6069.0 6068.0 6066.0 6063.0 6062.0 6060.0 6059.0 6057.0 6056.0 6054.0 6053.0 6050.0 6048.0 6047.0 6045.0 6044.0 6042.0 6041.0 6039.0 6020.0 6003.0 5985.0 5967.0 5949.0 5932.0 5914.0 5896.0 5861.0 5843.0 5825.0 5807.0 5790.0 5772.0 5754.0 5736.0 5701.0 5683.0 5665.0 5648.0 5630.0 5612.0 5594.0 5577.0 5528.0 5497.0 5467.0 5436.0 5405.0 5374.0 5343.0 5312.0 5251.0 5220.0 5189.0 5158.0 5128.0 5097.0 5066.0 5035.0 4974.0 4943.0 4912.0 4881.0 4850.0 4819.0 4789.0 4758.0 4701.0 4675.0 4650.0 4624.0 4598.0 4572.0 4546.0 4520.0 4469.0 4443.0 4417.0 4391.0 4366.0 4340.0 4314.0 4288.0 4237.0 4211.0 4185.0 4159.0 4133.0 4107.0 4082.0 4056.0 4016.0 4003.0 3989.0 3976.0 3962.0 3949.0 3935.0 3922.0 3894.0 3881.0 3867.0 3854.0 3840.0 3827.0 3813.0 3800.0 3772.0 3759.0 3745.0 3732.0 3718.0 3705.0 3691.0 3678.0 3644.0 3623.0 3603.0 3583.0 3562.0 3542.0 3522.0 3501.0 3461.0 3440.0 3420.0 3400.0 3379.0 3359.0 3339.0 3318.0 3278.0 3257.0 3237.0 3217.0 3196.0 3176.0 3156.0 3135.0 3094.0 3073.0 3053.0 3032.0 3011.0 2990.0 2970.0 2949.0 2907.0 2886.0 2866.0 2845.0 2824.0 2803.0 2783.0 2762.0 2720.0 2699.0 2679.0 2658.0 2637.0 2616.0 2596.0 2575.0 2541.0 2527.0 2514.0 2500.0 2487.0 2473.0 2460.0 2446.0 2419.0 2406.0 2392.0 2379.0 2365.0 2352.0 2338.0 2325.0 2298.0 2284.0 2271.0 2257.0 2244.0 2230.0 2217.0 2203.0 2183.0 2175.0 2168.0 2160.0 2153.0 2146.0 2138.0 2131.0 2116.0 2109.0 2101.0 2094.0 2086.0 2079.0 2071.0 2064.0 2049.0 2042.0 2034.0 2027.0 2020.0 2012.0 2005.0 1997.0 1985.0 1981.0 1976.0 1972.0 1967.0 1962.0 1958.0 1953.0 1944.0 1939.0 1935.0 1930.0 1926.0 1921.0 1917.0 1912.0 1903.0 1898.0 1894.0 1889.0 1884.0 1880.0 1875.0 1871.0 1864.0 1862.0 1861.0 1859.0 1857.0 1855.0 1854.0 1852.0 1848.0 1846.0 1845.0 1843.0 1841.0 1839.0 1838.0 1836.0 1832.0 1830.0 1829.0 1827.0 1825.0 1823.0 1822.0 1820.0 1820.0 1822.0 1824.0 1826.0 1829.0 1831.0 1833.0 1835.0 1839.0 1841.0 1843.0 1845.0 1848.0 1850.0 1852.0 1854.0 1858.0 1860.0 1862.0 1864.0 1867.0 1869.0 1871.0 1873.0 1878.0 1882.0 1885.0 1888.0 1892.0 1895.0 1899.0 1902.0 1909.0 1912.0 1915.0 1919.0 1922.0 1926.0 1929.0 1932.0 1939.0 1942.0 1946.0 1949.0 1953.0 1956.0 1959.0 1963.0 1969.0 1973.0 1976.0 1980.0 1983.0 1987.0 1990.0 1994.0 2000.0 2004.0 2007.0 2011.0 2014.0 2018.0 2021.0 2025.0 2031.0 2035.0 2038.0 2042.0 2045.0 2049.0 2052.0 2056.0 2055.0 2051.0 2047.0 2043.0 2039.0 2035.0 2030.0 2026.0 2018.0 2014.0 2010.0 2006.0 2002.0 1998.0 1994.0 1990.0 1982.0 1978.0 1973.0 1969.0
agregarAgente --UnidadTermicaSimple
200.0
100.0
agregarAgente --DemandaFija
607.8 623.1 638.4 638.4 638.4 710.4 781.5 852.6 923.7 995.7 1066.8 1066.8 1066.8 1002.0 936.3 870.6 804.9 739.2 673.5 673.5 673.5 570.9 469.2 366.6 264.0 161.4 58.8 58.8 58.8 69.6 80.4 93.0 103.8 114.6 125.4 125.4 125.4 137.1 148.8 160.5 173.1 184.8 196.5 196.5 196.5 182.1 166.8 152.4 138.0 122.7 108.3 108.3 108.3 180.3 252.3 324.3 397.2 469.2 541.2 541.2 541.2 551.1 560.1 570.0 579.9 589.8 599.7 599.7 599.7 561.0 523.2 484.5 445.8 408.0 370.2 370.2 370.2 452.1 535.8 618.6 701.4 785.1 867.9 867.9 867.9 867.9 868.8 868.8 868.8 869.7 869.7 869.7 869.7 746.4 622.2 498.9 374.7 251.4 127.2 127.2 127.2 224.4 319.8 417.0 514.2 610.5 707.7 707.7 707.7 729.3 751.8 774.3 795.9 818.4 840.9 840.9 840.9 749.1 656.4 563.7 471.9 380.1 287.4 287.4 287.4 342.3 396.3 450.3 505.2 560.1 615.0 615.0 615.0 613.2 610.5 608.7 606.9 605.1 603.3 603.3 603.3 554.7 507.0 457.5 409.8 362.1 313.5 313.5 313.5 381.0 448.5 516.9 584.4 651.9 719.4 719.4 719.4 738.3 757.2 776.1 795.0 813.0 832.8 832.8 832.8 804.9 777.9 750.9 723.9 696.0 668.1 668.1 668.1 711.3 752.7 794.1 836.4 878.7 920.1 920.1 920.1 928.2 936.3 944.4 954.3 962.4 970.5 970.5 970.5 948.9 929.1 908.4 888.6 867.9 848.1 848.1 848.1 890.4 932.7 975.0 1017.3 1059.6 1102.8 1102.8 1102.8 1083.9 1064.1 1045.2 1026.3 1007.4 988.5 988.5 988.5 959.7 930.9 902.1 874.2 846.3 816.6 816.6 816.6 825.6 834.6 843.6 851.7 859.8 868.8 868.8 868.8 850.8 832.8 813.9 796.8 778.8 760.8 760.8 760.8 741.9 722.1 701.4 682.5 662.7 643.8 643.8 643.8 642.9 642.0 641.1 639.3 638.4 637.5 637.5 637.5 658.2 678.9 699.6 721.2 741.9 762.6 762.6 762.6 760.8 759.9 758.1 756.3 754.5 752.7 752.7 752.7 764.4 776.1 786.9 798.6 809.4 821.1 821.1 821.1 821.1 820.2 820.2 819.3 819.3 819.3 819.3 819.3 759.0 697.8 637.5 575.4 515.1 453.9 453.9 453.9 528.6 603.3 676.2 750.9 824.7 898.5 898.5 898.5 849.0 798.6 748.2 697.8 648.3 598.8 598.8 598.8 525.0 451.2 379.2 305.4 232.5 159.6 159.6 159.6 199.2 240.6 280.2 320.7 361.2 400.8 400.8 400.8 396.3 390.9 386.4 381.0 375.6 371.1 371.1 371.1 363.9 356.7 349.5 342.3 334.2 327.0 327.0 327.0 441.3 555.6 669.9 784.2 898.5 1012.8 1012.8 1012.8 957.9 903.0 849.0 793.2 739.2 683.4 683.4 683.4 633.9 585.3 534.9
crearDespacho --mercado --conDemandaTotal
4
0.02 0.07 0.145 1.0
370.0 600.0 2400.0 4000.0
670.96 687.85 704.74 704.74 704.74 784.23 862.71 941.2 1019.69 1099.17 1177.66 1177.66 1177.66 1106.13 1033.6 961.07 888.55 816.02 743.49 743.49 743.49 630.23 517.96 404.7 291.44 178.17 64.91 64.91 64.91 76.83 88.76 102.66 114.59 126.51 138.43 138.43 138.43 151.35 164.26 177.18 191.09 204.0 216.92 216.92 216.92 201.02 184.13 168.24 152.34 135.45 119.55 119.55 119.55 199.04 278.52 358.0 438.48 517.96 597.44 597.44 597.44 608.37 618.31 629.24 640.16 651.09 662.02 662.02 662.02 619.3 577.57 534.85 492.13 450.4 408.67 408.67 408.67 499.08 591.48 682.89 774.29 866.69 958.09 958.09 958.09 958.09 959.09 959.09 959.09 960.08 960.08 960.08 960.08 823.97 686.86 550.75 413.64 277.53 140.42 140.42 140.42 247.72 353.03 460.34 567.64 673.94 781.25 781.25 781.25 805.09 829.93 854.77 878.61 903.45 928.29 928.29 928.29 826.95 724.61 622.28 520.94 419.6 317.27 317.27 317.27 377.87 437.48 497.1 557.7 618.31 678.91 678.91 678.91 676.92 673.94 671.96 669.97 667.98 666.0 666.0 666.0 612.35 559.69 505.04 452.39 399.73 346.08 346.08 346.08 420.59 495.11 570.62 645.13 719.65 794.16 794.16 794.16 815.03 835.89 856.75 877.62 897.49 919.35 919.35 919.35 888.55 858.74 828.93 799.13 768.33 737.53 737.53 737.53 785.22 830.92 876.62 923.32 970.02 1015.72 1015.72 1015.72 1024.66 1033.6 1042.54 1053.47 1062.41 1071.36 1071.36 1071.36 1047.51 1025.65 1002.8 980.94 958.09 936.24 936.24 936.24 982.93 1029.63 1076.32 1123.02 1169.72 1217.4 1217.4 1217.4 1196.54 1174.68 1153.82 1132.95 1112.09 1091.23 1091.23 1091.23 1059.43 1027.64 995.85 965.05 934.25 901.46 901.46 901.46 911.4 921.33 931.27 940.21 949.15 959.09 959.09 959.09 939.22 919.35 898.48 879.6 859.73 839.86 839.86 839.86 819.0 797.14 774.29 753.43 731.57 710.7 710.7 710.7 709.71 708.72 707.72 705.74 704.74 703.75 703.75 703.75 726.6 749.45 772.3 796.15 819.0 841.85 841.85 841.85 839.86 838.87 836.88 834.9 832.91 830.92 830.92 830.92 843.84 856.75 868.68 881.59 893.51 906.43 906.43 906.43 906.43 905.44 905.44 904.44 904.44 904.44 904.44 904.44 837.88 770.32 703.75 635.2 568.63 501.07 501.07 501.07 583.53 666.0 746.47 828.93 910.4 991.87 991.87 991.87 937.23 881.59 825.95 770.32 715.67 661.03 661.03 661.03 579.56 498.09 418.61 337.14 256.66 176.19 176.19 176.19 219.9 265.6 309.32 354.03 398.74 442.45 442.45 442.45 437.48 431.52 426.56 420.59 414.63 409.67 409.67 409.67 401.72 393.77 385.82 377.87 368.93 360.98 360.98 360.98 487.16 613.34 739.52 865.7 991.87 1118.05 1118.05 1118.05 1057.45 996.84 937.23 875.63 816.02 754.42 754.42 754.42 699.78 646.13 590.49
configurarSolver --Gurobi
resolver --noConstante ejecuciones/bancos/recombinados/v1/directo/sgtm/v1_sgtm_000191.csv
finalizar
