inicializar --t 360
agregarAgente --SaltoGrande
0.000536
1696918051.0
2524.0 2527.0 2529.0 2532.0 2550.0 2566.0 2582.0 2598.0 2613.0 2629.0 2645.0 2661.0 2693.0 2709.0 2725.0 2741.0 2756.0 2772.0 2788.0 2804.0 2836.0 2852.0 2868.0 2884.0 2899.0 2915.0 2931.0 2947.0 2992.0 3022.0 3051.0 3080.0 3110.0 3139.0 3169.0 3198.0 3257.0 3286.0 3315.0 3345.0 3374.0 3404.0 3433.0 3462.0 3521.0 3550.0 3580.0 3609.0 3639.0 3668.0 3697.0 3727.0 3836.0 3916.0 3996.0 4076.0 4156.0 4236.0 4315.0 4395.0 4555.0 4635.0 4715.0 4795.0 4875.0 4955.0 5035.0 5115.0 5275.0 5355.0 5434.0 5514.0 5594.0 5674.0 5754.0 5834.0 5880.0 5847.0 5813.0 5780.0 5746.0 5713.0 5679.0 5646.0 5578.0 5545.0 5511.0 5478.0 5444.0 5411.0 5377.0 5344.0 5276.0 5243.0 5209.0 5176.0 5142.0 5109.0 5075.0 5042.0 5002.0 4996.0 4990.0 4984.0 4977.0 4971.0 4965.0 4959.0 4947.0 4941.0 4935.0 4929.0 4922.0 4916.0 4910.0 4904.0 4892.0 4886.0 4880.0 4874.0 4867.0 4861.0 4855.0 4849.0 4844.0 4844.0 4845.0 4846.0 4847.0 4847.0 4848.0 4849.0 4850.0 4851.0 4852.0 4853.0 4853.0 4854.0 4855.0 4856.0 4857.0 4858.0 4859.0 4859.0 4860.0 4861.0 4862.0 4862.0 4892.0 4921.0 4950.0 4979.0 5008.0 5037.0 5066.0 5095.0 5153.0 5182.0 5211.0 5240.0 5268.0 5297.0 5326.0 5355.0 5413.0 5442.0 5471.0 5500.0 5529.0 5558.0 5587.0 5616.0 5694.0 5743.0 5793.0 5842.0 5891.0 5940.0 5989.0 6038.0 6137.0 6186.0 6235.0 6284.0 6334.0 6383.0 6432.0 6481.0 6580.0 6629.0 6678.0 6727.0 6776.0 6825.0 6875.0 6924.0 7007.0 7041.0 7076.0 7110.0 7144.0 7178.0 7212.0 7246.0 7315.0 7349.0 7383.0 7417.0 7452.0 7486.0 7520.0 7554.0 7623.0 7657.0 7691.0 7725.0 7759.0 7793.0 7828.0 7862.0 7929.0 7962.0 7996.0 8029.0 8062.0 8095.0 8129.0 8162.0 8228.0 8261.0 8295.0 8328.0 8361.0 8394.0 8428.0 8461.0 8527.0 8560.0 8594.0 8627.0 8660.0 8693.0 8727.0 8760.0 8809.0 8826.0 8842.0 8858.0 8874.0 8891.0 8907.0 8923.0 8956.0 8972.0 8989.0 9005.0 9021.0 9037.0 9054.0 9070.0 9103.0 9119.0 9135.0 9152.0 9168.0 9184.0 9200.0 9217.0 9234.0 9236.0 9237.0 9239.0 9240.0 9242.0 9243.0 9245.0 9248.0 9249.0 9251.0 9252.0 9254.0 9255.0 9257.0 9258.0 9261.0 9263.0 9264.0 9266.0 9267.0 9269.0 9270.0 9272.0 9239.0 9205.0 9172.0 9138.0 9104.0 9070.0 9037.0 9003.0 8935.0 8901.0 8868.0 8834.0 8800.0 8766.0 8733.0 8699.0 8631.0 8597.0 8564.0 8530.0 8496.0 8462.0 8429.0 8395.0 8324.0 8287.0 8250.0 8213.0 8177.0 8140.0 8103.0 8066.0 7992.0 7955.0 7918.0 7881.0 7845.0 7808.0 7771.0 7734.0 7660.0 7623.0 7586.0 7549.0 7513.0 7476.0 7439.0 7402.0 7332.0 7298.0 7265.0 7231.0 7198.0 7164.0 7131.0 7097.0 7030.0 6997.0 6963.0 6930.0 6896.0 6863.0 6829.0 6796.0 6729.0 6695.0 6662.0 6628.0
agregarAgente --UnidadTermicaSimple
200.0
100.0
agregarAgente --DemandaFija
162.0 162.6 163.8 164.4 165.6 172.2 179.4 186.6 193.2 200.4 207.6 207.6 209.4 207.0 204.0 201.6 198.0 194.4 192.0 194.4 196.2 192.0 187.8 183.6 179.4 175.2 171.0 169.8 168.0 168.0 168.0 167.4 168.0 168.6 168.0 166.8 166.2 164.4 163.8 162.0 160.8 159.0 157.8 158.4 164.4 187.2 209.4 232.2 254.4 277.2 299.4 304.8 309.0 322.8 337.8 352.2 366.0 381.0 394.8 394.2 390.0 385.8 382.2 378.0 374.4 370.2 366.6 363.0 354.6 333.6 312.0 290.4 268.8 247.8 226.2 221.4 220.2 232.2 244.2 256.8 268.2 280.2 292.2 295.2 302.4 302.4 302.4 302.4 303.0 302.4 303.0 306.6 304.2 292.2 279.6 267.0 255.0 242.4 230.4 225.0 217.2 217.8 218.4 218.4 219.0 219.6 220.2 217.8 224.4 232.2 240.0 248.4 256.8 265.2 273.0 280.2 279.0 255.0 231.0 206.4 182.4 157.8 133.8 124.8 121.8 125.4 129.6 133.2 138.0 142.2 145.8 151.8 162.6 168.0 173.4 178.8 183.6 189.6 194.4 199.8 196.2 187.8 179.4 170.4 162.0 153.0 144.6 135.6 125.4 123.0 121.2 119.4 117.6 115.8 114.0 112.2 114.6 120.0 124.8 129.6 135.0 139.8 144.6 149.4 150.6 147.0 144.0 139.8 136.2 133.2 129.6 125.4 118.8 114.6 111.0 107.4 103.8 100.2 96.0 92.4 94.2 99.0 104.4 109.2 114.6 119.4 124.2 129.6 133.8 135.6 136.2 137.4 139.2 139.8 141.0 139.8 145.2 151.8 158.4 165.0 171.6 178.2 184.8 190.8 198.6 197.4 196.8 196.2 195.6 194.4 193.8 195.6 190.2 184.8 178.2 173.4 166.8 160.8 154.8 147.6 144.6 148.2 151.2 154.2 156.6 159.6 163.2 167.4 173.4 174.6 175.8 177.0 178.2 179.4 180.6 181.8 175.8 169.2 162.0 154.2 147.6 140.4 133.8 126.6 127.2 135.6 144.0 152.4 160.8 169.2 177.0 185.4 197.4 201.6 205.2 209.4 213.0 217.2 221.4 225.0 219.6 211.2 202.8 193.8 184.8 176.4 167.4 157.8 153.6 158.4 163.2 168.6 173.4 178.2 183.0 189.0 197.4 203.4 209.4 215.4 221.4 227.4 233.4 235.8 229.8 225.0 219.0 214.2 208.8 202.8 198.0 189.0 181.2 190.2 199.2 208.2 217.2 225.6 234.6 235.2 242.4 251.4 261.0 270.0 278.4 288.0 297.0 302.4 303.6 315.6 328.8 341.4 354.0 366.0 378.6 373.8 370.2 372.0 373.2 374.4 376.2 378.0 379.2 381.0 386.4 389.4 393.6 397.2 400.8 405.0 408.0 412.2 416.4 386.4 355.8 325.2 294.6 264.6 233.4 233.4 222.6 219.6 216.6 213.6 210.6 207.6 204.0 193.2 186.0 208.8 231.6 253.8 276.6 298.8 321.0 324.6 326.4 313.2 300.6 288.0
crearDespacho --mercado --conDemandaTotal
4
0.02 0.07 0.145 1.0
370.0 600.0 2400.0 4000.0
601.99 604.22 608.67 610.9 615.36 639.89 666.64 693.4 717.92 744.68 771.43 771.43 778.12 769.2 758.06 749.14 735.76 722.38 713.46 722.38 729.07 713.46 697.86 682.25 666.64 651.04 635.43 630.97 624.28 624.28 624.28 622.05 624.28 626.51 624.28 619.82 617.59 610.9 608.67 601.99 597.53 590.84 586.38 588.61 610.9 695.63 778.12 862.85 945.34 1030.06 1112.56 1132.63 1148.23 1199.51 1255.25 1308.76 1360.04 1415.78 1467.06 1464.83 1449.22 1433.62 1420.24 1404.63 1391.26 1375.65 1362.27 1348.89 1317.68 1239.64 1159.38 1079.12 998.85 920.82 840.55 822.71 818.25 862.85 907.44 954.26 996.62 1041.21 1085.8 1096.95 1123.71 1123.71 1123.71 1123.71 1125.94 1123.71 1125.94 1139.31 1130.4 1085.8 1038.98 992.16 947.57 900.75 856.16 836.09 807.11 809.34 811.57 811.57 813.8 816.03 818.25 809.34 833.86 862.85 891.83 923.04 954.26 985.47 1014.46 1041.21 1036.75 947.57 858.39 766.97 677.79 586.38 497.2 463.75 452.6 465.98 481.59 494.97 512.8 528.41 541.79 564.08 604.22 624.28 644.35 664.41 682.25 704.55 722.38 742.45 729.07 697.86 666.64 633.2 601.99 568.54 537.33 503.88 465.98 457.06 450.37 443.69 437.0 430.31 423.62 416.93 425.85 445.92 463.75 481.59 501.65 519.49 537.33 555.16 559.62 546.25 535.1 519.49 506.11 494.97 481.59 465.98 441.46 425.85 412.47 399.09 385.72 372.34 356.73 343.35 350.04 367.88 387.95 405.78 425.85 443.69 461.52 481.59 497.2 503.88 506.11 510.57 517.26 519.49 523.95 519.49 539.56 564.08 588.61 613.13 637.66 662.18 686.71 709.01 737.99 733.53 731.3 729.07 726.84 722.38 720.15 726.84 706.78 686.71 662.18 644.35 619.82 597.53 575.23 548.48 537.33 550.71 561.85 573.0 581.92 593.07 606.44 622.05 644.35 648.81 653.27 657.73 662.18 666.64 671.1 675.56 653.27 628.74 601.99 573.0 548.48 521.72 497.2 470.44 472.67 503.88 535.1 566.31 597.53 628.74 657.73 688.94 733.53 749.14 762.52 778.12 791.5 807.11 822.71 836.09 816.03 784.81 753.6 720.15 686.71 655.5 622.05 586.38 570.77 588.61 606.44 626.51 644.35 662.18 680.02 702.32 733.53 755.83 778.12 800.42 822.71 845.01 867.31 876.22 853.93 836.09 813.8 795.96 775.89 753.6 735.76 702.32 673.33 706.78 740.22 773.66 807.11 838.32 871.76 873.99 900.75 934.19 969.87 1003.31 1034.52 1070.2 1103.64 1123.71 1128.17 1172.76 1221.81 1268.63 1315.45 1360.04 1406.86 1389.03 1375.65 1382.34 1386.8 1391.26 1397.94 1404.63 1409.09 1415.78 1435.85 1447.0 1462.6 1475.98 1489.36 1504.96 1516.11 1531.72 1547.33 1435.85 1322.14 1208.43 1094.72 983.24 867.31 867.31 827.17 816.03 804.88 793.73 782.58 771.43 758.06 717.92 691.17 775.89 860.62 943.11 1027.83 1110.33 1192.82 1206.2 1212.89 1163.84 1117.02 1070.2
configurarSolver --Gurobi
resolver --noConstante ejecuciones/bancos/recombinados/v1/directo/sgtm/v1_sgtm_000096.csv
finalizar
