inicializar --t 360
agregarAgente --SaltoGrande
0.000332
2032464238.0
9542.0 9596.0 9651.0 9705.0 9773.0 9786.0 9799.0 9812.0 9826.0 9839.0 9852.0 9865.0 9891.0 9904.0 9917.0 9930.0 9944.0 9957.0 9970.0 9983.0 10009.0 10022.0 10035.0 10048.0 10062.0 10075.0 10088.0 10101.0 10110.0 10106.0 10102.0 10097.0 10093.0 10089.0 10085.0 10081.0 10073.0 10068.0 10064.0 10060.0 10056.0 10052.0 10048.0 10043.0 10035.0 10031.0 10027.0 10023.0 10019.0 10014.0 10010.0 10006.0 9993.0 9984.0 9975.0 9966.0 9957.0 9948.0 9939.0 9930.0 9912.0 9903.0 9894.0 9885.0 9876.0 9867.0 9858.0 9849.0 9831.0 9822.0 9813.0 9804.0 9795.0 9786.0 9777.0 9768.0 9705.0 9651.0 9596.0 9542.0 9488.0 9434.0 9380.0 9326.0 9217.0 9163.0 9109.0 9055.0 9000.0 8946.0 8892.0 8838.0 8729.0 8675.0 8621.0 8567.0 8513.0 8459.0 8404.0 8350.0 8257.0 8218.0 8179.0 8140.0 8101.0 8062.0 8023.0 7984.0 7906.0 7867.0 7828.0 7789.0 7751.0 7712.0 7673.0 7634.0 7556.0 7517.0 7478.0 7439.0 7400.0 7361.0 7322.0 7283.0 7210.0 7177.0 7143.0 7109.0 7075.0 7042.0 7008.0 6974.0 6907.0 6873.0 6839.0 6805.0 6772.0 6738.0 6704.0 6670.0 6603.0 6569.0 6535.0 6502.0 6468.0 6434.0 6400.0 6367.0 6302.0 6271.0 6240.0 6208.0 6177.0 6146.0 6115.0 6084.0 6022.0 5990.0 5959.0 5928.0 5897.0 5866.0 5835.0 5803.0 5741.0 5710.0 5679.0 5648.0 5617.0 5585.0 5554.0 5523.0 5481.0 5470.0 5459.0 5448.0 5437.0 5426.0 5415.0 5404.0 5382.0 5371.0 5360.0 5349.0 5339.0 5328.0 5317.0 5306.0 5284.0 5273.0 5262.0 5251.0 5240.0 5229.0 5218.0 5207.0 5196.0 5195.0 5195.0 5194.0 5194.0 5194.0 5193.0 5193.0 5192.0 5192.0 5191.0 5191.0 5190.0 5190.0 5189.0 5189.0 5188.0 5188.0 5187.0 5187.0 5187.0 5186.0 5186.0 5185.0 5187.0 5190.0 5192.0 5194.0 5197.0 5199.0 5201.0 5204.0 5208.0 5211.0 5213.0 5215.0 5218.0 5220.0 5222.0 5225.0 5229.0 5232.0 5234.0 5236.0 5239.0 5241.0 5243.0 5246.0 5252.0 5257.0 5261.0 5265.0 5269.0 5274.0 5278.0 5282.0 5291.0 5295.0 5299.0 5303.0 5308.0 5312.0 5316.0 5320.0 5329.0 5333.0 5337.0 5342.0 5346.0 5350.0 5354.0 5359.0 5354.0 5346.0 5337.0 5328.0 5319.0 5311.0 5302.0 5293.0 5276.0 5267.0 5259.0 5250.0 5241.0 5232.0 5224.0 5215.0 5198.0 5189.0 5180.0 5172.0 5163.0 5154.0 5145.0 5137.0 5126.0 5123.0 5121.0 5118.0 5116.0 5113.0 5111.0 5108.0 5103.0 5101.0 5098.0 5096.0 5093.0 5091.0 5088.0 5086.0 5081.0 5078.0 5076.0 5073.0 5071.0 5068.0 5066.0 5063.0 5058.0 5055.0 5052.0 5049.0 5047.0 5044.0 5041.0 5038.0 5032.0 5029.0 5026.0 5023.0 5021.0 5018.0 5015.0 5012.0 5006.0 5003.0 5000.0 4997.0 4995.0 4992.0 4989.0 4986.0 4984.0 4984.0 4985.0 4986.0 4986.0 4987.0 4987.0 4988.0 4989.0 4990.0 4991.0 4991.0 4992.0 4992.0 4993.0 4994.0 4995.0 4996.0 4996.0 4997.0
agregarAgente --UnidadTermicaSimple
200.0
100.0
agregarAgente --DemandaFija
274.8 261.6 248.4 246.0 244.2 239.4 234.0 228.6 223.8 218.4 213.0 213.0 215.4 213.0 211.2 209.4 207.0 205.2 203.4 205.2 205.8 207.6 210.0 213.0 215.4 217.8 220.2 219.0 220.2 223.2 226.2 229.2 232.8 235.8 238.8 240.6 247.2 255.0 262.2 268.8 276.0 283.2 290.4 295.8 294.6 282.6 270.6 258.6 246.0 234.6 222.0 216.6 211.8 219.6 227.4 235.8 243.6 252.0 259.8 260.4 258.0 255.0 252.0 249.0 246.6 244.2 240.6 237.6 233.4 216.6 200.4 183.6 166.8 150.6 133.8 132.0 134.4 133.8 132.6 132.6 131.4 130.8 129.6 133.8 143.4 149.4 154.8 160.8 166.8 173.4 179.4 185.4 180.0 187.8 195.6 204.0 212.4 220.2 228.6 217.2 208.8 208.8 208.2 208.2 208.2 207.6 207.0 210.0 218.4 222.6 226.8 231.0 234.6 238.8 243.0 247.8 246.6 250.8 255.0 259.2 264.0 267.6 271.8 265.2 258.0 258.0 258.6 258.6 258.6 258.6 258.0 257.4 264.0 249.6 235.2 220.8 205.8 192.0 177.6 184.2 184.2 189.6 194.4 199.2 204.0 208.8 214.2 207.0 202.2 207.6 212.4 217.8 223.2 228.0 233.4 235.8 240.0 242.4 244.8 247.2 249.6 252.6 255.0 257.4 256.2 249.0 241.2 234.0 226.8 219.0 211.8 208.2 212.4 211.2 211.2 210.0 209.4 208.8 208.2 215.4 222.6 221.4 220.2 219.6 219.0 217.8 217.8 217.2 208.8 222.0 235.2 247.8 261.0 274.2 288.0 279.6 276.0 302.4 328.2 354.6 381.0 407.4 433.2 437.4 439.8 454.8 469.2 483.6 497.4 511.8 526.2 524.4 517.2 501.6 486.0 471.0 455.4 440.4 424.8 419.4 419.4 431.4 443.4 454.8 467.4 479.4 491.4 496.8 503.4 504.6 505.2 507.0 508.2 509.4 510.6 510.6 505.2 480.0 456.0 431.4 406.8 382.2 357.6 351.0 350.4 375.0 399.0 422.4 446.4 471.0 495.0 499.8 507.0 504.6 502.8 500.4 497.4 496.2 493.8 495.6 492.0 481.2 470.4 459.6 449.4 438.0 427.2 422.4 420.0 431.4 441.6 452.4 463.8 474.0 484.8 487.8 493.2 483.6 474.0 463.8 454.2 444.0 434.4 437.4 436.8 430.2 423.0 416.4 409.2 402.6 395.4 391.8 388.8 401.4 414.6 427.2 439.8 453.0 465.6 466.8 471.0 469.2 466.8 464.4 462.0 460.2 457.8 460.8 460.8 438.6 416.4 394.2 372.0 349.8 328.2 325.2 323.4 310.2 297.0 283.8 270.6 257.4 244.8 245.4 253.8 265.2 276.0 287.4 298.2 309.0 319.8 327.6 327.6 311.4 295.8 280.2 264.0 248.4 231.6 224.4 220.8 216.6 212.4 208.2 203.4 199.2 195.0 198.6 205.8 220.2 234.0 248.4 262.2 277.2 291.0 294.6 291.0 292.2 294.0 295.8
crearDespacho --mercado --conDemandaTotal
4
0.02 0.07 0.145 1.0
370.0 600.0 2400.0 4000.0
717.85 683.37 648.88 642.62 637.91 625.37 611.27 597.16 584.62 570.52 556.41 556.41 562.68 556.41 551.71 547.01 540.74 536.04 531.33 536.04 537.6 542.3 548.57 556.41 562.68 568.95 575.22 572.08 575.22 583.06 590.89 598.73 608.13 615.97 623.81 628.51 645.75 666.13 684.93 702.17 720.98 739.79 758.6 772.71 769.57 738.22 706.88 675.53 642.62 612.84 579.92 565.81 553.28 573.65 594.03 615.97 636.35 658.29 678.66 680.23 673.96 666.13 658.29 650.45 644.18 637.91 628.51 620.67 609.7 565.81 523.5 479.61 435.72 393.41 349.52 344.82 351.09 349.52 346.39 346.39 343.25 341.68 338.55 349.52 374.6 390.27 404.38 420.05 435.72 452.97 468.64 484.31 470.21 490.58 510.96 532.9 554.84 575.22 597.16 567.38 545.44 545.44 543.87 543.87 543.87 542.3 540.74 548.57 570.52 581.49 592.46 603.43 612.84 623.81 634.78 647.32 644.18 655.15 666.13 677.1 689.64 699.04 710.01 692.77 673.96 673.96 675.53 675.53 675.53 675.53 673.96 672.39 689.64 652.02 614.4 576.79 537.6 501.55 463.94 481.18 481.18 495.28 507.82 520.36 532.9 545.44 559.55 540.74 528.2 542.3 554.84 568.95 583.06 595.59 609.7 615.97 626.94 633.21 639.48 645.75 652.02 659.86 666.13 672.39 669.26 650.45 630.08 611.27 592.46 572.08 553.28 543.87 554.84 551.71 551.71 548.57 547.01 545.44 543.87 562.68 581.49 578.35 575.22 573.65 572.08 568.95 568.95 567.38 545.44 579.92 614.4 647.32 681.8 716.28 752.33 730.39 720.98 789.95 857.34 926.31 995.27 1064.23 1131.63 1142.6 1148.87 1188.05 1225.67 1263.29 1299.34 1336.95 1374.57 1369.87 1351.06 1310.31 1269.56 1230.37 1189.62 1150.44 1109.69 1095.58 1095.58 1126.93 1158.27 1188.05 1220.97 1252.32 1283.66 1297.77 1315.01 1318.14 1319.71 1324.41 1327.55 1330.68 1333.82 1333.82 1319.71 1253.88 1191.19 1126.93 1062.67 998.4 934.14 916.9 915.33 979.6 1042.29 1103.42 1166.11 1230.37 1293.07 1305.61 1324.41 1318.14 1313.44 1307.17 1299.34 1296.2 1289.93 1294.63 1285.23 1257.02 1228.81 1200.59 1173.95 1144.17 1115.96 1103.42 1097.15 1126.93 1153.57 1181.78 1211.56 1238.21 1266.42 1274.26 1288.36 1263.29 1238.21 1211.56 1186.49 1159.84 1134.76 1142.6 1141.03 1123.79 1104.98 1087.74 1068.94 1051.69 1032.89 1023.48 1015.65 1048.56 1083.04 1115.96 1148.87 1183.35 1216.27 1219.4 1230.37 1225.67 1219.4 1213.13 1206.86 1202.16 1195.89 1203.73 1203.73 1145.74 1087.74 1029.75 971.76 913.77 857.34 849.51 844.8 810.32 775.84 741.36 706.88 672.39 639.48 641.05 662.99 692.77 720.98 750.76 778.97 807.19 835.4 855.78 855.78 813.46 772.71 731.95 689.64 648.88 605.0 586.19 576.79 565.81 554.84 543.87 531.33 520.36 509.39 518.79 537.6 575.22 611.27 648.88 684.93 724.12 760.17 769.57 760.17 763.3 768.0 772.71
configurarSolver --Gurobi
resolver --noConstante ejecuciones/bancos/recombinados/v1/directo/sgtm/v1_sgtm_000458.csv
finalizar
