inicializar --t 360
agregarAgente --SaltoGrande
0.00275
1115367887.0
4429.0 4465.0 4500.0 4536.0 4639.0 4705.0 4772.0 4839.0 4906.0 4972.0 5039.0 5106.0 5239.0 5306.0 5373.0 5440.0 5506.0 5573.0 5640.0 5707.0 5840.0 5907.0 5974.0 6040.0 6107.0 6174.0 6241.0 6307.0 6456.0 6537.0 6619.0 6701.0 6783.0 6864.0 6946.0 7028.0 7191.0 7273.0 7355.0 7437.0 7518.0 7600.0 7682.0 7764.0 7927.0 8009.0 8091.0 8172.0 8254.0 8336.0 8418.0 8499.0 8609.0 8636.0 8664.0 8692.0 8719.0 8747.0 8775.0 8802.0 8858.0 8885.0 8913.0 8941.0 8968.0 8996.0 9024.0 9051.0 9107.0 9134.0 9162.0 9190.0 9217.0 9245.0 9273.0 9300.0 9337.0 9347.0 9356.0 9365.0 9374.0 9384.0 9393.0 9402.0 9421.0 9430.0 9439.0 9448.0 9458.0 9467.0 9476.0 9485.0 9504.0 9513.0 9522.0 9532.0 9541.0 9550.0 9559.0 9569.0 9563.0 9548.0 9533.0 9519.0 9504.0 9489.0 9474.0 9459.0 9429.0 9415.0 9400.0 9385.0 9370.0 9355.0 9340.0 9326.0 9296.0 9281.0 9266.0 9251.0 9236.0 9222.0 9207.0 9192.0 9139.0 9102.0 9064.0 9026.0 8989.0 8951.0 8913.0 8876.0 8800.0 8763.0 8725.0 8687.0 8650.0 8612.0 8574.0 8537.0 8461.0 8424.0 8386.0 8348.0 8311.0 8273.0 8235.0 8198.0 8103.0 8046.0 7988.0 7931.0 7874.0 7817.0 7760.0 7703.0 7588.0 7531.0 7474.0 7417.0 7359.0 7302.0 7245.0 7188.0 7073.0 7016.0 6959.0 6902.0 6845.0 6788.0 6730.0 6673.0 6584.0 6553.0 6521.0 6490.0 6458.0 6427.0 6395.0 6364.0 6301.0 6269.0 6238.0 6206.0 6175.0 6143.0 6112.0 6080.0 6017.0 5986.0 5954.0 5923.0 5891.0 5860.0 5828.0 5797.0 5725.0 5684.0 5644.0 5603.0 5563.0 5523.0 5482.0 5442.0 5361.0 5321.0 5280.0 5240.0 5199.0 5159.0 5118.0 5078.0 4997.0 4957.0 4916.0 4876.0 4836.0 4795.0 4755.0 4714.0 4648.0 4623.0 4597.0 4571.0 4545.0 4520.0 4494.0 4468.0 4417.0 4391.0 4366.0 4340.0 4314.0 4288.0 4263.0 4237.0 4186.0 4160.0 4134.0 4109.0 4083.0 4057.0 4031.0 4006.0 3950.0 3920.0 3891.0 3861.0 3831.0 3801.0 3772.0 3742.0 3682.0 3652.0 3623.0 3593.0 3563.0 3533.0 3504.0 3474.0 3414.0 3384.0 3355.0 3325.0 3295.0 3265.0 3236.0 3206.0 3161.0 3145.0 3130.0 3114.0 3099.0 3083.0 3068.0 3052.0 3021.0 3006.0 2990.0 2975.0 2959.0 2944.0 2928.0 2913.0 2882.0 2866.0 2851.0 2835.0 2820.0 2804.0 2789.0 2773.0 2755.0 2753.0 2750.0 2747.0 2744.0 2742.0 2739.0 2736.0 2731.0 2728.0 2726.0 2723.0 2720.0 2717.0 2715.0 2712.0 2707.0 2704.0 2701.0 2699.0 2696.0 2693.0 2690.0 2688.0 2677.0 2669.0 2661.0 2653.0 2645.0 2637.0 2629.0 2621.0 2605.0 2597.0 2589.0 2581.0 2573.0 2565.0 2557.0 2549.0 2533.0 2525.0 2517.0 2509.0 2501.0 2493.0 2485.0 2477.0 2471.0 2474.0 2476.0 2479.0 2481.0 2483.0 2486.0 2488.0 2493.0 2495.0 2498.0 2500.0 2503.0 2505.0 2508.0 2510.0 2515.0 2517.0 2520.0 2522.0
agregarAgente --UnidadTermicaSimple
200.0
100.0
agregarAgente --DemandaFija
442.2 422.4 402.6 399.0 396.3 389.1 381.0 372.9 365.7 357.6 349.5 349.5 353.1 349.5 346.8 344.1 340.5 337.8 335.1 337.8 338.7 341.4 345.0 349.5 353.1 356.7 360.3 358.5 360.3 364.8 369.3 373.8 379.2 383.7 388.2 390.9 400.8 412.5 423.3 433.2 444.0 454.8 465.6 473.7 471.9 453.9 435.9 417.9 399.0 381.9 363.0 354.9 347.7 359.4 371.1 383.7 395.4 408.0 419.7 420.6 417.0 412.5 408.0 403.5 399.9 396.3 390.9 386.4 380.1 354.9 330.6 305.4 280.2 255.9 230.7 228.0 231.6 230.7 228.9 228.9 227.1 226.2 224.4 230.7 245.1 254.1 262.2 271.2 280.2 290.1 299.1 308.1 300.0 311.7 323.4 336.0 348.6 360.3 372.9 355.8 343.2 343.2 342.3 342.3 342.3 341.4 340.5 345.0 357.6 363.9 370.2 376.5 381.9 388.2 394.5 401.7 399.9 406.2 412.5 418.8 426.0 431.4 437.7 427.8 417.0 417.0 417.9 417.9 417.9 417.9 417.0 416.1 426.0 404.4 382.8 361.2 338.7 318.0 296.4 306.3 306.3 314.4 321.6 328.8 336.0 343.2 351.3 340.5 333.3 341.4 348.6 356.7 364.8 372.0 380.1 383.7 390.0 393.6 397.2 400.8 404.4 408.9 412.5 416.1 414.3 403.5 391.8 381.0 370.2 358.5 347.7 342.3 348.6 346.8 346.8 345.0 344.1 343.2 342.3 353.1 363.9 362.1 360.3 359.4 358.5 356.7 356.7 355.8 343.2 363.0 382.8 401.7 421.5 441.3 462.0 449.4 444.0 483.6 522.3 561.9 601.5 641.1 679.8 686.1 689.7 712.2 733.8 755.4 776.1 797.7 819.3 816.6 805.8 782.4 759.0 736.5 713.1 690.6 667.2 659.1 659.1 677.1 695.1 712.2 731.1 749.1 767.1 775.2 785.1 786.9 787.8 790.5 792.3 794.1 795.9 795.9 787.8 750.0 714.0 677.1 640.2 603.3 566.4 556.5 555.6 592.5 628.5 663.6 699.6 736.5 772.5 779.7 790.5 786.9 784.2 780.6 776.1 774.3 770.7 773.4 768.0 751.8 735.6 719.4 704.1 687.0 670.8 663.6 660.0 677.1 692.4 708.6 725.7 741.0 757.2 761.7 769.8 755.4 741.0 725.7 711.3 696.0 681.6 686.1 685.2 675.3 664.5 654.6 643.8 633.9 623.1 617.7 613.2 632.1 651.9 670.8 689.7 709.5 728.4 730.2 736.5 733.8 730.2 726.6 723.0 720.3 716.7 721.2 721.2 687.9 654.6 621.3 588.0 554.7 522.3 517.8 515.1 495.3 475.5 455.7 435.9 416.1 397.2 398.1 410.7 427.8 444.0 461.1 477.3 493.5 509.7 521.4 521.4 497.1 473.7 450.3 426.0 402.6 377.4 366.6 361.2 354.9 348.6 342.3 335.1 328.8 322.5 327.9 338.7 360.3 381.0 402.6 423.3 445.8 466.5 471.9 466.5 468.3 471.0 473.7
crearDespacho --mercado --conDemandaTotal
4
0.02 0.07 0.145 1.0
370.0 600.0 2400.0 4000.0
693.71 662.64 631.58 625.94 621.7 610.4 597.7 584.99 573.7 560.99 548.28 548.28 553.93 548.28 544.05 539.81 534.16 529.93 525.69 529.93 531.34 535.57 541.22 548.28 553.93 559.58 565.22 562.4 565.22 572.28 579.34 586.4 594.87 601.93 608.99 613.23 628.76 647.11 664.06 679.59 696.53 713.47 730.41 743.12 740.3 712.06 683.82 655.58 625.94 599.11 569.46 556.75 545.46 563.81 582.17 601.93 620.29 640.05 658.41 659.82 654.17 647.11 640.05 632.99 627.35 621.7 613.23 606.17 596.29 556.75 518.63 479.1 439.57 401.45 361.91 357.68 363.32 361.91 359.09 359.09 356.27 354.85 352.03 361.91 384.5 398.62 411.33 425.45 439.57 455.1 469.22 483.33 470.63 488.98 507.34 527.1 546.87 565.22 584.99 558.16 538.4 538.4 536.99 536.99 536.99 535.57 534.16 541.22 560.99 570.87 580.75 590.64 599.11 608.99 618.88 630.17 627.35 637.23 647.11 657.0 668.29 676.76 686.65 671.12 654.17 654.17 655.58 655.58 655.58 655.58 654.17 652.76 668.29 634.41 600.52 566.64 531.34 498.87 464.98 480.51 480.51 493.22 504.51 515.81 527.1 538.4 551.11 534.16 522.87 535.57 546.87 559.58 572.28 583.58 596.29 601.93 611.82 617.46 623.11 628.76 634.41 641.47 647.11 652.76 649.94 632.99 614.64 597.7 580.75 562.4 545.46 536.99 546.87 544.05 544.05 541.22 539.81 538.4 536.99 553.93 570.87 568.05 565.22 563.81 562.4 559.58 559.58 558.16 538.4 569.46 600.52 630.17 661.23 692.29 724.77 705.0 696.53 758.65 819.36 881.49 943.61 1005.73 1066.44 1076.33 1081.97 1117.27 1151.16 1185.04 1217.51 1251.4 1285.28 1281.05 1264.11 1227.4 1190.69 1155.39 1118.68 1083.39 1046.68 1033.97 1033.97 1062.21 1090.44 1117.27 1146.92 1175.16 1203.4 1216.1 1231.63 1234.46 1235.87 1240.1 1242.93 1245.75 1248.58 1248.58 1235.87 1176.57 1120.09 1062.21 1004.32 946.43 888.55 873.01 871.6 929.49 985.97 1041.03 1097.5 1155.39 1211.87 1223.16 1240.1 1234.46 1230.22 1224.57 1217.51 1214.69 1209.04 1213.28 1204.81 1179.39 1153.98 1128.57 1104.56 1077.74 1052.32 1041.03 1035.38 1062.21 1086.21 1111.62 1138.45 1162.45 1187.86 1194.92 1207.63 1185.04 1162.45 1138.45 1115.86 1091.86 1069.27 1076.33 1074.91 1059.38 1042.44 1026.91 1009.97 994.44 977.49 969.02 961.96 991.61 1022.67 1052.32 1081.97 1113.03 1142.68 1145.51 1155.39 1151.16 1145.51 1139.86 1134.21 1129.98 1124.33 1131.39 1131.39 1079.15 1026.91 974.67 922.43 870.19 819.36 812.3 808.07 777.01 745.95 714.88 683.82 652.76 623.11 624.52 644.29 671.12 696.53 723.36 748.77 774.18 799.6 817.95 817.95 779.83 743.12 706.41 668.29 631.58 592.05 575.11 566.64 556.75 546.87 536.99 525.69 515.81 505.92 514.4 531.34 565.22 597.7 631.58 664.06 699.35 731.83 740.3 731.83 734.65 738.89 743.12
configurarSolver --Gurobi
resolver --noConstante ejecuciones/bancos/recombinados/v1/directo/sgtm/v1_sgtm_000062.csv
finalizar
