inicializar --t 360
agregarAgente --SaltoGrande
0.007168
1731181336.0
1965.0 1961.0 1957.0 1953.0 1947.0 1946.0 1944.0 1943.0 1941.0 1939.0 1938.0 1936.0 1933.0 1931.0 1930.0 1928.0 1927.0 1925.0 1924.0 1922.0 1919.0 1917.0 1916.0 1914.0 1912.0 1911.0 1909.0 1908.0 1908.0 1909.0 1911.0 1913.0 1915.0 1916.0 1918.0 1920.0 1923.0 1925.0 1926.0 1928.0 1930.0 1932.0 1933.0 1935.0 1938.0 1940.0 1942.0 1943.0 1945.0 1947.0 1949.0 1950.0 1961.0 1971.0 1980.0 1989.0 1999.0 2008.0 2018.0 2027.0 2046.0 2055.0 2064.0 2074.0 2083.0 2093.0 2102.0 2111.0 2130.0 2139.0 2149.0 2158.0 2168.0 2177.0 2186.0 2196.0 2212.0 2219.0 2226.0 2233.0 2240.0 2247.0 2255.0 2262.0 2276.0 2283.0 2290.0 2297.0 2304.0 2311.0 2318.0 2325.0 2339.0 2346.0 2354.0 2361.0 2368.0 2375.0 2382.0 2389.0 2395.0 2393.0 2392.0 2391.0 2389.0 2388.0 2387.0 2385.0 2383.0 2381.0 2380.0 2379.0 2377.0 2376.0 2375.0 2373.0 2371.0 2369.0 2368.0 2367.0 2365.0 2364.0 2363.0 2361.0 2358.0 2356.0 2354.0 2351.0 2349.0 2347.0 2345.0 2343.0 2339.0 2336.0 2334.0 2332.0 2330.0 2328.0 2326.0 2323.0 2319.0 2317.0 2315.0 2313.0 2311.0 2308.0 2306.0 2304.0 2308.0 2314.0 2320.0 2326.0 2331.0 2337.0 2343.0 2349.0 2361.0 2367.0 2373.0 2379.0 2384.0 2390.0 2396.0 2402.0 2414.0 2420.0 2426.0 2432.0 2437.0 2443.0 2449.0 2455.0 2449.0 2437.0 2425.0 2413.0 2401.0 2389.0 2378.0 2366.0 2342.0 2330.0 2318.0 2306.0 2294.0 2282.0 2270.0 2258.0 2234.0 2222.0 2211.0 2199.0 2187.0 2175.0 2163.0 2151.0 2134.0 2128.0 2123.0 2117.0 2112.0 2106.0 2101.0 2095.0 2084.0 2079.0 2073.0 2068.0 2062.0 2057.0 2051.0 2046.0 2035.0 2029.0 2024.0 2018.0 2013.0 2007.0 2002.0 1996.0 1993.0 1995.0 1998.0 2000.0 2002.0 2004.0 2006.0 2008.0 2013.0 2015.0 2017.0 2019.0 2022.0 2024.0 2026.0 2028.0 2033.0 2035.0 2037.0 2039.0 2041.0 2043.0 2046.0 2048.0 2063.0 2076.0 2088.0 2101.0 2114.0 2127.0 2140.0 2153.0 2178.0 2191.0 2204.0 2217.0 2229.0 2242.0 2255.0 2268.0 2293.0 2306.0 2319.0 2332.0 2345.0 2358.0 2370.0 2383.0 2402.0 2407.0 2413.0 2419.0 2425.0 2430.0 2436.0 2442.0 2453.0 2459.0 2464.0 2470.0 2476.0 2482.0 2487.0 2493.0 2504.0 2510.0 2516.0 2521.0 2527.0 2533.0 2539.0 2544.0 2569.0 2588.0 2607.0 2627.0 2646.0 2665.0 2684.0 2703.0 2741.0 2761.0 2780.0 2799.0 2818.0 2837.0 2856.0 2876.0 2914.0 2933.0 2952.0 2971.0 2990.0 3010.0 3029.0 3048.0 3087.0 3107.0 3127.0 3147.0 3167.0 3187.0 3206.0 3226.0 3266.0 3286.0 3306.0 3326.0 3346.0 3366.0 3386.0 3406.0 3446.0 3466.0 3485.0 3505.0 3525.0 3545.0 3565.0 3585.0 3641.0 3677.0 3712.0 3748.0 3784.0 3820.0 3856.0 3892.0 3963.0 3999.0 4035.0 4071.0 4106.0 4142.0 4178.0 4214.0 4285.0 4321.0 4357.0 4393.0
agregarAgente --UnidadTermicaSimple
200.0
100.0
agregarAgente --DemandaFija
708.6 668.1 625.8 611.4 606.9 615.9 626.7 636.6 646.5 657.3 667.2 677.1 687.0 702.3 716.7 732.0 747.3 761.7 777.9 777.9 779.7 781.5 783.3 785.1 787.8 789.6 792.3 793.2 794.1 795.0 796.8 797.7 798.6 799.5 801.3 800.4 801.3 821.1 840.0 860.7 880.5 898.5 919.2 921.0 910.2 829.2 746.4 665.4 583.5 502.5 420.6 408.9 397.2 435.0 472.8 510.6 547.5 586.2 624.0 624.9 628.5 638.4 648.3 658.2 667.2 676.2 686.1 689.7 685.2 656.4 628.5 598.8 570.9 542.1 513.3 506.1 495.3 494.4 492.6 491.7 490.8 489.0 487.2 485.4 488.1 507.9 528.6 548.4 569.1 589.8 610.5 615.0 616.8 595.2 572.7 552.0 530.4 508.8 487.2 484.5 490.8 499.8 509.7 519.6 528.6 539.4 549.3 558.3 570.9 590.7 611.4 631.2 651.9 672.6 692.4 696.0 696.0 662.7 628.5 595.2 561.0 527.7 494.4 490.8 492.6 539.4 585.3 632.1 678.0 723.9 770.7 776.1 783.3 800.4 819.3 838.2 855.3 874.2 892.2 893.1 894.0 832.8 771.6 710.4 648.3 587.1 525.9 525.0 523.2 578.1 633.0 687.9 742.8 797.7 853.5 851.7 850.8 848.1 844.5 840.9 837.3 834.6 831.0 831.0 831.0 788.7 746.4 704.1 661.8 619.5 578.1 577.2 577.2 606.9 635.7 666.3 696.0 724.8 754.5 754.5 758.1 756.3 754.5 751.8 750.0 748.2 745.5 749.1 750.0 716.7 684.3 651.0 618.6 586.2 552.9 552.0 552.0 570.9 588.9 606.9 625.8 643.8 661.8 663.6 668.1 692.4 716.7 741.0 766.2 790.5 814.8 817.5 817.5 782.4 747.3 713.1 678.0 643.8 608.7 606.9 605.1 654.6 704.1 753.6 803.1 852.6 902.1 903.0 907.5 911.1 914.7 917.4 921.0 924.6 928.2 930.9 930.9 872.4 813.0 753.6 695.1 636.6 578.1 574.5 565.5 568.2 571.8 575.4 578.1 580.8 584.4 579.0 579.0 607.8 635.7 663.6 691.5 720.3 748.2 752.7 750.9 716.7 681.6 648.3 614.1 579.0 544.8 537.6 527.7 525.9 523.2 521.4 518.7 516.9 514.2 512.4 513.3 525.0 536.7 549.3 561.0 573.6 586.2 588.0 585.3 572.7 559.2 546.6 533.1 520.5 507.9 501.6 505.2 547.5 588.9 631.2 673.5 715.8 757.2 766.2 774.3 795.0 816.6 838.2 859.8 881.4 903.0 900.3 890.4 881.4 872.4 864.3 856.2 847.2 840.0 831.0 831.0 851.7 871.5 893.1 912.9 932.7 953.4 962.4 978.6 982.2 985.8 989.4 993.9 997.5 1001.1 1008.3 1002.0 971.4 942.6 912.9 882.3 852.6 822.0 810.3 804.0 825.6 847.2 868.8 890.4 912.9 934.5 940.8 952.5 959.7 968.7 976.8 984.9 992.1 1001.1 1005.6 1011.9 1010.1 1006.5 1002.9
crearDespacho --mercado --conDemandaTotal
4
0.02 0.07 0.145 1.0
370.0 600.0 2400.0 4000.0
708.6 668.1 625.8 611.4 606.9 615.9 626.7 636.6 646.5 657.3 667.2 677.1 687.0 702.3 716.7 732.0 747.3 761.7 777.9 777.9 779.7 781.5 783.3 785.1 787.8 789.6 792.3 793.2 794.1 795.0 796.8 797.7 798.6 799.5 801.3 800.4 801.3 821.1 840.0 860.7 880.5 898.5 919.2 921.0 910.2 829.2 746.4 665.4 583.5 502.5 420.6 408.9 397.2 435.0 472.8 510.6 547.5 586.2 624.0 624.9 628.5 638.4 648.3 658.2 667.2 676.2 686.1 689.7 685.2 656.4 628.5 598.8 570.9 542.1 513.3 506.1 495.3 494.4 492.6 491.7 490.8 489.0 487.2 485.4 488.1 507.9 528.6 548.4 569.1 589.8 610.5 615.0 616.8 595.2 572.7 552.0 530.4 508.8 487.2 484.5 490.8 499.8 509.7 519.6 528.6 539.4 549.3 558.3 570.9 590.7 611.4 631.2 651.9 672.6 692.4 696.0 696.0 662.7 628.5 595.2 561.0 527.7 494.4 490.8 492.6 539.4 585.3 632.1 678.0 723.9 770.7 776.1 783.3 800.4 819.3 838.2 855.3 874.2 892.2 893.1 894.0 832.8 771.6 710.4 648.3 587.1 525.9 525.0 523.2 578.1 633.0 687.9 742.8 797.7 853.5 851.7 850.8 848.1 844.5 840.9 837.3 834.6 831.0 831.0 831.0 788.7 746.4 704.1 661.8 619.5 578.1 577.2 577.2 606.9 635.7 666.3 696.0 724.8 754.5 754.5 758.1 756.3 754.5 751.8 750.0 748.2 745.5 749.1 750.0 716.7 684.3 651.0 618.6 586.2 552.9 552.0 552.0 570.9 588.9 606.9 625.8 643.8 661.8 663.6 668.1 692.4 716.7 741.0 766.2 790.5 814.8 817.5 817.5 782.4 747.3 713.1 678.0 643.8 608.7 606.9 605.1 654.6 704.1 753.6 803.1 852.6 902.1 903.0 907.5 911.1 914.7 917.4 921.0 924.6 928.2 930.9 930.9 872.4 813.0 753.6 695.1 636.6 578.1 574.5 565.5 568.2 571.8 575.4 578.1 580.8 584.4 579.0 579.0 607.8 635.7 663.6 691.5 720.3 748.2 752.7 750.9 716.7 681.6 648.3 614.1 579.0 544.8 537.6 527.7 525.9 523.2 521.4 518.7 516.9 514.2 512.4 513.3 525.0 536.7 549.3 561.0 573.6 586.2 588.0 585.3 572.7 559.2 546.6 533.1 520.5 507.9 501.6 505.2 547.5 588.9 631.2 673.5 715.8 757.2 766.2 774.3 795.0 816.6 838.2 859.8 881.4 903.0 900.3 890.4 881.4 872.4 864.3 856.2 847.2 840.0 831.0 831.0 851.7 871.5 893.1 912.9 932.7 953.4 962.4 978.6 982.2 985.8 989.4 993.9 997.5 1001.1 1008.3 1002.0 971.4 942.6 912.9 882.3 852.6 822.0 810.3 804.0 825.6 847.2 868.8 890.4 912.9 934.5 940.8 952.5 959.7 968.7 976.8 984.9 992.1 1001.1 1005.6 1011.9 1010.1 1006.5 1002.9
configurarSolver --Gurobi
resolver --noConstante ejecuciones/bancos/recombinados/v1/directo/sgtm/v1_sgtm_000263.csv
finalizar
