inicializar --t 360
agregarAgente --SaltoGrande
0.000124
2618270994.0
4997.0 4998.0 4999.0 4999.0 4991.0 4982.0 4973.0 4964.0 4955.0 4946.0 4938.0 4929.0 4911.0 4902.0 4893.0 4884.0 4875.0 4866.0 4857.0 4848.0 4830.0 4821.0 4813.0 4804.0 4795.0 4786.0 4777.0 4768.0 4755.0 4752.0 4748.0 4745.0 4741.0 4737.0 4734.0 4730.0 4723.0 4719.0 4716.0 4712.0 4709.0 4705.0 4702.0 4698.0 4691.0 4687.0 4684.0 4680.0 4676.0 4673.0 4669.0 4666.0 4676.0 4690.0 4704.0 4718.0 4732.0 4746.0 4760.0 4774.0 4802.0 4816.0 4830.0 4844.0 4859.0 4873.0 4887.0 4901.0 4929.0 4943.0 4957.0 4971.0 4985.0 4999.0 5013.0 5027.0 5037.0 5033.0 5028.0 5024.0 5020.0 5016.0 5011.0 5007.0 4999.0 4995.0 4990.0 4986.0 4982.0 4978.0 4973.0 4969.0 4961.0 4957.0 4952.0 4948.0 4944.0 4940.0 4935.0 4931.0 4931.0 4936.0 4940.0 4944.0 4948.0 4953.0 4957.0 4961.0 4970.0 4974.0 4979.0 4983.0 4987.0 4991.0 4996.0 5000.0 5009.0 5013.0 5017.0 5022.0 5026.0 5030.0 5034.0 5039.0 5032.0 5022.0 5011.0 5001.0 4990.0 4979.0 4969.0 4958.0 4937.0 4926.0 4916.0 4905.0 4895.0 4884.0 4874.0 4863.0 4842.0 4831.0 4821.0 4810.0 4799.0 4789.0 4778.0 4768.0 4746.0 4734.0 4723.0 4711.0 4700.0 4688.0 4677.0 4665.0 4643.0 4631.0 4620.0 4608.0 4597.0 4585.0 4574.0 4562.0 4540.0 4528.0 4517.0 4505.0 4494.0 4482.0 4471.0 4459.0 4473.0 4499.0 4524.0 4550.0 4575.0 4601.0 4626.0 4652.0 4703.0 4728.0 4754.0 4779.0 4805.0 4830.0 4856.0 4881.0 4932.0 4958.0 4983.0 5009.0 5034.0 5060.0 5085.0 5111.0 5168.0 5199.0 5231.0 5262.0 5294.0 5325.0 5357.0 5388.0 5451.0 5483.0 5514.0 5546.0 5577.0 5609.0 5640.0 5672.0 5735.0 5766.0 5798.0 5829.0 5861.0 5892.0 5924.0 5955.0 5983.0 5979.0 5976.0 5972.0 5968.0 5964.0 5960.0 5956.0 5949.0 5945.0 5941.0 5937.0 5934.0 5930.0 5926.0 5922.0 5915.0 5911.0 5907.0 5903.0 5899.0 5895.0 5892.0 5888.0 5877.0 5871.0 5864.0 5857.0 5851.0 5844.0 5837.0 5831.0 5817.0 5811.0 5804.0 5797.0 5791.0 5784.0 5777.0 5771.0 5757.0 5751.0 5744.0 5737.0 5731.0 5724.0 5717.0 5711.0 5695.0 5686.0 5677.0 5668.0 5659.0 5650.0 5641.0 5632.0 5614.0 5605.0 5596.0 5587.0 5578.0 5569.0 5560.0 5551.0 5533.0 5524.0 5515.0 5506.0 5497.0 5488.0 5479.0 5470.0 5459.0 5456.0 5454.0 5452.0 5449.0 5447.0 5444.0 5442.0 5437.0 5435.0 5433.0 5430.0 5428.0 5425.0 5423.0 5421.0 5416.0 5414.0 5411.0 5409.0 5406.0 5404.0 5402.0 5399.0 5452.0 5507.0 5562.0 5617.0 5671.0 5726.0 5781.0 5836.0 5946.0 6001.0 6056.0 6111.0 6165.0 6220.0 6275.0 6330.0 6440.0 6495.0 6550.0 6605.0 6659.0 6714.0 6769.0 6824.0 6861.0 6844.0 6826.0 6809.0 6791.0 6773.0 6756.0 6738.0 6703.0 6685.0 6668.0 6650.0 6633.0 6615.0 6598.0 6580.0 6545.0 6527.0 6510.0 6492.0
agregarAgente --UnidadTermicaSimple
200.0
100.0
agregarAgente --DemandaFija
219.0 190.2 162.3 162.3 162.3 228.9 295.5 362.1 428.7 495.3 561.9 561.9 561.9 516.0 471.0 424.2 379.2 332.4 286.5 286.5 286.5 246.9 205.5 165.9 125.4 84.0 44.4 44.4 44.4 70.5 97.5 124.5 150.6 177.6 203.7 203.7 203.7 290.1 376.5 462.9 548.4 634.8 721.2 721.2 721.2 695.1 670.8 645.6 621.3 596.1 570.9 570.9 570.9 595.2 618.6 642.0 665.4 688.8 714.0 714.0 714.0 714.0 714.0 714.9 714.9 715.8 715.8 715.8 715.8 606.9 498.0 389.1 280.2 170.4 61.5 61.5 61.5 94.8 126.3 157.8 190.2 222.6 255.0 255.0 255.0 305.4 356.7 408.0 458.4 510.6 561.0 561.0 561.0 586.2 610.5 634.8 659.1 683.4 708.6 708.6 708.6 751.8 794.1 838.2 881.4 923.7 967.8 967.8 967.8 969.6 971.4 974.1 975.9 977.7 980.4 980.4 980.4 929.1 878.7 827.4 777.0 726.6 675.3 675.3 675.3 714.0 750.9 788.7 825.6 863.4 901.2 901.2 901.2 933.6 966.9 999.3 1031.7 1064.1 1097.4 1097.4 1097.4 967.8 839.1 709.5 579.9 450.3 321.6 321.6 321.6 370.2 417.9 467.4 515.1 562.8 612.3 612.3 612.3 660.0 709.5 758.1 806.7 856.2 904.8 904.8 904.8 865.2 825.6 786.9 747.3 708.6 668.1 668.1 668.1 704.1 741.0 777.0 813.0 849.0 885.0 885.0 885.0 892.2 898.5 905.7 912.9 919.2 926.4 926.4 926.4 844.5 761.7 678.9 597.9 515.1 432.3 432.3 432.3 482.7 533.1 582.6 633.9 683.4 733.8 733.8 733.8 713.1 691.5 670.8 650.1 628.5 607.8 607.8 607.8 550.2 492.6 435.0 377.4 318.9 262.2 262.2 262.2 320.7 379.2 437.7 497.1 555.6 615.0 615.0 615.0 597.0 579.0 561.9 544.8 527.7 510.6 510.6 510.6 455.7 401.7 347.7 292.8 238.8 183.9 183.9 183.9 245.1 304.5 365.7 426.0 487.2 546.6 546.6 546.6 579.0 612.3 644.7 677.1 710.4 743.7 743.7 743.7 678.0 613.2 548.4 483.6 418.8 354.0 354.0 354.0 405.3 455.7 507.0 558.3 609.6 660.0 660.0 660.0 653.7 647.4 641.1 634.8 627.6 621.3 621.3 621.3 574.5 527.7 480.9 434.1 387.3 341.4 341.4 341.4 361.2 381.0 400.8 420.6 440.4 460.2 460.2 460.2 456.6 453.9 450.3 446.7 444.0 440.4 440.4 440.4 408.0 375.6 344.1 310.8 278.4 246.0 246.0 246.0 305.4 366.6 426.0 487.2 546.6 606.9 606.9 606.9 603.3 598.8 595.2 590.7 587.1 581.7 581.7 581.7 535.8 489.9 444.0 398.1 352.2 305.4 305.4 305.4 379.2 451.2 525.0 597.9 670.8 743.7 743.7 743.7 757.2 769.8 783.3 796.8 809.4 822.9 822.9 822.9 759.0 693.3 629.4
crearDespacho --mercado --conDemandaTotal
4
0.02 0.07 0.145 1.0
370.0 600.0 2400.0 4000.0
269.98 234.47 200.08 200.08 200.08 282.18 364.28 446.39 528.49 610.59 692.69 692.69 692.69 636.11 580.63 522.94 467.47 409.77 353.19 353.19 353.19 304.37 253.33 204.52 154.59 103.55 54.73 54.73 54.73 86.91 120.19 153.48 185.65 218.94 251.12 251.12 251.12 357.63 464.14 570.65 676.05 782.56 889.07 889.07 889.07 856.9 826.94 795.88 765.92 734.85 703.79 703.79 703.79 733.74 762.59 791.44 820.28 849.13 880.2 880.2 880.2 880.2 880.2 881.31 881.31 882.42 882.42 882.42 882.42 748.17 613.92 479.67 345.42 210.06 75.82 75.82 75.82 116.87 155.7 194.53 234.47 274.41 314.36 314.36 314.36 376.49 439.73 502.97 565.1 629.45 691.58 691.58 691.58 722.65 752.61 782.56 812.52 842.47 873.54 873.54 873.54 926.8 978.94 1033.31 1086.56 1138.71 1193.07 1193.07 1193.07 1195.29 1197.51 1200.84 1203.06 1205.28 1208.61 1208.61 1208.61 1145.37 1083.23 1019.99 957.86 895.73 832.49 832.49 832.49 880.2 925.69 972.28 1017.77 1064.37 1110.97 1110.97 1110.97 1150.91 1191.96 1231.91 1271.85 1311.79 1352.84 1352.84 1352.84 1193.07 1034.42 874.65 714.88 555.12 396.46 396.46 396.46 456.37 515.17 576.2 635.0 693.8 754.82 754.82 754.82 813.63 874.65 934.56 994.47 1055.5 1115.41 1115.41 1115.41 1066.59 1017.77 970.07 921.25 873.54 823.61 823.61 823.61 867.99 913.48 957.86 1002.24 1046.62 1091.0 1091.0 1091.0 1099.88 1107.64 1116.52 1125.39 1133.16 1142.04 1142.04 1142.04 1041.07 939.0 836.93 737.07 635.0 532.93 532.93 532.93 595.06 657.19 718.21 781.45 842.47 904.61 904.61 904.61 879.09 852.46 826.94 801.42 774.8 749.28 749.28 749.28 678.27 607.26 536.25 465.25 393.13 323.23 323.23 323.23 395.35 467.47 539.58 612.81 684.93 758.15 758.15 758.15 735.96 713.77 692.69 671.61 650.53 629.45 629.45 629.45 561.77 495.2 428.63 360.95 294.39 226.71 226.71 226.71 302.15 375.38 450.82 525.16 600.6 673.83 673.83 673.83 713.77 754.82 794.77 834.71 875.76 916.81 916.81 916.81 835.82 755.93 676.05 596.17 516.28 436.4 436.4 436.4 499.64 561.77 625.01 688.25 751.5 813.63 813.63 813.63 805.86 798.09 790.33 782.56 773.69 765.92 765.92 765.92 708.23 650.53 592.84 535.14 477.45 420.87 420.87 420.87 445.28 469.68 494.09 518.5 542.91 567.32 567.32 567.32 562.88 559.55 555.12 550.68 547.35 542.91 542.91 542.91 502.97 463.03 424.2 383.14 343.2 303.26 303.26 303.26 376.49 451.93 525.16 600.6 673.83 748.17 748.17 748.17 743.73 738.18 733.74 728.2 723.76 717.1 717.1 717.1 660.52 603.93 547.35 490.77 434.18 376.49 376.49 376.49 467.47 556.23 647.2 737.07 826.94 916.81 916.81 916.81 933.45 948.99 965.63 982.27 997.8 1014.45 1014.45 1014.45 935.67 854.68 775.9
configurarSolver --Gurobi
resolver --noConstante ejecuciones/bancos/recombinados/v1/directo/sgtm/v1_sgtm_000332.csv
finalizar
