inicializar --t 360
agregarAgente --SaltoGrande
0.000543
2250689819.0
2790.0 2783.0 2776.0 2770.0 2770.0 2778.0 2785.0 2792.0 2800.0 2807.0 2814.0 2822.0 2836.0 2844.0 2851.0 2858.0 2866.0 2873.0 2880.0 2888.0 2902.0 2910.0 2917.0 2924.0 2932.0 2939.0 2946.0 2954.0 2949.0 2936.0 2924.0 2912.0 2899.0 2887.0 2875.0 2862.0 2838.0 2825.0 2813.0 2801.0 2788.0 2776.0 2764.0 2751.0 2727.0 2714.0 2702.0 2690.0 2677.0 2665.0 2653.0 2640.0 2624.0 2619.0 2615.0 2611.0 2606.0 2602.0 2597.0 2593.0 2584.0 2580.0 2576.0 2571.0 2567.0 2562.0 2558.0 2554.0 2545.0 2541.0 2536.0 2532.0 2527.0 2523.0 2519.0 2514.0 2508.0 2505.0 2503.0 2500.0 2498.0 2496.0 2493.0 2491.0 2486.0 2484.0 2481.0 2479.0 2476.0 2474.0 2471.0 2469.0 2464.0 2462.0 2459.0 2457.0 2455.0 2452.0 2450.0 2447.0 2451.0 2457.0 2464.0 2470.0 2476.0 2482.0 2488.0 2494.0 2507.0 2513.0 2519.0 2525.0 2532.0 2538.0 2544.0 2550.0 2563.0 2569.0 2575.0 2581.0 2587.0 2593.0 2600.0 2606.0 2624.0 2636.0 2647.0 2659.0 2671.0 2683.0 2694.0 2706.0 2730.0 2742.0 2753.0 2765.0 2777.0 2789.0 2800.0 2812.0 2836.0 2848.0 2859.0 2871.0 2883.0 2895.0 2906.0 2918.0 2927.0 2924.0 2920.0 2917.0 2914.0 2911.0 2908.0 2905.0 2898.0 2895.0 2892.0 2889.0 2885.0 2882.0 2879.0 2876.0 2869.0 2866.0 2863.0 2860.0 2857.0 2854.0 2850.0 2847.0 2843.0 2842.0 2841.0 2839.0 2838.0 2837.0 2836.0 2835.0 2833.0 2831.0 2830.0 2829.0 2828.0 2827.0 2826.0 2824.0 2822.0 2821.0 2820.0 2819.0 2818.0 2816.0 2815.0 2814.0 2807.0 2801.0 2796.0 2790.0 2784.0 2778.0 2772.0 2766.0 2755.0 2749.0 2743.0 2737.0 2732.0 2726.0 2720.0 2714.0 2703.0 2697.0 2691.0 2685.0 2679.0 2673.0 2668.0 2662.0 2647.0 2637.0 2628.0 2618.0 2609.0 2599.0 2590.0 2580.0 2562.0 2552.0 2543.0 2533.0 2524.0 2514.0 2505.0 2495.0 2477.0 2467.0 2458.0 2448.0 2439.0 2429.0 2420.0 2410.0 2411.0 2422.0 2432.0 2442.0 2452.0 2463.0 2473.0 2483.0 2504.0 2514.0 2524.0 2534.0 2545.0 2555.0 2565.0 2575.0 2596.0 2606.0 2616.0 2627.0 2637.0 2647.0 2657.0 2668.0 2686.0 2695.0 2703.0 2712.0 2720.0 2729.0 2737.0 2746.0 2762.0 2771.0 2779.0 2788.0 2796.0 2805.0 2813.0 2822.0 2838.0 2847.0 2855.0 2864.0 2872.0 2881.0 2889.0 2898.0 2912.0 2918.0 2924.0 2930.0 2936.0 2942.0 2948.0 2954.0 2966.0 2972.0 2978.0 2984.0 2991.0 2997.0 3003.0 3009.0 3021.0 3027.0 3033.0 3039.0 3045.0 3051.0 3057.0 3063.0 3069.0 3068.0 3068.0 3068.0 3067.0 3067.0 3066.0 3066.0 3065.0 3065.0 3065.0 3064.0 3064.0 3063.0 3063.0 3063.0 3062.0 3062.0 3061.0 3061.0 3060.0 3060.0 3060.0 3059.0 3055.0 3050.0 3046.0 3042.0 3037.0 3033.0 3028.0 3024.0 3015.0 3011.0 3007.0 3002.0 2998.0 2993.0 2989.0 2985.0 2976.0 2972.0 2967.0 2963.0
agregarAgente --UnidadTermicaSimple
200.0
100.0
agregarAgente --DemandaFija
473.7 473.7 473.7 473.7 473.7 497.1 521.4 545.7 569.1 594.3 618.6 618.6 618.6 599.7 580.8 562.8 543.9 525.9 507.9 507.9 507.9 537.6 567.3 597.9 627.6 657.3 687.0 687.0 687.0 735.6 782.4 829.2 876.9 923.7 972.3 972.3 972.3 966.9 961.5 956.1 949.8 944.4 939.9 939.9 939.9 895.8 851.7 806.7 763.5 719.4 674.4 674.4 674.4 685.2 696.0 708.6 719.4 730.2 741.0 741.0 741.0 747.3 753.6 759.9 765.3 771.6 777.9 777.9 777.9 734.7 689.7 646.5 602.4 558.3 514.2 514.2 514.2 538.5 561.9 586.2 609.6 633.0 656.4 656.4 656.4 667.2 677.1 687.9 697.8 709.5 719.4 719.4 719.4 642.9 566.4 490.8 414.3 338.7 262.2 262.2 262.2 310.8 361.2 410.7 459.3 509.7 559.2 559.2 559.2 600.6 642.0 683.4 725.7 767.1 807.6 807.6 807.6 773.4 738.3 703.2 669.0 633.9 599.7 599.7 599.7 570.0 541.2 512.4 483.6 453.9 425.1 425.1 425.1 447.6 471.0 492.6 515.1 536.7 559.2 559.2 559.2 483.6 406.2 329.7 254.1 176.7 101.1 101.1 101.1 176.7 253.2 328.8 405.3 481.8 557.4 557.4 557.4 619.5 679.8 741.9 803.1 864.3 925.5 925.5 925.5 810.3 696.0 580.8 466.5 352.2 237.0 237.0 237.0 343.2 448.5 555.6 661.8 768.0 874.2 874.2 874.2 827.4 781.5 735.6 688.8 642.9 597.0 597.0 597.0 524.1 450.3 378.3 304.5 232.5 159.6 159.6 159.6 249.6 340.5 429.6 519.6 610.5 699.6 699.6 699.6 654.6 610.5 564.6 519.6 474.6 428.7 428.7 428.7 401.7 375.6 348.6 320.7 294.6 267.6 267.6 267.6 413.4 559.2 705.9 852.6 998.4 1144.2 1144.2 1144.2 1113.6 1082.1 1050.6 1019.1 987.6 957.0 957.0 957.0 920.1 884.1 848.1 811.2 775.2 739.2 739.2 739.2 845.4 950.7 1056.0 1162.2 1268.4 1374.6 1374.6 1374.6 1292.7 1212.6 1131.6 1050.6 969.6 888.6 888.6 888.6 823.8 759.9 696.0 632.1 567.3 503.4 503.4 503.4 607.8 712.2 815.7 919.2 1023.6 1128.0 1128.0 1128.0 1092.9 1056.0 1020.0 984.9 948.0 912.0 912.0 912.0 887.7 863.4 840.0 814.8 790.5 766.2 766.2 766.2 816.6 867.9 918.3 969.6 1020.0 1070.4 1070.4 1070.4 1037.1 1004.7 972.3 938.1 905.7 873.3 873.3 873.3 861.6 850.8 840.0 828.3 816.6 805.8 805.8 805.8 794.1 781.5 769.8 758.1 745.5 733.8 733.8 733.8 655.5 577.2 499.8 422.4 345.0 266.7 266.7 266.7 242.4 218.1 192.9 168.6 144.3 120.0 120.0 120.0 166.8 212.7 259.5 306.3 353.1 399.9 399.9 399.9 453.0 507.0 561.0 615.0 668.1 723.0 723.0 723.0 705.0 688.8 671.7
crearDespacho --mercado --conDemandaTotal
4
0.02 0.07 0.145 1.0
370.0 600.0 2400.0 4000.0
555.88 555.88 555.88 555.88 555.88 583.34 611.86 640.37 667.83 697.4 725.92 725.92 725.92 703.74 681.56 660.44 638.26 617.14 596.01 596.01 596.01 630.87 665.72 701.63 736.48 771.33 806.18 806.18 806.18 863.22 918.14 973.05 1029.03 1083.95 1140.98 1140.98 1140.98 1134.64 1128.31 1121.97 1114.58 1108.24 1102.96 1102.96 1102.96 1051.21 999.46 946.65 895.96 844.21 791.4 791.4 791.4 804.07 816.75 831.53 844.21 856.88 869.55 869.55 869.55 876.95 884.34 891.73 898.07 905.46 912.85 912.85 912.85 862.16 809.35 758.66 706.91 655.16 603.41 603.41 603.41 631.92 659.38 687.9 715.36 742.82 770.28 770.28 770.28 782.95 794.57 807.24 818.86 832.59 844.21 844.21 844.21 754.43 664.66 575.95 486.18 397.46 307.69 307.69 307.69 364.72 423.86 481.95 538.98 598.13 656.21 656.21 656.21 704.8 753.38 801.96 851.6 900.18 947.71 947.71 947.71 907.57 866.38 825.2 785.06 743.87 703.74 703.74 703.74 668.89 635.09 601.29 567.5 532.65 498.85 498.85 498.85 525.25 552.71 578.06 604.46 629.81 656.21 656.21 656.21 567.5 476.67 386.9 298.18 207.35 118.64 118.64 118.64 207.35 297.13 385.84 475.61 565.39 654.1 654.1 654.1 726.97 797.74 870.61 942.43 1014.24 1086.06 1086.06 1086.06 950.88 816.75 681.56 547.43 413.3 278.12 278.12 278.12 402.74 526.31 651.99 776.61 901.24 1025.86 1025.86 1025.86 970.94 917.08 863.22 808.3 754.43 700.57 700.57 700.57 615.02 528.42 443.93 357.33 272.84 187.29 187.29 187.29 292.9 399.57 504.13 609.74 716.41 820.97 820.97 820.97 768.16 716.41 662.55 609.74 556.94 503.07 503.07 503.07 471.39 440.76 409.08 376.34 345.71 314.02 314.02 314.02 485.12 656.21 828.36 1000.51 1171.61 1342.7 1342.7 1342.7 1306.79 1269.83 1232.86 1195.9 1158.93 1123.03 1123.03 1123.03 1079.72 1037.48 995.23 951.93 909.69 867.44 867.44 867.44 992.06 1115.63 1239.2 1363.83 1488.45 1613.07 1613.07 1613.07 1516.97 1422.97 1327.92 1232.86 1137.81 1042.76 1042.76 1042.76 966.72 891.73 816.75 741.76 665.72 590.73 590.73 590.73 713.24 835.76 957.21 1078.67 1201.18 1323.69 1323.69 1323.69 1282.5 1239.2 1196.96 1155.77 1112.46 1070.22 1070.22 1070.22 1041.7 1013.19 985.73 956.16 927.64 899.12 899.12 899.12 958.27 1018.47 1077.61 1137.81 1196.96 1256.1 1256.1 1256.1 1217.02 1179.0 1140.98 1100.85 1062.83 1024.81 1024.81 1024.81 1011.08 998.4 985.73 972.0 958.27 945.59 945.59 945.59 931.87 917.08 903.35 889.62 874.83 861.1 861.1 861.1 769.22 677.34 586.51 495.68 404.85 312.97 312.97 312.97 284.45 255.94 226.37 197.85 169.33 140.82 140.82 140.82 195.74 249.6 304.52 359.44 414.36 469.28 469.28 469.28 531.59 594.96 658.33 721.69 784.01 848.43 848.43 848.43 827.31 808.3 788.23
configurarSolver --Gurobi
resolver --noConstante ejecuciones/bancos/recombinados/v1/directo/sgtm/v1_sgtm_000270.csv
finalizar
