inicializar --t 360
agregarAgente --SaltoGrande
0.001209
1115367887.0
4429.0 4465.0 4500.0 4536.0 4639.0 4705.0 4772.0 4839.0 4906.0 4972.0 5039.0 5106.0 5239.0 5306.0 5373.0 5440.0 5506.0 5573.0 5640.0 5707.0 5840.0 5907.0 5974.0 6040.0 6107.0 6174.0 6241.0 6307.0 6456.0 6537.0 6619.0 6701.0 6783.0 6864.0 6946.0 7028.0 7191.0 7273.0 7355.0 7437.0 7518.0 7600.0 7682.0 7764.0 7927.0 8009.0 8091.0 8172.0 8254.0 8336.0 8418.0 8499.0 8609.0 8636.0 8664.0 8692.0 8719.0 8747.0 8775.0 8802.0 8858.0 8885.0 8913.0 8941.0 8968.0 8996.0 9024.0 9051.0 9107.0 9134.0 9162.0 9190.0 9217.0 9245.0 9273.0 9300.0 9337.0 9347.0 9356.0 9365.0 9374.0 9384.0 9393.0 9402.0 9421.0 9430.0 9439.0 9448.0 9458.0 9467.0 9476.0 9485.0 9504.0 9513.0 9522.0 9532.0 9541.0 9550.0 9559.0 9569.0 9563.0 9548.0 9533.0 9519.0 9504.0 9489.0 9474.0 9459.0 9429.0 9415.0 9400.0 9385.0 9370.0 9355.0 9340.0 9326.0 9296.0 9281.0 9266.0 9251.0 9236.0 9222.0 9207.0 9192.0 9139.0 9102.0 9064.0 9026.0 8989.0 8951.0 8913.0 8876.0 8800.0 8763.0 8725.0 8687.0 8650.0 8612.0 8574.0 8537.0 8461.0 8424.0 8386.0 8348.0 8311.0 8273.0 8235.0 8198.0 8103.0 8046.0 7988.0 7931.0 7874.0 7817.0 7760.0 7703.0 7588.0 7531.0 7474.0 7417.0 7359.0 7302.0 7245.0 7188.0 7073.0 7016.0 6959.0 6902.0 6845.0 6788.0 6730.0 6673.0 6584.0 6553.0 6521.0 6490.0 6458.0 6427.0 6395.0 6364.0 6301.0 6269.0 6238.0 6206.0 6175.0 6143.0 6112.0 6080.0 6017.0 5986.0 5954.0 5923.0 5891.0 5860.0 5828.0 5797.0 5725.0 5684.0 5644.0 5603.0 5563.0 5523.0 5482.0 5442.0 5361.0 5321.0 5280.0 5240.0 5199.0 5159.0 5118.0 5078.0 4997.0 4957.0 4916.0 4876.0 4836.0 4795.0 4755.0 4714.0 4648.0 4623.0 4597.0 4571.0 4545.0 4520.0 4494.0 4468.0 4417.0 4391.0 4366.0 4340.0 4314.0 4288.0 4263.0 4237.0 4186.0 4160.0 4134.0 4109.0 4083.0 4057.0 4031.0 4006.0 3950.0 3920.0 3891.0 3861.0 3831.0 3801.0 3772.0 3742.0 3682.0 3652.0 3623.0 3593.0 3563.0 3533.0 3504.0 3474.0 3414.0 3384.0 3355.0 3325.0 3295.0 3265.0 3236.0 3206.0 3161.0 3145.0 3130.0 3114.0 3099.0 3083.0 3068.0 3052.0 3021.0 3006.0 2990.0 2975.0 2959.0 2944.0 2928.0 2913.0 2882.0 2866.0 2851.0 2835.0 2820.0 2804.0 2789.0 2773.0 2755.0 2753.0 2750.0 2747.0 2744.0 2742.0 2739.0 2736.0 2731.0 2728.0 2726.0 2723.0 2720.0 2717.0 2715.0 2712.0 2707.0 2704.0 2701.0 2699.0 2696.0 2693.0 2690.0 2688.0 2677.0 2669.0 2661.0 2653.0 2645.0 2637.0 2629.0 2621.0 2605.0 2597.0 2589.0 2581.0 2573.0 2565.0 2557.0 2549.0 2533.0 2525.0 2517.0 2509.0 2501.0 2493.0 2485.0 2477.0 2471.0 2474.0 2476.0 2479.0 2481.0 2483.0 2486.0 2488.0 2493.0 2495.0 2498.0 2500.0 2503.0 2505.0 2508.0 2510.0 2515.0 2517.0 2520.0 2522.0
agregarAgente --UnidadTermicaSimple
200.0
100.0
agregarAgente --DemandaFija
802.2 788.7 773.4 769.8 764.4 776.1 786.9 798.6 809.4 821.1 831.0 831.0 840.9 850.8 860.7 870.6 880.5 890.4 901.2 910.2 909.3 869.7 830.1 790.5 750.9 712.2 672.6 662.7 656.4 688.8 721.2 752.7 785.1 817.5 849.9 853.5 864.3 871.5 880.5 889.5 898.5 906.6 915.6 923.7 919.2 878.7 838.2 798.6 758.1 717.6 678.0 665.4 654.6 680.7 707.7 734.7 760.8 787.8 814.8 817.5 829.2 843.6 858.9 873.3 886.8 902.1 916.5 926.4 930.0 894.0 856.2 820.2 783.3 745.5 709.5 703.2 691.5 714.0 736.5 759.0 781.5 802.2 825.6 820.2 820.2 824.7 829.2 834.6 839.1 843.6 848.1 852.6 852.6 816.6 778.8 741.9 705.0 668.1 630.3 625.8 624.0 648.3 672.6 696.0 720.3 744.6 768.0 771.6 786.9 799.5 813.0 825.6 838.2 851.7 864.3 875.1 871.5 833.7 795.0 758.1 719.4 681.6 643.8 629.4 620.4 642.9 665.4 688.8 711.3 734.7 757.2 761.7 777.9 806.7 835.5 864.3 892.2 921.9 949.8 961.5 959.7 921.0 882.3 842.7 803.1 763.5 724.8 713.1 702.3 723.0 743.7 763.5 784.2 804.9 826.5 826.5 835.5 840.9 848.1 853.5 859.8 866.1 872.4 879.6 873.3 831.9 790.5 749.1 708.6 668.1 626.7 614.1 606.9 615.0 623.1 629.4 637.5 645.6 653.7 659.1 670.8 680.7 689.7 699.6 708.6 718.5 727.5 732.9 727.5 702.3 677.1 651.9 627.6 602.4 576.3 565.5 555.6 579.0 601.5 624.0 647.4 669.9 692.4 695.1 703.2 710.4 718.5 724.8 732.9 740.1 748.2 753.6 752.7 715.8 679.8 642.9 606.9 570.0 533.1 525.9 517.8 543.0 568.2 592.5 617.7 642.9 667.2 667.2 670.8 676.2 681.6 687.0 693.3 699.6 705.0 708.6 705.9 670.8 636.6 602.4 567.3 533.1 498.9 492.6 484.5 510.6 536.7 563.7 590.7 616.8 643.8 642.0 645.6 652.8 661.8 670.8 678.9 687.9 696.0 702.3 704.1 660.0 616.8 574.5 532.2 489.0 445.8 442.2 437.7 455.7 473.7 491.7 509.7 527.7 546.6 546.6 548.4 555.6 564.6 571.8 579.9 588.0 597.0 597.9 598.8 549.3 502.5 453.9 405.3 357.6 308.1 307.2 307.2 321.6 334.2 347.7 360.3 374.7 387.3 389.1 392.7 425.1 455.7 486.3 517.8 548.4 579.9 581.7 581.7 534.0 486.3 439.5 390.9 343.2 295.5 293.7 295.5 354.9 415.2 476.4 535.8 596.1 657.3 660.9 677.1 696.9 716.7 735.6 756.3 775.2 795.0 807.6 806.7 751.8 696.9 642.9 588.0 534.0 479.1 465.6 459.3 498.0 538.5 578.1 617.7 658.2 697.8 705.0 718.5 723.9 729.3 735.6 741.9 746.4 752.7 759.0 752.7 696.0 641.1 584.4
crearDespacho --mercado --conDemandaTotal
4
0.02 0.07 0.145 1.0
370.0 600.0 2400.0 4000.0
987.2 970.59 951.76 947.33 940.68 955.08 968.37 982.77 996.06 1010.46 1022.64 1022.64 1034.83 1047.01 1059.19 1071.38 1083.56 1095.74 1109.03 1120.11 1119.0 1070.27 1021.54 972.8 924.07 876.45 827.71 815.53 807.78 847.65 887.52 926.29 966.16 1006.03 1045.9 1050.33 1063.62 1072.48 1083.56 1094.64 1105.71 1115.68 1126.75 1136.72 1131.18 1081.34 1031.5 982.77 932.93 883.09 834.36 818.85 805.56 837.68 870.91 904.14 936.25 969.48 1002.71 1006.03 1020.43 1038.15 1056.98 1074.7 1091.31 1110.14 1127.86 1140.05 1144.48 1100.17 1053.66 1009.35 963.94 917.43 873.12 865.37 850.97 878.66 906.35 934.04 961.73 987.2 1016.0 1009.35 1009.35 1014.89 1020.43 1027.07 1032.61 1038.15 1043.69 1049.23 1049.23 1004.92 958.41 913.0 867.59 822.18 775.66 770.12 767.91 797.81 827.71 856.51 886.41 916.32 945.12 949.55 968.37 983.88 1000.49 1016.0 1031.5 1048.12 1063.62 1076.91 1072.48 1025.97 978.34 932.93 885.31 838.79 792.27 774.55 763.48 791.16 818.85 847.65 875.34 904.14 931.82 937.36 957.3 992.74 1028.18 1063.62 1097.96 1134.51 1168.84 1183.24 1181.02 1133.4 1085.77 1037.04 988.31 939.58 891.95 877.55 864.26 889.74 915.21 939.58 965.05 990.52 1017.11 1017.11 1028.18 1034.83 1043.69 1050.33 1058.09 1065.84 1073.59 1082.45 1074.7 1023.75 972.8 921.86 872.02 822.18 771.23 755.72 746.86 756.83 766.8 774.55 784.52 794.49 804.46 811.1 825.5 837.68 848.76 860.94 872.02 884.2 895.28 901.92 895.28 864.26 833.25 802.24 772.34 741.32 709.21 695.91 683.73 712.53 740.22 767.91 796.7 824.39 852.08 855.4 865.37 874.23 884.2 891.95 901.92 910.78 920.75 927.39 926.29 880.88 836.57 791.16 746.86 701.45 656.04 647.18 637.21 668.23 699.24 729.14 760.15 791.16 821.07 821.07 825.5 832.14 838.79 845.43 853.19 860.94 867.59 872.02 868.69 825.5 783.41 741.32 698.13 656.04 613.96 606.2 596.23 628.35 660.47 693.7 726.93 759.05 792.27 790.06 794.49 803.35 814.42 825.5 835.47 846.54 856.51 864.26 866.48 812.21 759.05 706.99 654.94 601.77 548.61 544.18 538.64 560.79 582.94 605.1 627.25 649.4 672.66 672.66 674.87 683.73 694.81 703.67 713.64 723.6 734.68 735.79 736.89 675.98 618.39 558.58 498.77 440.07 379.15 378.05 378.05 395.77 411.27 427.89 443.39 461.11 476.62 478.83 483.26 523.14 560.79 598.45 637.21 674.87 713.64 715.85 715.85 657.15 598.45 540.86 481.05 422.35 363.65 361.43 363.65 436.75 510.95 586.27 659.37 733.57 808.89 813.32 833.25 857.62 881.98 905.24 930.72 953.98 978.34 993.85 992.74 925.18 857.62 791.16 723.6 657.15 589.59 572.98 565.22 612.85 662.69 711.42 760.15 809.99 858.73 867.59 884.2 890.84 897.49 905.24 913.0 918.53 926.29 934.04 926.29 856.51 788.95 719.17
configurarSolver --Gurobi
resolver --noConstante ejecuciones/bancos/recombinados/v1/directo/sgtm/v1_sgtm_000298.csv
finalizar
