inicializar --t 360
agregarAgente --SaltoGrande
0.00323
945778668.0
2594.0 2604.0 2614.0 2623.0 2646.0 2659.0 2673.0 2686.0 2699.0 2712.0 2725.0 2738.0 2765.0 2778.0 2791.0 2804.0 2818.0 2831.0 2844.0 2857.0 2884.0 2897.0 2910.0 2923.0 2936.0 2949.0 2963.0 2976.0 2996.0 3003.0 3010.0 3018.0 3025.0 3032.0 3039.0 3046.0 3060.0 3068.0 3075.0 3082.0 3089.0 3096.0 3103.0 3111.0 3125.0 3132.0 3139.0 3146.0 3153.0 3161.0 3168.0 3175.0 3183.0 3183.0 3184.0 3185.0 3185.0 3186.0 3186.0 3187.0 3188.0 3189.0 3190.0 3190.0 3191.0 3191.0 3192.0 3193.0 3194.0 3195.0 3195.0 3196.0 3196.0 3197.0 3198.0 3198.0 3207.0 3215.0 3222.0 3230.0 3238.0 3246.0 3253.0 3261.0 3277.0 3285.0 3292.0 3300.0 3308.0 3316.0 3323.0 3331.0 3347.0 3355.0 3362.0 3370.0 3378.0 3386.0 3393.0 3401.0 3412.0 3415.0 3418.0 3420.0 3423.0 3426.0 3429.0 3432.0 3438.0 3440.0 3443.0 3446.0 3449.0 3452.0 3455.0 3457.0 3463.0 3466.0 3469.0 3472.0 3475.0 3477.0 3480.0 3483.0 3512.0 3539.0 3565.0 3592.0 3618.0 3645.0 3671.0 3698.0 3751.0 3777.0 3804.0 3830.0 3857.0 3883.0 3910.0 3936.0 3989.0 4016.0 4042.0 4069.0 4095.0 4122.0 4148.0 4175.0 4218.0 4235.0 4251.0 4268.0 4285.0 4302.0 4319.0 4336.0 4369.0 4386.0 4403.0 4420.0 4436.0 4453.0 4470.0 4487.0 4520.0 4537.0 4554.0 4571.0 4588.0 4605.0 4621.0 4638.0 4657.0 4658.0 4660.0 4662.0 4663.0 4665.0 4667.0 4668.0 4672.0 4673.0 4675.0 4677.0 4678.0 4680.0 4682.0 4683.0 4687.0 4688.0 4690.0 4692.0 4693.0 4695.0 4697.0 4698.0 4695.0 4689.0 4684.0 4678.0 4673.0 4667.0 4662.0 4656.0 4645.0 4640.0 4634.0 4629.0 4623.0 4618.0 4612.0 4607.0 4596.0 4590.0 4585.0 4579.0 4574.0 4568.0 4563.0 4557.0 4567.0 4581.0 4596.0 4610.0 4625.0 4639.0 4654.0 4668.0 4698.0 4712.0 4727.0 4741.0 4756.0 4770.0 4785.0 4799.0 4829.0 4843.0 4858.0 4872.0 4887.0 4901.0 4916.0 4930.0 4949.0 4953.0 4958.0 4962.0 4966.0 4970.0 4975.0 4979.0 4987.0 4991.0 4996.0 5000.0 5004.0 5008.0 5013.0 5017.0 5025.0 5029.0 5034.0 5038.0 5042.0 5046.0 5051.0 5055.0 5059.0 5058.0 5058.0 5058.0 5057.0 5057.0 5057.0 5056.0 5056.0 5055.0 5055.0 5055.0 5054.0 5054.0 5054.0 5053.0 5053.0 5052.0 5052.0 5052.0 5051.0 5051.0 5051.0 5050.0 5057.0 5064.0 5070.0 5077.0 5084.0 5091.0 5098.0 5105.0 5118.0 5125.0 5132.0 5139.0 5145.0 5152.0 5159.0 5166.0 5179.0 5186.0 5193.0 5200.0 5207.0 5214.0 5220.0 5227.0 5236.0 5238.0 5241.0 5243.0 5245.0 5247.0 5250.0 5252.0 5256.0 5258.0 5261.0 5263.0 5265.0 5267.0 5270.0 5272.0 5276.0 5278.0 5281.0 5283.0 5285.0 5287.0 5290.0 5292.0 5318.0 5342.0 5365.0 5389.0 5413.0 5437.0 5460.0 5484.0 5532.0 5556.0 5579.0 5603.0 5627.0 5651.0 5674.0 5698.0 5746.0 5770.0 5793.0 5817.0
agregarAgente --UnidadTermicaSimple
200.0
100.0
agregarAgente --DemandaFija
588.9 568.2 546.6 538.5 529.5 552.0 572.7 595.2 617.7 639.3 660.9 660.0 661.8 678.0 694.2 710.4 726.6 741.9 759.0 762.6 763.5 711.3 659.1 606.0 553.8 501.6 449.4 447.6 448.5 464.7 483.6 499.8 518.7 535.8 552.9 555.6 558.3 583.5 609.6 635.7 660.9 687.0 712.2 713.1 714.0 683.4 654.6 624.9 594.3 565.5 534.9 533.1 535.8 554.7 575.4 595.2 615.9 635.7 656.4 659.1 662.7 696.9 732.9 767.1 802.2 837.3 872.4 873.3 867.9 812.1 756.3 700.5 644.7 588.9 532.2 526.8 534.9 562.8 589.8 618.6 646.5 673.5 701.4 714.9 729.3 749.1 768.9 788.7 808.5 829.2 848.1 849.0 837.3 786.0 737.4 687.0 636.6 586.2 537.6 524.1 525.9 549.3 572.7 597.0 619.5 643.8 668.1 683.4 699.6 725.7 750.9 776.1 801.3 826.5 852.6 853.5 840.0 788.7 736.5 685.2 633.0 582.6 530.4 514.2 507.9 519.6 531.3 542.1 553.8 565.5 577.2 587.1 602.4 634.8 667.2 699.6 731.1 764.4 796.8 801.3 793.2 748.2 704.1 659.1 615.0 569.1 524.1 511.5 508.8 522.3 536.7 551.1 565.5 579.0 593.4 603.3 614.1 644.7 676.2 708.6 740.1 770.7 801.3 802.2 792.3 726.6 660.9 596.1 530.4 465.6 399.9 388.2 374.7 351.3 326.1 300.9 276.6 251.4 226.2 224.4 228.0 231.6 235.2 238.8 243.3 246.9 250.5 255.0 255.9 263.1 271.2 277.5 284.7 291.9 299.1 295.5 298.2 329.7 361.2 392.7 425.1 456.6 489.0 495.3 503.4 472.8 439.5 408.9 377.4 345.9 314.4 317.1 310.8 315.3 319.8 324.3 329.7 333.3 338.7 330.6 329.7 320.7 310.8 302.7 293.7 284.7 277.5 283.8 291.9 292.8 294.6 296.4 298.2 300.0 301.8 303.6 296.4 294.6 291.9 290.1 288.3 284.7 282.9 274.8 267.6 261.3 255.0 248.7 242.4 237.0 230.7 230.7 236.1 240.6 245.1 249.6 254.1 258.6 263.1 267.6 265.8 271.2 276.6 281.1 286.5 291.0 295.5 290.1 299.1 341.4 383.7 425.1 467.4 510.6 552.9 567.3 586.2 579.9 572.7 564.6 558.3 551.1 543.9 547.5 539.4 504.3 470.1 435.0 399.9 365.7 330.6 318.9 314.4 318.9 322.5 325.2 328.8 332.4 336.0 344.1 356.7 378.3 399.9 420.6 442.2 463.8 485.4 489.0 477.3 446.7 416.1 384.6 354.9 324.3 293.7 278.4 261.3 278.4 296.4 313.5 331.5 350.4 367.5 364.8 368.4 380.1 392.7 404.4 415.2 427.8 440.4 444.9 445.8 417.9 389.1 361.2 333.3 305.4 277.5 273.0 266.7 340.5 417.0 491.7 567.3 642.0 717.6 715.8 721.2 673.5 624.9 576.3 528.6 479.1 432.3 440.4 441.3 410.7 380.1 348.6
crearDespacho --mercado --conDemandaTotal
4
0.02 0.07 0.145 1.0
370.0 600.0 2400.0 4000.0
816.07 787.39 757.45 746.23 733.76 764.94 793.62 824.8 855.98 885.91 915.85 914.6 917.09 939.54 961.99 984.44 1006.89 1028.09 1051.79 1056.78 1058.02 985.69 913.35 839.77 767.43 695.09 622.76 620.26 621.51 643.96 670.15 692.6 718.79 742.49 766.18 769.93 773.67 808.59 844.76 880.92 915.85 952.01 986.93 988.18 989.43 947.03 907.12 865.96 823.55 783.64 741.24 738.75 742.49 768.68 797.36 824.8 853.49 880.92 909.61 913.35 918.34 965.73 1015.62 1063.01 1111.65 1160.29 1208.93 1210.18 1202.7 1125.37 1048.05 970.72 893.4 816.07 737.5 730.02 741.24 779.9 817.32 857.23 895.89 933.31 971.97 990.68 1010.63 1038.07 1065.51 1092.95 1120.38 1149.07 1175.26 1176.51 1160.29 1089.2 1021.86 952.01 882.17 812.33 744.98 726.27 728.77 761.2 793.62 827.3 858.48 892.15 925.82 947.03 969.47 1005.64 1040.56 1075.48 1110.41 1145.33 1181.5 1182.74 1164.03 1092.95 1020.61 949.52 877.18 807.34 735.0 712.56 703.83 720.04 736.25 751.22 767.43 783.64 799.86 813.58 834.78 879.68 924.58 969.47 1013.13 1059.27 1104.17 1110.41 1099.18 1036.82 975.71 913.35 852.24 788.63 726.27 708.81 705.07 723.78 743.73 763.69 783.64 802.35 822.31 836.03 850.99 893.4 937.05 981.95 1025.6 1068.0 1110.41 1111.65 1097.93 1006.89 915.85 826.05 735.0 645.21 554.16 537.95 519.24 486.82 451.89 416.97 383.3 348.38 313.46 310.96 315.95 320.94 325.93 330.92 337.15 342.14 347.13 353.37 354.61 364.59 375.82 384.55 394.52 404.5 414.48 409.49 413.23 456.88 500.53 544.19 589.08 632.74 677.63 686.36 697.59 655.19 609.04 566.64 522.98 479.33 435.68 439.42 430.69 436.93 443.16 449.4 456.88 461.87 469.36 458.13 456.88 444.41 430.69 419.47 407.0 394.52 384.55 393.28 404.5 405.75 408.24 410.74 413.23 415.73 418.22 420.72 410.74 408.24 404.5 402.01 399.51 394.52 392.03 380.81 370.83 362.1 353.37 344.64 335.91 328.42 319.69 319.69 327.18 333.41 339.65 345.88 352.12 358.36 364.59 370.83 368.33 375.82 383.3 389.54 397.02 403.25 409.49 402.01 414.48 473.1 531.71 589.08 647.7 707.57 766.18 786.14 812.33 803.6 793.62 782.4 773.67 763.69 753.71 758.7 747.48 698.84 651.44 602.8 554.16 506.77 458.13 441.92 435.68 441.92 446.91 450.65 455.64 460.63 465.61 476.84 494.3 524.23 554.16 582.85 612.78 642.71 672.65 677.63 661.42 619.02 576.61 532.96 491.8 449.4 407.0 385.79 362.1 385.79 410.74 434.43 459.38 485.57 509.27 505.52 510.51 526.73 544.19 560.4 575.37 592.83 610.29 616.52 617.77 579.11 539.2 500.53 461.87 423.21 384.55 378.31 369.58 471.85 577.86 681.38 786.14 889.65 994.42 991.92 999.41 933.31 865.96 798.61 732.51 663.92 599.06 610.29 611.53 569.13 526.73 483.07
configurarSolver --Gurobi
resolver --noConstante ejecuciones/bancos/recombinados/v1/directo/sgtm/v1_sgtm_000240.csv
finalizar
