inicializar --t 360
agregarAgente --SaltoGrande
0.000419
2309268442.0
2861.0 2866.0 2871.0 2876.0 2885.0 2889.0 2893.0 2897.0 2902.0 2906.0 2910.0 2914.0 2922.0 2926.0 2930.0 2934.0 2939.0 2943.0 2947.0 2951.0 2959.0 2963.0 2967.0 2971.0 2976.0 2980.0 2984.0 2988.0 2984.0 2977.0 2969.0 2961.0 2954.0 2946.0 2938.0 2931.0 2915.0 2908.0 2900.0 2892.0 2885.0 2877.0 2869.0 2862.0 2846.0 2839.0 2831.0 2823.0 2816.0 2808.0 2800.0 2793.0 2778.0 2771.0 2764.0 2758.0 2751.0 2744.0 2737.0 2730.0 2716.0 2710.0 2703.0 2696.0 2689.0 2682.0 2675.0 2669.0 2655.0 2648.0 2641.0 2634.0 2627.0 2621.0 2614.0 2607.0 2590.0 2581.0 2571.0 2561.0 2552.0 2542.0 2533.0 2523.0 2504.0 2494.0 2484.0 2475.0 2465.0 2456.0 2446.0 2436.0 2417.0 2407.0 2398.0 2388.0 2379.0 2369.0 2359.0 2350.0 2338.0 2336.0 2334.0 2332.0 2330.0 2328.0 2326.0 2324.0 2320.0 2318.0 2316.0 2314.0 2312.0 2310.0 2308.0 2306.0 2302.0 2300.0 2298.0 2296.0 2294.0 2292.0 2290.0 2288.0 2280.0 2274.0 2268.0 2261.0 2255.0 2249.0 2243.0 2237.0 2225.0 2218.0 2212.0 2206.0 2200.0 2194.0 2188.0 2181.0 2169.0 2163.0 2157.0 2151.0 2145.0 2138.0 2132.0 2126.0 2119.0 2118.0 2117.0 2116.0 2115.0 2114.0 2114.0 2113.0 2111.0 2110.0 2109.0 2108.0 2107.0 2106.0 2105.0 2104.0 2102.0 2101.0 2101.0 2100.0 2099.0 2098.0 2097.0 2096.0 2089.0 2083.0 2077.0 2072.0 2066.0 2060.0 2054.0 2048.0 2036.0 2031.0 2025.0 2019.0 2013.0 2007.0 2001.0 1996.0 1984.0 1978.0 1972.0 1966.0 1960.0 1955.0 1949.0 1943.0 1932.0 1927.0 1922.0 1917.0 1912.0 1907.0 1901.0 1896.0 1886.0 1881.0 1876.0 1871.0 1866.0 1861.0 1856.0 1851.0 1841.0 1836.0 1830.0 1825.0 1820.0 1815.0 1810.0 1805.0 1787.0 1774.0 1761.0 1748.0 1735.0 1722.0 1710.0 1697.0 1671.0 1658.0 1645.0 1632.0 1619.0 1606.0 1593.0 1580.0 1554.0 1541.0 1529.0 1516.0 1503.0 1490.0 1477.0 1464.0 1448.0 1445.0 1442.0 1439.0 1436.0 1433.0 1430.0 1427.0 1421.0 1418.0 1415.0 1412.0 1410.0 1407.0 1404.0 1401.0 1395.0 1392.0 1389.0 1386.0 1383.0 1380.0 1377.0 1374.0 1361.0 1351.0 1341.0 1331.0 1322.0 1312.0 1302.0 1292.0 1272.0 1262.0 1252.0 1242.0 1233.0 1223.0 1213.0 1203.0 1183.0 1173.0 1163.0 1153.0 1144.0 1134.0 1124.0 1114.0 1100.0 1095.0 1091.0 1087.0 1083.0 1078.0 1074.0 1070.0 1061.0 1057.0 1053.0 1049.0 1044.0 1040.0 1036.0 1032.0 1023.0 1019.0 1015.0 1010.0 1006.0 1002.0 998.0 993.0 989.0 988.0 988.0 988.0 987.0 987.0 986.0 986.0 985.0 985.0 985.0 984.0 984.0 983.0 983.0 983.0 982.0 982.0 981.0 981.0 980.0 980.0 980.0 979.0 981.0 982.0 984.0 986.0 987.0 989.0 991.0 992.0 996.0 997.0 999.0 1001.0 1002.0 1004.0 1006.0 1007.0 1011.0 1012.0 1014.0 1016.0
agregarAgente --UnidadTermicaSimple
200.0
100.0
agregarAgente --DemandaFija
295.8 288.0 279.6 273.6 271.2 276.6 281.4 286.2 291.0 296.4 301.2 304.8 310.2 318.0 326.4 333.6 341.4 349.8 357.6 358.8 356.4 357.0 357.6 358.8 360.0 360.6 361.8 357.6 356.4 356.4 355.8 355.2 355.2 355.2 355.2 357.0 360.0 370.2 380.4 390.0 399.6 409.2 419.4 419.4 414.0 427.8 442.2 456.0 470.4 484.2 498.6 492.6 487.2 495.6 504.0 511.8 520.2 528.6 537.0 537.6 540.0 550.2 561.0 572.4 582.6 593.4 603.6 605.4 603.0 568.8 535.2 501.0 467.4 433.2 399.0 394.8 387.0 367.8 349.8 331.2 312.0 294.0 274.8 271.8 271.2 270.0 270.0 270.0 269.4 269.4 268.8 271.2 266.4 255.0 244.2 233.4 222.6 211.8 200.4 193.2 188.4 202.8 217.8 232.8 247.8 262.8 277.8 279.6 285.6 298.2 311.4 324.0 337.2 350.4 363.0 366.6 362.4 344.4 327.0 309.6 291.0 274.2 255.6 248.4 244.8 248.4 252.0 256.2 260.4 264.6 268.2 271.8 278.4 280.8 284.4 287.4 290.4 293.4 295.8 300.0 298.2 294.6 290.4 285.6 280.8 277.2 272.4 267.6 270.0 272.4 275.4 278.4 282.0 285.0 288.6 295.2 303.0 299.4 296.4 293.4 289.8 286.8 283.8 285.0 276.6 277.2 276.0 275.4 274.8 274.2 273.6 264.0 261.6 273.0 285.0 297.0 309.0 321.0 332.4 339.6 348.6 356.4 363.6 370.2 378.0 384.6 391.2 393.6 384.6 372.0 359.4 346.2 333.6 320.4 306.6 295.2 288.6 291.0 294.0 296.4 298.8 301.2 303.0 308.4 317.4 320.4 324.0 327.0 330.6 333.6 337.2 341.4 339.6 328.8 318.0 307.2 296.4 285.6 275.4 268.8 256.2 249.6 243.6 237.0 231.0 224.4 217.8 211.8 206.4 208.2 209.4 210.6 212.4 213.6 214.2 216.0 213.6 214.2 214.2 214.2 214.2 214.2 213.6 210.6 207.0 209.4 211.2 213.6 215.4 218.4 220.8 220.8 222.6 224.4 226.8 228.6 231.0 234.0 235.8 237.6 239.4 227.4 216.6 205.2 193.8 182.4 171.6 171.6 171.6 166.2 160.2 155.4 149.4 144.0 138.6 138.6 140.4 154.8 169.8 184.2 198.6 213.6 228.0 228.6 227.4 207.6 186.6 166.2 145.8 124.8 105.0 103.2 101.4 123.6 145.8 169.2 191.4 214.2 237.0 237.6 238.8 240.6 241.8 244.2 245.4 247.8 249.0 250.2 249.6 226.2 203.4 180.0 156.0 132.6 109.8 108.0 106.8 127.2 147.6 167.4 187.8 207.6 228.0 228.6 232.2 234.6 237.0 238.8 241.2 243.6 245.4 248.4 248.4 239.4 229.8 220.8 211.8 202.2 193.2 190.8 189.0 213.0 236.4 260.4 283.2 307.2 331.2 331.8 335.4 337.8 339.6 342.6 344.4 347.4 349.2 352.2 351.6 327.0 302.4 277.2
crearDespacho --mercado --conDemandaTotal
4
0.02 0.07 0.145 1.0
370.0 600.0 2400.0 4000.0
760.2 740.15 718.57 703.15 696.98 710.86 723.19 735.53 747.86 761.74 774.08 783.33 797.21 817.25 838.84 857.34 877.39 898.98 919.02 922.11 915.94 917.48 919.02 922.11 925.19 926.73 929.82 919.02 915.94 915.94 914.4 912.86 912.86 912.86 912.86 917.48 925.19 951.41 977.62 1002.29 1026.96 1051.63 1077.85 1077.85 1063.97 1099.44 1136.44 1171.91 1208.92 1244.38 1281.39 1265.97 1252.09 1273.68 1295.27 1315.31 1336.9 1358.49 1380.08 1381.62 1387.79 1414.0 1441.76 1471.05 1497.27 1525.02 1551.24 1555.86 1549.7 1461.8 1375.45 1287.56 1201.21 1113.31 1025.42 1014.63 994.58 945.24 898.98 851.18 801.83 755.57 706.23 698.52 696.98 693.89 693.89 693.89 692.35 692.35 690.81 696.98 684.64 655.34 627.59 599.83 572.08 544.32 515.02 496.52 484.18 521.19 559.74 598.29 636.84 675.39 713.94 718.57 733.99 766.37 800.29 832.67 866.6 900.52 932.9 942.15 931.36 885.1 840.38 795.66 747.86 704.69 656.89 638.38 629.13 638.38 647.63 658.43 669.22 680.02 689.27 698.52 715.48 721.65 730.9 738.61 746.32 754.03 760.2 770.99 766.37 757.12 746.32 733.99 721.65 712.4 700.06 687.73 693.89 700.06 707.77 715.48 724.73 732.44 741.7 758.66 778.7 769.45 761.74 754.03 744.78 737.07 729.36 732.44 710.86 712.4 709.31 707.77 706.23 704.69 703.15 678.47 672.31 701.6 732.44 763.28 794.12 824.96 854.26 872.76 895.89 915.94 934.44 951.41 971.45 988.41 1005.38 1011.54 988.41 956.03 923.65 889.73 857.34 823.42 787.96 758.66 741.7 747.86 755.57 761.74 767.91 774.08 778.7 792.58 815.71 823.42 832.67 840.38 849.63 857.34 866.6 877.39 872.76 845.01 817.25 789.5 761.74 733.99 707.77 690.81 658.43 641.47 626.05 609.08 593.66 576.7 559.74 544.32 530.44 535.07 538.15 541.24 545.86 548.95 550.49 555.12 548.95 550.49 550.49 550.49 550.49 550.49 548.95 541.24 531.99 538.15 542.78 548.95 553.57 561.28 567.45 567.45 572.08 576.7 582.87 587.5 593.66 601.37 606.0 610.63 615.25 584.41 556.66 527.36 498.06 468.76 441.01 441.01 441.01 427.13 411.71 399.37 383.95 370.08 356.2 356.2 360.82 397.83 436.38 473.39 510.4 548.95 585.95 587.5 584.41 533.53 479.56 427.13 374.7 320.73 269.85 265.22 260.6 317.65 374.7 434.84 491.89 550.49 609.08 610.63 613.71 618.34 621.42 627.59 630.67 636.84 639.92 643.01 641.47 581.33 522.73 462.6 400.92 340.78 282.18 277.56 274.47 326.9 379.33 430.21 482.64 533.53 585.95 587.5 596.75 602.92 609.08 613.71 619.88 626.05 630.67 638.38 638.38 615.25 590.58 567.45 544.32 519.65 496.52 490.35 485.73 547.41 607.54 669.22 727.82 789.5 851.18 852.72 861.97 868.14 872.76 880.47 885.1 892.81 897.44 905.15 903.6 840.38 777.16 712.4
configurarSolver --Gurobi
resolver --noConstante ejecuciones/bancos/recombinados/v1/directo/sgtm/v1_sgtm_000333.csv
finalizar
