inicializar --t 360
agregarAgente --SaltoGrande
0.00323
2309268442.0
2861.0 2866.0 2871.0 2876.0 2885.0 2889.0 2893.0 2897.0 2902.0 2906.0 2910.0 2914.0 2922.0 2926.0 2930.0 2934.0 2939.0 2943.0 2947.0 2951.0 2959.0 2963.0 2967.0 2971.0 2976.0 2980.0 2984.0 2988.0 2984.0 2977.0 2969.0 2961.0 2954.0 2946.0 2938.0 2931.0 2915.0 2908.0 2900.0 2892.0 2885.0 2877.0 2869.0 2862.0 2846.0 2839.0 2831.0 2823.0 2816.0 2808.0 2800.0 2793.0 2778.0 2771.0 2764.0 2758.0 2751.0 2744.0 2737.0 2730.0 2716.0 2710.0 2703.0 2696.0 2689.0 2682.0 2675.0 2669.0 2655.0 2648.0 2641.0 2634.0 2627.0 2621.0 2614.0 2607.0 2590.0 2581.0 2571.0 2561.0 2552.0 2542.0 2533.0 2523.0 2504.0 2494.0 2484.0 2475.0 2465.0 2456.0 2446.0 2436.0 2417.0 2407.0 2398.0 2388.0 2379.0 2369.0 2359.0 2350.0 2338.0 2336.0 2334.0 2332.0 2330.0 2328.0 2326.0 2324.0 2320.0 2318.0 2316.0 2314.0 2312.0 2310.0 2308.0 2306.0 2302.0 2300.0 2298.0 2296.0 2294.0 2292.0 2290.0 2288.0 2280.0 2274.0 2268.0 2261.0 2255.0 2249.0 2243.0 2237.0 2225.0 2218.0 2212.0 2206.0 2200.0 2194.0 2188.0 2181.0 2169.0 2163.0 2157.0 2151.0 2145.0 2138.0 2132.0 2126.0 2119.0 2118.0 2117.0 2116.0 2115.0 2114.0 2114.0 2113.0 2111.0 2110.0 2109.0 2108.0 2107.0 2106.0 2105.0 2104.0 2102.0 2101.0 2101.0 2100.0 2099.0 2098.0 2097.0 2096.0 2089.0 2083.0 2077.0 2072.0 2066.0 2060.0 2054.0 2048.0 2036.0 2031.0 2025.0 2019.0 2013.0 2007.0 2001.0 1996.0 1984.0 1978.0 1972.0 1966.0 1960.0 1955.0 1949.0 1943.0 1932.0 1927.0 1922.0 1917.0 1912.0 1907.0 1901.0 1896.0 1886.0 1881.0 1876.0 1871.0 1866.0 1861.0 1856.0 1851.0 1841.0 1836.0 1830.0 1825.0 1820.0 1815.0 1810.0 1805.0 1787.0 1774.0 1761.0 1748.0 1735.0 1722.0 1710.0 1697.0 1671.0 1658.0 1645.0 1632.0 1619.0 1606.0 1593.0 1580.0 1554.0 1541.0 1529.0 1516.0 1503.0 1490.0 1477.0 1464.0 1448.0 1445.0 1442.0 1439.0 1436.0 1433.0 1430.0 1427.0 1421.0 1418.0 1415.0 1412.0 1410.0 1407.0 1404.0 1401.0 1395.0 1392.0 1389.0 1386.0 1383.0 1380.0 1377.0 1374.0 1361.0 1351.0 1341.0 1331.0 1322.0 1312.0 1302.0 1292.0 1272.0 1262.0 1252.0 1242.0 1233.0 1223.0 1213.0 1203.0 1183.0 1173.0 1163.0 1153.0 1144.0 1134.0 1124.0 1114.0 1100.0 1095.0 1091.0 1087.0 1083.0 1078.0 1074.0 1070.0 1061.0 1057.0 1053.0 1049.0 1044.0 1040.0 1036.0 1032.0 1023.0 1019.0 1015.0 1010.0 1006.0 1002.0 998.0 993.0 989.0 988.0 988.0 988.0 987.0 987.0 986.0 986.0 985.0 985.0 985.0 984.0 984.0 983.0 983.0 983.0 982.0 982.0 981.0 981.0 980.0 980.0 980.0 979.0 981.0 982.0 984.0 986.0 987.0 989.0 991.0 992.0 996.0 997.0 999.0 1001.0 1002.0 1004.0 1006.0 1007.0 1011.0 1012.0 1014.0 1016.0
agregarAgente --UnidadTermicaSimple
200.0
100.0
agregarAgente --DemandaFija
126.0 106.8 88.2 88.2 88.2 132.6 177.0 221.4 265.8 310.2 354.6 354.6 354.6 324.0 294.0 262.8 232.8 201.6 171.0 171.0 171.0 144.6 117.0 90.6 63.6 36.0 9.6 9.6 9.6 27.0 45.0 63.0 80.4 98.4 115.8 115.8 115.8 173.4 231.0 288.6 345.6 403.2 460.8 460.8 460.8 443.4 427.2 410.4 394.2 377.4 360.6 360.6 360.6 376.8 392.4 408.0 423.6 439.2 456.0 456.0 456.0 456.0 456.0 456.6 456.6 457.2 457.2 457.2 457.2 384.6 312.0 239.4 166.8 93.6 21.0 21.0 21.0 43.2 64.2 85.2 106.8 128.4 150.0 150.0 150.0 183.6 217.8 252.0 285.6 320.4 354.0 354.0 354.0 370.8 387.0 403.2 419.4 435.6 452.4 452.4 452.4 481.2 509.4 538.8 567.6 595.8 625.2 625.2 625.2 626.4 627.6 629.4 630.6 631.8 633.6 633.6 633.6 599.4 565.8 531.6 498.0 464.4 430.2 430.2 430.2 456.0 480.6 505.8 530.4 555.6 580.8 580.8 580.8 602.4 624.6 646.2 667.8 689.4 711.6 711.6 711.6 625.2 539.4 453.0 366.6 280.2 194.4 194.4 194.4 226.8 258.6 291.6 323.4 355.2 388.2 388.2 388.2 420.0 453.0 485.4 517.8 550.8 583.2 583.2 583.2 556.8 530.4 504.6 478.2 452.4 425.4 425.4 425.4 449.4 474.0 498.0 522.0 546.0 570.0 570.0 570.0 574.8 579.0 583.8 588.6 592.8 597.6 597.6 597.6 543.0 487.8 432.6 378.6 323.4 268.2 268.2 268.2 301.8 335.4 368.4 402.6 435.6 469.2 469.2 469.2 455.4 441.0 427.2 413.4 399.0 385.2 385.2 385.2 346.8 308.4 270.0 231.6 192.6 154.8 154.8 154.8 193.8 232.8 271.8 311.4 350.4 390.0 390.0 390.0 378.0 366.0 354.6 343.2 331.8 320.4 320.4 320.4 283.8 247.8 211.8 175.2 139.2 102.6 102.6 102.6 143.4 183.0 223.8 264.0 304.8 344.4 344.4 344.4 366.0 388.2 409.8 431.4 453.6 475.8 475.8 475.8 432.0 388.8 345.6 302.4 259.2 216.0 216.0 216.0 250.2 283.8 318.0 352.2 386.4 420.0 420.0 420.0 415.8 411.6 407.4 403.2 398.4 394.2 394.2 394.2 363.0 331.8 300.6 269.4 238.2 207.6 207.6 207.6 220.8 234.0 247.2 260.4 273.6 286.8 286.8 286.8 284.4 282.6 280.2 277.8 276.0 273.6 273.6 273.6 252.0 230.4 209.4 187.2 165.6 144.0 144.0 144.0 183.6 224.4 264.0 304.8 344.4 384.6 384.6 384.6 382.2 379.2 376.8 373.8 371.4 367.8 367.8 367.8 337.2 306.6 276.0 245.4 214.8 183.6 183.6 183.6 232.8 280.8 330.0 378.6 427.2 475.8 475.8 475.8 484.8 493.2 502.2 511.2 519.6 528.6 528.6 528.6 486.0 442.2 399.6
crearDespacho --mercado --conDemandaTotal
4
0.02 0.07 0.145 1.0
370.0 600.0 2400.0 4000.0
254.84 216.01 178.39 178.39 178.39 268.19 357.99 447.79 537.59 627.39 717.19 717.19 717.19 655.3 594.63 531.52 470.85 407.74 345.85 345.85 345.85 292.46 236.64 183.24 128.63 72.81 19.42 19.42 19.42 54.61 91.01 127.42 162.61 199.02 234.21 234.21 234.21 350.71 467.21 583.71 698.99 815.49 931.99 931.99 931.99 896.8 864.03 830.05 797.29 763.31 729.33 729.33 729.33 762.09 793.65 825.2 856.75 888.3 922.28 922.28 922.28 922.28 922.28 923.49 923.49 924.71 924.71 924.71 924.71 777.87 631.03 484.2 337.36 189.31 42.47 42.47 42.47 87.37 129.85 172.32 216.01 259.69 303.38 303.38 303.38 371.34 440.51 509.68 577.64 648.02 715.98 715.98 715.98 749.96 782.72 815.49 848.25 881.02 915.0 915.0 915.0 973.25 1030.28 1089.75 1148.0 1205.03 1264.49 1264.49 1264.49 1266.92 1269.35 1272.99 1275.42 1277.84 1281.48 1281.48 1281.48 1212.31 1144.35 1075.18 1007.23 939.27 870.1 870.1 870.1 922.28 972.03 1023.0 1072.76 1123.72 1174.69 1174.69 1174.69 1218.38 1263.28 1306.97 1350.65 1394.34 1439.24 1439.24 1439.24 1264.49 1090.96 916.21 741.46 566.72 393.18 393.18 393.18 458.71 523.03 589.77 654.09 718.41 785.15 785.15 785.15 849.47 916.21 981.74 1047.27 1114.02 1179.55 1179.55 1179.55 1126.15 1072.76 1020.57 967.18 915.0 860.39 860.39 860.39 908.93 958.69 1007.23 1055.77 1104.31 1152.85 1152.85 1152.85 1162.56 1171.05 1180.76 1190.47 1198.96 1208.67 1208.67 1208.67 1098.24 986.6 874.95 765.73 654.09 542.45 542.45 542.45 610.4 678.36 745.1 814.28 881.02 948.98 948.98 948.98 921.07 891.94 864.03 836.12 806.99 779.08 779.08 779.08 701.42 623.75 546.09 468.42 389.54 313.09 313.09 313.09 391.97 470.85 549.73 629.82 708.7 788.79 788.79 788.79 764.52 740.25 717.19 694.14 671.08 648.02 648.02 648.02 574.0 501.19 428.37 354.35 281.54 207.51 207.51 207.51 290.03 370.13 452.65 533.95 616.47 696.56 696.56 696.56 740.25 785.15 828.84 872.52 917.43 962.33 962.33 962.33 873.74 786.36 698.99 611.62 524.24 436.87 436.87 436.87 506.04 574.0 643.17 712.34 781.51 849.47 849.47 849.47 840.97 832.48 823.98 815.49 805.78 797.29 797.29 797.29 734.18 671.08 607.98 544.87 481.77 419.88 419.88 419.88 446.58 473.27 499.97 526.67 553.37 580.07 580.07 580.07 575.21 571.57 566.72 561.86 558.22 553.37 553.37 553.37 509.68 465.99 423.52 378.62 334.93 291.25 291.25 291.25 371.34 453.86 533.95 616.47 696.56 777.87 777.87 777.87 773.02 766.95 762.09 756.03 751.17 743.89 743.89 743.89 682.0 620.11 558.22 496.33 434.44 371.34 371.34 371.34 470.85 567.93 667.44 765.73 864.03 962.33 962.33 962.33 980.53 997.52 1015.72 1033.92 1050.91 1069.12 1069.12 1069.12 982.96 894.37 808.21
configurarSolver --Gurobi
resolver --noConstante ejecuciones/bancos/recombinados/v1/directo/sgtm/v1_sgtm_000436.csv
finalizar
