inicializar --t 360
agregarAgente --SaltoGrande
0.010011
2108599337.0
3015.0 3010.0 3005.0 2999.0 2991.0 2987.0 2984.0 2980.0 2977.0 2973.0 2970.0 2966.0 2960.0 2956.0 2953.0 2949.0 2946.0 2942.0 2939.0 2935.0 2929.0 2925.0 2922.0 2918.0 2915.0 2911.0 2908.0 2904.0 2907.0 2912.0 2918.0 2924.0 2929.0 2935.0 2941.0 2946.0 2958.0 2963.0 2969.0 2975.0 2980.0 2986.0 2992.0 2997.0 3009.0 3014.0 3020.0 3026.0 3031.0 3037.0 3043.0 3048.0 3063.0 3072.0 3082.0 3091.0 3100.0 3109.0 3118.0 3127.0 3146.0 3155.0 3164.0 3173.0 3183.0 3192.0 3201.0 3210.0 3229.0 3238.0 3247.0 3256.0 3265.0 3274.0 3284.0 3293.0 3304.0 3306.0 3308.0 3310.0 3312.0 3314.0 3317.0 3319.0 3323.0 3325.0 3327.0 3329.0 3331.0 3333.0 3335.0 3337.0 3341.0 3343.0 3346.0 3348.0 3350.0 3352.0 3354.0 3356.0 3354.0 3350.0 3347.0 3343.0 3339.0 3335.0 3332.0 3328.0 3320.0 3316.0 3313.0 3309.0 3305.0 3301.0 3298.0 3294.0 3286.0 3282.0 3279.0 3275.0 3271.0 3267.0 3264.0 3260.0 3251.0 3245.0 3240.0 3234.0 3229.0 3223.0 3218.0 3212.0 3201.0 3196.0 3190.0 3185.0 3179.0 3174.0 3168.0 3163.0 3152.0 3146.0 3141.0 3135.0 3130.0 3124.0 3119.0 3113.0 3106.0 3104.0 3103.0 3101.0 3099.0 3097.0 3095.0 3093.0 3090.0 3088.0 3086.0 3084.0 3083.0 3081.0 3079.0 3077.0 3074.0 3072.0 3070.0 3068.0 3066.0 3064.0 3063.0 3061.0 3066.0 3072.0 3079.0 3086.0 3092.0 3099.0 3106.0 3112.0 3126.0 3132.0 3139.0 3146.0 3152.0 3159.0 3166.0 3172.0 3186.0 3192.0 3199.0 3206.0 3212.0 3219.0 3226.0 3232.0 3239.0 3239.0 3239.0 3239.0 3239.0 3239.0 3239.0 3239.0 3239.0 3239.0 3239.0 3239.0 3239.0 3239.0 3239.0 3239.0 3239.0 3239.0 3239.0 3239.0 3239.0 3239.0 3239.0 3239.0 3236.0 3233.0 3229.0 3226.0 3223.0 3220.0 3217.0 3214.0 3207.0 3204.0 3201.0 3198.0 3194.0 3191.0 3188.0 3185.0 3178.0 3175.0 3172.0 3169.0 3166.0 3163.0 3159.0 3156.0 3147.0 3141.0 3135.0 3130.0 3124.0 3118.0 3112.0 3106.0 3094.0 3089.0 3083.0 3077.0 3071.0 3065.0 3059.0 3054.0 3042.0 3036.0 3030.0 3024.0 3018.0 3013.0 3007.0 3001.0 2993.0 2992.0 2990.0 2988.0 2987.0 2985.0 2983.0 2982.0 2978.0 2977.0 2975.0 2973.0 2972.0 2970.0 2968.0 2967.0 2963.0 2962.0 2960.0 2958.0 2957.0 2955.0 2953.0 2952.0 2941.0 2931.0 2922.0 2913.0 2904.0 2894.0 2885.0 2876.0 2857.0 2848.0 2839.0 2830.0 2820.0 2811.0 2802.0 2793.0 2774.0 2765.0 2756.0 2746.0 2737.0 2728.0 2719.0 2709.0 2702.0 2703.0 2705.0 2707.0 2708.0 2710.0 2712.0 2713.0 2717.0 2718.0 2720.0 2722.0 2723.0 2725.0 2727.0 2728.0 2732.0 2733.0 2735.0 2737.0 2738.0 2740.0 2742.0 2743.0 2750.0 2755.0 2760.0 2765.0 2770.0 2775.0 2780.0 2785.0 2795.0 2800.0 2805.0 2810.0 2816.0 2821.0 2826.0 2831.0 2841.0 2846.0 2851.0 2856.0
agregarAgente --UnidadTermicaSimple
200.0
100.0
agregarAgente --DemandaFija
416.4 405.6 394.2 394.2 394.2 444.6 495.6 547.2 597.6 648.6 699.6 699.6 699.6 665.4 631.8 597.0 563.4 529.2 495.6 495.6 495.6 454.2 412.8 371.4 330.0 289.2 247.2 247.2 247.2 318.0 389.4 460.2 530.4 601.2 672.6 672.6 672.6 644.4 616.2 587.4 559.2 530.4 502.2 502.2 502.2 488.4 474.6 461.4 447.0 433.2 419.4 419.4 419.4 438.6 457.8 477.0 495.6 514.2 534.0 534.0 534.0 567.0 599.4 633.0 666.0 699.6 732.0 732.0 732.0 685.8 639.6 593.4 547.8 501.0 455.4 455.4 455.4 468.6 481.8 495.6 508.8 522.0 536.4 536.4 536.4 547.2 558.0 569.4 580.2 591.6 602.4 602.4 602.4 588.0 574.2 559.8 545.4 531.0 516.6 516.6 516.6 545.4 573.6 601.8 630.6 658.2 686.4 686.4 686.4 673.8 660.6 647.4 634.8 621.6 608.4 608.4 608.4 573.6 538.2 502.8 468.0 432.6 397.8 397.8 397.8 427.2 456.6 486.0 515.4 544.8 574.2 574.2 574.2 565.8 556.8 548.4 540.0 530.4 522.0 522.0 522.0 536.4 550.2 564.0 577.8 591.6 605.4 605.4 605.4 640.8 675.6 710.4 745.2 780.6 814.8 814.8 814.8 822.6 831.0 838.8 846.6 854.4 863.4 863.4 863.4 826.2 790.2 753.6 717.6 681.0 644.4 644.4 644.4 667.8 691.2 715.2 738.0 761.4 785.4 785.4 785.4 767.4 750.0 732.6 715.2 697.8 679.8 679.8 679.8 652.8 625.8 598.8 571.8 544.8 517.2 517.2 517.2 486.6 455.4 423.6 392.4 360.6 329.4 329.4 329.4 307.2 283.8 261.6 238.8 216.6 193.2 193.2 193.2 195.0 196.8 198.6 200.4 202.2 204.0 204.0 204.0 239.4 274.8 310.2 345.6 381.0 416.4 416.4 416.4 392.4 367.8 343.8 319.8 295.8 271.2 271.2 271.2 253.8 236.4 219.0 201.6 184.2 166.8 166.8 166.8 179.4 191.4 204.0 216.6 229.2 241.8 241.8 241.8 226.8 211.8 196.8 181.8 167.4 152.4 152.4 152.4 135.0 117.6 100.8 83.4 66.6 49.8 49.8 49.8 101.4 153.0 204.6 256.8 309.0 360.6 360.6 360.6 397.8 434.4 472.2 508.8 546.0 582.6 582.6 582.6 564.6 546.6 528.0 510.6 492.6 474.6 474.6 474.6 452.4 429.0 406.8 384.0 361.2 338.4 338.4 338.4 310.8 282.6 255.0 227.4 199.2 171.6 171.6 171.6 186.0 200.4 215.4 229.8 243.6 258.0 258.0 258.0 298.2 337.2 377.4 416.4 456.0 495.6 495.6 495.6 454.8 413.4 372.6 331.2 290.4 249.0 249.0 249.0 232.8 216.6 199.8 183.6 167.4 151.2 151.2 151.2 202.8 255.6 307.8 359.4 412.2 464.4 464.4 464.4 475.8 487.2 498.6 510.0 521.4 532.8 532.8 532.8 481.2 428.4 376.2
crearDespacho --mercado --conDemandaTotal
4
0.02 0.07 0.145 1.0
370.0 600.0 2400.0 4000.0
719.52 700.85 681.16 681.16 681.16 768.24 856.37 945.53 1032.62 1120.75 1208.87 1208.87 1208.87 1149.78 1091.72 1031.58 973.52 914.43 856.37 856.37 856.37 784.83 713.3 641.76 570.22 499.72 427.15 427.15 427.15 549.49 672.86 795.2 916.5 1038.84 1162.22 1162.22 1162.22 1113.49 1064.76 1015.0 966.27 916.5 867.77 867.77 867.77 843.93 820.08 797.27 772.39 748.55 724.7 724.7 724.7 757.88 791.05 824.23 856.37 888.51 922.72 922.72 922.72 979.75 1035.73 1093.79 1150.81 1208.87 1264.86 1264.86 1264.86 1185.03 1105.19 1025.36 946.57 865.7 786.91 786.91 786.91 809.72 832.52 856.37 879.18 901.99 926.87 926.87 926.87 945.53 964.19 983.89 1002.55 1022.25 1040.91 1040.91 1040.91 1016.03 992.19 967.3 942.42 917.54 892.66 892.66 892.66 942.42 991.15 1039.88 1089.64 1137.33 1186.06 1186.06 1186.06 1164.29 1141.48 1118.67 1096.9 1074.09 1051.28 1051.28 1051.28 991.15 929.98 868.81 808.68 747.51 687.38 687.38 687.38 738.18 788.98 839.78 890.58 941.39 992.19 992.19 992.19 977.67 962.12 947.61 933.09 916.5 901.99 901.99 901.99 926.87 950.72 974.56 998.41 1022.25 1046.1 1046.1 1046.1 1107.27 1167.4 1227.53 1287.67 1348.83 1407.93 1407.93 1407.93 1421.41 1435.92 1449.4 1462.88 1476.36 1491.91 1491.91 1491.91 1427.63 1365.42 1302.18 1239.97 1176.73 1113.49 1113.49 1113.49 1153.92 1194.36 1235.83 1275.22 1315.66 1357.13 1357.13 1357.13 1326.03 1295.96 1265.89 1235.83 1205.76 1174.66 1174.66 1174.66 1128.0 1081.35 1034.69 988.04 941.39 893.69 893.69 893.69 840.82 786.91 731.96 678.05 623.1 569.19 569.19 569.19 530.83 490.39 452.03 412.63 374.27 333.84 333.84 333.84 336.95 340.06 343.17 346.28 349.39 352.5 352.5 352.5 413.67 474.84 536.01 597.18 658.35 719.52 719.52 719.52 678.05 635.54 594.07 552.6 511.13 468.62 468.62 468.62 438.55 408.49 378.42 348.35 318.29 288.22 288.22 288.22 309.99 330.73 352.5 374.27 396.05 417.82 417.82 417.82 391.9 365.98 340.06 314.14 289.26 263.34 263.34 263.34 233.27 203.21 174.18 144.11 115.08 86.05 86.05 86.05 175.21 264.38 353.54 443.74 533.94 623.1 623.1 623.1 687.38 750.62 815.94 879.18 943.46 1006.7 1006.7 1006.7 975.6 944.5 912.36 882.29 851.19 820.08 820.08 820.08 781.72 741.29 702.93 663.53 624.13 584.74 584.74 584.74 537.05 488.32 440.63 392.93 344.21 296.52 296.52 296.52 321.4 346.28 372.2 397.08 420.93 445.81 445.81 445.81 515.27 582.66 652.13 719.52 787.94 856.37 856.37 856.37 785.87 714.33 643.83 572.3 501.8 430.26 430.26 430.26 402.27 374.27 345.24 317.25 289.26 261.27 261.27 261.27 350.43 441.66 531.86 621.02 712.26 802.46 802.46 802.46 822.16 841.86 861.55 881.25 900.95 920.65 920.65 920.65 831.49 740.25 650.05
configurarSolver --Gurobi
resolver --noConstante ejecuciones/bancos/recombinados/v1/directo/sgtm/v1_sgtm_000049.csv
finalizar
