inicializar --t 360
agregarAgente --SaltoGrande
0.000332
2001535362.0
6474.0 6457.0 6439.0 6422.0 6395.0 6386.0 6378.0 6369.0 6360.0 6351.0 6343.0 6334.0 6316.0 6307.0 6299.0 6290.0 6281.0 6272.0 6264.0 6255.0 6237.0 6228.0 6220.0 6211.0 6202.0 6193.0 6185.0 6176.0 6168.0 6168.0 6169.0 6170.0 6171.0 6171.0 6172.0 6173.0 6174.0 6175.0 6176.0 6177.0 6177.0 6178.0 6179.0 6180.0 6181.0 6182.0 6183.0 6183.0 6184.0 6185.0 6186.0 6186.0 6256.0 6324.0 6393.0 6462.0 6530.0 6599.0 6668.0 6736.0 6874.0 6942.0 7011.0 7080.0 7148.0 7217.0 7286.0 7354.0 7492.0 7560.0 7629.0 7698.0 7766.0 7835.0 7904.0 7972.0 8072.0 8103.0 8134.0 8165.0 8197.0 8228.0 8259.0 8290.0 8352.0 8383.0 8414.0 8445.0 8477.0 8508.0 8539.0 8570.0 8632.0 8663.0 8694.0 8725.0 8757.0 8788.0 8819.0 8850.0 8890.0 8898.0 8907.0 8916.0 8925.0 8933.0 8942.0 8951.0 8968.0 8977.0 8986.0 8995.0 9003.0 9012.0 9021.0 9030.0 9047.0 9056.0 9065.0 9073.0 9082.0 9091.0 9100.0 9108.0 9079.0 9041.0 9003.0 8964.0 8926.0 8888.0 8850.0 8812.0 8736.0 8697.0 8659.0 8621.0 8583.0 8545.0 8507.0 8468.0 8392.0 8354.0 8316.0 8278.0 8240.0 8201.0 8163.0 8125.0 8025.0 7962.0 7900.0 7838.0 7775.0 7713.0 7651.0 7588.0 7464.0 7401.0 7339.0 7277.0 7214.0 7152.0 7090.0 7027.0 6903.0 6840.0 6778.0 6716.0 6653.0 6591.0 6529.0 6466.0 6368.0 6332.0 6296.0 6260.0 6224.0 6188.0 6152.0 6116.0 6044.0 6008.0 5972.0 5936.0 5901.0 5865.0 5829.0 5793.0 5721.0 5685.0 5649.0 5613.0 5577.0 5541.0 5505.0 5469.0 5418.0 5402.0 5387.0 5372.0 5357.0 5341.0 5326.0 5311.0 5280.0 5265.0 5250.0 5235.0 5219.0 5204.0 5189.0 5174.0 5143.0 5128.0 5113.0 5097.0 5082.0 5067.0 5052.0 5036.0 5029.0 5037.0 5046.0 5054.0 5062.0 5070.0 5078.0 5086.0 5103.0 5111.0 5119.0 5127.0 5136.0 5144.0 5152.0 5160.0 5177.0 5185.0 5193.0 5201.0 5209.0 5217.0 5226.0 5234.0 5302.0 5362.0 5422.0 5482.0 5542.0 5602.0 5661.0 5721.0 5841.0 5901.0 5961.0 6021.0 6081.0 6141.0 6201.0 6261.0 6381.0 6441.0 6500.0 6560.0 6620.0 6680.0 6740.0 6800.0 6845.0 6829.0 6814.0 6798.0 6783.0 6768.0 6752.0 6737.0 6706.0 6691.0 6675.0 6660.0 6644.0 6629.0 6613.0 6598.0 6567.0 6552.0 6536.0 6521.0 6506.0 6490.0 6475.0 6459.0 6426.0 6408.0 6390.0 6372.0 6354.0 6336.0 6318.0 6300.0 6264.0 6246.0 6228.0 6210.0 6192.0 6174.0 6156.0 6138.0 6102.0 6084.0 6066.0 6048.0 6030.0 6012.0 5994.0 5976.0 5919.0 5881.0 5842.0 5804.0 5765.0 5727.0 5688.0 5650.0 5572.0 5534.0 5495.0 5457.0 5418.0 5380.0 5341.0 5303.0 5225.0 5187.0 5148.0 5110.0 5071.0 5033.0 4994.0 4956.0 4916.0 4916.0 4915.0 4914.0 4914.0 4913.0 4912.0 4912.0 4910.0 4910.0 4909.0 4908.0 4908.0 4907.0 4906.0 4906.0 4904.0 4904.0 4903.0 4902.0
agregarAgente --UnidadTermicaSimple
200.0
100.0
agregarAgente --DemandaFija
148.2 112.8 78.0 78.0 78.0 142.2 206.4 270.0 334.2 397.8 462.0 462.0 462.0 437.4 414.0 390.0 365.4 341.4 317.4 317.4 317.4 279.0 240.6 202.2 163.8 126.0 87.0 87.0 87.0 151.8 217.2 281.4 346.2 411.0 475.8 475.8 475.8 462.6 448.2 434.4 420.6 406.8 393.0 393.0 393.0 354.0 315.0 275.4 237.0 197.4 159.0 159.0 159.0 224.4 289.8 354.6 420.0 485.4 550.8 550.8 550.8 534.0 516.6 499.2 482.4 465.6 447.6 447.6 447.6 402.0 355.2 309.6 262.8 217.2 170.4 170.4 170.4 221.4 271.8 322.2 373.2 423.6 474.0 474.0 474.0 493.8 513.6 534.0 553.8 573.0 592.8 592.8 592.8 547.8 502.2 457.2 411.6 366.0 321.6 321.6 321.6 395.4 469.8 543.6 618.0 691.2 765.6 765.6 765.6 754.8 743.4 732.6 721.8 711.0 700.2 700.2 700.2 684.6 670.2 655.8 640.8 626.4 611.4 611.4 611.4 612.6 613.8 614.4 616.2 617.4 618.6 618.6 618.6 600.0 582.6 564.6 546.6 528.6 510.6 510.6 510.6 490.2 469.8 448.2 427.8 407.4 387.0 387.0 387.0 357.6 328.8 300.0 270.6 241.8 213.0 213.0 213.0 216.0 219.0 222.0 225.0 228.0 231.0 231.0 231.0 235.8 240.6 246.0 250.8 256.2 261.0 261.0 261.0 307.8 354.0 400.8 447.0 493.8 540.6 540.6 540.6 545.4 550.8 555.6 561.0 565.8 571.2 571.2 571.2 544.8 518.4 492.0 465.6 438.6 412.8 412.8 412.8 448.2 484.2 519.6 556.2 591.6 627.6 627.6 627.6 604.8 582.6 559.8 537.6 514.2 492.0 492.0 492.0 473.4 455.4 436.2 417.6 399.0 381.0 381.0 381.0 406.2 430.8 456.6 481.8 507.0 531.6 531.6 531.6 494.4 456.6 418.2 380.4 342.6 304.8 304.8 304.8 299.4 294.0 289.2 283.2 277.8 273.0 273.0 273.0 295.2 316.8 338.4 360.0 382.2 404.4 404.4 404.4 381.6 358.8 336.0 313.8 291.0 268.2 268.2 268.2 266.4 264.6 262.8 261.0 259.2 257.4 257.4 257.4 320.4 384.0 446.4 510.0 573.0 636.6 636.6 636.6 600.0 563.4 526.8 490.8 454.2 417.6 417.6 417.6 391.2 364.2 337.8 311.4 284.4 258.6 258.6 258.6 328.8 399.0 469.2 539.4 609.0 679.2 679.2 679.2 649.2 618.6 588.0 558.0 527.4 497.4 497.4 497.4 475.8 454.2 432.0 410.4 388.8 366.6 366.6 366.6 412.2 457.2 502.2 547.8 592.2 637.8 637.8 637.8 623.4 609.0 594.6 580.2 566.4 552.0 552.0 552.0 526.2 501.0 476.4 450.6 425.4 400.8 400.8 400.8 464.4 527.4 591.0 655.2 718.8 782.4 782.4 782.4 764.4 746.4 728.4 711.0 692.4 675.0 675.0 675.0 646.2 618.0 589.2
crearDespacho --mercado --conDemandaTotal
4
0.02 0.07 0.145 1.0
370.0 600.0 2400.0 4000.0
262.64 199.91 138.23 138.23 138.23 252.01 365.79 478.5 592.27 704.99 818.76 818.76 818.76 775.17 733.7 691.16 647.57 605.03 562.5 562.5 562.5 494.45 426.4 358.34 290.29 223.3 154.18 154.18 154.18 269.02 384.93 498.7 613.54 728.38 843.22 843.22 843.22 819.83 794.31 769.85 745.39 720.94 696.48 696.48 696.48 627.36 558.25 488.07 420.02 349.84 281.78 281.78 281.78 397.69 513.59 628.43 744.33 860.23 976.14 976.14 976.14 946.36 915.53 884.69 854.92 825.14 793.24 793.24 793.24 712.43 629.49 548.68 465.74 384.93 301.99 301.99 301.99 392.37 481.69 571.01 661.39 750.71 840.03 840.03 840.03 875.12 910.21 946.36 981.45 1015.48 1050.57 1050.57 1050.57 970.82 890.01 810.26 729.44 648.63 569.94 569.94 569.94 700.73 832.59 963.38 1095.23 1224.96 1356.81 1356.81 1356.81 1337.67 1317.47 1298.33 1279.19 1260.05 1240.91 1240.91 1240.91 1213.26 1187.74 1162.22 1135.64 1110.12 1083.53 1083.53 1083.53 1085.66 1087.79 1088.85 1092.04 1094.17 1096.29 1096.29 1096.29 1063.33 1032.49 1000.59 968.69 936.79 904.89 904.89 904.89 868.74 832.59 794.31 758.15 722.0 685.85 685.85 685.85 633.74 582.7 531.66 479.56 428.52 377.48 377.48 377.48 382.8 388.12 393.43 398.75 404.07 409.38 409.38 409.38 417.89 426.4 435.97 444.47 454.04 462.55 462.55 462.55 545.49 627.36 710.3 792.18 875.12 958.06 958.06 958.06 966.57 976.14 984.64 994.21 1002.72 1012.29 1012.29 1012.29 965.5 918.72 871.93 825.14 777.29 731.57 731.57 731.57 794.31 858.11 920.84 985.71 1048.44 1112.24 1112.24 1112.24 1071.84 1032.49 992.09 952.74 911.27 871.93 871.93 871.93 838.97 807.07 773.04 740.08 707.11 675.21 675.21 675.21 719.87 763.47 809.19 853.85 898.51 942.11 942.11 942.11 876.18 809.19 741.14 674.15 607.16 540.17 540.17 540.17 530.6 521.03 512.52 501.89 492.32 483.82 483.82 483.82 523.16 561.44 599.72 638.0 677.34 716.68 716.68 716.68 676.28 635.87 595.46 556.12 515.71 475.31 475.31 475.31 472.12 468.93 465.74 462.55 459.36 456.17 456.17 456.17 567.82 680.53 791.12 903.83 1015.48 1128.19 1128.19 1128.19 1063.33 998.47 933.6 869.8 804.94 740.08 740.08 740.08 693.29 645.44 598.65 551.87 504.02 458.3 458.3 458.3 582.7 707.11 831.52 955.93 1079.28 1203.69 1203.69 1203.69 1150.52 1096.29 1042.06 988.9 934.67 881.5 881.5 881.5 843.22 804.94 765.6 727.32 689.04 649.69 649.69 649.69 730.51 810.26 890.01 970.82 1049.51 1130.32 1130.32 1130.32 1104.8 1079.28 1053.76 1028.24 1003.78 978.26 978.26 978.26 932.54 887.88 844.28 798.56 753.9 710.3 710.3 710.3 823.02 934.67 1047.38 1161.16 1273.87 1386.58 1386.58 1386.58 1354.68 1322.78 1290.88 1260.05 1227.08 1196.25 1196.25 1196.25 1145.21 1095.23 1044.19
configurarSolver --Gurobi
resolver --noConstante ejecuciones/bancos/recombinados/v1/directo/sgtm/v1_sgtm_000372.csv
finalizar
