inicializar --t 360
agregarAgente --SaltoGrande
0.004172
2133902914.0
4486.0 4478.0 4469.0 4461.0 4450.0 4446.0 4443.0 4439.0 4436.0 4433.0 4429.0 4426.0 4419.0 4416.0 4412.0 4409.0 4405.0 4402.0 4398.0 4395.0 4388.0 4385.0 4381.0 4378.0 4375.0 4371.0 4368.0 4364.0 4356.0 4351.0 4345.0 4340.0 4335.0 4330.0 4324.0 4319.0 4309.0 4304.0 4298.0 4293.0 4288.0 4283.0 4277.0 4272.0 4262.0 4257.0 4251.0 4246.0 4241.0 4236.0 4230.0 4225.0 4213.0 4206.0 4198.0 4191.0 4184.0 4177.0 4170.0 4163.0 4148.0 4141.0 4134.0 4127.0 4119.0 4112.0 4105.0 4098.0 4083.0 4076.0 4069.0 4062.0 4055.0 4048.0 4040.0 4033.0 4013.0 4000.0 3986.0 3973.0 3960.0 3947.0 3933.0 3920.0 3894.0 3881.0 3867.0 3854.0 3841.0 3828.0 3814.0 3801.0 3775.0 3762.0 3748.0 3735.0 3722.0 3709.0 3695.0 3682.0 3661.0 3653.0 3645.0 3637.0 3629.0 3621.0 3613.0 3605.0 3589.0 3581.0 3573.0 3565.0 3556.0 3548.0 3540.0 3532.0 3516.0 3508.0 3500.0 3492.0 3484.0 3476.0 3468.0 3460.0 3446.0 3440.0 3434.0 3428.0 3422.0 3416.0 3410.0 3404.0 3392.0 3386.0 3380.0 3374.0 3368.0 3362.0 3356.0 3350.0 3338.0 3332.0 3326.0 3320.0 3314.0 3308.0 3302.0 3296.0 3314.0 3339.0 3363.0 3388.0 3412.0 3437.0 3461.0 3486.0 3535.0 3559.0 3584.0 3608.0 3633.0 3657.0 3682.0 3706.0 3755.0 3780.0 3804.0 3829.0 3853.0 3878.0 3902.0 3927.0 3983.0 4015.0 4046.0 4078.0 4110.0 4142.0 4174.0 4206.0 4269.0 4301.0 4333.0 4365.0 4396.0 4428.0 4460.0 4492.0 4555.0 4587.0 4619.0 4651.0 4683.0 4715.0 4746.0 4778.0 4787.0 4765.0 4742.0 4720.0 4697.0 4675.0 4652.0 4630.0 4585.0 4562.0 4540.0 4517.0 4495.0 4472.0 4450.0 4427.0 4382.0 4360.0 4337.0 4315.0 4292.0 4270.0 4247.0 4225.0 4182.0 4162.0 4142.0 4122.0 4103.0 4083.0 4063.0 4043.0 4003.0 3983.0 3963.0 3943.0 3924.0 3904.0 3884.0 3864.0 3824.0 3804.0 3784.0 3764.0 3745.0 3725.0 3705.0 3685.0 3649.0 3633.0 3617.0 3601.0 3585.0 3569.0 3553.0 3537.0 3505.0 3489.0 3473.0 3457.0 3441.0 3425.0 3409.0 3393.0 3361.0 3345.0 3329.0 3313.0 3297.0 3281.0 3265.0 3249.0 3225.0 3218.0 3210.0 3202.0 3195.0 3187.0 3180.0 3172.0 3157.0 3149.0 3141.0 3134.0 3126.0 3119.0 3111.0 3103.0 3088.0 3080.0 3073.0 3065.0 3058.0 3050.0 3042.0 3035.0 3024.0 3022.0 3019.0 3017.0 3014.0 3012.0 3009.0 3007.0 3002.0 2999.0 2997.0 2994.0 2992.0 2989.0 2987.0 2984.0 2979.0 2977.0 2974.0 2972.0 2969.0 2967.0 2964.0 2962.0 2958.0 2958.0 2957.0 2957.0 2956.0 2956.0 2955.0 2955.0 2954.0 2953.0 2953.0 2952.0 2952.0 2951.0 2951.0 2950.0 2949.0 2949.0 2948.0 2948.0 2947.0 2947.0 2946.0 2946.0 2938.0 2932.0 2925.0 2918.0 2911.0 2905.0 2898.0 2891.0 2878.0 2871.0 2864.0 2857.0 2851.0 2844.0 2837.0 2830.0 2817.0 2810.0 2803.0 2797.0
agregarAgente --UnidadTermicaSimple
200.0
100.0
agregarAgente --DemandaFija
196.2 167.4 138.6 138.6 138.6 150.6 162.6 174.6 186.0 198.0 210.6 210.6 210.6 219.0 227.4 235.8 244.2 252.0 260.4 260.4 260.4 220.8 180.0 140.4 99.6 60.0 19.8 19.8 19.8 62.4 105.0 147.6 190.2 232.8 275.4 275.4 275.4 297.0 317.4 338.4 359.4 381.0 402.0 402.0 402.0 414.6 427.8 441.0 454.2 467.4 480.6 480.6 480.6 506.4 531.6 558.0 583.8 609.6 635.4 635.4 635.4 648.0 660.6 672.6 685.2 698.4 710.4 710.4 710.4 663.0 615.6 567.6 519.6 472.8 424.8 424.8 424.8 454.8 484.2 514.2 544.2 573.6 603.0 603.0 603.0 604.8 606.6 608.4 610.2 612.0 613.8 613.8 613.8 565.8 517.2 469.2 421.2 373.2 324.6 324.6 324.6 343.8 362.4 382.2 400.8 420.0 438.6 438.6 438.6 421.8 404.4 387.6 370.8 352.8 336.0 336.0 336.0 306.0 275.4 245.4 215.4 184.8 154.8 154.8 154.8 162.0 168.6 175.2 181.8 188.4 195.0 195.0 195.0 199.2 202.8 207.0 211.2 214.8 219.0 219.0 219.0 183.6 148.8 114.0 79.2 44.4 9.6 9.6 9.6 13.2 17.4 21.0 25.2 28.8 33.0 33.0 33.0 48.6 63.6 78.0 93.0 108.0 123.6 123.6 123.6 105.0 87.0 69.0 51.6 33.0 15.0 15.0 15.0 85.2 155.4 225.6 295.2 364.8 435.0 435.0 435.0 414.0 393.0 372.0 350.4 329.4 308.4 308.4 308.4 295.2 280.8 267.6 254.4 240.6 227.4 227.4 227.4 301.2 375.0 448.2 522.6 596.4 670.2 670.2 670.2 684.0 698.4 712.8 726.6 740.4 754.8 754.8 754.8 714.6 674.4 634.8 594.0 554.4 514.2 514.2 514.2 531.6 550.2 568.2 585.6 603.6 622.2 622.2 622.2 586.8 552.0 517.2 482.4 447.0 412.8 412.8 412.8 370.2 326.4 283.2 240.6 197.4 154.8 154.8 154.8 162.0 169.8 177.0 184.8 192.0 199.8 199.8 199.8 217.2 234.6 252.0 268.8 286.2 303.6 303.6 303.6 289.2 274.2 259.8 244.8 230.4 216.0 216.0 216.0 246.6 277.8 309.0 340.2 371.4 402.6 402.6 402.6 446.4 490.8 535.2 579.6 624.0 667.8 667.8 667.8 636.0 603.6 571.8 540.0 508.2 476.4 476.4 476.4 484.2 491.4 499.2 507.0 514.8 522.6 522.6 522.6 496.8 471.0 445.2 419.4 393.6 367.2 367.2 367.2 315.6 262.8 211.2 159.0 106.2 54.6 54.6 54.6 127.8 199.8 273.0 345.6 418.8 492.0 492.0 492.0 510.0 528.0 546.6 564.6 582.6 600.6 600.6 600.6 543.0 484.2 426.0 367.8 310.2 251.4 251.4 251.4 288.0 323.4 359.4 395.4 431.4 467.4 467.4 467.4 457.8 447.0 436.8 426.6 417.0 406.8 406.8 406.8 352.2 297.6 243.0
crearDespacho --mercado --conDemandaTotal
4
0.02 0.07 0.145 1.0
370.0 600.0 2400.0 4000.0
385.38 328.81 272.24 272.24 272.24 295.81 319.38 342.95 365.34 388.91 413.66 413.66 413.66 430.16 446.66 463.16 479.66 494.98 511.48 511.48 511.48 433.7 353.56 275.78 195.64 117.85 38.89 38.89 38.89 122.57 206.24 289.92 373.59 457.27 540.94 540.94 540.94 583.37 623.44 664.69 705.94 748.37 789.61 789.61 789.61 814.36 840.29 866.22 892.15 918.07 944.0 944.0 944.0 994.68 1044.18 1096.03 1146.71 1197.39 1248.06 1248.06 1248.06 1272.81 1297.56 1321.13 1345.88 1371.81 1395.38 1395.38 1395.38 1302.27 1209.17 1114.89 1020.61 928.68 834.4 834.4 834.4 893.33 951.07 1010.0 1068.93 1126.67 1184.42 1184.42 1184.42 1187.96 1191.49 1195.03 1198.56 1202.1 1205.64 1205.64 1205.64 1111.35 1015.89 921.61 827.33 733.05 637.58 637.58 637.58 675.3 711.83 750.72 787.26 824.97 861.5 861.5 861.5 828.51 794.33 761.33 728.33 692.98 659.98 659.98 659.98 601.05 540.94 482.02 423.09 362.99 304.06 304.06 304.06 318.2 331.17 344.13 357.09 370.06 383.02 383.02 383.02 391.27 398.34 406.59 414.84 421.91 430.16 430.16 430.16 360.63 292.28 223.92 155.57 87.21 18.86 18.86 18.86 25.93 34.18 41.25 49.5 56.57 64.82 64.82 64.82 95.46 124.92 153.21 182.67 212.14 242.78 242.78 242.78 206.24 170.89 135.53 101.35 64.82 29.46 29.46 29.46 167.35 305.24 443.13 579.84 716.55 854.43 854.43 854.43 813.19 771.94 730.69 688.26 647.01 605.76 605.76 605.76 579.84 551.55 525.62 499.7 472.59 446.66 446.66 446.66 591.62 736.58 880.36 1026.5 1171.46 1316.42 1316.42 1316.42 1343.52 1371.81 1400.09 1427.2 1454.31 1482.59 1482.59 1482.59 1403.63 1324.67 1246.88 1166.74 1088.96 1010.0 1010.0 1010.0 1044.18 1080.71 1116.07 1150.24 1185.6 1222.13 1222.13 1222.13 1152.6 1084.25 1015.89 947.54 878.0 810.83 810.83 810.83 727.15 641.12 556.27 472.59 387.74 304.06 304.06 304.06 318.2 333.52 347.67 362.99 377.13 392.45 392.45 392.45 426.63 460.8 494.98 527.98 562.16 596.34 596.34 596.34 568.05 538.59 510.3 480.84 452.56 424.27 424.27 424.27 484.38 545.66 606.94 668.23 729.51 790.79 790.79 790.79 876.83 964.04 1051.25 1138.46 1225.67 1311.7 1311.7 1311.7 1249.24 1185.6 1123.14 1060.68 998.21 935.75 935.75 935.75 951.07 965.22 980.54 995.86 1011.18 1026.5 1026.5 1026.5 975.82 925.15 874.47 823.79 773.12 721.26 721.26 721.26 619.91 516.2 414.84 312.31 208.6 107.25 107.25 107.25 251.03 392.45 536.23 678.83 822.61 966.39 966.39 966.39 1001.75 1037.11 1073.64 1109.0 1144.35 1179.71 1179.71 1179.71 1066.57 951.07 836.76 722.44 609.3 493.8 493.8 493.8 565.69 635.23 705.94 776.65 847.36 918.07 918.07 918.07 899.22 878.0 857.97 837.93 819.08 799.04 799.04 799.04 691.8 584.55 477.3
configurarSolver --Gurobi
resolver --noConstante ejecuciones/bancos/recombinados/v1/directo/sgtm/v1_sgtm_000149.csv
finalizar
