inicializar --t 360
agregarAgente --SaltoGrande
0.002103
2032464238.0
9542.0 9596.0 9651.0 9705.0 9773.0 9786.0 9799.0 9812.0 9826.0 9839.0 9852.0 9865.0 9891.0 9904.0 9917.0 9930.0 9944.0 9957.0 9970.0 9983.0 10009.0 10022.0 10035.0 10048.0 10062.0 10075.0 10088.0 10101.0 10110.0 10106.0 10102.0 10097.0 10093.0 10089.0 10085.0 10081.0 10073.0 10068.0 10064.0 10060.0 10056.0 10052.0 10048.0 10043.0 10035.0 10031.0 10027.0 10023.0 10019.0 10014.0 10010.0 10006.0 9993.0 9984.0 9975.0 9966.0 9957.0 9948.0 9939.0 9930.0 9912.0 9903.0 9894.0 9885.0 9876.0 9867.0 9858.0 9849.0 9831.0 9822.0 9813.0 9804.0 9795.0 9786.0 9777.0 9768.0 9705.0 9651.0 9596.0 9542.0 9488.0 9434.0 9380.0 9326.0 9217.0 9163.0 9109.0 9055.0 9000.0 8946.0 8892.0 8838.0 8729.0 8675.0 8621.0 8567.0 8513.0 8459.0 8404.0 8350.0 8257.0 8218.0 8179.0 8140.0 8101.0 8062.0 8023.0 7984.0 7906.0 7867.0 7828.0 7789.0 7751.0 7712.0 7673.0 7634.0 7556.0 7517.0 7478.0 7439.0 7400.0 7361.0 7322.0 7283.0 7210.0 7177.0 7143.0 7109.0 7075.0 7042.0 7008.0 6974.0 6907.0 6873.0 6839.0 6805.0 6772.0 6738.0 6704.0 6670.0 6603.0 6569.0 6535.0 6502.0 6468.0 6434.0 6400.0 6367.0 6302.0 6271.0 6240.0 6208.0 6177.0 6146.0 6115.0 6084.0 6022.0 5990.0 5959.0 5928.0 5897.0 5866.0 5835.0 5803.0 5741.0 5710.0 5679.0 5648.0 5617.0 5585.0 5554.0 5523.0 5481.0 5470.0 5459.0 5448.0 5437.0 5426.0 5415.0 5404.0 5382.0 5371.0 5360.0 5349.0 5339.0 5328.0 5317.0 5306.0 5284.0 5273.0 5262.0 5251.0 5240.0 5229.0 5218.0 5207.0 5196.0 5195.0 5195.0 5194.0 5194.0 5194.0 5193.0 5193.0 5192.0 5192.0 5191.0 5191.0 5190.0 5190.0 5189.0 5189.0 5188.0 5188.0 5187.0 5187.0 5187.0 5186.0 5186.0 5185.0 5187.0 5190.0 5192.0 5194.0 5197.0 5199.0 5201.0 5204.0 5208.0 5211.0 5213.0 5215.0 5218.0 5220.0 5222.0 5225.0 5229.0 5232.0 5234.0 5236.0 5239.0 5241.0 5243.0 5246.0 5252.0 5257.0 5261.0 5265.0 5269.0 5274.0 5278.0 5282.0 5291.0 5295.0 5299.0 5303.0 5308.0 5312.0 5316.0 5320.0 5329.0 5333.0 5337.0 5342.0 5346.0 5350.0 5354.0 5359.0 5354.0 5346.0 5337.0 5328.0 5319.0 5311.0 5302.0 5293.0 5276.0 5267.0 5259.0 5250.0 5241.0 5232.0 5224.0 5215.0 5198.0 5189.0 5180.0 5172.0 5163.0 5154.0 5145.0 5137.0 5126.0 5123.0 5121.0 5118.0 5116.0 5113.0 5111.0 5108.0 5103.0 5101.0 5098.0 5096.0 5093.0 5091.0 5088.0 5086.0 5081.0 5078.0 5076.0 5073.0 5071.0 5068.0 5066.0 5063.0 5058.0 5055.0 5052.0 5049.0 5047.0 5044.0 5041.0 5038.0 5032.0 5029.0 5026.0 5023.0 5021.0 5018.0 5015.0 5012.0 5006.0 5003.0 5000.0 4997.0 4995.0 4992.0 4989.0 4986.0 4984.0 4984.0 4985.0 4986.0 4986.0 4987.0 4987.0 4988.0 4989.0 4990.0 4991.0 4991.0 4992.0 4992.0 4993.0 4994.0 4995.0 4996.0 4996.0 4997.0
agregarAgente --UnidadTermicaSimple
200.0
100.0
agregarAgente --DemandaFija
452.4 425.4 397.2 387.6 384.6 390.6 397.8 404.4 411.0 418.2 424.8 431.4 438.0 448.2 457.8 468.0 478.2 487.8 498.6 498.6 499.8 501.0 502.2 503.4 505.2 506.4 508.2 508.8 509.4 510.0 511.2 511.8 512.4 513.0 514.2 513.6 514.2 527.4 540.0 553.8 567.0 579.0 592.8 594.0 586.8 532.8 477.6 423.6 369.0 315.0 260.4 252.6 244.8 270.0 295.2 320.4 345.0 370.8 396.0 396.6 399.0 405.6 412.2 418.8 424.8 430.8 437.4 439.8 436.8 417.6 399.0 379.2 360.6 341.4 322.2 317.4 310.2 309.6 308.4 307.8 307.2 306.0 304.8 303.6 305.4 318.6 332.4 345.6 359.4 373.2 387.0 390.0 391.2 376.8 361.8 348.0 333.6 319.2 304.8 303.0 307.2 313.2 319.8 326.4 332.4 339.6 346.2 352.2 360.6 373.8 387.6 400.8 414.6 428.4 441.6 444.0 444.0 421.8 399.0 376.8 354.0 331.8 309.6 307.2 308.4 339.6 370.2 401.4 432.0 462.6 493.8 497.4 502.2 513.6 526.2 538.8 550.2 562.8 574.8 575.4 576.0 535.2 494.4 453.6 412.2 371.4 330.6 330.0 328.8 365.4 402.0 438.6 475.2 511.8 549.0 547.8 547.2 545.4 543.0 540.6 538.2 536.4 534.0 534.0 534.0 505.8 477.6 449.4 421.2 393.0 365.4 364.8 364.8 384.6 403.8 424.2 444.0 463.2 483.0 483.0 485.4 484.2 483.0 481.2 480.0 478.8 477.0 479.4 480.0 457.8 436.2 414.0 392.4 370.8 348.6 348.0 348.0 360.6 372.6 384.6 397.2 409.2 421.2 422.4 425.4 441.6 457.8 474.0 490.8 507.0 523.2 525.0 525.0 501.6 478.2 455.4 432.0 409.2 385.8 384.6 383.4 416.4 449.4 482.4 515.4 548.4 581.4 582.0 585.0 587.4 589.8 591.6 594.0 596.4 598.8 600.6 600.6 561.6 522.0 482.4 443.4 404.4 365.4 363.0 357.0 358.8 361.2 363.6 365.4 367.2 369.6 366.0 366.0 385.2 403.8 422.4 441.0 460.2 478.8 481.8 480.6 457.8 434.4 412.2 389.4 366.0 343.2 338.4 331.8 330.6 328.8 327.6 325.8 324.6 322.8 321.6 322.2 330.0 337.8 346.2 354.0 362.4 370.8 372.0 370.2 361.8 352.8 344.4 335.4 327.0 318.6 314.4 316.8 345.0 372.6 400.8 429.0 457.2 484.8 490.8 496.2 510.0 524.4 538.8 553.2 567.6 582.0 580.2 573.6 567.6 561.6 556.2 550.8 544.8 540.0 534.0 534.0 547.8 561.0 575.4 588.6 601.8 615.6 621.6 632.4 634.8 637.2 639.6 642.6 645.0 647.4 652.2 648.0 627.6 608.4 588.6 568.2 548.4 528.0 520.2 516.0 530.4 544.8 559.2 573.6 588.6 603.0 607.2 615.0 619.8 625.8 631.2 636.6 641.4 647.4 650.4 654.6 653.4 651.0 648.6
crearDespacho --mercado --conDemandaTotal
4
0.02 0.07 0.145 1.0
370.0 600.0 2400.0 4000.0
718.58 675.7 630.9 615.65 610.89 620.42 631.86 642.34 652.82 664.26 674.74 685.23 695.71 711.91 727.16 743.36 759.56 774.81 791.96 791.96 793.87 795.78 797.68 799.59 802.45 804.35 807.21 808.17 809.12 810.07 811.98 812.93 813.88 814.84 816.74 815.79 816.74 837.71 857.72 879.64 900.61 919.67 941.59 943.5 932.06 846.29 758.61 672.84 586.11 500.34 413.61 401.22 388.83 428.86 468.89 508.92 547.99 588.97 629.0 629.95 633.76 644.25 654.73 665.21 674.74 684.27 694.76 698.57 693.8 663.31 633.76 602.31 572.77 542.27 511.77 504.15 492.71 491.76 489.86 488.9 487.95 486.04 484.14 482.23 485.09 506.06 527.98 548.94 570.86 592.78 614.7 619.47 621.37 598.5 574.67 552.75 529.88 507.01 484.14 481.28 487.95 497.48 507.96 518.45 527.98 539.41 549.9 559.43 572.77 593.73 615.65 636.62 658.54 680.46 701.43 705.24 705.24 669.98 633.76 598.5 562.29 527.02 491.76 487.95 489.86 539.41 588.02 637.57 686.18 734.78 784.34 790.06 797.68 815.79 835.8 855.82 873.92 893.94 913.0 913.95 914.9 850.1 785.29 720.49 654.73 589.92 525.12 524.16 522.26 580.39 638.53 696.66 754.8 812.93 872.02 870.11 869.16 866.3 862.49 858.68 854.86 852.0 848.19 848.19 848.19 803.4 758.61 713.82 669.02 624.23 580.39 579.44 579.44 610.89 641.39 673.79 705.24 735.74 767.19 767.19 771.0 769.09 767.19 764.33 762.42 760.51 757.66 761.47 762.42 727.16 692.85 657.59 623.28 588.97 553.71 552.75 552.75 572.77 591.83 610.89 630.9 649.96 669.02 670.93 675.7 701.43 727.16 752.89 779.57 805.31 831.04 833.9 833.9 796.73 759.56 723.35 686.18 649.96 612.8 610.89 608.98 661.4 713.82 766.23 818.65 871.07 923.48 924.43 929.2 933.01 936.82 939.68 943.5 947.31 951.12 953.98 953.98 892.03 829.13 766.23 704.29 642.34 580.39 576.58 567.05 569.91 573.72 577.53 580.39 583.25 587.06 581.35 581.35 611.84 641.39 670.93 700.47 730.97 760.51 765.28 763.37 727.16 689.99 654.73 618.51 581.35 545.13 537.51 527.02 525.12 522.26 520.35 517.49 515.59 512.73 510.82 511.77 524.16 536.55 549.9 562.29 575.63 588.97 590.88 588.02 574.67 560.38 547.04 532.74 519.4 506.06 499.39 503.2 547.99 591.83 636.62 681.41 726.21 770.04 779.57 788.15 810.07 832.94 855.82 878.69 901.56 924.43 921.58 911.09 901.56 892.03 883.45 874.88 865.35 857.72 848.19 848.19 870.11 891.08 913.95 934.92 955.88 977.8 987.33 1004.49 1008.3 1012.11 1015.93 1020.69 1024.5 1028.31 1035.94 1029.27 996.86 966.37 934.92 902.52 871.07 838.66 826.27 819.6 842.47 865.35 888.22 911.09 934.92 957.79 964.46 976.85 984.48 994.01 1002.58 1011.16 1018.78 1028.31 1033.08 1039.75 1037.84 1034.03 1030.22
configurarSolver --Gurobi
resolver --noConstante ejecuciones/bancos/recombinados/v1/directo/sgtm/v1_sgtm_000280.csv
finalizar
