inicializar --t 360
agregarAgente --SaltoGrande
0.000397
1807461596.0
4016.0 4013.0 4010.0 4008.0 4015.0 4025.0 4034.0 4044.0 4054.0 4064.0 4073.0 4083.0 4103.0 4113.0 4122.0 4132.0 4142.0 4152.0 4161.0 4171.0 4191.0 4201.0 4210.0 4220.0 4230.0 4240.0 4249.0 4259.0 4285.0 4302.0 4318.0 4334.0 4350.0 4367.0 4383.0 4399.0 4432.0 4448.0 4464.0 4480.0 4497.0 4513.0 4529.0 4545.0 4578.0 4594.0 4610.0 4627.0 4643.0 4659.0 4675.0 4692.0 4689.0 4671.0 4652.0 4634.0 4615.0 4597.0 4578.0 4560.0 4523.0 4504.0 4486.0 4467.0 4449.0 4430.0 4412.0 4393.0 4356.0 4338.0 4319.0 4301.0 4282.0 4264.0 4245.0 4227.0 4220.0 4231.0 4243.0 4255.0 4267.0 4278.0 4290.0 4302.0 4325.0 4337.0 4348.0 4360.0 4372.0 4384.0 4395.0 4407.0 4430.0 4442.0 4454.0 4465.0 4477.0 4489.0 4501.0 4512.0 4575.0 4626.0 4677.0 4727.0 4778.0 4829.0 4880.0 4931.0 5033.0 5083.0 5134.0 5185.0 5236.0 5287.0 5338.0 5388.0 5490.0 5541.0 5592.0 5643.0 5694.0 5744.0 5795.0 5846.0 5965.0 6032.0 6100.0 6168.0 6236.0 6303.0 6371.0 6439.0 6574.0 6642.0 6709.0 6777.0 6845.0 6913.0 6980.0 7048.0 7183.0 7251.0 7319.0 7386.0 7454.0 7522.0 7590.0 7657.0 7768.0 7810.0 7853.0 7896.0 7938.0 7981.0 8024.0 8066.0 8152.0 8194.0 8237.0 8280.0 8322.0 8365.0 8408.0 8450.0 8536.0 8578.0 8621.0 8664.0 8706.0 8749.0 8792.0 8834.0 8923.0 8970.0 9016.0 9063.0 9109.0 9156.0 9202.0 9249.0 9342.0 9388.0 9435.0 9481.0 9528.0 9574.0 9621.0 9667.0 9760.0 9807.0 9853.0 9900.0 9946.0 9993.0 10039.0 10086.0 10184.0 10236.0 10289.0 10341.0 10393.0 10445.0 10498.0 10550.0 10654.0 10706.0 10759.0 10811.0 10863.0 10915.0 10968.0 11020.0 11124.0 11176.0 11229.0 11281.0 11333.0 11385.0 11438.0 11490.0 11584.0 11625.0 11667.0 11709.0 11751.0 11792.0 11834.0 11876.0 11959.0 12001.0 12042.0 12084.0 12126.0 12168.0 12209.0 12251.0 12334.0 12376.0 12418.0 12459.0 12501.0 12543.0 12585.0 12626.0 12720.0 12773.0 12825.0 12878.0 12930.0 12983.0 13035.0 13088.0 13193.0 13245.0 13298.0 13350.0 13403.0 13455.0 13508.0 13560.0 13665.0 13718.0 13770.0 13823.0 13875.0 13928.0 13980.0 14033.0 14115.0 14145.0 14175.0 14205.0 14235.0 14265.0 14295.0 14325.0 14385.0 14415.0 14445.0 14475.0 14504.0 14534.0 14564.0 14594.0 14654.0 14684.0 14714.0 14744.0 14774.0 14804.0 14834.0 14864.0 14896.0 14898.0 14900.0 14902.0 14904.0 14906.0 14909.0 14911.0 14915.0 14917.0 14919.0 14921.0 14923.0 14925.0 14927.0 14929.0 14933.0 14935.0 14938.0 14940.0 14942.0 14944.0 14946.0 14948.0 14935.0 14919.0 14904.0 14888.0 14873.0 14857.0 14842.0 14826.0 14795.0 14780.0 14764.0 14749.0 14733.0 14718.0 14702.0 14687.0 14656.0 14640.0 14625.0 14609.0 14594.0 14578.0 14563.0 14547.0 14507.0 14482.0 14457.0 14432.0 14407.0 14382.0 14357.0 14332.0 14282.0 14257.0 14232.0 14207.0 14183.0 14158.0 14133.0 14108.0 14058.0 14033.0 14008.0 13983.0
agregarAgente --UnidadTermicaSimple
200.0
100.0
agregarAgente --DemandaFija
473.7 473.7 473.7 473.7 473.7 497.1 521.4 545.7 569.1 594.3 618.6 618.6 618.6 599.7 580.8 562.8 543.9 525.9 507.9 507.9 507.9 537.6 567.3 597.9 627.6 657.3 687.0 687.0 687.0 735.6 782.4 829.2 876.9 923.7 972.3 972.3 972.3 966.9 961.5 956.1 949.8 944.4 939.9 939.9 939.9 895.8 851.7 806.7 763.5 719.4 674.4 674.4 674.4 685.2 696.0 708.6 719.4 730.2 741.0 741.0 741.0 747.3 753.6 759.9 765.3 771.6 777.9 777.9 777.9 734.7 689.7 646.5 602.4 558.3 514.2 514.2 514.2 538.5 561.9 586.2 609.6 633.0 656.4 656.4 656.4 667.2 677.1 687.9 697.8 709.5 719.4 719.4 719.4 642.9 566.4 490.8 414.3 338.7 262.2 262.2 262.2 310.8 361.2 410.7 459.3 509.7 559.2 559.2 559.2 600.6 642.0 683.4 725.7 767.1 807.6 807.6 807.6 773.4 738.3 703.2 669.0 633.9 599.7 599.7 599.7 570.0 541.2 512.4 483.6 453.9 425.1 425.1 425.1 447.6 471.0 492.6 515.1 536.7 559.2 559.2 559.2 483.6 406.2 329.7 254.1 176.7 101.1 101.1 101.1 176.7 253.2 328.8 405.3 481.8 557.4 557.4 557.4 619.5 679.8 741.9 803.1 864.3 925.5 925.5 925.5 810.3 696.0 580.8 466.5 352.2 237.0 237.0 237.0 343.2 448.5 555.6 661.8 768.0 874.2 874.2 874.2 827.4 781.5 735.6 688.8 642.9 597.0 597.0 597.0 524.1 450.3 378.3 304.5 232.5 159.6 159.6 159.6 249.6 340.5 429.6 519.6 610.5 699.6 699.6 699.6 654.6 610.5 564.6 519.6 474.6 428.7 428.7 428.7 401.7 375.6 348.6 320.7 294.6 267.6 267.6 267.6 413.4 559.2 705.9 852.6 998.4 1144.2 1144.2 1144.2 1113.6 1082.1 1050.6 1019.1 987.6 957.0 957.0 957.0 920.1 884.1 848.1 811.2 775.2 739.2 739.2 739.2 845.4 950.7 1056.0 1162.2 1268.4 1374.6 1374.6 1374.6 1292.7 1212.6 1131.6 1050.6 969.6 888.6 888.6 888.6 823.8 759.9 696.0 632.1 567.3 503.4 503.4 503.4 607.8 712.2 815.7 919.2 1023.6 1128.0 1128.0 1128.0 1092.9 1056.0 1020.0 984.9 948.0 912.0 912.0 912.0 887.7 863.4 840.0 814.8 790.5 766.2 766.2 766.2 816.6 867.9 918.3 969.6 1020.0 1070.4 1070.4 1070.4 1037.1 1004.7 972.3 938.1 905.7 873.3 873.3 873.3 861.6 850.8 840.0 828.3 816.6 805.8 805.8 805.8 794.1 781.5 769.8 758.1 745.5 733.8 733.8 733.8 655.5 577.2 499.8 422.4 345.0 266.7 266.7 266.7 242.4 218.1 192.9 168.6 144.3 120.0 120.0 120.0 166.8 212.7 259.5 306.3 353.1 399.9 399.9 399.9 453.0 507.0 561.0 615.0 668.1 723.0 723.0 723.0 705.0 688.8 671.7
crearDespacho --mercado --conDemandaTotal
4
0.02 0.07 0.145 1.0
370.0 600.0 2400.0 4000.0
555.88 555.88 555.88 555.88 555.88 583.34 611.86 640.37 667.83 697.4 725.92 725.92 725.92 703.74 681.56 660.44 638.26 617.14 596.01 596.01 596.01 630.87 665.72 701.63 736.48 771.33 806.18 806.18 806.18 863.22 918.14 973.05 1029.03 1083.95 1140.98 1140.98 1140.98 1134.64 1128.31 1121.97 1114.58 1108.24 1102.96 1102.96 1102.96 1051.21 999.46 946.65 895.96 844.21 791.4 791.4 791.4 804.07 816.75 831.53 844.21 856.88 869.55 869.55 869.55 876.95 884.34 891.73 898.07 905.46 912.85 912.85 912.85 862.16 809.35 758.66 706.91 655.16 603.41 603.41 603.41 631.92 659.38 687.9 715.36 742.82 770.28 770.28 770.28 782.95 794.57 807.24 818.86 832.59 844.21 844.21 844.21 754.43 664.66 575.95 486.18 397.46 307.69 307.69 307.69 364.72 423.86 481.95 538.98 598.13 656.21 656.21 656.21 704.8 753.38 801.96 851.6 900.18 947.71 947.71 947.71 907.57 866.38 825.2 785.06 743.87 703.74 703.74 703.74 668.89 635.09 601.29 567.5 532.65 498.85 498.85 498.85 525.25 552.71 578.06 604.46 629.81 656.21 656.21 656.21 567.5 476.67 386.9 298.18 207.35 118.64 118.64 118.64 207.35 297.13 385.84 475.61 565.39 654.1 654.1 654.1 726.97 797.74 870.61 942.43 1014.24 1086.06 1086.06 1086.06 950.88 816.75 681.56 547.43 413.3 278.12 278.12 278.12 402.74 526.31 651.99 776.61 901.24 1025.86 1025.86 1025.86 970.94 917.08 863.22 808.3 754.43 700.57 700.57 700.57 615.02 528.42 443.93 357.33 272.84 187.29 187.29 187.29 292.9 399.57 504.13 609.74 716.41 820.97 820.97 820.97 768.16 716.41 662.55 609.74 556.94 503.07 503.07 503.07 471.39 440.76 409.08 376.34 345.71 314.02 314.02 314.02 485.12 656.21 828.36 1000.51 1171.61 1342.7 1342.7 1342.7 1306.79 1269.83 1232.86 1195.9 1158.93 1123.03 1123.03 1123.03 1079.72 1037.48 995.23 951.93 909.69 867.44 867.44 867.44 992.06 1115.63 1239.2 1363.83 1488.45 1613.07 1613.07 1613.07 1516.97 1422.97 1327.92 1232.86 1137.81 1042.76 1042.76 1042.76 966.72 891.73 816.75 741.76 665.72 590.73 590.73 590.73 713.24 835.76 957.21 1078.67 1201.18 1323.69 1323.69 1323.69 1282.5 1239.2 1196.96 1155.77 1112.46 1070.22 1070.22 1070.22 1041.7 1013.19 985.73 956.16 927.64 899.12 899.12 899.12 958.27 1018.47 1077.61 1137.81 1196.96 1256.1 1256.1 1256.1 1217.02 1179.0 1140.98 1100.85 1062.83 1024.81 1024.81 1024.81 1011.08 998.4 985.73 972.0 958.27 945.59 945.59 945.59 931.87 917.08 903.35 889.62 874.83 861.1 861.1 861.1 769.22 677.34 586.51 495.68 404.85 312.97 312.97 312.97 284.45 255.94 226.37 197.85 169.33 140.82 140.82 140.82 195.74 249.6 304.52 359.44 414.36 469.28 469.28 469.28 531.59 594.96 658.33 721.69 784.01 848.43 848.43 848.43 827.31 808.3 788.23
configurarSolver --Gurobi
resolver --noConstante ejecuciones/bancos/recombinados/v1/directo/sgtm/v1_sgtm_000425.csv
finalizar
