inicializar --t 360
agregarAgente --SaltoGrande
0.00194
2104235473.0
1017.0 1019.0 1021.0 1022.0 1027.0 1030.0 1033.0 1036.0 1040.0 1043.0 1046.0 1049.0 1055.0 1058.0 1061.0 1064.0 1068.0 1071.0 1074.0 1077.0 1083.0 1086.0 1089.0 1092.0 1096.0 1099.0 1102.0 1105.0 1100.0 1093.0 1085.0 1077.0 1069.0 1062.0 1054.0 1046.0 1031.0 1023.0 1016.0 1008.0 1000.0 992.0 985.0 977.0 962.0 954.0 946.0 939.0 931.0 923.0 915.0 908.0 900.0 901.0 901.0 901.0 901.0 902.0 902.0 902.0 903.0 903.0 904.0 904.0 904.0 904.0 905.0 905.0 906.0 906.0 906.0 907.0 907.0 907.0 907.0 908.0 907.0 905.0 904.0 903.0 901.0 900.0 899.0 897.0 895.0 893.0 892.0 891.0 889.0 888.0 887.0 885.0 883.0 881.0 880.0 879.0 877.0 876.0 875.0 873.0 871.0 870.0 869.0 868.0 867.0 866.0 866.0 865.0 863.0 862.0 861.0 860.0 859.0 858.0 857.0 856.0 854.0 853.0 853.0 852.0 851.0 850.0 849.0 848.0 850.0 853.0 856.0 859.0 862.0 865.0 868.0 871.0 877.0 880.0 883.0 886.0 889.0 892.0 895.0 898.0 904.0 907.0 910.0 913.0 916.0 919.0 922.0 925.0 930.0 933.0 935.0 937.0 939.0 942.0 944.0 946.0 951.0 953.0 956.0 958.0 960.0 962.0 965.0 967.0 972.0 974.0 976.0 979.0 981.0 983.0 985.0 988.0 992.0 994.0 995.0 997.0 999.0 1001.0 1002.0 1004.0 1008.0 1010.0 1011.0 1013.0 1015.0 1017.0 1018.0 1020.0 1024.0 1026.0 1027.0 1029.0 1031.0 1033.0 1034.0 1036.0 1052.0 1067.0 1081.0 1096.0 1110.0 1125.0 1139.0 1154.0 1183.0 1197.0 1212.0 1226.0 1241.0 1255.0 1270.0 1284.0 1313.0 1328.0 1342.0 1357.0 1371.0 1386.0 1400.0 1415.0 1429.0 1429.0 1428.0 1428.0 1428.0 1428.0 1427.0 1427.0 1427.0 1427.0 1426.0 1426.0 1426.0 1426.0 1425.0 1425.0 1425.0 1425.0 1424.0 1424.0 1424.0 1424.0 1423.0 1423.0 1491.0 1558.0 1626.0 1693.0 1761.0 1829.0 1896.0 1964.0 2099.0 2167.0 2234.0 2302.0 2369.0 2437.0 2504.0 2572.0 2707.0 2775.0 2842.0 2910.0 2978.0 3045.0 3113.0 3180.0 3294.0 3340.0 3385.0 3431.0 3477.0 3523.0 3569.0 3615.0 3706.0 3752.0 3798.0 3844.0 3889.0 3935.0 3981.0 4027.0 4118.0 4164.0 4210.0 4256.0 4302.0 4348.0 4393.0 4439.0 4466.0 4446.0 4427.0 4407.0 4388.0 4368.0 4349.0 4329.0 4291.0 4271.0 4252.0 4232.0 4213.0 4193.0 4174.0 4154.0 4116.0 4096.0 4077.0 4057.0 4038.0 4018.0 3999.0 3979.0 3929.0 3898.0 3867.0 3836.0 3805.0 3774.0 3743.0 3712.0 3650.0 3619.0 3588.0 3557.0 3526.0 3495.0 3464.0 3433.0 3371.0 3340.0 3309.0 3278.0 3247.0 3216.0 3185.0 3154.0 3097.0 3072.0 3046.0 3020.0 2994.0 2969.0 2943.0 2917.0 2866.0 2840.0 2815.0 2789.0 2763.0 2737.0 2712.0 2686.0 2635.0 2609.0 2583.0 2558.0
agregarAgente --UnidadTermicaSimple
200.0
100.0
agregarAgente --DemandaFija
607.8 623.1 638.4 638.4 638.4 710.4 781.5 852.6 923.7 995.7 1066.8 1066.8 1066.8 1002.0 936.3 870.6 804.9 739.2 673.5 673.5 673.5 570.9 469.2 366.6 264.0 161.4 58.8 58.8 58.8 69.6 80.4 93.0 103.8 114.6 125.4 125.4 125.4 137.1 148.8 160.5 173.1 184.8 196.5 196.5 196.5 182.1 166.8 152.4 138.0 122.7 108.3 108.3 108.3 180.3 252.3 324.3 397.2 469.2 541.2 541.2 541.2 551.1 560.1 570.0 579.9 589.8 599.7 599.7 599.7 561.0 523.2 484.5 445.8 408.0 370.2 370.2 370.2 452.1 535.8 618.6 701.4 785.1 867.9 867.9 867.9 867.9 868.8 868.8 868.8 869.7 869.7 869.7 869.7 746.4 622.2 498.9 374.7 251.4 127.2 127.2 127.2 224.4 319.8 417.0 514.2 610.5 707.7 707.7 707.7 729.3 751.8 774.3 795.9 818.4 840.9 840.9 840.9 749.1 656.4 563.7 471.9 380.1 287.4 287.4 287.4 342.3 396.3 450.3 505.2 560.1 615.0 615.0 615.0 613.2 610.5 608.7 606.9 605.1 603.3 603.3 603.3 554.7 507.0 457.5 409.8 362.1 313.5 313.5 313.5 381.0 448.5 516.9 584.4 651.9 719.4 719.4 719.4 738.3 757.2 776.1 795.0 813.0 832.8 832.8 832.8 804.9 777.9 750.9 723.9 696.0 668.1 668.1 668.1 711.3 752.7 794.1 836.4 878.7 920.1 920.1 920.1 928.2 936.3 944.4 954.3 962.4 970.5 970.5 970.5 948.9 929.1 908.4 888.6 867.9 848.1 848.1 848.1 890.4 932.7 975.0 1017.3 1059.6 1102.8 1102.8 1102.8 1083.9 1064.1 1045.2 1026.3 1007.4 988.5 988.5 988.5 959.7 930.9 902.1 874.2 846.3 816.6 816.6 816.6 825.6 834.6 843.6 851.7 859.8 868.8 868.8 868.8 850.8 832.8 813.9 796.8 778.8 760.8 760.8 760.8 741.9 722.1 701.4 682.5 662.7 643.8 643.8 643.8 642.9 642.0 641.1 639.3 638.4 637.5 637.5 637.5 658.2 678.9 699.6 721.2 741.9 762.6 762.6 762.6 760.8 759.9 758.1 756.3 754.5 752.7 752.7 752.7 764.4 776.1 786.9 798.6 809.4 821.1 821.1 821.1 821.1 820.2 820.2 819.3 819.3 819.3 819.3 819.3 759.0 697.8 637.5 575.4 515.1 453.9 453.9 453.9 528.6 603.3 676.2 750.9 824.7 898.5 898.5 898.5 849.0 798.6 748.2 697.8 648.3 598.8 598.8 598.8 525.0 451.2 379.2 305.4 232.5 159.6 159.6 159.6 199.2 240.6 280.2 320.7 361.2 400.8 400.8 400.8 396.3 390.9 386.4 381.0 375.6 371.1 371.1 371.1 363.9 356.7 349.5 342.3 334.2 327.0 327.0 327.0 441.3 555.6 669.9 784.2 898.5 1012.8 1012.8 1012.8 957.9 903.0 849.0 793.2 739.2 683.4 683.4 683.4 633.9 585.3 534.9
crearDespacho --mercado --conDemandaTotal
4
0.02 0.07 0.145 1.0
370.0 600.0 2400.0 4000.0
670.96 687.85 704.74 704.74 704.74 784.23 862.71 941.2 1019.69 1099.17 1177.66 1177.66 1177.66 1106.13 1033.6 961.07 888.55 816.02 743.49 743.49 743.49 630.23 517.96 404.7 291.44 178.17 64.91 64.91 64.91 76.83 88.76 102.66 114.59 126.51 138.43 138.43 138.43 151.35 164.26 177.18 191.09 204.0 216.92 216.92 216.92 201.02 184.13 168.24 152.34 135.45 119.55 119.55 119.55 199.04 278.52 358.0 438.48 517.96 597.44 597.44 597.44 608.37 618.31 629.24 640.16 651.09 662.02 662.02 662.02 619.3 577.57 534.85 492.13 450.4 408.67 408.67 408.67 499.08 591.48 682.89 774.29 866.69 958.09 958.09 958.09 958.09 959.09 959.09 959.09 960.08 960.08 960.08 960.08 823.97 686.86 550.75 413.64 277.53 140.42 140.42 140.42 247.72 353.03 460.34 567.64 673.94 781.25 781.25 781.25 805.09 829.93 854.77 878.61 903.45 928.29 928.29 928.29 826.95 724.61 622.28 520.94 419.6 317.27 317.27 317.27 377.87 437.48 497.1 557.7 618.31 678.91 678.91 678.91 676.92 673.94 671.96 669.97 667.98 666.0 666.0 666.0 612.35 559.69 505.04 452.39 399.73 346.08 346.08 346.08 420.59 495.11 570.62 645.13 719.65 794.16 794.16 794.16 815.03 835.89 856.75 877.62 897.49 919.35 919.35 919.35 888.55 858.74 828.93 799.13 768.33 737.53 737.53 737.53 785.22 830.92 876.62 923.32 970.02 1015.72 1015.72 1015.72 1024.66 1033.6 1042.54 1053.47 1062.41 1071.36 1071.36 1071.36 1047.51 1025.65 1002.8 980.94 958.09 936.24 936.24 936.24 982.93 1029.63 1076.32 1123.02 1169.72 1217.4 1217.4 1217.4 1196.54 1174.68 1153.82 1132.95 1112.09 1091.23 1091.23 1091.23 1059.43 1027.64 995.85 965.05 934.25 901.46 901.46 901.46 911.4 921.33 931.27 940.21 949.15 959.09 959.09 959.09 939.22 919.35 898.48 879.6 859.73 839.86 839.86 839.86 819.0 797.14 774.29 753.43 731.57 710.7 710.7 710.7 709.71 708.72 707.72 705.74 704.74 703.75 703.75 703.75 726.6 749.45 772.3 796.15 819.0 841.85 841.85 841.85 839.86 838.87 836.88 834.9 832.91 830.92 830.92 830.92 843.84 856.75 868.68 881.59 893.51 906.43 906.43 906.43 906.43 905.44 905.44 904.44 904.44 904.44 904.44 904.44 837.88 770.32 703.75 635.2 568.63 501.07 501.07 501.07 583.53 666.0 746.47 828.93 910.4 991.87 991.87 991.87 937.23 881.59 825.95 770.32 715.67 661.03 661.03 661.03 579.56 498.09 418.61 337.14 256.66 176.19 176.19 176.19 219.9 265.6 309.32 354.03 398.74 442.45 442.45 442.45 437.48 431.52 426.56 420.59 414.63 409.67 409.67 409.67 401.72 393.77 385.82 377.87 368.93 360.98 360.98 360.98 487.16 613.34 739.52 865.7 991.87 1118.05 1118.05 1118.05 1057.45 996.84 937.23 875.63 816.02 754.42 754.42 754.42 699.78 646.13 590.49
configurarSolver --Gurobi
resolver --noConstante ejecuciones/bancos/recombinados/v1/directo/sgtm/v1_sgtm_000289.csv
finalizar
