inicializar --t 360
agregarAgente --SaltoGrande
0.000127
2001535362.0
6474.0 6457.0 6439.0 6422.0 6395.0 6386.0 6378.0 6369.0 6360.0 6351.0 6343.0 6334.0 6316.0 6307.0 6299.0 6290.0 6281.0 6272.0 6264.0 6255.0 6237.0 6228.0 6220.0 6211.0 6202.0 6193.0 6185.0 6176.0 6168.0 6168.0 6169.0 6170.0 6171.0 6171.0 6172.0 6173.0 6174.0 6175.0 6176.0 6177.0 6177.0 6178.0 6179.0 6180.0 6181.0 6182.0 6183.0 6183.0 6184.0 6185.0 6186.0 6186.0 6256.0 6324.0 6393.0 6462.0 6530.0 6599.0 6668.0 6736.0 6874.0 6942.0 7011.0 7080.0 7148.0 7217.0 7286.0 7354.0 7492.0 7560.0 7629.0 7698.0 7766.0 7835.0 7904.0 7972.0 8072.0 8103.0 8134.0 8165.0 8197.0 8228.0 8259.0 8290.0 8352.0 8383.0 8414.0 8445.0 8477.0 8508.0 8539.0 8570.0 8632.0 8663.0 8694.0 8725.0 8757.0 8788.0 8819.0 8850.0 8890.0 8898.0 8907.0 8916.0 8925.0 8933.0 8942.0 8951.0 8968.0 8977.0 8986.0 8995.0 9003.0 9012.0 9021.0 9030.0 9047.0 9056.0 9065.0 9073.0 9082.0 9091.0 9100.0 9108.0 9079.0 9041.0 9003.0 8964.0 8926.0 8888.0 8850.0 8812.0 8736.0 8697.0 8659.0 8621.0 8583.0 8545.0 8507.0 8468.0 8392.0 8354.0 8316.0 8278.0 8240.0 8201.0 8163.0 8125.0 8025.0 7962.0 7900.0 7838.0 7775.0 7713.0 7651.0 7588.0 7464.0 7401.0 7339.0 7277.0 7214.0 7152.0 7090.0 7027.0 6903.0 6840.0 6778.0 6716.0 6653.0 6591.0 6529.0 6466.0 6368.0 6332.0 6296.0 6260.0 6224.0 6188.0 6152.0 6116.0 6044.0 6008.0 5972.0 5936.0 5901.0 5865.0 5829.0 5793.0 5721.0 5685.0 5649.0 5613.0 5577.0 5541.0 5505.0 5469.0 5418.0 5402.0 5387.0 5372.0 5357.0 5341.0 5326.0 5311.0 5280.0 5265.0 5250.0 5235.0 5219.0 5204.0 5189.0 5174.0 5143.0 5128.0 5113.0 5097.0 5082.0 5067.0 5052.0 5036.0 5029.0 5037.0 5046.0 5054.0 5062.0 5070.0 5078.0 5086.0 5103.0 5111.0 5119.0 5127.0 5136.0 5144.0 5152.0 5160.0 5177.0 5185.0 5193.0 5201.0 5209.0 5217.0 5226.0 5234.0 5302.0 5362.0 5422.0 5482.0 5542.0 5602.0 5661.0 5721.0 5841.0 5901.0 5961.0 6021.0 6081.0 6141.0 6201.0 6261.0 6381.0 6441.0 6500.0 6560.0 6620.0 6680.0 6740.0 6800.0 6845.0 6829.0 6814.0 6798.0 6783.0 6768.0 6752.0 6737.0 6706.0 6691.0 6675.0 6660.0 6644.0 6629.0 6613.0 6598.0 6567.0 6552.0 6536.0 6521.0 6506.0 6490.0 6475.0 6459.0 6426.0 6408.0 6390.0 6372.0 6354.0 6336.0 6318.0 6300.0 6264.0 6246.0 6228.0 6210.0 6192.0 6174.0 6156.0 6138.0 6102.0 6084.0 6066.0 6048.0 6030.0 6012.0 5994.0 5976.0 5919.0 5881.0 5842.0 5804.0 5765.0 5727.0 5688.0 5650.0 5572.0 5534.0 5495.0 5457.0 5418.0 5380.0 5341.0 5303.0 5225.0 5187.0 5148.0 5110.0 5071.0 5033.0 4994.0 4956.0 4916.0 4916.0 4915.0 4914.0 4914.0 4913.0 4912.0 4912.0 4910.0 4910.0 4909.0 4908.0 4908.0 4907.0 4906.0 4906.0 4904.0 4904.0 4903.0 4902.0
agregarAgente --UnidadTermicaSimple
200.0
100.0
agregarAgente --DemandaFija
417.9 316.2 213.6 213.6 213.6 249.6 284.7 319.8 355.8 390.9 426.0 426.0 426.0 428.7 431.4 434.1 436.8 439.5 442.2 442.2 442.2 378.3 313.5 249.6 185.7 121.8 57.0 57.0 57.0 101.1 144.3 188.4 232.5 275.7 318.9 318.9 318.9 339.6 360.3 380.1 399.9 419.7 439.5 439.5 439.5 378.3 316.2 255.0 192.0 130.8 68.7 68.7 68.7 117.3 165.0 212.7 261.3 309.0 357.6 357.6 357.6 416.1 475.5 534.0 593.4 651.9 711.3 711.3 711.3 656.4 602.4 546.6 492.6 437.7 382.8 382.8 382.8 454.8 526.8 598.8 669.9 742.8 813.9 813.9 813.9 869.7 924.6 979.5 1034.4 1090.2 1145.1 1145.1 1145.1 1072.2 1000.2 926.4 854.4 781.5 709.5 709.5 709.5 787.8 867.0 945.3 1025.4 1104.6 1182.9 1182.9 1182.9 1200.0 1217.1 1233.3 1250.4 1266.6 1283.7 1283.7 1283.7 1221.6 1157.7 1095.6 1032.6 970.5 907.5 907.5 907.5 948.0 990.3 1031.7 1072.2 1114.5 1155.0 1155.0 1155.0 1193.7 1233.3 1271.1 1309.8 1348.5 1387.2 1387.2 1387.2 1299.9 1213.5 1126.2 1038.9 950.7 864.3 864.3 864.3 866.1 867.0 867.9 868.8 869.7 871.5 871.5 871.5 837.3 802.2 768.0 733.8 699.6 665.4 665.4 665.4 578.1 492.6 406.2 319.8 233.4 147.0 147.0 147.0 196.5 247.8 297.3 348.6 398.1 448.5 448.5 448.5 488.1 526.8 565.5 605.1 643.8 682.5 682.5 682.5 633.0 581.7 531.3 480.9 429.6 380.1 380.1 380.1 439.5 499.8 559.2 619.5 678.9 739.2 739.2 739.2 738.3 736.5 734.7 733.8 732.0 731.1 731.1 731.1 653.7 576.3 499.8 422.4 345.9 269.4 269.4 269.4 375.6 482.7 588.9 695.1 801.3 908.4 908.4 908.4 865.2 822.0 778.8 736.5 692.4 650.1 650.1 650.1 584.4 517.8 450.3 384.6 318.0 252.3 252.3 252.3 341.4 429.6 518.7 608.7 696.9 786.0 786.0 786.0 858.9 930.9 1003.8 1076.7 1148.7 1221.6 1221.6 1221.6 1103.7 985.8 867.9 750.0 632.1 514.2 514.2 514.2 541.2 569.1 597.0 624.9 651.9 679.8 679.8 679.8 739.2 797.7 858.0 916.5 975.9 1034.4 1034.4 1034.4 985.8 936.3 887.7 839.1 789.6 741.0 741.0 741.0 759.9 778.8 796.8 815.7 835.5 854.4 854.4 854.4 780.6 705.9 632.1 558.3 484.5 409.8 409.8 409.8 351.3 291.0 232.5 172.2 112.8 53.4 53.4 53.4 119.1 183.9 249.6 314.4 380.1 444.9 444.9 444.9 525.9 606.9 687.0 768.9 849.9 930.0 930.0 930.0 885.0 840.0 794.1 749.1 703.2 658.2 658.2 658.2 734.7 810.3 885.9 962.4 1038.0 1114.5 1114.5 1114.5 1143.3 1172.1 1202.7 1231.5 1261.2 1290.0 1290.0 1290.0 1184.7 1079.4 974.1
crearDespacho --mercado --conDemandaTotal
4
0.02 0.07 0.145 1.0
370.0 600.0 2400.0 4000.0
525.55 397.65 268.62 268.62 268.62 313.89 358.04 402.18 447.45 491.59 535.73 535.73 535.73 539.13 542.53 545.92 549.32 552.71 556.11 556.11 556.11 475.75 394.26 313.89 233.53 153.17 71.68 71.68 71.68 127.14 181.47 236.93 292.39 346.72 401.05 401.05 401.05 427.08 453.11 478.01 502.91 527.81 552.71 552.71 552.71 475.75 397.65 320.69 241.46 164.49 86.4 86.4 86.4 147.52 207.5 267.49 328.61 388.6 449.71 449.71 449.71 523.28 597.99 671.55 746.26 819.82 894.53 894.53 894.53 825.48 757.57 687.4 619.49 550.45 481.41 481.41 481.41 571.95 662.5 753.05 842.46 934.14 1023.55 1023.55 1023.55 1093.73 1162.77 1231.81 1300.85 1371.03 1440.07 1440.07 1440.07 1348.39 1257.84 1165.03 1074.49 982.81 892.26 892.26 892.26 990.73 1090.33 1188.8 1289.53 1389.14 1487.61 1487.61 1487.61 1509.11 1530.62 1550.99 1572.49 1592.87 1614.37 1614.37 1614.37 1536.27 1455.91 1377.82 1298.59 1220.49 1141.26 1141.26 1141.26 1192.2 1245.39 1297.46 1348.39 1401.59 1452.52 1452.52 1452.52 1501.19 1550.99 1598.53 1647.19 1695.86 1744.53 1744.53 1744.53 1634.74 1526.09 1416.3 1306.51 1195.59 1086.94 1086.94 1086.94 1089.2 1090.33 1091.46 1092.6 1093.73 1095.99 1095.99 1095.99 1052.98 1008.84 965.83 922.82 879.81 836.8 836.8 836.8 727.01 619.49 510.83 402.18 293.52 184.87 184.87 184.87 247.12 311.63 373.88 438.4 500.65 564.03 564.03 564.03 613.83 662.5 711.17 760.97 809.64 858.31 858.31 858.31 796.06 731.54 668.16 604.78 540.26 478.01 478.01 478.01 552.71 628.54 703.25 779.08 853.78 929.61 929.61 929.61 928.48 926.22 923.95 922.82 920.56 919.43 919.43 919.43 822.09 724.75 628.54 531.21 435.0 338.8 338.8 338.8 472.35 607.04 740.6 874.15 1007.71 1142.4 1142.4 1142.4 1088.07 1033.74 979.41 926.22 870.76 817.56 817.56 817.56 734.94 651.18 566.29 483.67 399.91 317.29 317.29 317.29 429.34 540.26 652.31 765.5 876.42 988.47 988.47 988.47 1080.15 1170.69 1262.37 1354.05 1444.6 1536.27 1536.27 1536.27 1388.0 1239.73 1091.46 943.19 794.92 646.65 646.65 646.65 680.61 715.7 750.78 785.87 819.82 854.91 854.91 854.91 929.61 1003.18 1079.01 1152.58 1227.28 1300.85 1300.85 1300.85 1239.73 1177.48 1116.36 1055.25 992.99 931.88 931.88 931.88 955.64 979.41 1002.05 1025.82 1050.72 1074.49 1074.49 1074.49 981.68 887.73 794.92 702.11 609.3 515.36 515.36 515.36 441.79 365.96 292.39 216.56 141.86 67.16 67.16 67.16 149.78 231.27 313.89 395.39 478.01 559.5 559.5 559.5 661.37 763.23 863.97 966.96 1068.83 1169.56 1169.56 1169.56 1112.97 1056.38 998.65 942.06 884.34 827.75 827.75 827.75 923.95 1019.03 1114.1 1210.31 1305.38 1401.59 1401.59 1401.59 1437.81 1474.02 1512.51 1548.72 1586.08 1622.29 1622.29 1622.29 1489.87 1357.44 1225.02
configurarSolver --Gurobi
resolver --noConstante ejecuciones/bancos/recombinados/v1/directo/sgtm/v1_sgtm_000432.csv
finalizar
