inicializar --t 360
agregarAgente --SaltoGrande
0.000867
1731181336.0
1965.0 1961.0 1957.0 1953.0 1947.0 1946.0 1944.0 1943.0 1941.0 1939.0 1938.0 1936.0 1933.0 1931.0 1930.0 1928.0 1927.0 1925.0 1924.0 1922.0 1919.0 1917.0 1916.0 1914.0 1912.0 1911.0 1909.0 1908.0 1908.0 1909.0 1911.0 1913.0 1915.0 1916.0 1918.0 1920.0 1923.0 1925.0 1926.0 1928.0 1930.0 1932.0 1933.0 1935.0 1938.0 1940.0 1942.0 1943.0 1945.0 1947.0 1949.0 1950.0 1961.0 1971.0 1980.0 1989.0 1999.0 2008.0 2018.0 2027.0 2046.0 2055.0 2064.0 2074.0 2083.0 2093.0 2102.0 2111.0 2130.0 2139.0 2149.0 2158.0 2168.0 2177.0 2186.0 2196.0 2212.0 2219.0 2226.0 2233.0 2240.0 2247.0 2255.0 2262.0 2276.0 2283.0 2290.0 2297.0 2304.0 2311.0 2318.0 2325.0 2339.0 2346.0 2354.0 2361.0 2368.0 2375.0 2382.0 2389.0 2395.0 2393.0 2392.0 2391.0 2389.0 2388.0 2387.0 2385.0 2383.0 2381.0 2380.0 2379.0 2377.0 2376.0 2375.0 2373.0 2371.0 2369.0 2368.0 2367.0 2365.0 2364.0 2363.0 2361.0 2358.0 2356.0 2354.0 2351.0 2349.0 2347.0 2345.0 2343.0 2339.0 2336.0 2334.0 2332.0 2330.0 2328.0 2326.0 2323.0 2319.0 2317.0 2315.0 2313.0 2311.0 2308.0 2306.0 2304.0 2308.0 2314.0 2320.0 2326.0 2331.0 2337.0 2343.0 2349.0 2361.0 2367.0 2373.0 2379.0 2384.0 2390.0 2396.0 2402.0 2414.0 2420.0 2426.0 2432.0 2437.0 2443.0 2449.0 2455.0 2449.0 2437.0 2425.0 2413.0 2401.0 2389.0 2378.0 2366.0 2342.0 2330.0 2318.0 2306.0 2294.0 2282.0 2270.0 2258.0 2234.0 2222.0 2211.0 2199.0 2187.0 2175.0 2163.0 2151.0 2134.0 2128.0 2123.0 2117.0 2112.0 2106.0 2101.0 2095.0 2084.0 2079.0 2073.0 2068.0 2062.0 2057.0 2051.0 2046.0 2035.0 2029.0 2024.0 2018.0 2013.0 2007.0 2002.0 1996.0 1993.0 1995.0 1998.0 2000.0 2002.0 2004.0 2006.0 2008.0 2013.0 2015.0 2017.0 2019.0 2022.0 2024.0 2026.0 2028.0 2033.0 2035.0 2037.0 2039.0 2041.0 2043.0 2046.0 2048.0 2063.0 2076.0 2088.0 2101.0 2114.0 2127.0 2140.0 2153.0 2178.0 2191.0 2204.0 2217.0 2229.0 2242.0 2255.0 2268.0 2293.0 2306.0 2319.0 2332.0 2345.0 2358.0 2370.0 2383.0 2402.0 2407.0 2413.0 2419.0 2425.0 2430.0 2436.0 2442.0 2453.0 2459.0 2464.0 2470.0 2476.0 2482.0 2487.0 2493.0 2504.0 2510.0 2516.0 2521.0 2527.0 2533.0 2539.0 2544.0 2569.0 2588.0 2607.0 2627.0 2646.0 2665.0 2684.0 2703.0 2741.0 2761.0 2780.0 2799.0 2818.0 2837.0 2856.0 2876.0 2914.0 2933.0 2952.0 2971.0 2990.0 3010.0 3029.0 3048.0 3087.0 3107.0 3127.0 3147.0 3167.0 3187.0 3206.0 3226.0 3266.0 3286.0 3306.0 3326.0 3346.0 3366.0 3386.0 3406.0 3446.0 3466.0 3485.0 3505.0 3525.0 3545.0 3565.0 3585.0 3641.0 3677.0 3712.0 3748.0 3784.0 3820.0 3856.0 3892.0 3963.0 3999.0 4035.0 4071.0 4106.0 4142.0 4178.0 4214.0 4285.0 4321.0 4357.0 4393.0
agregarAgente --UnidadTermicaSimple
200.0
100.0
agregarAgente --DemandaFija
588.9 568.2 546.6 538.5 529.5 552.0 572.7 595.2 617.7 639.3 660.9 660.0 661.8 678.0 694.2 710.4 726.6 741.9 759.0 762.6 763.5 711.3 659.1 606.0 553.8 501.6 449.4 447.6 448.5 464.7 483.6 499.8 518.7 535.8 552.9 555.6 558.3 583.5 609.6 635.7 660.9 687.0 712.2 713.1 714.0 683.4 654.6 624.9 594.3 565.5 534.9 533.1 535.8 554.7 575.4 595.2 615.9 635.7 656.4 659.1 662.7 696.9 732.9 767.1 802.2 837.3 872.4 873.3 867.9 812.1 756.3 700.5 644.7 588.9 532.2 526.8 534.9 562.8 589.8 618.6 646.5 673.5 701.4 714.9 729.3 749.1 768.9 788.7 808.5 829.2 848.1 849.0 837.3 786.0 737.4 687.0 636.6 586.2 537.6 524.1 525.9 549.3 572.7 597.0 619.5 643.8 668.1 683.4 699.6 725.7 750.9 776.1 801.3 826.5 852.6 853.5 840.0 788.7 736.5 685.2 633.0 582.6 530.4 514.2 507.9 519.6 531.3 542.1 553.8 565.5 577.2 587.1 602.4 634.8 667.2 699.6 731.1 764.4 796.8 801.3 793.2 748.2 704.1 659.1 615.0 569.1 524.1 511.5 508.8 522.3 536.7 551.1 565.5 579.0 593.4 603.3 614.1 644.7 676.2 708.6 740.1 770.7 801.3 802.2 792.3 726.6 660.9 596.1 530.4 465.6 399.9 388.2 374.7 351.3 326.1 300.9 276.6 251.4 226.2 224.4 228.0 231.6 235.2 238.8 243.3 246.9 250.5 255.0 255.9 263.1 271.2 277.5 284.7 291.9 299.1 295.5 298.2 329.7 361.2 392.7 425.1 456.6 489.0 495.3 503.4 472.8 439.5 408.9 377.4 345.9 314.4 317.1 310.8 315.3 319.8 324.3 329.7 333.3 338.7 330.6 329.7 320.7 310.8 302.7 293.7 284.7 277.5 283.8 291.9 292.8 294.6 296.4 298.2 300.0 301.8 303.6 296.4 294.6 291.9 290.1 288.3 284.7 282.9 274.8 267.6 261.3 255.0 248.7 242.4 237.0 230.7 230.7 236.1 240.6 245.1 249.6 254.1 258.6 263.1 267.6 265.8 271.2 276.6 281.1 286.5 291.0 295.5 290.1 299.1 341.4 383.7 425.1 467.4 510.6 552.9 567.3 586.2 579.9 572.7 564.6 558.3 551.1 543.9 547.5 539.4 504.3 470.1 435.0 399.9 365.7 330.6 318.9 314.4 318.9 322.5 325.2 328.8 332.4 336.0 344.1 356.7 378.3 399.9 420.6 442.2 463.8 485.4 489.0 477.3 446.7 416.1 384.6 354.9 324.3 293.7 278.4 261.3 278.4 296.4 313.5 331.5 350.4 367.5 364.8 368.4 380.1 392.7 404.4 415.2 427.8 440.4 444.9 445.8 417.9 389.1 361.2 333.3 305.4 277.5 273.0 266.7 340.5 417.0 491.7 567.3 642.0 717.6 715.8 721.2 673.5 624.9 576.3 528.6 479.1 432.3 440.4 441.3 410.7 380.1 348.6
crearDespacho --mercado --conDemandaTotal
4
0.02 0.07 0.145 1.0
370.0 600.0 2400.0 4000.0
816.07 787.39 757.45 746.23 733.76 764.94 793.62 824.8 855.98 885.91 915.85 914.6 917.09 939.54 961.99 984.44 1006.89 1028.09 1051.79 1056.78 1058.02 985.69 913.35 839.77 767.43 695.09 622.76 620.26 621.51 643.96 670.15 692.6 718.79 742.49 766.18 769.93 773.67 808.59 844.76 880.92 915.85 952.01 986.93 988.18 989.43 947.03 907.12 865.96 823.55 783.64 741.24 738.75 742.49 768.68 797.36 824.8 853.49 880.92 909.61 913.35 918.34 965.73 1015.62 1063.01 1111.65 1160.29 1208.93 1210.18 1202.7 1125.37 1048.05 970.72 893.4 816.07 737.5 730.02 741.24 779.9 817.32 857.23 895.89 933.31 971.97 990.68 1010.63 1038.07 1065.51 1092.95 1120.38 1149.07 1175.26 1176.51 1160.29 1089.2 1021.86 952.01 882.17 812.33 744.98 726.27 728.77 761.2 793.62 827.3 858.48 892.15 925.82 947.03 969.47 1005.64 1040.56 1075.48 1110.41 1145.33 1181.5 1182.74 1164.03 1092.95 1020.61 949.52 877.18 807.34 735.0 712.56 703.83 720.04 736.25 751.22 767.43 783.64 799.86 813.58 834.78 879.68 924.58 969.47 1013.13 1059.27 1104.17 1110.41 1099.18 1036.82 975.71 913.35 852.24 788.63 726.27 708.81 705.07 723.78 743.73 763.69 783.64 802.35 822.31 836.03 850.99 893.4 937.05 981.95 1025.6 1068.0 1110.41 1111.65 1097.93 1006.89 915.85 826.05 735.0 645.21 554.16 537.95 519.24 486.82 451.89 416.97 383.3 348.38 313.46 310.96 315.95 320.94 325.93 330.92 337.15 342.14 347.13 353.37 354.61 364.59 375.82 384.55 394.52 404.5 414.48 409.49 413.23 456.88 500.53 544.19 589.08 632.74 677.63 686.36 697.59 655.19 609.04 566.64 522.98 479.33 435.68 439.42 430.69 436.93 443.16 449.4 456.88 461.87 469.36 458.13 456.88 444.41 430.69 419.47 407.0 394.52 384.55 393.28 404.5 405.75 408.24 410.74 413.23 415.73 418.22 420.72 410.74 408.24 404.5 402.01 399.51 394.52 392.03 380.81 370.83 362.1 353.37 344.64 335.91 328.42 319.69 319.69 327.18 333.41 339.65 345.88 352.12 358.36 364.59 370.83 368.33 375.82 383.3 389.54 397.02 403.25 409.49 402.01 414.48 473.1 531.71 589.08 647.7 707.57 766.18 786.14 812.33 803.6 793.62 782.4 773.67 763.69 753.71 758.7 747.48 698.84 651.44 602.8 554.16 506.77 458.13 441.92 435.68 441.92 446.91 450.65 455.64 460.63 465.61 476.84 494.3 524.23 554.16 582.85 612.78 642.71 672.65 677.63 661.42 619.02 576.61 532.96 491.8 449.4 407.0 385.79 362.1 385.79 410.74 434.43 459.38 485.57 509.27 505.52 510.51 526.73 544.19 560.4 575.37 592.83 610.29 616.52 617.77 579.11 539.2 500.53 461.87 423.21 384.55 378.31 369.58 471.85 577.86 681.38 786.14 889.65 994.42 991.92 999.41 933.31 865.96 798.61 732.51 663.92 599.06 610.29 611.53 569.13 526.73 483.07
configurarSolver --Gurobi
resolver --noConstante ejecuciones/bancos/recombinados/v1/directo/sgtm/v1_sgtm_000099.csv
finalizar
