inicializar --t 360
agregarAgente --SaltoGrande
0.000782
2509064937.0
6595.0 6561.0 6528.0 6494.0 6421.0 6381.0 6341.0 6301.0 6261.0 6221.0 6181.0 6141.0 6061.0 6021.0 5981.0 5941.0 5900.0 5860.0 5820.0 5780.0 5700.0 5660.0 5620.0 5580.0 5540.0 5500.0 5460.0 5420.0 5353.0 5326.0 5299.0 5272.0 5244.0 5217.0 5190.0 5163.0 5109.0 5082.0 5055.0 5028.0 5000.0 4973.0 4946.0 4919.0 4865.0 4838.0 4811.0 4784.0 4756.0 4729.0 4702.0 4675.0 4622.0 4596.0 4570.0 4544.0 4519.0 4493.0 4467.0 4441.0 4389.0 4363.0 4337.0 4311.0 4286.0 4260.0 4234.0 4208.0 4156.0 4130.0 4104.0 4078.0 4053.0 4027.0 4001.0 3975.0 3933.0 3918.0 3902.0 3887.0 3871.0 3856.0 3840.0 3825.0 3794.0 3778.0 3763.0 3747.0 3732.0 3716.0 3701.0 3685.0 3654.0 3639.0 3623.0 3608.0 3592.0 3577.0 3561.0 3546.0 3519.0 3508.0 3497.0 3486.0 3475.0 3464.0 3454.0 3443.0 3421.0 3410.0 3399.0 3388.0 3377.0 3366.0 3355.0 3344.0 3322.0 3311.0 3301.0 3290.0 3279.0 3268.0 3257.0 3246.0 3237.0 3239.0 3241.0 3243.0 3245.0 3247.0 3248.0 3250.0 3254.0 3256.0 3258.0 3260.0 3262.0 3264.0 3266.0 3268.0 3272.0 3274.0 3275.0 3277.0 3279.0 3281.0 3283.0 3285.0 3285.0 3284.0 3282.0 3281.0 3279.0 3277.0 3276.0 3274.0 3271.0 3269.0 3268.0 3266.0 3265.0 3263.0 3262.0 3260.0 3257.0 3255.0 3254.0 3252.0 3250.0 3249.0 3247.0 3246.0 3241.0 3239.0 3236.0 3234.0 3231.0 3229.0 3226.0 3224.0 3218.0 3216.0 3213.0 3211.0 3208.0 3206.0 3203.0 3201.0 3195.0 3193.0 3190.0 3188.0 3185.0 3183.0 3180.0 3178.0 3175.0 3174.0 3174.0 3173.0 3173.0 3173.0 3172.0 3172.0 3171.0 3171.0 3170.0 3170.0 3169.0 3169.0 3168.0 3168.0 3167.0 3167.0 3166.0 3166.0 3166.0 3165.0 3165.0 3164.0 3170.0 3175.0 3181.0 3186.0 3192.0 3198.0 3203.0 3209.0 3220.0 3226.0 3231.0 3237.0 3242.0 3248.0 3253.0 3259.0 3270.0 3276.0 3281.0 3287.0 3293.0 3298.0 3304.0 3309.0 3319.0 3322.0 3326.0 3330.0 3334.0 3337.0 3341.0 3345.0 3352.0 3356.0 3359.0 3363.0 3367.0 3371.0 3374.0 3378.0 3385.0 3389.0 3393.0 3396.0 3400.0 3404.0 3408.0 3411.0 3430.0 3445.0 3459.0 3474.0 3489.0 3504.0 3518.0 3533.0 3563.0 3578.0 3592.0 3607.0 3622.0 3637.0 3651.0 3666.0 3696.0 3711.0 3725.0 3740.0 3755.0 3770.0 3784.0 3799.0 3818.0 3822.0 3825.0 3829.0 3833.0 3837.0 3841.0 3845.0 3852.0 3856.0 3860.0 3864.0 3867.0 3871.0 3875.0 3879.0 3886.0 3890.0 3894.0 3898.0 3902.0 3906.0 3909.0 3913.0 3945.0 3973.0 4001.0 4029.0 4057.0 4085.0 4113.0 4141.0 4197.0 4225.0 4253.0 4281.0 4310.0 4338.0 4366.0 4394.0 4450.0 4478.0 4506.0 4534.0 4562.0 4590.0 4618.0 4646.0 4666.0 4658.0 4649.0 4641.0 4633.0 4625.0 4617.0 4609.0 4592.0 4584.0 4576.0 4568.0 4559.0 4551.0 4543.0 4535.0 4518.0 4510.0 4502.0 4494.0
agregarAgente --UnidadTermicaSimple
200.0
100.0
agregarAgente --DemandaFija
296.4 298.8 300.6 294.0 286.2 283.8 282.6 281.4 279.6 279.0 277.2 276.0 278.4 286.8 296.4 305.4 314.4 323.4 332.4 336.0 336.6 324.0 310.8 298.2 286.2 273.0 260.4 257.4 257.4 265.8 274.2 282.0 289.8 298.2 306.6 309.0 318.6 334.2 350.4 366.6 382.8 398.4 414.0 421.2 419.4 393.0 366.0 340.2 313.2 286.8 260.4 252.0 250.8 251.4 253.2 255.0 256.8 258.0 259.8 267.0 277.8 304.2 330.6 357.0 383.4 409.8 436.8 439.8 435.6 412.2 389.4 366.6 343.8 320.4 297.6 289.8 283.8 289.2 294.0 298.8 303.6 308.4 313.8 316.2 319.2 334.2 350.4 366.0 381.0 396.6 412.2 412.8 409.8 415.8 421.2 427.8 433.2 438.6 444.0 441.6 437.4 442.8 448.8 453.6 459.6 465.0 471.0 469.8 469.8 459.6 449.4 438.6 428.4 418.2 408.0 408.6 410.4 380.4 351.0 321.6 291.6 262.2 232.2 232.2 229.8 226.2 223.2 219.6 216.6 213.0 210.0 207.0 207.6 211.2 214.2 217.8 220.8 224.4 227.4 231.0 233.4 239.4 245.4 250.2 255.6 261.6 267.0 266.4 272.4 267.0 262.2 256.8 252.0 247.2 241.8 247.8 253.2 246.0 239.4 231.6 225.0 217.8 210.6 209.4 204.6 199.8 195.6 192.0 187.8 184.2 180.6 176.4 174.6 175.2 175.8 177.0 177.0 178.2 178.8 180.0 184.2 186.6 189.0 192.0 193.8 196.2 198.6 201.0 200.4 198.0 195.0 192.0 189.6 186.6 183.6 180.6 181.2 190.2 199.8 209.4 219.0 229.2 238.2 241.2 245.4 247.2 249.0 250.8 252.0 253.8 255.6 256.8 253.2 244.8 235.8 227.4 219.0 210.0 201.0 196.2 195.0 196.2 196.2 197.4 197.4 198.6 198.6 202.8 208.8 211.8 214.2 216.6 219.0 220.8 223.8 226.2 225.6 223.2 220.8 217.8 214.8 212.4 210.0 207.0 209.4 214.2 219.0 223.2 228.0 233.4 237.6 242.4 251.4 255.0 259.2 263.4 267.0 271.2 274.8 279.0 277.8 272.4 266.4 261.0 256.2 250.2 244.8 239.4 236.4 238.8 241.2 243.6 246.0 247.8 250.2 252.6 256.8 258.6 259.8 261.0 262.8 264.6 265.8 267.0 264.0 259.8 255.0 250.2 246.0 241.2 236.4 232.2 223.2 219.0 214.8 210.0 205.8 201.6 197.4 192.6 193.8 199.2 204.0 209.4 214.8 220.2 225.6 231.0 233.4 231.6 229.2 226.2 223.8 221.4 219.0 216.6 222.0 229.8 237.6 245.4 253.2 260.4 268.8 276.0 286.8 289.8 292.8 295.8 298.8 301.8 304.2 307.8 308.4 306.0 303.6 301.2 298.2 295.8 294.0 291.6 291.6 293.4 295.8 297.6 300.0 301.8 304.2 306.0 310.8 313.2 315.6 317.4 319.8 322.2 324.6 327.0 323.4 318.0 312.6 306.6
crearDespacho --mercado --conDemandaTotal
4
0.02 0.07 0.145 1.0
370.0 600.0 2400.0 4000.0
872.84 879.91 885.21 865.77 842.8 835.74 832.2 828.67 823.37 821.6 816.3 812.77 819.83 844.57 872.84 899.34 925.85 952.35 978.85 989.46 991.22 954.12 915.25 878.14 842.8 803.93 766.83 757.99 757.99 782.73 807.47 830.44 853.41 878.14 902.88 909.95 938.22 984.16 1031.86 1079.57 1127.27 1173.21 1219.15 1240.35 1235.05 1157.31 1077.8 1001.82 922.31 844.57 766.83 742.09 738.56 740.32 745.63 750.93 756.23 759.76 765.06 786.26 818.07 895.81 973.55 1051.3 1129.04 1206.78 1286.29 1295.13 1282.76 1213.85 1146.71 1079.57 1012.43 943.52 876.38 853.41 835.74 851.64 865.77 879.91 894.04 908.18 924.08 931.15 939.98 984.16 1031.86 1077.8 1121.97 1167.91 1213.85 1215.62 1206.78 1224.45 1240.35 1259.79 1275.69 1291.59 1307.5 1300.43 1288.06 1303.96 1321.63 1335.77 1353.43 1369.34 1387.0 1383.47 1383.47 1353.43 1323.4 1291.59 1261.56 1231.52 1201.48 1203.25 1208.55 1120.21 1033.63 947.05 858.71 772.13 683.78 683.78 676.72 666.12 657.28 646.68 637.85 627.24 618.41 609.58 611.34 621.94 630.78 641.38 650.21 660.82 669.65 680.25 687.32 704.99 722.66 736.79 752.69 770.36 786.26 784.5 802.17 786.26 772.13 756.23 742.09 727.96 712.05 729.72 745.63 724.42 704.99 682.02 662.58 641.38 620.18 616.64 602.51 588.37 576.0 565.4 553.04 542.43 531.83 519.46 514.16 515.93 517.7 521.23 521.23 524.76 526.53 530.07 542.43 549.5 556.57 565.4 570.7 577.77 584.84 591.91 590.14 583.07 574.24 565.4 558.34 549.5 540.67 531.83 533.6 560.1 588.37 616.64 644.91 674.95 701.45 710.29 722.66 727.96 733.26 738.56 742.09 747.39 752.69 756.23 745.63 720.89 694.39 669.65 644.91 618.41 591.91 577.77 574.24 577.77 577.77 581.31 581.31 584.84 584.84 597.21 614.88 623.71 630.78 637.85 644.91 650.21 659.05 666.12 664.35 657.28 650.21 641.38 632.54 625.48 618.41 609.58 616.64 630.78 644.91 657.28 671.42 687.32 699.69 713.82 740.32 750.93 763.29 775.66 786.26 798.63 809.23 821.6 818.07 802.17 784.5 768.6 754.46 736.79 720.89 704.99 696.15 703.22 710.29 717.36 724.42 729.72 736.79 743.86 756.23 761.53 765.06 768.6 773.9 779.2 782.73 786.26 777.43 765.06 750.93 736.79 724.42 710.29 696.15 683.78 657.28 644.91 632.54 618.41 606.04 593.67 581.31 567.17 570.7 586.61 600.74 616.64 632.54 648.45 664.35 680.25 687.32 682.02 674.95 666.12 659.05 651.98 644.91 637.85 653.75 676.72 699.69 722.66 745.63 766.83 791.56 812.77 844.57 853.41 862.24 871.07 879.91 888.74 895.81 906.41 908.18 901.11 894.04 886.98 878.14 871.07 865.77 858.71 858.71 864.01 871.07 876.38 883.44 888.74 895.81 901.11 915.25 922.31 929.38 934.68 941.75 948.82 955.88 962.95 952.35 936.45 920.55 902.88
configurarSolver --Gurobi
resolver --noConstante ejecuciones/bancos/recombinados/v1/directo/sgtm/v1_sgtm_000378.csv
finalizar
