inicializar --t 360
agregarAgente --SaltoGrande
0.001187
945778668.0
2594.0 2604.0 2614.0 2623.0 2646.0 2659.0 2673.0 2686.0 2699.0 2712.0 2725.0 2738.0 2765.0 2778.0 2791.0 2804.0 2818.0 2831.0 2844.0 2857.0 2884.0 2897.0 2910.0 2923.0 2936.0 2949.0 2963.0 2976.0 2996.0 3003.0 3010.0 3018.0 3025.0 3032.0 3039.0 3046.0 3060.0 3068.0 3075.0 3082.0 3089.0 3096.0 3103.0 3111.0 3125.0 3132.0 3139.0 3146.0 3153.0 3161.0 3168.0 3175.0 3183.0 3183.0 3184.0 3185.0 3185.0 3186.0 3186.0 3187.0 3188.0 3189.0 3190.0 3190.0 3191.0 3191.0 3192.0 3193.0 3194.0 3195.0 3195.0 3196.0 3196.0 3197.0 3198.0 3198.0 3207.0 3215.0 3222.0 3230.0 3238.0 3246.0 3253.0 3261.0 3277.0 3285.0 3292.0 3300.0 3308.0 3316.0 3323.0 3331.0 3347.0 3355.0 3362.0 3370.0 3378.0 3386.0 3393.0 3401.0 3412.0 3415.0 3418.0 3420.0 3423.0 3426.0 3429.0 3432.0 3438.0 3440.0 3443.0 3446.0 3449.0 3452.0 3455.0 3457.0 3463.0 3466.0 3469.0 3472.0 3475.0 3477.0 3480.0 3483.0 3512.0 3539.0 3565.0 3592.0 3618.0 3645.0 3671.0 3698.0 3751.0 3777.0 3804.0 3830.0 3857.0 3883.0 3910.0 3936.0 3989.0 4016.0 4042.0 4069.0 4095.0 4122.0 4148.0 4175.0 4218.0 4235.0 4251.0 4268.0 4285.0 4302.0 4319.0 4336.0 4369.0 4386.0 4403.0 4420.0 4436.0 4453.0 4470.0 4487.0 4520.0 4537.0 4554.0 4571.0 4588.0 4605.0 4621.0 4638.0 4657.0 4658.0 4660.0 4662.0 4663.0 4665.0 4667.0 4668.0 4672.0 4673.0 4675.0 4677.0 4678.0 4680.0 4682.0 4683.0 4687.0 4688.0 4690.0 4692.0 4693.0 4695.0 4697.0 4698.0 4695.0 4689.0 4684.0 4678.0 4673.0 4667.0 4662.0 4656.0 4645.0 4640.0 4634.0 4629.0 4623.0 4618.0 4612.0 4607.0 4596.0 4590.0 4585.0 4579.0 4574.0 4568.0 4563.0 4557.0 4567.0 4581.0 4596.0 4610.0 4625.0 4639.0 4654.0 4668.0 4698.0 4712.0 4727.0 4741.0 4756.0 4770.0 4785.0 4799.0 4829.0 4843.0 4858.0 4872.0 4887.0 4901.0 4916.0 4930.0 4949.0 4953.0 4958.0 4962.0 4966.0 4970.0 4975.0 4979.0 4987.0 4991.0 4996.0 5000.0 5004.0 5008.0 5013.0 5017.0 5025.0 5029.0 5034.0 5038.0 5042.0 5046.0 5051.0 5055.0 5059.0 5058.0 5058.0 5058.0 5057.0 5057.0 5057.0 5056.0 5056.0 5055.0 5055.0 5055.0 5054.0 5054.0 5054.0 5053.0 5053.0 5052.0 5052.0 5052.0 5051.0 5051.0 5051.0 5050.0 5057.0 5064.0 5070.0 5077.0 5084.0 5091.0 5098.0 5105.0 5118.0 5125.0 5132.0 5139.0 5145.0 5152.0 5159.0 5166.0 5179.0 5186.0 5193.0 5200.0 5207.0 5214.0 5220.0 5227.0 5236.0 5238.0 5241.0 5243.0 5245.0 5247.0 5250.0 5252.0 5256.0 5258.0 5261.0 5263.0 5265.0 5267.0 5270.0 5272.0 5276.0 5278.0 5281.0 5283.0 5285.0 5287.0 5290.0 5292.0 5318.0 5342.0 5365.0 5389.0 5413.0 5437.0 5460.0 5484.0 5532.0 5556.0 5579.0 5603.0 5627.0 5651.0 5674.0 5698.0 5746.0 5770.0 5793.0 5817.0
agregarAgente --UnidadTermicaSimple
200.0
100.0
agregarAgente --DemandaFija
265.8 264.6 263.4 262.8 258.6 256.2 253.8 251.4 249.6 247.2 244.2 241.2 242.4 254.4 266.4 278.4 290.4 302.4 314.4 318.0 322.2 313.2 303.6 294.6 286.2 277.8 268.2 267.6 262.8 259.2 255.0 251.4 247.2 243.6 239.4 235.2 239.4 251.4 263.4 275.4 286.8 299.4 311.4 318.6 327.6 326.4 325.8 324.0 323.4 322.2 321.0 322.8 328.8 334.8 340.8 348.0 354.0 360.0 366.0 370.8 376.8 377.4 378.0 378.0 379.2 379.8 379.8 380.4 379.8 381.6 382.8 384.0 385.8 386.4 387.6 386.4 388.8 388.2 387.6 387.0 385.8 384.0 384.0 387.6 391.8 398.4 405.0 412.2 418.8 425.4 432.0 432.0 430.2 420.0 409.2 399.0 388.8 378.6 368.4 366.0 366.0 369.6 373.2 376.8 381.0 384.0 387.6 390.0 393.0 399.6 405.0 411.6 417.6 423.0 429.6 430.2 429.0 420.0 411.6 403.8 394.8 386.4 377.4 376.2 375.6 376.8 378.6 379.8 381.0 382.2 383.4 385.2 385.2 390.0 394.8 399.6 403.8 408.6 412.8 411.6 408.6 401.4 393.6 385.2 377.4 369.6 361.8 359.4 357.0 358.2 358.2 358.8 359.4 360.0 360.0 361.2 360.0 363.6 367.2 370.8 374.4 377.4 381.0 379.8 373.8 365.4 357.0 348.0 339.0 330.6 321.0 317.4 312.6 310.8 309.6 308.4 306.6 305.4 304.2 303.0 302.4 307.2 310.8 314.4 318.6 322.8 326.4 327.0 322.8 314.4 305.4 295.8 287.4 279.0 270.0 264.0 251.4 244.2 237.6 231.6 224.4 217.8 210.6 204.0 200.4 202.2 205.8 208.2 211.2 213.0 216.0 218.4 223.2 227.4 231.0 234.6 238.2 242.4 246.0 248.4 255.0 265.2 274.8 285.6 295.2 304.8 315.0 319.2 324.0 318.6 313.8 309.6 304.8 299.4 295.2 295.2 292.8 288.6 283.8 279.0 274.8 270.0 265.2 263.4 262.8 263.4 264.6 266.4 267.0 268.8 270.0 271.2 271.2 273.6 274.8 276.6 278.4 280.8 281.4 280.8 276.6 270.6 264.6 258.6 253.2 246.6 240.6 237.6 234.6 234.6 234.6 234.0 234.0 234.0 234.0 234.0 234.6 238.2 241.2 244.2 247.8 251.4 254.4 254.4 248.4 239.4 229.2 219.0 210.0 199.8 190.2 183.6 178.8 181.2 183.6 185.4 188.4 190.8 193.2 195.6 200.4 208.8 217.8 226.2 235.2 244.2 253.2 255.6 249.0 233.4 217.8 201.6 186.6 171.0 156.0 145.8 141.0 144.6 148.8 152.4 156.6 160.8 165.0 168.6 173.4 178.8 182.4 186.6 191.4 195.6 200.4 201.0 196.8 187.2 178.2 168.0 159.0 150.0 140.4 134.4 130.8 135.0 139.2 143.4 147.0 151.2 155.4 157.8 165.0 172.2 178.8 185.4 192.0 198.0 205.2 210.6 208.8 200.4 191.4 183.6
crearDespacho --mercado --conDemandaTotal
4
0.02 0.07 0.145 1.0
370.0 600.0 2400.0 4000.0
650.88 647.94 645.0 643.53 633.25 627.37 621.5 615.62 611.21 605.33 597.99 590.64 593.58 622.96 652.35 681.73 711.12 740.51 769.89 778.71 788.99 766.95 743.44 721.4 700.84 680.27 656.76 655.29 643.53 634.72 624.43 615.62 605.33 596.52 586.23 575.95 586.23 615.62 645.0 674.39 702.3 733.16 762.54 780.18 802.21 799.28 797.81 793.4 791.93 788.99 786.05 790.46 805.15 819.85 834.54 852.17 866.86 881.55 896.25 908.0 922.69 924.16 925.63 925.63 928.57 930.04 930.04 931.51 930.04 934.45 937.39 940.32 944.73 946.2 949.14 946.2 952.08 950.61 949.14 947.67 944.73 940.32 940.32 949.14 959.42 975.59 991.75 1009.38 1025.54 1041.7 1057.86 1057.86 1053.46 1028.48 1002.03 977.06 952.08 927.1 902.12 896.25 896.25 905.06 913.88 922.69 932.98 940.32 949.14 955.02 962.36 978.52 991.75 1007.91 1022.6 1035.83 1051.99 1053.46 1050.52 1028.48 1007.91 988.81 966.77 946.2 924.16 921.22 919.75 922.69 927.1 930.04 932.98 935.92 938.85 943.26 943.26 955.02 966.77 978.52 988.81 1000.56 1010.85 1007.91 1000.56 982.93 963.83 943.26 924.16 905.06 885.96 880.08 874.21 877.15 877.15 878.62 880.08 881.55 881.55 884.49 881.55 890.37 899.18 908.0 916.82 924.16 932.98 930.04 915.35 894.78 874.21 852.17 830.13 809.56 786.05 777.24 765.48 761.07 758.14 755.2 750.79 747.85 744.91 741.97 740.51 752.26 761.07 769.89 780.18 790.46 799.28 800.74 790.46 769.89 747.85 724.34 703.77 683.2 661.17 646.47 615.62 597.99 581.83 567.13 549.5 533.34 515.71 499.55 490.73 495.14 503.95 509.83 517.18 521.59 528.93 534.81 546.56 556.85 565.66 574.48 583.29 593.58 602.4 608.27 624.43 649.41 672.92 699.37 722.87 746.38 771.36 781.64 793.4 780.18 768.42 758.14 746.38 733.16 722.87 722.87 717.0 706.71 694.96 683.2 672.92 661.17 649.41 645.0 643.53 645.0 647.94 652.35 653.82 658.23 661.17 664.1 664.1 669.98 672.92 677.33 681.73 687.61 689.08 687.61 677.33 662.63 647.94 633.25 620.03 603.86 589.17 581.83 574.48 574.48 574.48 573.01 573.01 573.01 573.01 573.01 574.48 583.29 590.64 597.99 606.8 615.62 622.96 622.96 608.27 586.23 561.26 536.28 514.24 489.26 465.75 449.59 437.84 443.72 449.59 454.0 461.35 467.22 473.1 478.98 490.73 511.3 533.34 553.91 575.95 597.99 620.03 625.9 609.74 571.54 533.34 493.67 456.94 418.74 382.01 357.03 345.28 354.09 364.38 373.19 383.48 393.76 404.05 412.86 424.62 437.84 446.65 456.94 468.69 478.98 490.73 492.2 481.92 458.41 436.37 411.39 389.35 367.31 343.81 329.11 320.3 330.58 340.87 351.15 359.97 370.25 380.54 386.41 404.05 421.68 437.84 454.0 470.16 484.85 502.49 515.71 511.3 490.73 468.69 449.59
configurarSolver --Gurobi
resolver --noConstante ejecuciones/bancos/recombinados/v1/directo/sgtm/v1_sgtm_000164.csv
finalizar
