inicializar --t 360
agregarAgente --SaltoGrande
0.000997
2309268442.0
2861.0 2866.0 2871.0 2876.0 2885.0 2889.0 2893.0 2897.0 2902.0 2906.0 2910.0 2914.0 2922.0 2926.0 2930.0 2934.0 2939.0 2943.0 2947.0 2951.0 2959.0 2963.0 2967.0 2971.0 2976.0 2980.0 2984.0 2988.0 2984.0 2977.0 2969.0 2961.0 2954.0 2946.0 2938.0 2931.0 2915.0 2908.0 2900.0 2892.0 2885.0 2877.0 2869.0 2862.0 2846.0 2839.0 2831.0 2823.0 2816.0 2808.0 2800.0 2793.0 2778.0 2771.0 2764.0 2758.0 2751.0 2744.0 2737.0 2730.0 2716.0 2710.0 2703.0 2696.0 2689.0 2682.0 2675.0 2669.0 2655.0 2648.0 2641.0 2634.0 2627.0 2621.0 2614.0 2607.0 2590.0 2581.0 2571.0 2561.0 2552.0 2542.0 2533.0 2523.0 2504.0 2494.0 2484.0 2475.0 2465.0 2456.0 2446.0 2436.0 2417.0 2407.0 2398.0 2388.0 2379.0 2369.0 2359.0 2350.0 2338.0 2336.0 2334.0 2332.0 2330.0 2328.0 2326.0 2324.0 2320.0 2318.0 2316.0 2314.0 2312.0 2310.0 2308.0 2306.0 2302.0 2300.0 2298.0 2296.0 2294.0 2292.0 2290.0 2288.0 2280.0 2274.0 2268.0 2261.0 2255.0 2249.0 2243.0 2237.0 2225.0 2218.0 2212.0 2206.0 2200.0 2194.0 2188.0 2181.0 2169.0 2163.0 2157.0 2151.0 2145.0 2138.0 2132.0 2126.0 2119.0 2118.0 2117.0 2116.0 2115.0 2114.0 2114.0 2113.0 2111.0 2110.0 2109.0 2108.0 2107.0 2106.0 2105.0 2104.0 2102.0 2101.0 2101.0 2100.0 2099.0 2098.0 2097.0 2096.0 2089.0 2083.0 2077.0 2072.0 2066.0 2060.0 2054.0 2048.0 2036.0 2031.0 2025.0 2019.0 2013.0 2007.0 2001.0 1996.0 1984.0 1978.0 1972.0 1966.0 1960.0 1955.0 1949.0 1943.0 1932.0 1927.0 1922.0 1917.0 1912.0 1907.0 1901.0 1896.0 1886.0 1881.0 1876.0 1871.0 1866.0 1861.0 1856.0 1851.0 1841.0 1836.0 1830.0 1825.0 1820.0 1815.0 1810.0 1805.0 1787.0 1774.0 1761.0 1748.0 1735.0 1722.0 1710.0 1697.0 1671.0 1658.0 1645.0 1632.0 1619.0 1606.0 1593.0 1580.0 1554.0 1541.0 1529.0 1516.0 1503.0 1490.0 1477.0 1464.0 1448.0 1445.0 1442.0 1439.0 1436.0 1433.0 1430.0 1427.0 1421.0 1418.0 1415.0 1412.0 1410.0 1407.0 1404.0 1401.0 1395.0 1392.0 1389.0 1386.0 1383.0 1380.0 1377.0 1374.0 1361.0 1351.0 1341.0 1331.0 1322.0 1312.0 1302.0 1292.0 1272.0 1262.0 1252.0 1242.0 1233.0 1223.0 1213.0 1203.0 1183.0 1173.0 1163.0 1153.0 1144.0 1134.0 1124.0 1114.0 1100.0 1095.0 1091.0 1087.0 1083.0 1078.0 1074.0 1070.0 1061.0 1057.0 1053.0 1049.0 1044.0 1040.0 1036.0 1032.0 1023.0 1019.0 1015.0 1010.0 1006.0 1002.0 998.0 993.0 989.0 988.0 988.0 988.0 987.0 987.0 986.0 986.0 985.0 985.0 985.0 984.0 984.0 983.0 983.0 983.0 982.0 982.0 981.0 981.0 980.0 980.0 980.0 979.0 981.0 982.0 984.0 986.0 987.0 989.0 991.0 992.0 996.0 997.0 999.0 1001.0 1002.0 1004.0 1006.0 1007.0 1011.0 1012.0 1014.0 1016.0
agregarAgente --UnidadTermicaSimple
200.0
100.0
agregarAgente --DemandaFija
607.8 623.1 638.4 638.4 638.4 710.4 781.5 852.6 923.7 995.7 1066.8 1066.8 1066.8 1002.0 936.3 870.6 804.9 739.2 673.5 673.5 673.5 570.9 469.2 366.6 264.0 161.4 58.8 58.8 58.8 69.6 80.4 93.0 103.8 114.6 125.4 125.4 125.4 137.1 148.8 160.5 173.1 184.8 196.5 196.5 196.5 182.1 166.8 152.4 138.0 122.7 108.3 108.3 108.3 180.3 252.3 324.3 397.2 469.2 541.2 541.2 541.2 551.1 560.1 570.0 579.9 589.8 599.7 599.7 599.7 561.0 523.2 484.5 445.8 408.0 370.2 370.2 370.2 452.1 535.8 618.6 701.4 785.1 867.9 867.9 867.9 867.9 868.8 868.8 868.8 869.7 869.7 869.7 869.7 746.4 622.2 498.9 374.7 251.4 127.2 127.2 127.2 224.4 319.8 417.0 514.2 610.5 707.7 707.7 707.7 729.3 751.8 774.3 795.9 818.4 840.9 840.9 840.9 749.1 656.4 563.7 471.9 380.1 287.4 287.4 287.4 342.3 396.3 450.3 505.2 560.1 615.0 615.0 615.0 613.2 610.5 608.7 606.9 605.1 603.3 603.3 603.3 554.7 507.0 457.5 409.8 362.1 313.5 313.5 313.5 381.0 448.5 516.9 584.4 651.9 719.4 719.4 719.4 738.3 757.2 776.1 795.0 813.0 832.8 832.8 832.8 804.9 777.9 750.9 723.9 696.0 668.1 668.1 668.1 711.3 752.7 794.1 836.4 878.7 920.1 920.1 920.1 928.2 936.3 944.4 954.3 962.4 970.5 970.5 970.5 948.9 929.1 908.4 888.6 867.9 848.1 848.1 848.1 890.4 932.7 975.0 1017.3 1059.6 1102.8 1102.8 1102.8 1083.9 1064.1 1045.2 1026.3 1007.4 988.5 988.5 988.5 959.7 930.9 902.1 874.2 846.3 816.6 816.6 816.6 825.6 834.6 843.6 851.7 859.8 868.8 868.8 868.8 850.8 832.8 813.9 796.8 778.8 760.8 760.8 760.8 741.9 722.1 701.4 682.5 662.7 643.8 643.8 643.8 642.9 642.0 641.1 639.3 638.4 637.5 637.5 637.5 658.2 678.9 699.6 721.2 741.9 762.6 762.6 762.6 760.8 759.9 758.1 756.3 754.5 752.7 752.7 752.7 764.4 776.1 786.9 798.6 809.4 821.1 821.1 821.1 821.1 820.2 820.2 819.3 819.3 819.3 819.3 819.3 759.0 697.8 637.5 575.4 515.1 453.9 453.9 453.9 528.6 603.3 676.2 750.9 824.7 898.5 898.5 898.5 849.0 798.6 748.2 697.8 648.3 598.8 598.8 598.8 525.0 451.2 379.2 305.4 232.5 159.6 159.6 159.6 199.2 240.6 280.2 320.7 361.2 400.8 400.8 400.8 396.3 390.9 386.4 381.0 375.6 371.1 371.1 371.1 363.9 356.7 349.5 342.3 334.2 327.0 327.0 327.0 441.3 555.6 669.9 784.2 898.5 1012.8 1012.8 1012.8 957.9 903.0 849.0 793.2 739.2 683.4 683.4 683.4 633.9 585.3 534.9
crearDespacho --mercado --conDemandaTotal
4
0.02 0.07 0.145 1.0
370.0 600.0 2400.0 4000.0
670.96 687.85 704.74 704.74 704.74 784.23 862.71 941.2 1019.69 1099.17 1177.66 1177.66 1177.66 1106.13 1033.6 961.07 888.55 816.02 743.49 743.49 743.49 630.23 517.96 404.7 291.44 178.17 64.91 64.91 64.91 76.83 88.76 102.66 114.59 126.51 138.43 138.43 138.43 151.35 164.26 177.18 191.09 204.0 216.92 216.92 216.92 201.02 184.13 168.24 152.34 135.45 119.55 119.55 119.55 199.04 278.52 358.0 438.48 517.96 597.44 597.44 597.44 608.37 618.31 629.24 640.16 651.09 662.02 662.02 662.02 619.3 577.57 534.85 492.13 450.4 408.67 408.67 408.67 499.08 591.48 682.89 774.29 866.69 958.09 958.09 958.09 958.09 959.09 959.09 959.09 960.08 960.08 960.08 960.08 823.97 686.86 550.75 413.64 277.53 140.42 140.42 140.42 247.72 353.03 460.34 567.64 673.94 781.25 781.25 781.25 805.09 829.93 854.77 878.61 903.45 928.29 928.29 928.29 826.95 724.61 622.28 520.94 419.6 317.27 317.27 317.27 377.87 437.48 497.1 557.7 618.31 678.91 678.91 678.91 676.92 673.94 671.96 669.97 667.98 666.0 666.0 666.0 612.35 559.69 505.04 452.39 399.73 346.08 346.08 346.08 420.59 495.11 570.62 645.13 719.65 794.16 794.16 794.16 815.03 835.89 856.75 877.62 897.49 919.35 919.35 919.35 888.55 858.74 828.93 799.13 768.33 737.53 737.53 737.53 785.22 830.92 876.62 923.32 970.02 1015.72 1015.72 1015.72 1024.66 1033.6 1042.54 1053.47 1062.41 1071.36 1071.36 1071.36 1047.51 1025.65 1002.8 980.94 958.09 936.24 936.24 936.24 982.93 1029.63 1076.32 1123.02 1169.72 1217.4 1217.4 1217.4 1196.54 1174.68 1153.82 1132.95 1112.09 1091.23 1091.23 1091.23 1059.43 1027.64 995.85 965.05 934.25 901.46 901.46 901.46 911.4 921.33 931.27 940.21 949.15 959.09 959.09 959.09 939.22 919.35 898.48 879.6 859.73 839.86 839.86 839.86 819.0 797.14 774.29 753.43 731.57 710.7 710.7 710.7 709.71 708.72 707.72 705.74 704.74 703.75 703.75 703.75 726.6 749.45 772.3 796.15 819.0 841.85 841.85 841.85 839.86 838.87 836.88 834.9 832.91 830.92 830.92 830.92 843.84 856.75 868.68 881.59 893.51 906.43 906.43 906.43 906.43 905.44 905.44 904.44 904.44 904.44 904.44 904.44 837.88 770.32 703.75 635.2 568.63 501.07 501.07 501.07 583.53 666.0 746.47 828.93 910.4 991.87 991.87 991.87 937.23 881.59 825.95 770.32 715.67 661.03 661.03 661.03 579.56 498.09 418.61 337.14 256.66 176.19 176.19 176.19 219.9 265.6 309.32 354.03 398.74 442.45 442.45 442.45 437.48 431.52 426.56 420.59 414.63 409.67 409.67 409.67 401.72 393.77 385.82 377.87 368.93 360.98 360.98 360.98 487.16 613.34 739.52 865.7 991.87 1118.05 1118.05 1118.05 1057.45 996.84 937.23 875.63 816.02 754.42 754.42 754.42 699.78 646.13 590.49
configurarSolver --Gurobi
resolver --noConstante ejecuciones/bancos/recombinados/v1/directo/sgtm/v1_sgtm_000477.csv
finalizar
