inicializar --t 360
agregarAgente --SaltoGrande
0.000102
2625516646.0
2912.0 2908.0 2904.0 2901.0 2914.0 2931.0 2948.0 2964.0 2981.0 2998.0 3015.0 3032.0 3066.0 3082.0 3099.0 3116.0 3133.0 3150.0 3167.0 3183.0 3217.0 3234.0 3251.0 3268.0 3285.0 3301.0 3318.0 3335.0 3339.0 3326.0 3313.0 3300.0 3287.0 3274.0 3261.0 3248.0 3222.0 3209.0 3196.0 3183.0 3170.0 3157.0 3144.0 3131.0 3105.0 3092.0 3079.0 3066.0 3053.0 3040.0 3027.0 3014.0 2998.0 2994.0 2991.0 2987.0 2984.0 2980.0 2977.0 2973.0 2966.0 2963.0 2959.0 2956.0 2952.0 2949.0 2945.0 2942.0 2935.0 2931.0 2928.0 2924.0 2921.0 2917.0 2914.0 2910.0 2899.0 2891.0 2883.0 2875.0 2866.0 2858.0 2850.0 2842.0 2826.0 2818.0 2810.0 2802.0 2793.0 2785.0 2777.0 2769.0 2753.0 2745.0 2737.0 2729.0 2720.0 2712.0 2704.0 2696.0 2686.0 2684.0 2683.0 2681.0 2679.0 2677.0 2675.0 2673.0 2670.0 2668.0 2666.0 2664.0 2663.0 2661.0 2659.0 2657.0 2654.0 2652.0 2650.0 2648.0 2646.0 2644.0 2643.0 2641.0 2629.0 2620.0 2610.0 2601.0 2591.0 2582.0 2572.0 2563.0 2544.0 2534.0 2525.0 2515.0 2506.0 2496.0 2487.0 2477.0 2458.0 2449.0 2439.0 2430.0 2420.0 2411.0 2401.0 2392.0 2384.0 2386.0 2389.0 2391.0 2393.0 2395.0 2398.0 2400.0 2404.0 2406.0 2409.0 2411.0 2413.0 2415.0 2418.0 2420.0 2424.0 2426.0 2429.0 2431.0 2433.0 2435.0 2438.0 2440.0 2453.0 2464.0 2475.0 2486.0 2496.0 2507.0 2518.0 2529.0 2551.0 2562.0 2573.0 2584.0 2594.0 2605.0 2616.0 2627.0 2649.0 2660.0 2671.0 2682.0 2692.0 2703.0 2714.0 2725.0 2739.0 2742.0 2745.0 2748.0 2751.0 2754.0 2757.0 2760.0 2766.0 2769.0 2772.0 2775.0 2778.0 2781.0 2784.0 2787.0 2793.0 2796.0 2799.0 2802.0 2805.0 2808.0 2811.0 2814.0 2817.0 2818.0 2818.0 2818.0 2819.0 2819.0 2819.0 2820.0 2820.0 2821.0 2821.0 2821.0 2822.0 2822.0 2822.0 2823.0 2823.0 2824.0 2824.0 2824.0 2825.0 2825.0 2825.0 2826.0 2821.0 2817.0 2812.0 2807.0 2802.0 2798.0 2793.0 2788.0 2779.0 2774.0 2770.0 2765.0 2760.0 2755.0 2751.0 2746.0 2737.0 2732.0 2727.0 2723.0 2718.0 2713.0 2708.0 2704.0 2689.0 2679.0 2670.0 2660.0 2650.0 2640.0 2630.0 2620.0 2601.0 2591.0 2581.0 2571.0 2562.0 2552.0 2542.0 2532.0 2513.0 2503.0 2493.0 2483.0 2473.0 2463.0 2454.0 2444.0 2431.0 2429.0 2426.0 2423.0 2421.0 2418.0 2415.0 2413.0 2407.0 2405.0 2402.0 2399.0 2397.0 2394.0 2391.0 2389.0 2383.0 2381.0 2378.0 2375.0 2373.0 2370.0 2367.0 2365.0 2361.0 2360.0 2359.0 2357.0 2356.0 2355.0 2354.0 2353.0 2351.0 2349.0 2348.0 2347.0 2346.0 2345.0 2344.0 2342.0 2340.0 2339.0 2338.0 2337.0 2336.0 2334.0 2333.0 2332.0 2332.0 2332.0 2333.0 2334.0 2334.0 2335.0 2336.0 2336.0 2338.0 2338.0 2339.0 2340.0 2340.0 2341.0 2342.0 2342.0 2344.0 2344.0 2345.0 2346.0
agregarAgente --UnidadTermicaSimple
200.0
100.0
agregarAgente --DemandaFija
782.4 727.5 672.6 672.6 672.6 714.0 755.4 796.8 839.1 880.5 921.9 921.9 921.9 946.2 969.6 993.0 1017.3 1040.7 1064.1 1064.1 1064.1 1003.8 943.5 882.3 822.9 762.6 702.3 702.3 703.2 748.2 793.2 837.3 882.3 927.3 972.3 973.2 973.2 988.5 1003.8 1019.1 1033.5 1048.8 1064.1 1064.1 1064.1 1000.2 938.1 874.2 811.2 747.3 684.3 684.3 685.2 731.1 777.0 824.7 870.6 917.4 963.3 963.3 963.3 975.0 985.8 997.5 1008.3 1019.1 1029.9 1029.9 1030.8 972.3 914.7 856.2 799.5 741.0 682.5 682.5 683.4 722.1 762.6 802.2 841.8 880.5 921.0 921.9 922.8 932.7 943.5 953.4 963.3 974.1 984.0 984.9 984.0 926.4 868.8 811.2 752.7 695.1 636.6 635.7 633.9 666.3 700.5 733.8 766.2 800.4 833.7 831.0 830.1 857.1 884.1 911.1 937.2 965.1 992.1 993.0 992.1 930.0 868.8 807.6 745.5 685.2 624.0 622.2 620.4 638.4 655.5 672.6 690.6 707.7 724.8 723.9 721.2 741.0 759.9 778.8 799.5 818.4 838.2 837.3 831.9 790.5 749.1 706.8 665.4 624.0 581.7 578.1 573.6 615.9 659.1 703.2 746.4 789.6 832.8 832.8 832.8 852.6 870.6 889.5 908.4 928.2 946.2 946.2 932.7 890.4 848.1 806.7 764.4 723.0 680.7 668.1 661.8 676.2 690.6 705.9 720.3 734.7 750.0 756.3 763.5 779.7 795.9 812.1 828.3 844.5 860.7 860.7 846.3 808.5 770.7 732.0 694.2 656.4 618.6 604.2 602.4 616.8 633.0 647.4 662.7 678.9 693.3 705.9 721.2 732.0 741.9 752.7 763.5 774.3 784.2 786.9 781.5 763.5 743.7 724.8 706.8 687.0 668.1 660.0 658.2 674.4 689.7 705.9 720.3 736.5 751.8 759.0 767.1 780.6 794.1 806.7 820.2 833.7 847.2 847.2 841.8 813.9 787.8 761.7 734.7 707.7 681.6 676.2 666.3 665.4 663.6 663.6 661.8 660.9 659.1 654.6 653.7 668.1 682.5 697.8 712.2 727.5 741.9 744.6 733.8 723.9 714.9 705.0 696.0 686.1 676.2 662.7 650.1 657.3 665.4 673.5 680.7 688.8 696.0 696.0 705.9 728.4 750.0 771.6 794.1 816.6 840.0 849.9 849.9 831.9 813.0 795.0 776.1 758.1 739.2 730.2 735.6 748.2 759.9 771.6 784.2 795.9 808.5 822.0 837.3 836.4 835.5 835.5 834.6 833.7 832.8 833.7 821.1 807.6 795.0 781.5 768.9 755.4 742.8 729.3 726.6 741.0 757.2 772.5 787.8 803.1 818.4 830.1 846.3 866.1 885.9 905.7 924.6 944.4 964.2 969.6 967.8 926.4 885.0 843.6 802.2 759.9 720.3 712.2 711.3 715.8 720.3 723.9 729.3 733.8 738.3 743.7 754.5 775.2 796.8 817.5 839.1 859.8 880.5 885.0 875.1 833.7 792.3 750.0
crearDespacho --mercado --conDemandaTotal
4
0.02 0.07 0.145 1.0
370.0 600.0 2400.0 4000.0
782.4 727.5 672.6 672.6 672.6 714.0 755.4 796.8 839.1 880.5 921.9 921.9 921.9 946.2 969.6 993.0 1017.3 1040.7 1064.1 1064.1 1064.1 1003.8 943.5 882.3 822.9 762.6 702.3 702.3 703.2 748.2 793.2 837.3 882.3 927.3 972.3 973.2 973.2 988.5 1003.8 1019.1 1033.5 1048.8 1064.1 1064.1 1064.1 1000.2 938.1 874.2 811.2 747.3 684.3 684.3 685.2 731.1 777.0 824.7 870.6 917.4 963.3 963.3 963.3 975.0 985.8 997.5 1008.3 1019.1 1029.9 1029.9 1030.8 972.3 914.7 856.2 799.5 741.0 682.5 682.5 683.4 722.1 762.6 802.2 841.8 880.5 921.0 921.9 922.8 932.7 943.5 953.4 963.3 974.1 984.0 984.9 984.0 926.4 868.8 811.2 752.7 695.1 636.6 635.7 633.9 666.3 700.5 733.8 766.2 800.4 833.7 831.0 830.1 857.1 884.1 911.1 937.2 965.1 992.1 993.0 992.1 930.0 868.8 807.6 745.5 685.2 624.0 622.2 620.4 638.4 655.5 672.6 690.6 707.7 724.8 723.9 721.2 741.0 759.9 778.8 799.5 818.4 838.2 837.3 831.9 790.5 749.1 706.8 665.4 624.0 581.7 578.1 573.6 615.9 659.1 703.2 746.4 789.6 832.8 832.8 832.8 852.6 870.6 889.5 908.4 928.2 946.2 946.2 932.7 890.4 848.1 806.7 764.4 723.0 680.7 668.1 661.8 676.2 690.6 705.9 720.3 734.7 750.0 756.3 763.5 779.7 795.9 812.1 828.3 844.5 860.7 860.7 846.3 808.5 770.7 732.0 694.2 656.4 618.6 604.2 602.4 616.8 633.0 647.4 662.7 678.9 693.3 705.9 721.2 732.0 741.9 752.7 763.5 774.3 784.2 786.9 781.5 763.5 743.7 724.8 706.8 687.0 668.1 660.0 658.2 674.4 689.7 705.9 720.3 736.5 751.8 759.0 767.1 780.6 794.1 806.7 820.2 833.7 847.2 847.2 841.8 813.9 787.8 761.7 734.7 707.7 681.6 676.2 666.3 665.4 663.6 663.6 661.8 660.9 659.1 654.6 653.7 668.1 682.5 697.8 712.2 727.5 741.9 744.6 733.8 723.9 714.9 705.0 696.0 686.1 676.2 662.7 650.1 657.3 665.4 673.5 680.7 688.8 696.0 696.0 705.9 728.4 750.0 771.6 794.1 816.6 840.0 849.9 849.9 831.9 813.0 795.0 776.1 758.1 739.2 730.2 735.6 748.2 759.9 771.6 784.2 795.9 808.5 822.0 837.3 836.4 835.5 835.5 834.6 833.7 832.8 833.7 821.1 807.6 795.0 781.5 768.9 755.4 742.8 729.3 726.6 741.0 757.2 772.5 787.8 803.1 818.4 830.1 846.3 866.1 885.9 905.7 924.6 944.4 964.2 969.6 967.8 926.4 885.0 843.6 802.2 759.9 720.3 712.2 711.3 715.8 720.3 723.9 729.3 733.8 738.3 743.7 754.5 775.2 796.8 817.5 839.1 859.8 880.5 885.0 875.1 833.7 792.3 750.0
configurarSolver --Gurobi
resolver --noConstante ejecuciones/bancos/recombinados/v1/directo/sgtm/v1_sgtm_000381.csv
finalizar
