inicializar --t 360
agregarAgente --SaltoGrande
0.001187
1681415995.0
5942.0 5976.0 6010.0 6044.0 6077.0 6075.0 6074.0 6072.0 6071.0 6069.0 6068.0 6066.0 6063.0 6062.0 6060.0 6059.0 6057.0 6056.0 6054.0 6053.0 6050.0 6048.0 6047.0 6045.0 6044.0 6042.0 6041.0 6039.0 6020.0 6003.0 5985.0 5967.0 5949.0 5932.0 5914.0 5896.0 5861.0 5843.0 5825.0 5807.0 5790.0 5772.0 5754.0 5736.0 5701.0 5683.0 5665.0 5648.0 5630.0 5612.0 5594.0 5577.0 5528.0 5497.0 5467.0 5436.0 5405.0 5374.0 5343.0 5312.0 5251.0 5220.0 5189.0 5158.0 5128.0 5097.0 5066.0 5035.0 4974.0 4943.0 4912.0 4881.0 4850.0 4819.0 4789.0 4758.0 4701.0 4675.0 4650.0 4624.0 4598.0 4572.0 4546.0 4520.0 4469.0 4443.0 4417.0 4391.0 4366.0 4340.0 4314.0 4288.0 4237.0 4211.0 4185.0 4159.0 4133.0 4107.0 4082.0 4056.0 4016.0 4003.0 3989.0 3976.0 3962.0 3949.0 3935.0 3922.0 3894.0 3881.0 3867.0 3854.0 3840.0 3827.0 3813.0 3800.0 3772.0 3759.0 3745.0 3732.0 3718.0 3705.0 3691.0 3678.0 3644.0 3623.0 3603.0 3583.0 3562.0 3542.0 3522.0 3501.0 3461.0 3440.0 3420.0 3400.0 3379.0 3359.0 3339.0 3318.0 3278.0 3257.0 3237.0 3217.0 3196.0 3176.0 3156.0 3135.0 3094.0 3073.0 3053.0 3032.0 3011.0 2990.0 2970.0 2949.0 2907.0 2886.0 2866.0 2845.0 2824.0 2803.0 2783.0 2762.0 2720.0 2699.0 2679.0 2658.0 2637.0 2616.0 2596.0 2575.0 2541.0 2527.0 2514.0 2500.0 2487.0 2473.0 2460.0 2446.0 2419.0 2406.0 2392.0 2379.0 2365.0 2352.0 2338.0 2325.0 2298.0 2284.0 2271.0 2257.0 2244.0 2230.0 2217.0 2203.0 2183.0 2175.0 2168.0 2160.0 2153.0 2146.0 2138.0 2131.0 2116.0 2109.0 2101.0 2094.0 2086.0 2079.0 2071.0 2064.0 2049.0 2042.0 2034.0 2027.0 2020.0 2012.0 2005.0 1997.0 1985.0 1981.0 1976.0 1972.0 1967.0 1962.0 1958.0 1953.0 1944.0 1939.0 1935.0 1930.0 1926.0 1921.0 1917.0 1912.0 1903.0 1898.0 1894.0 1889.0 1884.0 1880.0 1875.0 1871.0 1864.0 1862.0 1861.0 1859.0 1857.0 1855.0 1854.0 1852.0 1848.0 1846.0 1845.0 1843.0 1841.0 1839.0 1838.0 1836.0 1832.0 1830.0 1829.0 1827.0 1825.0 1823.0 1822.0 1820.0 1820.0 1822.0 1824.0 1826.0 1829.0 1831.0 1833.0 1835.0 1839.0 1841.0 1843.0 1845.0 1848.0 1850.0 1852.0 1854.0 1858.0 1860.0 1862.0 1864.0 1867.0 1869.0 1871.0 1873.0 1878.0 1882.0 1885.0 1888.0 1892.0 1895.0 1899.0 1902.0 1909.0 1912.0 1915.0 1919.0 1922.0 1926.0 1929.0 1932.0 1939.0 1942.0 1946.0 1949.0 1953.0 1956.0 1959.0 1963.0 1969.0 1973.0 1976.0 1980.0 1983.0 1987.0 1990.0 1994.0 2000.0 2004.0 2007.0 2011.0 2014.0 2018.0 2021.0 2025.0 2031.0 2035.0 2038.0 2042.0 2045.0 2049.0 2052.0 2056.0 2055.0 2051.0 2047.0 2043.0 2039.0 2035.0 2030.0 2026.0 2018.0 2014.0 2010.0 2006.0 2002.0 1998.0 1994.0 1990.0 1982.0 1978.0 1973.0 1969.0
agregarAgente --UnidadTermicaSimple
200.0
100.0
agregarAgente --DemandaFija
501.6 465.0 428.4 428.4 428.4 456.0 483.6 511.2 539.4 567.0 594.6 594.6 594.6 610.8 626.4 642.0 658.2 673.8 689.4 689.4 689.4 649.2 609.0 568.2 528.6 488.4 448.2 448.2 448.8 478.8 508.8 538.2 568.2 598.2 628.2 628.8 628.8 639.0 649.2 659.4 669.0 679.2 689.4 689.4 689.4 646.8 605.4 562.8 520.8 478.2 436.2 436.2 436.8 467.4 498.0 529.8 560.4 591.6 622.2 622.2 622.2 630.0 637.2 645.0 652.2 659.4 666.6 666.6 667.2 628.2 589.8 550.8 513.0 474.0 435.0 435.0 435.6 461.4 488.4 514.8 541.2 567.0 594.0 594.6 595.2 601.8 609.0 615.6 622.2 629.4 636.0 636.6 636.0 597.6 559.2 520.8 481.8 443.4 404.4 403.8 402.6 424.2 447.0 469.2 490.8 513.6 535.8 534.0 533.4 551.4 569.4 587.4 604.8 623.4 641.4 642.0 641.4 600.0 559.2 518.4 477.0 436.8 396.0 394.8 393.6 405.6 417.0 428.4 440.4 451.8 463.2 462.6 460.8 474.0 486.6 499.2 513.0 525.6 538.8 538.2 534.6 507.0 479.4 451.2 423.6 396.0 367.8 365.4 362.4 390.6 419.4 448.8 477.6 506.4 535.2 535.2 535.2 548.4 560.4 573.0 585.6 598.8 610.8 610.8 601.8 573.6 545.4 517.8 489.6 462.0 433.8 425.4 421.2 430.8 440.4 450.6 460.2 469.8 480.0 484.2 489.0 499.8 510.6 521.4 532.2 543.0 553.8 553.8 544.2 519.0 493.8 468.0 442.8 417.6 392.4 382.8 381.6 391.2 402.0 411.6 421.8 432.6 442.2 450.6 460.8 468.0 474.6 481.8 489.0 496.2 502.8 504.6 501.0 489.0 475.8 463.2 451.2 438.0 425.4 420.0 418.8 429.6 439.8 450.6 460.2 471.0 481.2 486.0 491.4 500.4 509.4 517.8 526.8 535.8 544.8 544.8 541.2 522.6 505.2 487.8 469.8 451.8 434.4 430.8 424.2 423.6 422.4 422.4 421.2 420.6 419.4 416.4 415.8 425.4 435.0 445.2 454.8 465.0 474.6 476.4 469.2 462.6 456.6 450.0 444.0 437.4 430.8 421.8 413.4 418.2 423.6 429.0 433.8 439.2 444.0 444.0 450.6 465.6 480.0 494.4 509.4 524.4 540.0 546.6 546.6 534.6 522.0 510.0 497.4 485.4 472.8 466.8 470.4 478.8 486.6 494.4 502.8 510.6 519.0 528.0 538.2 537.6 537.0 537.0 536.4 535.8 535.2 535.8 527.4 518.4 510.0 501.0 492.6 483.6 475.2 466.2 464.4 474.0 484.8 495.0 505.2 515.4 525.6 533.4 544.2 557.4 570.6 583.8 596.4 609.6 622.8 626.4 625.2 597.6 570.0 542.4 514.8 486.6 460.2 454.8 454.2 457.2 460.2 462.6 466.2 469.2 472.2 475.8 483.0 496.8 511.2 525.0 539.4 553.2 567.0 570.0 563.4 535.8 508.2 480.0
crearDespacho --mercado --conDemandaTotal
4
0.02 0.07 0.145 1.0
370.0 600.0 2400.0 4000.0
696.68 645.84 595.01 595.01 595.01 633.34 671.68 710.01 749.18 787.51 825.85 825.85 825.85 848.35 870.01 891.68 914.18 935.85 957.51 957.51 957.51 901.68 845.85 789.18 734.18 678.34 622.51 622.51 623.34 665.01 706.68 747.51 789.18 830.85 872.51 873.35 873.35 887.51 901.68 915.85 929.18 943.35 957.51 957.51 957.51 898.35 840.85 781.68 723.34 664.18 605.84 605.84 606.68 649.18 691.68 735.84 778.35 821.68 864.18 864.18 864.18 875.01 885.01 895.85 905.85 915.85 925.85 925.85 926.68 872.51 819.18 765.01 712.51 658.34 604.18 604.18 605.01 640.84 678.34 715.01 751.68 787.51 825.01 825.85 826.68 835.85 845.85 855.01 864.18 874.18 883.35 884.18 883.35 830.01 776.68 723.34 669.18 615.84 561.68 560.84 559.18 589.18 620.84 651.68 681.68 713.34 744.18 741.68 740.84 765.84 790.85 815.85 840.01 865.85 890.85 891.68 890.85 833.35 776.68 720.01 662.51 606.68 550.01 548.34 546.67 563.34 579.18 595.01 611.68 627.51 643.34 642.51 640.01 658.34 675.84 693.34 712.51 730.01 748.34 747.51 742.51 704.18 665.84 626.68 588.34 550.01 510.84 507.51 503.34 542.51 582.51 623.34 663.34 703.34 743.34 743.34 743.34 761.68 778.35 795.85 813.35 831.68 848.35 848.35 835.85 796.68 757.51 719.18 680.01 641.68 602.51 590.84 585.01 598.34 611.68 625.84 639.18 652.51 666.68 672.51 679.18 694.18 709.18 724.18 739.18 754.18 769.18 769.18 755.84 720.84 685.84 650.01 615.01 580.01 545.01 531.67 530.01 543.34 558.34 571.68 585.84 600.84 614.18 625.84 640.01 650.01 659.18 669.18 679.18 689.18 698.34 700.84 695.84 679.18 660.84 643.34 626.68 608.34 590.84 583.34 581.68 596.68 610.84 625.84 639.18 654.18 668.34 675.01 682.51 695.01 707.51 719.18 731.68 744.18 756.68 756.68 751.68 725.84 701.68 677.51 652.51 627.51 603.34 598.34 589.18 588.34 586.68 586.68 585.01 584.18 582.51 578.34 577.51 590.84 604.18 618.34 631.68 645.84 659.18 661.68 651.68 642.51 634.18 625.01 616.68 607.51 598.34 585.84 574.18 580.84 588.34 595.84 602.51 610.01 616.68 616.68 625.84 646.68 666.68 686.68 707.51 728.34 750.01 759.18 759.18 742.51 725.01 708.34 690.84 674.18 656.68 648.34 653.34 665.01 675.84 686.68 698.34 709.18 720.84 733.34 747.51 746.68 745.84 745.84 745.01 744.18 743.34 744.18 732.51 720.01 708.34 695.84 684.18 671.68 660.01 647.51 645.01 658.34 673.34 687.51 701.68 715.84 730.01 740.84 755.84 774.18 792.51 810.85 828.35 846.68 865.01 870.01 868.35 830.01 791.68 753.34 715.01 675.84 639.18 631.68 630.84 635.01 639.18 642.51 647.51 651.68 655.84 660.84 670.84 690.01 710.01 729.18 749.18 768.34 787.51 791.68 782.51 744.18 705.84 666.68
configurarSolver --Gurobi
resolver --noConstante ejecuciones/bancos/recombinados/v1/directo/sgtm/v1_sgtm_000413.csv
finalizar
