inicializar --t 360
agregarAgente --SaltoGrande
0.000782
2001535362.0
6474.0 6457.0 6439.0 6422.0 6395.0 6386.0 6378.0 6369.0 6360.0 6351.0 6343.0 6334.0 6316.0 6307.0 6299.0 6290.0 6281.0 6272.0 6264.0 6255.0 6237.0 6228.0 6220.0 6211.0 6202.0 6193.0 6185.0 6176.0 6168.0 6168.0 6169.0 6170.0 6171.0 6171.0 6172.0 6173.0 6174.0 6175.0 6176.0 6177.0 6177.0 6178.0 6179.0 6180.0 6181.0 6182.0 6183.0 6183.0 6184.0 6185.0 6186.0 6186.0 6256.0 6324.0 6393.0 6462.0 6530.0 6599.0 6668.0 6736.0 6874.0 6942.0 7011.0 7080.0 7148.0 7217.0 7286.0 7354.0 7492.0 7560.0 7629.0 7698.0 7766.0 7835.0 7904.0 7972.0 8072.0 8103.0 8134.0 8165.0 8197.0 8228.0 8259.0 8290.0 8352.0 8383.0 8414.0 8445.0 8477.0 8508.0 8539.0 8570.0 8632.0 8663.0 8694.0 8725.0 8757.0 8788.0 8819.0 8850.0 8890.0 8898.0 8907.0 8916.0 8925.0 8933.0 8942.0 8951.0 8968.0 8977.0 8986.0 8995.0 9003.0 9012.0 9021.0 9030.0 9047.0 9056.0 9065.0 9073.0 9082.0 9091.0 9100.0 9108.0 9079.0 9041.0 9003.0 8964.0 8926.0 8888.0 8850.0 8812.0 8736.0 8697.0 8659.0 8621.0 8583.0 8545.0 8507.0 8468.0 8392.0 8354.0 8316.0 8278.0 8240.0 8201.0 8163.0 8125.0 8025.0 7962.0 7900.0 7838.0 7775.0 7713.0 7651.0 7588.0 7464.0 7401.0 7339.0 7277.0 7214.0 7152.0 7090.0 7027.0 6903.0 6840.0 6778.0 6716.0 6653.0 6591.0 6529.0 6466.0 6368.0 6332.0 6296.0 6260.0 6224.0 6188.0 6152.0 6116.0 6044.0 6008.0 5972.0 5936.0 5901.0 5865.0 5829.0 5793.0 5721.0 5685.0 5649.0 5613.0 5577.0 5541.0 5505.0 5469.0 5418.0 5402.0 5387.0 5372.0 5357.0 5341.0 5326.0 5311.0 5280.0 5265.0 5250.0 5235.0 5219.0 5204.0 5189.0 5174.0 5143.0 5128.0 5113.0 5097.0 5082.0 5067.0 5052.0 5036.0 5029.0 5037.0 5046.0 5054.0 5062.0 5070.0 5078.0 5086.0 5103.0 5111.0 5119.0 5127.0 5136.0 5144.0 5152.0 5160.0 5177.0 5185.0 5193.0 5201.0 5209.0 5217.0 5226.0 5234.0 5302.0 5362.0 5422.0 5482.0 5542.0 5602.0 5661.0 5721.0 5841.0 5901.0 5961.0 6021.0 6081.0 6141.0 6201.0 6261.0 6381.0 6441.0 6500.0 6560.0 6620.0 6680.0 6740.0 6800.0 6845.0 6829.0 6814.0 6798.0 6783.0 6768.0 6752.0 6737.0 6706.0 6691.0 6675.0 6660.0 6644.0 6629.0 6613.0 6598.0 6567.0 6552.0 6536.0 6521.0 6506.0 6490.0 6475.0 6459.0 6426.0 6408.0 6390.0 6372.0 6354.0 6336.0 6318.0 6300.0 6264.0 6246.0 6228.0 6210.0 6192.0 6174.0 6156.0 6138.0 6102.0 6084.0 6066.0 6048.0 6030.0 6012.0 5994.0 5976.0 5919.0 5881.0 5842.0 5804.0 5765.0 5727.0 5688.0 5650.0 5572.0 5534.0 5495.0 5457.0 5418.0 5380.0 5341.0 5303.0 5225.0 5187.0 5148.0 5110.0 5071.0 5033.0 4994.0 4956.0 4916.0 4916.0 4915.0 4914.0 4914.0 4913.0 4912.0 4912.0 4910.0 4910.0 4909.0 4908.0 4908.0 4907.0 4906.0 4906.0 4904.0 4904.0 4903.0 4902.0
agregarAgente --UnidadTermicaSimple
200.0
100.0
agregarAgente --DemandaFija
408.9 372.0 335.1 329.7 326.1 356.7 388.2 418.8 451.2 482.7 514.2 515.1 517.8 519.6 520.5 521.4 523.2 525.0 525.9 526.8 525.9 492.6 459.3 426.0 392.7 359.4 327.0 324.3 328.8 366.6 403.5 440.4 478.2 515.1 552.9 559.2 570.9 577.2 584.4 589.8 596.1 602.4 609.6 615.9 609.6 553.8 497.1 440.4 383.7 327.9 271.2 258.6 246.0 258.6 271.2 282.9 295.5 307.2 319.8 318.9 327.0 345.9 365.7 384.6 403.5 422.4 441.3 451.2 452.1 418.8 383.7 349.5 316.2 281.1 247.8 239.7 243.3 264.0 285.6 306.3 327.9 349.5 370.2 381.9 399.0 420.6 443.1 463.8 485.4 507.9 529.5 535.8 526.8 482.7 439.5 395.4 352.2 307.2 263.1 247.8 245.1 288.3 330.6 372.9 416.1 457.5 499.8 513.3 533.1 540.3 546.6 552.0 559.2 565.5 571.8 578.1 569.1 536.7 504.3 471.9 439.5 407.1 374.7 360.3 341.4 362.1 382.8 404.4 426.0 446.7 468.3 463.8 461.1 474.6 488.1 501.6 515.1 528.6 542.1 542.1 540.3 505.2 470.1 435.9 399.9 364.8 330.6 327.9 324.3 329.7 336.0 341.4 347.7 353.1 359.4 359.4 360.3 374.7 388.2 402.6 416.1 430.5 444.9 446.7 445.8 409.8 372.9 337.8 301.8 266.7 229.8 227.1 223.5 243.3 261.3 281.1 300.0 319.8 338.7 337.8 337.8 342.3 347.7 351.3 356.7 361.2 366.6 368.4 368.4 350.4 333.3 316.2 298.2 281.1 264.0 262.2 260.4 283.8 307.2 330.6 354.0 378.3 401.7 401.7 405.3 415.2 426.0 436.8 446.7 456.6 467.4 471.0 470.1 429.6 387.3 345.9 305.4 264.0 221.7 217.2 211.8 228.0 243.3 258.6 274.8 290.1 305.4 306.3 309.0 318.0 326.1 334.2 343.2 351.3 361.2 363.9 365.7 351.3 336.9 323.4 308.1 293.7 279.3 279.3 280.2 281.1 282.9 282.9 282.9 284.7 285.6 287.4 295.5 307.2 318.0 330.6 342.3 354.0 366.6 371.1 371.1 354.0 336.0 318.0 301.8 283.8 265.8 261.3 264.0 282.9 302.7 321.6 341.4 361.2 381.0 388.2 399.9 401.7 405.3 407.1 409.8 412.5 415.2 418.8 412.5 390.0 367.5 343.2 320.7 297.3 273.9 265.8 269.4 289.2 309.9 329.7 349.5 370.2 390.0 400.8 415.2 401.7 388.2 375.6 362.1 349.5 335.1 338.7 335.1 329.7 324.3 318.9 313.5 308.1 302.7 296.4 299.1 308.1 315.3 322.5 331.5 338.7 346.8 355.8 368.4 371.1 373.8 377.4 380.1 381.9 384.6 387.3 385.5 380.1 374.7 370.2 364.8 359.4 354.0 348.6 352.2 359.4 366.6 373.8 381.9 389.1 397.2 405.3 415.2 417.9 420.6 424.2 426.9 428.7 431.4 434.1 435.9 433.2 432.3 430.5
crearDespacho --mercado --conDemandaTotal
4
0.02 0.07 0.145 1.0
370.0 600.0 2400.0 4000.0
692.59 630.09 567.59 558.44 552.35 604.18 657.53 709.36 764.24 817.59 870.95 872.47 877.04 880.09 881.62 883.14 886.19 889.24 890.76 892.29 890.76 834.36 777.96 721.55 665.15 608.75 553.87 549.3 556.92 620.94 683.44 745.95 809.97 872.47 936.5 947.17 966.99 977.66 989.85 999.0 1009.67 1020.34 1032.54 1043.21 1032.54 938.02 841.98 745.95 649.91 555.39 459.36 438.01 416.67 438.01 459.36 479.17 500.52 520.33 541.67 540.15 553.87 585.88 619.42 651.43 683.44 715.46 747.47 764.24 765.76 709.36 649.91 591.98 535.58 476.12 419.72 406.0 412.1 447.16 483.75 518.81 555.39 591.98 627.04 646.86 675.82 712.41 750.52 785.58 822.17 860.28 896.86 907.53 892.29 817.59 744.42 669.72 596.55 520.33 445.64 419.72 415.15 488.32 559.97 631.61 704.79 774.91 846.56 869.42 902.96 915.16 925.83 934.97 947.17 957.84 968.51 979.18 963.94 909.06 854.18 799.3 744.42 689.54 634.66 610.27 578.26 613.32 648.38 684.97 721.55 756.62 793.2 785.58 781.01 803.87 826.74 849.61 872.47 895.34 918.2 918.2 915.16 855.7 796.25 738.32 677.35 617.89 559.97 555.39 549.3 558.44 569.11 578.26 588.93 598.08 608.75 608.75 610.27 634.66 657.53 681.92 704.79 729.18 753.57 756.62 755.09 694.12 631.61 572.16 511.19 451.73 389.23 384.66 378.56 412.1 442.59 476.12 508.14 541.67 573.69 572.16 572.16 579.78 588.93 595.03 604.18 611.8 620.94 623.99 623.99 593.5 564.54 535.58 505.09 476.12 447.16 444.11 441.06 480.7 520.33 559.97 599.6 640.76 680.4 680.4 686.49 703.26 721.55 739.85 756.62 773.38 791.68 797.78 796.25 727.65 656.01 585.88 517.28 447.16 375.51 367.89 358.74 386.18 412.1 438.01 465.45 491.37 517.28 518.81 523.38 538.63 552.35 566.06 581.31 595.03 611.8 616.37 619.42 595.03 570.64 547.77 521.86 497.47 473.08 473.08 474.6 476.12 479.17 479.17 479.17 482.22 483.75 486.8 500.52 520.33 538.63 559.97 579.78 599.6 620.94 628.57 628.57 599.6 569.11 538.63 511.19 480.7 450.21 442.59 447.16 479.17 512.71 544.72 578.26 611.8 645.33 657.53 677.35 680.4 686.49 689.54 694.12 698.69 703.26 709.36 698.69 660.58 622.47 581.31 543.2 503.56 463.93 450.21 456.31 489.84 524.91 558.44 591.98 627.04 660.58 678.87 703.26 680.4 657.53 636.19 613.32 591.98 567.59 573.69 567.59 558.44 549.3 540.15 531.0 521.86 512.71 502.04 506.61 521.86 534.05 546.25 561.49 573.69 587.41 602.65 623.99 628.57 633.14 639.24 643.81 646.86 651.43 656.01 652.96 643.81 634.66 627.04 617.89 608.75 599.6 590.46 596.55 608.75 620.94 633.14 646.86 659.05 672.77 686.49 703.26 707.84 712.41 718.51 723.08 726.13 730.7 735.27 738.32 733.75 732.23 729.18
configurarSolver --Gurobi
resolver --noConstante ejecuciones/bancos/recombinados/v1/directo/sgtm/v1_sgtm_000464.csv
finalizar
