inicializar --t 360
agregarAgente --SaltoGrande
0
2625516646.0
2912.0 2908.0 2904.0 2901.0 2914.0 2931.0 2948.0 2964.0 2981.0 2998.0 3015.0 3032.0 3066.0 3082.0 3099.0 3116.0 3133.0 3150.0 3167.0 3183.0 3217.0 3234.0 3251.0 3268.0 3285.0 3301.0 3318.0 3335.0 3339.0 3326.0 3313.0 3300.0 3287.0 3274.0 3261.0 3248.0 3222.0 3209.0 3196.0 3183.0 3170.0 3157.0 3144.0 3131.0 3105.0 3092.0 3079.0 3066.0 3053.0 3040.0 3027.0 3014.0 2998.0 2994.0 2991.0 2987.0 2984.0 2980.0 2977.0 2973.0 2966.0 2963.0 2959.0 2956.0 2952.0 2949.0 2945.0 2942.0 2935.0 2931.0 2928.0 2924.0 2921.0 2917.0 2914.0 2910.0 2899.0 2891.0 2883.0 2875.0 2866.0 2858.0 2850.0 2842.0 2826.0 2818.0 2810.0 2802.0 2793.0 2785.0 2777.0 2769.0 2753.0 2745.0 2737.0 2729.0 2720.0 2712.0 2704.0 2696.0 2686.0 2684.0 2683.0 2681.0 2679.0 2677.0 2675.0 2673.0 2670.0 2668.0 2666.0 2664.0 2663.0 2661.0 2659.0 2657.0 2654.0 2652.0 2650.0 2648.0 2646.0 2644.0 2643.0 2641.0 2629.0 2620.0 2610.0 2601.0 2591.0 2582.0 2572.0 2563.0 2544.0 2534.0 2525.0 2515.0 2506.0 2496.0 2487.0 2477.0 2458.0 2449.0 2439.0 2430.0 2420.0 2411.0 2401.0 2392.0 2384.0 2386.0 2389.0 2391.0 2393.0 2395.0 2398.0 2400.0 2404.0 2406.0 2409.0 2411.0 2413.0 2415.0 2418.0 2420.0 2424.0 2426.0 2429.0 2431.0 2433.0 2435.0 2438.0 2440.0 2453.0 2464.0 2475.0 2486.0 2496.0 2507.0 2518.0 2529.0 2551.0 2562.0 2573.0 2584.0 2594.0 2605.0 2616.0 2627.0 2649.0 2660.0 2671.0 2682.0 2692.0 2703.0 2714.0 2725.0 2739.0 2742.0 2745.0 2748.0 2751.0 2754.0 2757.0 2760.0 2766.0 2769.0 2772.0 2775.0 2778.0 2781.0 2784.0 2787.0 2793.0 2796.0 2799.0 2802.0 2805.0 2808.0 2811.0 2814.0 2817.0 2818.0 2818.0 2818.0 2819.0 2819.0 2819.0 2820.0 2820.0 2821.0 2821.0 2821.0 2822.0 2822.0 2822.0 2823.0 2823.0 2824.0 2824.0 2824.0 2825.0 2825.0 2825.0 2826.0 2821.0 2817.0 2812.0 2807.0 2802.0 2798.0 2793.0 2788.0 2779.0 2774.0 2770.0 2765.0 2760.0 2755.0 2751.0 2746.0 2737.0 2732.0 2727.0 2723.0 2718.0 2713.0 2708.0 2704.0 2689.0 2679.0 2670.0 2660.0 2650.0 2640.0 2630.0 2620.0 2601.0 2591.0 2581.0 2571.0 2562.0 2552.0 2542.0 2532.0 2513.0 2503.0 2493.0 2483.0 2473.0 2463.0 2454.0 2444.0 2431.0 2429.0 2426.0 2423.0 2421.0 2418.0 2415.0 2413.0 2407.0 2405.0 2402.0 2399.0 2397.0 2394.0 2391.0 2389.0 2383.0 2381.0 2378.0 2375.0 2373.0 2370.0 2367.0 2365.0 2361.0 2360.0 2359.0 2357.0 2356.0 2355.0 2354.0 2353.0 2351.0 2349.0 2348.0 2347.0 2346.0 2345.0 2344.0 2342.0 2340.0 2339.0 2338.0 2337.0 2336.0 2334.0 2333.0 2332.0 2332.0 2332.0 2333.0 2334.0 2334.0 2335.0 2336.0 2336.0 2338.0 2338.0 2339.0 2340.0 2340.0 2341.0 2342.0 2342.0 2344.0 2344.0 2345.0 2346.0
agregarAgente --UnidadTermicaSimple
200.0
100.0
agregarAgente --DemandaFija
558.6 488.4 418.2 418.2 418.2 463.8 508.8 554.4 599.4 645.0 690.6 690.6 690.6 715.8 740.4 765.0 790.2 815.4 840.0 840.0 840.0 799.2 758.4 718.2 676.8 636.6 595.2 595.2 595.2 628.2 661.2 693.6 726.6 759.0 792.0 792.0 792.0 822.6 853.2 884.4 915.0 946.2 976.8 976.8 976.8 889.8 802.8 715.2 628.2 541.2 454.2 454.2 454.2 471.0 487.2 504.0 520.8 538.2 554.4 554.4 554.4 572.4 589.8 607.8 626.4 643.8 661.8 661.8 661.8 586.2 510.6 435.0 359.4 283.8 208.8 208.8 208.8 294.6 380.4 466.2 552.0 637.8 723.6 723.6 723.6 712.8 702.0 690.6 679.8 669.0 658.8 658.8 658.8 568.8 478.8 388.8 299.4 209.4 118.8 118.8 118.8 180.6 242.4 303.6 364.8 426.6 488.4 488.4 488.4 489.0 489.6 490.2 491.4 492.0 492.6 492.6 492.6 438.0 383.4 328.8 273.6 219.0 164.4 164.4 164.4 255.0 346.2 436.8 528.0 619.2 710.4 710.4 710.4 673.8 637.8 601.8 565.8 529.2 493.8 493.8 493.8 415.2 336.6 258.0 180.0 101.4 22.8 22.8 22.8 49.2 75.6 101.4 127.8 153.6 180.0 180.0 180.0 213.0 246.0 279.0 312.6 345.6 379.2 379.2 379.2 395.4 411.0 426.6 442.8 459.0 474.6 474.6 474.6 501.6 528.6 556.2 583.2 610.2 637.8 637.8 637.8 616.2 594.0 572.4 550.8 529.2 507.6 507.6 507.6 478.8 449.4 421.2 392.4 363.0 334.8 334.8 334.8 355.8 377.4 399.0 420.0 441.0 462.6 462.6 462.6 445.8 429.0 412.8 396.0 379.2 362.4 362.4 362.4 327.6 292.8 257.4 222.6 187.2 152.4 152.4 152.4 232.2 312.0 391.8 471.6 551.4 631.2 631.2 631.2 676.2 721.8 766.8 812.4 857.4 902.4 902.4 902.4 838.8 775.2 712.2 648.0 584.4 520.8 520.8 520.8 567.6 613.8 660.6 708.0 754.2 801.0 801.0 801.0 778.2 755.4 733.2 710.4 687.6 664.8 664.8 664.8 607.8 551.4 493.8 436.8 380.4 323.4 323.4 323.4 379.2 435.0 490.8 546.6 602.4 658.2 658.2 658.2 666.6 675.0 684.0 692.4 701.4 709.8 709.8 709.8 619.2 528.0 437.4 346.8 256.2 165.6 165.6 165.6 216.6 267.0 318.6 369.6 420.0 471.6 471.6 471.6 513.0 555.6 597.6 640.2 681.6 724.2 724.2 724.2 699.0 673.2 648.0 622.8 597.0 571.8 571.8 571.8 593.4 614.4 636.0 657.6 678.6 700.2 700.2 700.2 688.8 678.0 667.2 656.4 645.6 634.8 634.8 634.8 601.2 568.2 535.8 502.2 469.2 435.6 435.6 435.6 494.4 553.2 612.0 670.8 729.6 788.4 788.4 788.4 808.8 829.2 849.6 870.6 891.0 910.8 910.8 910.8 868.8 826.2 783.6
crearDespacho --mercado --conDemandaTotal
4
0.02 0.07 0.145 1.0
370.0 600.0 2400.0 4000.0
909.79 795.46 681.12 681.12 681.12 755.39 828.68 902.95 976.25 1050.51 1124.78 1124.78 1124.78 1165.83 1205.89 1245.96 1287.0 1328.05 1368.11 1368.11 1368.11 1301.66 1235.21 1169.74 1102.31 1036.83 969.4 969.4 969.4 1023.15 1076.9 1129.67 1183.42 1236.19 1289.93 1289.93 1289.93 1339.77 1389.61 1440.43 1490.26 1541.08 1590.92 1590.92 1590.92 1449.22 1307.52 1164.85 1023.15 881.45 739.76 739.76 739.76 767.12 793.5 820.87 848.23 876.57 902.95 902.95 902.95 932.27 960.61 989.93 1020.22 1048.56 1077.88 1077.88 1077.88 954.75 831.62 708.49 585.36 462.23 340.07 340.07 340.07 479.82 619.56 759.3 899.04 1038.79 1178.53 1178.53 1178.53 1160.94 1143.35 1124.78 1107.19 1089.6 1072.99 1072.99 1072.99 926.41 779.82 633.24 487.63 341.05 193.49 193.49 193.49 294.14 394.8 494.47 594.15 694.81 795.46 795.46 795.46 796.44 797.41 798.39 800.35 801.32 802.3 802.3 802.3 713.37 624.45 535.52 445.61 356.69 267.76 267.76 267.76 415.32 563.86 711.42 859.96 1008.49 1157.03 1157.03 1157.03 1097.42 1038.79 980.15 921.52 861.91 804.25 804.25 804.25 676.24 548.22 420.21 293.17 165.15 37.13 37.13 37.13 80.13 123.13 165.15 208.15 250.17 293.17 293.17 293.17 346.91 400.66 454.41 509.13 562.88 617.6 617.6 617.6 643.99 669.4 694.81 721.19 747.58 772.98 772.98 772.98 816.96 860.93 905.89 949.86 993.84 1038.79 1038.79 1038.79 1003.61 967.45 932.27 897.09 861.91 826.73 826.73 826.73 779.82 731.94 686.01 639.1 591.22 545.29 545.29 545.29 579.49 614.67 649.85 684.06 718.26 753.44 753.44 753.44 726.08 698.71 672.33 644.97 617.6 590.24 590.24 590.24 533.56 476.88 419.23 362.55 304.89 248.21 248.21 248.21 378.19 508.16 638.13 768.1 898.07 1028.04 1028.04 1028.04 1101.33 1175.6 1248.89 1323.16 1396.45 1469.74 1469.74 1469.74 1366.16 1262.57 1159.96 1055.4 951.81 848.23 848.23 848.23 924.45 999.7 1075.92 1153.12 1228.37 1304.59 1304.59 1304.59 1267.46 1230.32 1194.17 1157.03 1119.9 1082.76 1082.76 1082.76 989.93 898.07 804.25 711.42 619.56 526.72 526.72 526.72 617.6 708.49 799.37 890.25 981.13 1072.01 1072.01 1072.01 1085.69 1099.38 1114.03 1127.71 1142.37 1156.05 1156.05 1156.05 1008.49 859.96 712.4 564.83 417.27 269.71 269.71 269.71 352.78 434.86 518.91 601.97 684.06 768.1 768.1 768.1 835.53 904.91 973.31 1042.7 1110.12 1179.51 1179.51 1179.51 1138.46 1096.44 1055.4 1014.36 972.34 931.29 931.29 931.29 966.47 1000.68 1035.86 1071.04 1105.24 1140.42 1140.42 1140.42 1121.85 1104.26 1086.67 1069.08 1051.49 1033.9 1033.9 1033.9 979.18 925.43 872.66 817.94 764.19 709.46 709.46 709.46 805.23 901.0 996.77 1092.53 1188.3 1284.07 1284.07 1284.07 1317.3 1350.52 1383.75 1417.95 1451.18 1483.42 1483.42 1483.42 1415.02 1345.64 1276.25
configurarSolver --Gurobi
resolver --noConstante ejecuciones/bancos/recombinados/v1/directo/sgtm/v1_sgtm_000486.csv
finalizar
