inicializar --t 360
agregarAgente --SaltoGrande
0.001841
2133902914.0
4486.0 4478.0 4469.0 4461.0 4450.0 4446.0 4443.0 4439.0 4436.0 4433.0 4429.0 4426.0 4419.0 4416.0 4412.0 4409.0 4405.0 4402.0 4398.0 4395.0 4388.0 4385.0 4381.0 4378.0 4375.0 4371.0 4368.0 4364.0 4356.0 4351.0 4345.0 4340.0 4335.0 4330.0 4324.0 4319.0 4309.0 4304.0 4298.0 4293.0 4288.0 4283.0 4277.0 4272.0 4262.0 4257.0 4251.0 4246.0 4241.0 4236.0 4230.0 4225.0 4213.0 4206.0 4198.0 4191.0 4184.0 4177.0 4170.0 4163.0 4148.0 4141.0 4134.0 4127.0 4119.0 4112.0 4105.0 4098.0 4083.0 4076.0 4069.0 4062.0 4055.0 4048.0 4040.0 4033.0 4013.0 4000.0 3986.0 3973.0 3960.0 3947.0 3933.0 3920.0 3894.0 3881.0 3867.0 3854.0 3841.0 3828.0 3814.0 3801.0 3775.0 3762.0 3748.0 3735.0 3722.0 3709.0 3695.0 3682.0 3661.0 3653.0 3645.0 3637.0 3629.0 3621.0 3613.0 3605.0 3589.0 3581.0 3573.0 3565.0 3556.0 3548.0 3540.0 3532.0 3516.0 3508.0 3500.0 3492.0 3484.0 3476.0 3468.0 3460.0 3446.0 3440.0 3434.0 3428.0 3422.0 3416.0 3410.0 3404.0 3392.0 3386.0 3380.0 3374.0 3368.0 3362.0 3356.0 3350.0 3338.0 3332.0 3326.0 3320.0 3314.0 3308.0 3302.0 3296.0 3314.0 3339.0 3363.0 3388.0 3412.0 3437.0 3461.0 3486.0 3535.0 3559.0 3584.0 3608.0 3633.0 3657.0 3682.0 3706.0 3755.0 3780.0 3804.0 3829.0 3853.0 3878.0 3902.0 3927.0 3983.0 4015.0 4046.0 4078.0 4110.0 4142.0 4174.0 4206.0 4269.0 4301.0 4333.0 4365.0 4396.0 4428.0 4460.0 4492.0 4555.0 4587.0 4619.0 4651.0 4683.0 4715.0 4746.0 4778.0 4787.0 4765.0 4742.0 4720.0 4697.0 4675.0 4652.0 4630.0 4585.0 4562.0 4540.0 4517.0 4495.0 4472.0 4450.0 4427.0 4382.0 4360.0 4337.0 4315.0 4292.0 4270.0 4247.0 4225.0 4182.0 4162.0 4142.0 4122.0 4103.0 4083.0 4063.0 4043.0 4003.0 3983.0 3963.0 3943.0 3924.0 3904.0 3884.0 3864.0 3824.0 3804.0 3784.0 3764.0 3745.0 3725.0 3705.0 3685.0 3649.0 3633.0 3617.0 3601.0 3585.0 3569.0 3553.0 3537.0 3505.0 3489.0 3473.0 3457.0 3441.0 3425.0 3409.0 3393.0 3361.0 3345.0 3329.0 3313.0 3297.0 3281.0 3265.0 3249.0 3225.0 3218.0 3210.0 3202.0 3195.0 3187.0 3180.0 3172.0 3157.0 3149.0 3141.0 3134.0 3126.0 3119.0 3111.0 3103.0 3088.0 3080.0 3073.0 3065.0 3058.0 3050.0 3042.0 3035.0 3024.0 3022.0 3019.0 3017.0 3014.0 3012.0 3009.0 3007.0 3002.0 2999.0 2997.0 2994.0 2992.0 2989.0 2987.0 2984.0 2979.0 2977.0 2974.0 2972.0 2969.0 2967.0 2964.0 2962.0 2958.0 2958.0 2957.0 2957.0 2956.0 2956.0 2955.0 2955.0 2954.0 2953.0 2953.0 2952.0 2952.0 2951.0 2951.0 2950.0 2949.0 2949.0 2948.0 2948.0 2947.0 2947.0 2946.0 2946.0 2938.0 2932.0 2925.0 2918.0 2911.0 2905.0 2898.0 2891.0 2878.0 2871.0 2864.0 2857.0 2851.0 2844.0 2837.0 2830.0 2817.0 2810.0 2803.0 2797.0
agregarAgente --UnidadTermicaSimple
200.0
100.0
agregarAgente --DemandaFija
607.8 623.1 638.4 638.4 638.4 710.4 781.5 852.6 923.7 995.7 1066.8 1066.8 1066.8 1002.0 936.3 870.6 804.9 739.2 673.5 673.5 673.5 570.9 469.2 366.6 264.0 161.4 58.8 58.8 58.8 69.6 80.4 93.0 103.8 114.6 125.4 125.4 125.4 137.1 148.8 160.5 173.1 184.8 196.5 196.5 196.5 182.1 166.8 152.4 138.0 122.7 108.3 108.3 108.3 180.3 252.3 324.3 397.2 469.2 541.2 541.2 541.2 551.1 560.1 570.0 579.9 589.8 599.7 599.7 599.7 561.0 523.2 484.5 445.8 408.0 370.2 370.2 370.2 452.1 535.8 618.6 701.4 785.1 867.9 867.9 867.9 867.9 868.8 868.8 868.8 869.7 869.7 869.7 869.7 746.4 622.2 498.9 374.7 251.4 127.2 127.2 127.2 224.4 319.8 417.0 514.2 610.5 707.7 707.7 707.7 729.3 751.8 774.3 795.9 818.4 840.9 840.9 840.9 749.1 656.4 563.7 471.9 380.1 287.4 287.4 287.4 342.3 396.3 450.3 505.2 560.1 615.0 615.0 615.0 613.2 610.5 608.7 606.9 605.1 603.3 603.3 603.3 554.7 507.0 457.5 409.8 362.1 313.5 313.5 313.5 381.0 448.5 516.9 584.4 651.9 719.4 719.4 719.4 738.3 757.2 776.1 795.0 813.0 832.8 832.8 832.8 804.9 777.9 750.9 723.9 696.0 668.1 668.1 668.1 711.3 752.7 794.1 836.4 878.7 920.1 920.1 920.1 928.2 936.3 944.4 954.3 962.4 970.5 970.5 970.5 948.9 929.1 908.4 888.6 867.9 848.1 848.1 848.1 890.4 932.7 975.0 1017.3 1059.6 1102.8 1102.8 1102.8 1083.9 1064.1 1045.2 1026.3 1007.4 988.5 988.5 988.5 959.7 930.9 902.1 874.2 846.3 816.6 816.6 816.6 825.6 834.6 843.6 851.7 859.8 868.8 868.8 868.8 850.8 832.8 813.9 796.8 778.8 760.8 760.8 760.8 741.9 722.1 701.4 682.5 662.7 643.8 643.8 643.8 642.9 642.0 641.1 639.3 638.4 637.5 637.5 637.5 658.2 678.9 699.6 721.2 741.9 762.6 762.6 762.6 760.8 759.9 758.1 756.3 754.5 752.7 752.7 752.7 764.4 776.1 786.9 798.6 809.4 821.1 821.1 821.1 821.1 820.2 820.2 819.3 819.3 819.3 819.3 819.3 759.0 697.8 637.5 575.4 515.1 453.9 453.9 453.9 528.6 603.3 676.2 750.9 824.7 898.5 898.5 898.5 849.0 798.6 748.2 697.8 648.3 598.8 598.8 598.8 525.0 451.2 379.2 305.4 232.5 159.6 159.6 159.6 199.2 240.6 280.2 320.7 361.2 400.8 400.8 400.8 396.3 390.9 386.4 381.0 375.6 371.1 371.1 371.1 363.9 356.7 349.5 342.3 334.2 327.0 327.0 327.0 441.3 555.6 669.9 784.2 898.5 1012.8 1012.8 1012.8 957.9 903.0 849.0 793.2 739.2 683.4 683.4 683.4 633.9 585.3 534.9
crearDespacho --mercado --conDemandaTotal
4
0.02 0.07 0.145 1.0
370.0 600.0 2400.0 4000.0
670.96 687.85 704.74 704.74 704.74 784.23 862.71 941.2 1019.69 1099.17 1177.66 1177.66 1177.66 1106.13 1033.6 961.07 888.55 816.02 743.49 743.49 743.49 630.23 517.96 404.7 291.44 178.17 64.91 64.91 64.91 76.83 88.76 102.66 114.59 126.51 138.43 138.43 138.43 151.35 164.26 177.18 191.09 204.0 216.92 216.92 216.92 201.02 184.13 168.24 152.34 135.45 119.55 119.55 119.55 199.04 278.52 358.0 438.48 517.96 597.44 597.44 597.44 608.37 618.31 629.24 640.16 651.09 662.02 662.02 662.02 619.3 577.57 534.85 492.13 450.4 408.67 408.67 408.67 499.08 591.48 682.89 774.29 866.69 958.09 958.09 958.09 958.09 959.09 959.09 959.09 960.08 960.08 960.08 960.08 823.97 686.86 550.75 413.64 277.53 140.42 140.42 140.42 247.72 353.03 460.34 567.64 673.94 781.25 781.25 781.25 805.09 829.93 854.77 878.61 903.45 928.29 928.29 928.29 826.95 724.61 622.28 520.94 419.6 317.27 317.27 317.27 377.87 437.48 497.1 557.7 618.31 678.91 678.91 678.91 676.92 673.94 671.96 669.97 667.98 666.0 666.0 666.0 612.35 559.69 505.04 452.39 399.73 346.08 346.08 346.08 420.59 495.11 570.62 645.13 719.65 794.16 794.16 794.16 815.03 835.89 856.75 877.62 897.49 919.35 919.35 919.35 888.55 858.74 828.93 799.13 768.33 737.53 737.53 737.53 785.22 830.92 876.62 923.32 970.02 1015.72 1015.72 1015.72 1024.66 1033.6 1042.54 1053.47 1062.41 1071.36 1071.36 1071.36 1047.51 1025.65 1002.8 980.94 958.09 936.24 936.24 936.24 982.93 1029.63 1076.32 1123.02 1169.72 1217.4 1217.4 1217.4 1196.54 1174.68 1153.82 1132.95 1112.09 1091.23 1091.23 1091.23 1059.43 1027.64 995.85 965.05 934.25 901.46 901.46 901.46 911.4 921.33 931.27 940.21 949.15 959.09 959.09 959.09 939.22 919.35 898.48 879.6 859.73 839.86 839.86 839.86 819.0 797.14 774.29 753.43 731.57 710.7 710.7 710.7 709.71 708.72 707.72 705.74 704.74 703.75 703.75 703.75 726.6 749.45 772.3 796.15 819.0 841.85 841.85 841.85 839.86 838.87 836.88 834.9 832.91 830.92 830.92 830.92 843.84 856.75 868.68 881.59 893.51 906.43 906.43 906.43 906.43 905.44 905.44 904.44 904.44 904.44 904.44 904.44 837.88 770.32 703.75 635.2 568.63 501.07 501.07 501.07 583.53 666.0 746.47 828.93 910.4 991.87 991.87 991.87 937.23 881.59 825.95 770.32 715.67 661.03 661.03 661.03 579.56 498.09 418.61 337.14 256.66 176.19 176.19 176.19 219.9 265.6 309.32 354.03 398.74 442.45 442.45 442.45 437.48 431.52 426.56 420.59 414.63 409.67 409.67 409.67 401.72 393.77 385.82 377.87 368.93 360.98 360.98 360.98 487.16 613.34 739.52 865.7 991.87 1118.05 1118.05 1118.05 1057.45 996.84 937.23 875.63 816.02 754.42 754.42 754.42 699.78 646.13 590.49
configurarSolver --Gurobi
resolver --noConstante ejecuciones/bancos/recombinados/v1/directo/sgtm/v1_sgtm_000067.csv
finalizar
