inicializar --t 360
agregarAgente --SaltoGrande
0.000511
2618270994.0
4997.0 4998.0 4999.0 4999.0 4991.0 4982.0 4973.0 4964.0 4955.0 4946.0 4938.0 4929.0 4911.0 4902.0 4893.0 4884.0 4875.0 4866.0 4857.0 4848.0 4830.0 4821.0 4813.0 4804.0 4795.0 4786.0 4777.0 4768.0 4755.0 4752.0 4748.0 4745.0 4741.0 4737.0 4734.0 4730.0 4723.0 4719.0 4716.0 4712.0 4709.0 4705.0 4702.0 4698.0 4691.0 4687.0 4684.0 4680.0 4676.0 4673.0 4669.0 4666.0 4676.0 4690.0 4704.0 4718.0 4732.0 4746.0 4760.0 4774.0 4802.0 4816.0 4830.0 4844.0 4859.0 4873.0 4887.0 4901.0 4929.0 4943.0 4957.0 4971.0 4985.0 4999.0 5013.0 5027.0 5037.0 5033.0 5028.0 5024.0 5020.0 5016.0 5011.0 5007.0 4999.0 4995.0 4990.0 4986.0 4982.0 4978.0 4973.0 4969.0 4961.0 4957.0 4952.0 4948.0 4944.0 4940.0 4935.0 4931.0 4931.0 4936.0 4940.0 4944.0 4948.0 4953.0 4957.0 4961.0 4970.0 4974.0 4979.0 4983.0 4987.0 4991.0 4996.0 5000.0 5009.0 5013.0 5017.0 5022.0 5026.0 5030.0 5034.0 5039.0 5032.0 5022.0 5011.0 5001.0 4990.0 4979.0 4969.0 4958.0 4937.0 4926.0 4916.0 4905.0 4895.0 4884.0 4874.0 4863.0 4842.0 4831.0 4821.0 4810.0 4799.0 4789.0 4778.0 4768.0 4746.0 4734.0 4723.0 4711.0 4700.0 4688.0 4677.0 4665.0 4643.0 4631.0 4620.0 4608.0 4597.0 4585.0 4574.0 4562.0 4540.0 4528.0 4517.0 4505.0 4494.0 4482.0 4471.0 4459.0 4473.0 4499.0 4524.0 4550.0 4575.0 4601.0 4626.0 4652.0 4703.0 4728.0 4754.0 4779.0 4805.0 4830.0 4856.0 4881.0 4932.0 4958.0 4983.0 5009.0 5034.0 5060.0 5085.0 5111.0 5168.0 5199.0 5231.0 5262.0 5294.0 5325.0 5357.0 5388.0 5451.0 5483.0 5514.0 5546.0 5577.0 5609.0 5640.0 5672.0 5735.0 5766.0 5798.0 5829.0 5861.0 5892.0 5924.0 5955.0 5983.0 5979.0 5976.0 5972.0 5968.0 5964.0 5960.0 5956.0 5949.0 5945.0 5941.0 5937.0 5934.0 5930.0 5926.0 5922.0 5915.0 5911.0 5907.0 5903.0 5899.0 5895.0 5892.0 5888.0 5877.0 5871.0 5864.0 5857.0 5851.0 5844.0 5837.0 5831.0 5817.0 5811.0 5804.0 5797.0 5791.0 5784.0 5777.0 5771.0 5757.0 5751.0 5744.0 5737.0 5731.0 5724.0 5717.0 5711.0 5695.0 5686.0 5677.0 5668.0 5659.0 5650.0 5641.0 5632.0 5614.0 5605.0 5596.0 5587.0 5578.0 5569.0 5560.0 5551.0 5533.0 5524.0 5515.0 5506.0 5497.0 5488.0 5479.0 5470.0 5459.0 5456.0 5454.0 5452.0 5449.0 5447.0 5444.0 5442.0 5437.0 5435.0 5433.0 5430.0 5428.0 5425.0 5423.0 5421.0 5416.0 5414.0 5411.0 5409.0 5406.0 5404.0 5402.0 5399.0 5452.0 5507.0 5562.0 5617.0 5671.0 5726.0 5781.0 5836.0 5946.0 6001.0 6056.0 6111.0 6165.0 6220.0 6275.0 6330.0 6440.0 6495.0 6550.0 6605.0 6659.0 6714.0 6769.0 6824.0 6861.0 6844.0 6826.0 6809.0 6791.0 6773.0 6756.0 6738.0 6703.0 6685.0 6668.0 6650.0 6633.0 6615.0 6598.0 6580.0 6545.0 6527.0 6510.0 6492.0
agregarAgente --UnidadTermicaSimple
200.0
100.0
agregarAgente --DemandaFija
213.0 182.4 153.0 153.0 153.0 196.2 240.6 284.4 328.2 372.6 415.8 415.8 415.8 405.6 395.4 385.2 375.6 364.8 354.6 354.6 354.6 311.4 268.2 225.6 182.4 139.2 96.0 96.0 96.0 124.8 153.0 181.2 210.0 238.2 265.8 265.8 265.8 295.8 325.2 354.6 384.6 414.0 444.0 444.0 444.0 376.8 309.6 241.8 174.6 106.8 39.6 39.6 39.6 34.8 29.4 24.6 19.2 14.4 9.6 9.6 9.6 33.0 57.0 81.0 104.4 128.4 152.4 152.4 152.4 139.8 127.8 114.6 102.6 90.0 78.0 78.0 78.0 126.0 174.0 222.0 269.4 318.0 365.4 365.4 365.4 388.8 411.6 434.4 457.8 480.6 503.4 503.4 503.4 442.2 382.2 321.0 259.8 199.2 138.6 138.6 138.6 172.8 208.2 242.4 276.6 311.4 345.6 345.6 345.6 312.6 278.4 244.8 211.8 177.6 144.0 144.0 144.0 121.2 99.0 76.8 54.6 31.8 9.6 9.6 9.6 24.6 40.2 55.8 71.4 86.4 102.0 102.0 102.0 152.4 202.2 252.6 303.0 352.8 403.8 403.8 403.8 340.2 276.6 213.6 150.0 86.4 22.8 22.8 22.8 22.2 21.6 21.6 21.0 20.4 20.4 20.4 20.4 91.8 163.8 235.8 307.8 379.8 450.6 450.6 450.6 420.0 389.4 358.2 327.6 296.4 265.2 265.2 265.2 300.0 334.2 368.4 403.2 436.8 471.6 471.6 471.6 474.6 477.0 480.0 482.4 485.4 487.8 487.8 487.8 430.8 375.0 318.0 261.0 204.0 148.2 148.2 148.2 210.6 273.0 336.0 399.0 462.0 524.4 524.4 524.4 506.4 488.4 471.0 453.0 434.4 417.0 417.0 417.0 358.8 301.2 243.6 185.4 127.8 70.2 70.2 70.2 132.6 194.4 256.8 319.8 382.2 444.0 444.0 444.0 460.8 476.4 492.6 508.2 524.4 540.6 540.6 540.6 480.0 419.4 358.8 298.8 238.2 177.6 177.6 177.6 258.0 337.8 418.2 498.6 578.4 658.8 658.8 658.8 620.4 580.8 542.4 503.4 465.0 426.0 426.0 426.0 381.6 336.6 292.2 247.2 202.2 157.8 157.8 157.8 169.8 182.4 194.4 207.0 219.6 231.6 231.6 231.6 243.6 255.6 267.6 279.6 292.2 304.2 304.2 304.2 288.6 271.8 256.2 240.0 224.4 208.2 208.2 208.2 189.6 171.0 152.4 134.4 115.2 96.6 96.6 96.6 114.0 131.4 148.2 165.0 181.8 198.6 198.6 198.6 200.4 202.2 204.0 206.4 208.2 210.0 210.0 210.0 237.6 264.6 292.8 320.4 347.4 375.6 375.6 375.6 409.8 443.4 478.2 511.8 546.6 580.2 580.2 580.2 522.0 463.8 405.0 346.2 288.0 229.2 229.2 229.2 279.0 328.8 379.2 428.4 478.8 528.0 528.0 528.0 504.6 481.2 458.4 434.4 411.0 387.6 387.6 387.6 327.6 268.2 208.8
crearDespacho --mercado --conDemandaTotal
4
0.02 0.07 0.145 1.0
370.0 600.0 2400.0 4000.0
545.03 466.73 391.5 391.5 391.5 502.04 615.65 727.73 839.8 953.41 1063.95 1063.95 1063.95 1037.85 1011.75 985.65 961.09 933.45 907.35 907.35 907.35 796.81 686.27 577.27 466.73 356.19 245.65 245.65 245.65 319.34 391.5 463.66 537.35 609.51 680.13 680.13 680.13 756.9 832.12 907.35 984.12 1059.35 1136.11 1136.11 1136.11 964.16 792.21 618.72 446.77 273.28 101.33 101.33 101.33 89.05 75.23 62.95 49.13 36.85 24.56 24.56 24.56 84.44 145.85 207.26 267.14 328.55 389.96 389.96 389.96 357.72 327.02 293.24 262.53 230.29 199.59 199.59 199.59 322.41 445.23 568.06 689.34 813.7 934.99 934.99 934.99 994.86 1053.21 1111.55 1171.42 1229.76 1288.1 1288.1 1288.1 1131.5 977.98 821.38 664.78 509.71 354.65 354.65 354.65 442.16 532.74 620.26 707.77 796.81 884.32 884.32 884.32 799.88 712.37 626.4 541.96 454.44 368.47 368.47 368.47 310.13 253.32 196.52 139.71 81.37 24.56 24.56 24.56 62.95 102.86 142.78 182.7 221.08 261.0 261.0 261.0 389.96 517.39 646.35 775.32 902.75 1033.25 1033.25 1033.25 870.51 707.77 546.56 383.82 221.08 58.34 58.34 58.34 56.81 55.27 55.27 53.73 52.2 52.2 52.2 52.2 234.9 419.13 603.37 787.6 971.84 1153.0 1153.0 1153.0 1074.7 996.4 916.57 838.27 758.43 678.6 678.6 678.6 767.64 855.15 942.66 1031.71 1117.69 1206.73 1206.73 1206.73 1214.41 1220.55 1228.23 1234.37 1242.05 1248.19 1248.19 1248.19 1102.33 959.55 813.7 667.85 522.0 379.22 379.22 379.22 538.88 698.55 859.76 1020.96 1182.17 1341.84 1341.84 1341.84 1295.78 1249.72 1205.2 1159.14 1111.55 1067.02 1067.02 1067.02 918.1 770.71 623.33 474.4 327.02 179.63 179.63 179.63 339.3 497.43 657.1 818.31 977.98 1136.11 1136.11 1136.11 1179.1 1219.02 1260.47 1300.39 1341.84 1383.29 1383.29 1383.29 1228.23 1073.16 918.1 764.57 609.51 454.44 454.44 454.44 660.17 864.37 1070.09 1275.82 1480.01 1685.74 1685.74 1685.74 1587.48 1486.16 1387.9 1288.1 1189.85 1090.05 1090.05 1090.05 976.44 861.29 747.68 632.54 517.39 403.78 403.78 403.78 434.49 466.73 497.43 529.67 561.91 592.62 592.62 592.62 623.33 654.03 684.74 715.44 747.68 778.39 778.39 778.39 738.47 695.48 655.57 614.11 574.2 532.74 532.74 532.74 485.15 437.56 389.96 343.9 294.77 247.18 247.18 247.18 291.7 336.23 379.22 422.2 465.19 508.18 508.18 508.18 512.79 517.39 522.0 528.14 532.74 537.35 537.35 537.35 607.97 677.06 749.22 819.84 888.93 961.09 961.09 961.09 1048.6 1134.58 1223.62 1309.6 1398.64 1484.62 1484.62 1484.62 1335.7 1186.78 1036.32 885.86 736.94 586.48 586.48 586.48 713.91 841.34 970.3 1096.19 1225.16 1351.05 1351.05 1351.05 1291.17 1231.3 1172.96 1111.55 1051.67 991.79 991.79 991.79 838.27 686.27 534.28
configurarSolver --Gurobi
resolver --noConstante ejecuciones/bancos/recombinados/v1/directo/sgtm/v1_sgtm_000345.csv
finalizar
