inicializar --t 360
agregarAgente --SaltoGrande
0.0017
1681415995.0
5942.0 5976.0 6010.0 6044.0 6077.0 6075.0 6074.0 6072.0 6071.0 6069.0 6068.0 6066.0 6063.0 6062.0 6060.0 6059.0 6057.0 6056.0 6054.0 6053.0 6050.0 6048.0 6047.0 6045.0 6044.0 6042.0 6041.0 6039.0 6020.0 6003.0 5985.0 5967.0 5949.0 5932.0 5914.0 5896.0 5861.0 5843.0 5825.0 5807.0 5790.0 5772.0 5754.0 5736.0 5701.0 5683.0 5665.0 5648.0 5630.0 5612.0 5594.0 5577.0 5528.0 5497.0 5467.0 5436.0 5405.0 5374.0 5343.0 5312.0 5251.0 5220.0 5189.0 5158.0 5128.0 5097.0 5066.0 5035.0 4974.0 4943.0 4912.0 4881.0 4850.0 4819.0 4789.0 4758.0 4701.0 4675.0 4650.0 4624.0 4598.0 4572.0 4546.0 4520.0 4469.0 4443.0 4417.0 4391.0 4366.0 4340.0 4314.0 4288.0 4237.0 4211.0 4185.0 4159.0 4133.0 4107.0 4082.0 4056.0 4016.0 4003.0 3989.0 3976.0 3962.0 3949.0 3935.0 3922.0 3894.0 3881.0 3867.0 3854.0 3840.0 3827.0 3813.0 3800.0 3772.0 3759.0 3745.0 3732.0 3718.0 3705.0 3691.0 3678.0 3644.0 3623.0 3603.0 3583.0 3562.0 3542.0 3522.0 3501.0 3461.0 3440.0 3420.0 3400.0 3379.0 3359.0 3339.0 3318.0 3278.0 3257.0 3237.0 3217.0 3196.0 3176.0 3156.0 3135.0 3094.0 3073.0 3053.0 3032.0 3011.0 2990.0 2970.0 2949.0 2907.0 2886.0 2866.0 2845.0 2824.0 2803.0 2783.0 2762.0 2720.0 2699.0 2679.0 2658.0 2637.0 2616.0 2596.0 2575.0 2541.0 2527.0 2514.0 2500.0 2487.0 2473.0 2460.0 2446.0 2419.0 2406.0 2392.0 2379.0 2365.0 2352.0 2338.0 2325.0 2298.0 2284.0 2271.0 2257.0 2244.0 2230.0 2217.0 2203.0 2183.0 2175.0 2168.0 2160.0 2153.0 2146.0 2138.0 2131.0 2116.0 2109.0 2101.0 2094.0 2086.0 2079.0 2071.0 2064.0 2049.0 2042.0 2034.0 2027.0 2020.0 2012.0 2005.0 1997.0 1985.0 1981.0 1976.0 1972.0 1967.0 1962.0 1958.0 1953.0 1944.0 1939.0 1935.0 1930.0 1926.0 1921.0 1917.0 1912.0 1903.0 1898.0 1894.0 1889.0 1884.0 1880.0 1875.0 1871.0 1864.0 1862.0 1861.0 1859.0 1857.0 1855.0 1854.0 1852.0 1848.0 1846.0 1845.0 1843.0 1841.0 1839.0 1838.0 1836.0 1832.0 1830.0 1829.0 1827.0 1825.0 1823.0 1822.0 1820.0 1820.0 1822.0 1824.0 1826.0 1829.0 1831.0 1833.0 1835.0 1839.0 1841.0 1843.0 1845.0 1848.0 1850.0 1852.0 1854.0 1858.0 1860.0 1862.0 1864.0 1867.0 1869.0 1871.0 1873.0 1878.0 1882.0 1885.0 1888.0 1892.0 1895.0 1899.0 1902.0 1909.0 1912.0 1915.0 1919.0 1922.0 1926.0 1929.0 1932.0 1939.0 1942.0 1946.0 1949.0 1953.0 1956.0 1959.0 1963.0 1969.0 1973.0 1976.0 1980.0 1983.0 1987.0 1990.0 1994.0 2000.0 2004.0 2007.0 2011.0 2014.0 2018.0 2021.0 2025.0 2031.0 2035.0 2038.0 2042.0 2045.0 2049.0 2052.0 2056.0 2055.0 2051.0 2047.0 2043.0 2039.0 2035.0 2030.0 2026.0 2018.0 2014.0 2010.0 2006.0 2002.0 1998.0 1994.0 1990.0 1982.0 1978.0 1973.0 1969.0
agregarAgente --UnidadTermicaSimple
200.0
100.0
agregarAgente --DemandaFija
365.7 361.2 354.9 350.4 351.3 356.7 362.1 367.5 373.8 378.3 383.7 389.1 399.9 404.4 408.0 413.4 417.9 421.5 426.0 430.5 419.7 405.3 389.1 373.8 359.4 344.1 328.8 314.4 297.3 295.5 292.8 291.9 290.1 287.4 286.5 283.8 293.7 305.4 318.0 329.7 341.4 352.2 364.8 376.5 379.2 370.2 362.1 354.0 345.9 337.8 328.8 318.9 318.0 326.1 334.2 341.4 348.6 355.8 363.9 372.0 382.8 386.4 389.1 392.7 395.4 399.0 402.6 405.3 392.7 375.6 359.4 342.3 326.1 309.9 292.8 277.5 264.9 270.3 275.7 280.2 285.6 291.0 295.5 300.9 312.6 318.9 325.2 332.4 338.7 345.0 352.2 358.5 361.2 356.7 352.2 348.6 345.0 341.4 336.9 333.3 334.2 339.6 345.0 350.4 354.9 361.2 365.7 371.1 377.4 380.1 382.8 384.6 387.3 390.0 392.7 392.7 380.1 364.8 349.5 334.2 319.8 303.6 288.3 274.8 260.4 258.6 255.9 253.2 251.4 248.7 246.9 245.1 255.0 267.6 279.3 291.9 303.6 316.2 327.9 340.5 347.7 343.2 338.7 333.3 329.7 324.3 319.8 315.3 320.7 333.3 343.2 354.0 366.6 376.5 387.3 398.1 410.7 413.4 415.2 416.1 418.8 420.6 421.5 424.2 417.0 408.0 399.0 390.0 381.0 372.0 363.9 354.9 352.2 358.5 364.8 371.1 377.4 382.8 389.1 395.4 408.0 412.5 417.9 422.4 426.9 433.2 437.7 442.2 439.5 432.3 424.2 417.0 408.9 401.7 392.7 385.5 375.6 372.9 370.2 368.4 365.7 363.0 361.2 358.5 357.6 388.2 418.8 450.3 480.0 511.5 543.0 544.8 539.4 543.0 548.4 552.0 556.5 560.1 565.5 557.4 557.4 602.4 649.2 695.1 741.0 787.8 833.7 841.8 850.8 851.7 852.6 853.5 854.4 855.3 857.1 857.1 845.4 836.4 826.5 816.6 806.7 797.7 787.8 776.1 768.0 771.6 776.1 779.7 784.2 787.8 792.3 795.9 804.9 806.7 808.5 810.3 813.0 814.8 816.6 822.9 817.5 790.5 765.3 738.3 711.3 685.2 659.1 647.4 633.0 629.4 625.8 623.1 619.5 615.9 613.2 609.6 615.0 624.0 632.1 641.1 648.3 657.3 665.4 674.4 672.6 693.3 714.0 734.7 754.5 775.2 795.0 785.1 776.1 786.0 795.9 806.7 817.5 826.5 837.3 838.2 840.9 843.6 847.2 850.8 853.5 857.1 859.8 862.5 861.6 840.0 819.3 797.7 777.0 755.4 734.7 731.1 734.7 749.1 763.5 777.9 791.4 805.8 821.1 827.4 836.4 847.2 858.9 871.5 883.2 894.0 906.6 909.3 904.8 885.9 868.8 850.8 831.9 813.9 795.9 788.7 782.4 795.9 809.4 822.9 835.5 849.0 861.6 863.4 866.1 865.2 864.3 863.4 862.5 862.5 861.6 861.6 857.1 842.7 829.2 815.7
crearDespacho --mercado --conDemandaTotal
4
0.02 0.07 0.145 1.0
370.0 600.0 2400.0 4000.0
520.61 514.2 505.23 498.82 500.11 507.79 515.48 523.17 532.14 538.54 546.23 553.92 569.29 575.7 580.82 588.51 594.92 600.04 606.45 612.85 597.48 576.98 553.92 532.14 511.64 489.86 468.08 447.58 423.23 420.67 416.83 415.54 412.98 409.14 407.86 404.01 418.11 434.76 452.7 469.36 486.01 501.39 519.32 535.98 539.82 527.01 515.48 503.95 492.42 480.89 468.08 453.98 452.7 464.23 475.76 486.01 496.26 506.51 518.04 529.57 544.95 550.07 553.92 559.04 562.89 568.01 573.14 576.98 559.04 534.7 511.64 487.29 464.23 441.17 416.83 395.05 377.11 384.8 392.48 398.89 406.58 414.26 420.67 428.36 445.01 453.98 462.95 473.2 482.17 491.14 501.39 510.36 514.2 507.79 501.39 496.26 491.14 486.01 479.61 474.48 475.76 483.45 491.14 498.82 505.23 514.2 520.61 528.29 537.26 541.1 544.95 547.51 551.35 555.2 559.04 559.04 541.1 519.32 497.54 475.76 455.26 432.2 410.42 391.2 370.7 368.14 364.3 360.45 357.89 354.05 351.48 348.92 363.01 380.95 397.61 415.54 432.2 450.14 466.79 484.73 494.98 488.57 482.17 474.48 469.36 461.67 455.26 448.86 456.54 474.48 488.57 503.95 521.89 535.98 551.35 566.73 584.67 588.51 591.07 592.35 596.2 598.76 600.04 603.89 593.64 580.82 568.01 555.2 542.39 529.57 518.04 505.23 501.39 510.36 519.32 528.29 537.26 544.95 553.92 562.89 580.82 587.23 594.92 601.32 607.73 616.7 623.1 629.51 625.67 615.42 603.89 593.64 582.1 571.85 559.04 548.79 534.7 530.86 527.01 524.45 520.61 516.76 514.2 510.36 509.07 552.64 596.2 641.04 683.32 728.16 773.01 775.57 767.88 773.01 780.69 785.82 792.23 797.35 805.04 793.51 793.51 857.57 924.19 989.53 1054.88 1121.5 1186.84 1198.37 1211.19 1212.47 1213.75 1215.03 1216.31 1217.59 1220.16 1220.16 1203.5 1190.69 1176.59 1162.5 1148.41 1135.59 1121.5 1104.84 1093.31 1098.44 1104.84 1109.97 1116.38 1121.5 1127.91 1133.03 1145.84 1148.41 1150.97 1153.53 1157.38 1159.94 1162.5 1171.47 1163.78 1125.34 1089.47 1051.03 1012.6 975.44 938.29 921.63 901.13 896.0 890.88 887.04 881.91 876.79 872.94 867.82 875.51 888.32 899.85 912.66 922.91 935.72 947.25 960.07 957.5 986.97 1016.44 1045.91 1074.1 1103.56 1131.75 1117.66 1104.84 1118.94 1133.03 1148.41 1163.78 1176.59 1191.97 1193.25 1197.09 1200.94 1206.06 1211.19 1215.03 1220.16 1224.0 1227.84 1226.56 1195.81 1166.34 1135.59 1106.13 1075.38 1045.91 1040.78 1045.91 1066.41 1086.91 1107.41 1126.63 1147.13 1168.91 1177.87 1190.69 1206.06 1222.72 1240.66 1257.31 1272.69 1290.62 1294.47 1288.06 1261.15 1236.81 1211.19 1184.28 1158.66 1133.03 1122.78 1113.81 1133.03 1152.25 1171.47 1189.41 1208.62 1226.56 1229.12 1232.97 1231.69 1230.41 1229.12 1227.84 1227.84 1226.56 1226.56 1220.16 1199.66 1180.44 1161.22
configurarSolver --Gurobi
resolver --noConstante ejecuciones/bancos/recombinados/v1/directo/sgtm/v1_sgtm_000171.csv
finalizar
