inicializar --t 360
agregarAgente --SaltoGrande
0.000144
2104235473.0
1017.0 1019.0 1021.0 1022.0 1027.0 1030.0 1033.0 1036.0 1040.0 1043.0 1046.0 1049.0 1055.0 1058.0 1061.0 1064.0 1068.0 1071.0 1074.0 1077.0 1083.0 1086.0 1089.0 1092.0 1096.0 1099.0 1102.0 1105.0 1100.0 1093.0 1085.0 1077.0 1069.0 1062.0 1054.0 1046.0 1031.0 1023.0 1016.0 1008.0 1000.0 992.0 985.0 977.0 962.0 954.0 946.0 939.0 931.0 923.0 915.0 908.0 900.0 901.0 901.0 901.0 901.0 902.0 902.0 902.0 903.0 903.0 904.0 904.0 904.0 904.0 905.0 905.0 906.0 906.0 906.0 907.0 907.0 907.0 907.0 908.0 907.0 905.0 904.0 903.0 901.0 900.0 899.0 897.0 895.0 893.0 892.0 891.0 889.0 888.0 887.0 885.0 883.0 881.0 880.0 879.0 877.0 876.0 875.0 873.0 871.0 870.0 869.0 868.0 867.0 866.0 866.0 865.0 863.0 862.0 861.0 860.0 859.0 858.0 857.0 856.0 854.0 853.0 853.0 852.0 851.0 850.0 849.0 848.0 850.0 853.0 856.0 859.0 862.0 865.0 868.0 871.0 877.0 880.0 883.0 886.0 889.0 892.0 895.0 898.0 904.0 907.0 910.0 913.0 916.0 919.0 922.0 925.0 930.0 933.0 935.0 937.0 939.0 942.0 944.0 946.0 951.0 953.0 956.0 958.0 960.0 962.0 965.0 967.0 972.0 974.0 976.0 979.0 981.0 983.0 985.0 988.0 992.0 994.0 995.0 997.0 999.0 1001.0 1002.0 1004.0 1008.0 1010.0 1011.0 1013.0 1015.0 1017.0 1018.0 1020.0 1024.0 1026.0 1027.0 1029.0 1031.0 1033.0 1034.0 1036.0 1052.0 1067.0 1081.0 1096.0 1110.0 1125.0 1139.0 1154.0 1183.0 1197.0 1212.0 1226.0 1241.0 1255.0 1270.0 1284.0 1313.0 1328.0 1342.0 1357.0 1371.0 1386.0 1400.0 1415.0 1429.0 1429.0 1428.0 1428.0 1428.0 1428.0 1427.0 1427.0 1427.0 1427.0 1426.0 1426.0 1426.0 1426.0 1425.0 1425.0 1425.0 1425.0 1424.0 1424.0 1424.0 1424.0 1423.0 1423.0 1491.0 1558.0 1626.0 1693.0 1761.0 1829.0 1896.0 1964.0 2099.0 2167.0 2234.0 2302.0 2369.0 2437.0 2504.0 2572.0 2707.0 2775.0 2842.0 2910.0 2978.0 3045.0 3113.0 3180.0 3294.0 3340.0 3385.0 3431.0 3477.0 3523.0 3569.0 3615.0 3706.0 3752.0 3798.0 3844.0 3889.0 3935.0 3981.0 4027.0 4118.0 4164.0 4210.0 4256.0 4302.0 4348.0 4393.0 4439.0 4466.0 4446.0 4427.0 4407.0 4388.0 4368.0 4349.0 4329.0 4291.0 4271.0 4252.0 4232.0 4213.0 4193.0 4174.0 4154.0 4116.0 4096.0 4077.0 4057.0 4038.0 4018.0 3999.0 3979.0 3929.0 3898.0 3867.0 3836.0 3805.0 3774.0 3743.0 3712.0 3650.0 3619.0 3588.0 3557.0 3526.0 3495.0 3464.0 3433.0 3371.0 3340.0 3309.0 3278.0 3247.0 3216.0 3185.0 3154.0 3097.0 3072.0 3046.0 3020.0 2994.0 2969.0 2943.0 2917.0 2866.0 2840.0 2815.0 2789.0 2763.0 2737.0 2712.0 2686.0 2635.0 2609.0 2583.0 2558.0
agregarAgente --UnidadTermicaSimple
200.0
100.0
agregarAgente --DemandaFija
871.5 827.4 785.1 785.1 785.1 856.2 926.4 997.5 1067.7 1139.7 1210.8 1210.8 1210.8 1158.6 1108.2 1056.0 1005.6 955.2 903.0 903.0 903.0 848.1 791.4 735.6 679.8 624.0 567.3 567.3 567.3 640.2 713.1 785.1 857.1 929.1 1002.0 1002.0 1002.0 958.8 914.7 871.5 827.4 784.2 741.0 741.0 741.0 711.3 680.7 651.0 621.3 591.6 561.0 561.0 561.0 619.5 677.1 736.5 794.1 852.6 910.2 910.2 910.2 913.8 916.5 920.1 922.8 925.5 929.1 929.1 929.1 885.0 841.8 797.7 753.6 710.4 666.3 666.3 666.3 719.4 770.7 822.9 876.0 928.2 981.3 981.3 981.3 878.7 777.0 675.3 573.6 472.8 371.1 371.1 371.1 363.9 355.8 348.6 341.4 332.4 325.2 325.2 325.2 345.0 363.9 382.8 401.7 420.6 439.5 439.5 439.5 444.0 448.5 453.0 457.5 462.0 466.5 466.5 466.5 500.7 534.9 570.0 605.1 639.3 673.5 673.5 673.5 711.3 749.1 786.0 823.8 861.6 899.4 899.4 899.4 900.3 901.2 903.0 903.9 905.7 906.6 906.6 906.6 858.9 810.3 762.6 714.9 666.3 618.6 618.6 618.6 676.2 734.7 793.2 851.7 909.3 968.7 968.7 968.7 937.2 907.5 876.9 846.3 815.7 785.1 785.1 785.1 701.4 618.6 534.0 450.3 367.5 283.8 283.8 283.8 402.6 521.4 640.2 759.9 878.7 997.5 997.5 997.5 978.6 959.7 940.8 921.9 903.0 884.1 884.1 884.1 772.5 661.8 550.2 438.6 327.9 217.2 217.2 217.2 322.5 427.8 534.0 639.3 745.5 850.8 850.8 850.8 885.0 920.1 955.2 989.4 1023.6 1057.8 1057.8 1057.8 936.3 814.8 694.2 572.7 451.2 329.7 329.7 329.7 294.6 259.5 224.4 188.4 154.2 119.1 119.1 119.1 152.4 185.7 219.9 253.2 286.5 320.7 320.7 320.7 348.6 375.6 403.5 430.5 457.5 486.3 486.3 486.3 556.5 628.5 699.6 770.7 842.7 913.8 913.8 913.8 915.6 918.3 920.1 922.8 924.6 927.3 927.3 927.3 850.8 773.4 696.0 619.5 541.2 464.7 464.7 464.7 498.9 533.1 567.3 602.4 636.6 670.8 670.8 670.8 695.1 720.3 745.5 769.8 794.1 818.4 818.4 818.4 756.3 692.4 630.3 566.4 504.3 440.4 440.4 440.4 521.4 601.5 681.6 761.7 842.7 922.8 922.8 922.8 853.5 783.3 714.0 644.7 574.5 505.2 505.2 505.2 464.7 422.4 381.0 340.5 298.2 256.8 256.8 256.8 221.7 185.7 150.6 115.5 79.5 44.4 44.4 44.4 140.7 236.1 331.5 427.8 524.1 620.4 620.4 620.4 616.8 614.1 610.5 607.8 604.2 601.5 601.5 601.5 651.9 703.2 754.5 804.9 857.1 907.5 907.5 907.5 882.3 857.1 831.9 805.8 779.7 754.5 754.5 754.5 639.3 524.1 408.0
crearDespacho --mercado --conDemandaTotal
4
0.02 0.07 0.145 1.0
370.0 600.0 2400.0 4000.0
943.48 895.74 849.94 849.94 849.94 926.91 1002.91 1079.88 1155.88 1233.83 1310.8 1310.8 1310.8 1254.29 1199.73 1143.22 1088.65 1034.09 977.58 977.58 977.58 918.14 856.76 796.35 735.94 675.54 614.15 614.15 614.15 693.07 772.0 849.94 927.89 1005.83 1084.76 1084.76 1084.76 1037.99 990.25 943.48 895.74 848.97 802.2 802.2 802.2 770.05 736.92 704.77 672.61 640.46 607.33 607.33 607.33 670.66 733.02 797.33 859.69 923.02 985.37 985.37 985.37 989.27 992.19 996.09 999.01 1001.94 1005.83 1005.83 1005.83 958.09 911.32 863.58 815.84 769.07 721.33 721.33 721.33 778.82 834.35 890.86 948.35 1004.86 1062.35 1062.35 1062.35 951.27 841.17 731.07 620.97 511.85 401.75 401.75 401.75 393.95 385.19 377.39 369.6 359.85 352.06 352.06 352.06 373.49 393.95 414.42 434.88 455.34 475.8 475.8 475.8 480.67 485.54 490.41 495.29 500.16 505.03 505.03 505.03 542.05 579.08 617.08 655.08 692.1 729.12 729.12 729.12 770.05 810.97 850.92 891.84 932.76 973.68 973.68 973.68 974.66 975.63 977.58 978.55 980.5 981.48 981.48 981.48 929.84 877.22 825.58 773.94 721.33 669.69 669.69 669.69 732.05 795.38 858.71 922.04 984.4 1048.71 1048.71 1048.71 1014.6 982.45 949.32 916.2 883.07 849.94 849.94 849.94 759.33 669.69 578.1 487.49 397.85 307.24 307.24 307.24 435.85 564.46 693.07 822.66 951.27 1079.88 1079.88 1079.88 1059.42 1038.96 1018.5 998.04 977.58 957.12 957.12 957.12 836.3 716.46 595.64 474.82 354.98 235.14 235.14 235.14 349.14 463.13 578.1 692.1 807.07 921.07 921.07 921.07 958.09 996.09 1034.09 1071.11 1108.14 1145.16 1145.16 1145.16 1013.63 882.09 751.53 620.0 488.46 356.93 356.93 356.93 318.93 280.93 242.93 203.96 166.94 128.94 128.94 128.94 164.99 201.04 238.06 274.11 310.16 347.19 347.19 347.19 377.39 406.62 436.83 466.06 495.29 526.46 526.46 526.46 602.46 680.41 757.38 834.35 912.3 989.27 989.27 989.27 991.22 994.14 996.09 999.01 1000.96 1003.89 1003.89 1003.89 921.07 837.28 753.48 670.66 585.9 503.08 503.08 503.08 540.1 577.13 614.15 652.15 689.18 726.2 726.2 726.2 752.51 779.79 807.07 833.38 859.69 885.99 885.99 885.99 818.76 749.59 682.36 613.18 545.95 476.77 476.77 476.77 564.46 651.18 737.89 824.61 912.3 999.01 999.01 999.01 923.99 847.99 772.97 697.95 621.95 546.92 546.92 546.92 503.08 457.29 412.47 368.62 322.83 278.01 278.01 278.01 240.01 201.04 163.04 125.04 86.07 48.07 48.07 48.07 152.32 255.6 358.88 463.13 567.39 671.64 671.64 671.64 667.74 664.82 660.92 658.0 654.1 651.18 651.18 651.18 705.74 761.28 816.81 871.38 927.89 982.45 982.45 982.45 955.17 927.89 900.61 872.35 844.1 816.81 816.81 816.81 692.1 567.39 441.7
configurarSolver --Gurobi
resolver --noConstante ejecuciones/bancos/recombinados/v1/directo/sgtm/v1_sgtm_000465.csv
finalizar
