inicializar --t 360
agregarAgente --SaltoGrande
0.000384
1115367887.0
4429.0 4465.0 4500.0 4536.0 4639.0 4705.0 4772.0 4839.0 4906.0 4972.0 5039.0 5106.0 5239.0 5306.0 5373.0 5440.0 5506.0 5573.0 5640.0 5707.0 5840.0 5907.0 5974.0 6040.0 6107.0 6174.0 6241.0 6307.0 6456.0 6537.0 6619.0 6701.0 6783.0 6864.0 6946.0 7028.0 7191.0 7273.0 7355.0 7437.0 7518.0 7600.0 7682.0 7764.0 7927.0 8009.0 8091.0 8172.0 8254.0 8336.0 8418.0 8499.0 8609.0 8636.0 8664.0 8692.0 8719.0 8747.0 8775.0 8802.0 8858.0 8885.0 8913.0 8941.0 8968.0 8996.0 9024.0 9051.0 9107.0 9134.0 9162.0 9190.0 9217.0 9245.0 9273.0 9300.0 9337.0 9347.0 9356.0 9365.0 9374.0 9384.0 9393.0 9402.0 9421.0 9430.0 9439.0 9448.0 9458.0 9467.0 9476.0 9485.0 9504.0 9513.0 9522.0 9532.0 9541.0 9550.0 9559.0 9569.0 9563.0 9548.0 9533.0 9519.0 9504.0 9489.0 9474.0 9459.0 9429.0 9415.0 9400.0 9385.0 9370.0 9355.0 9340.0 9326.0 9296.0 9281.0 9266.0 9251.0 9236.0 9222.0 9207.0 9192.0 9139.0 9102.0 9064.0 9026.0 8989.0 8951.0 8913.0 8876.0 8800.0 8763.0 8725.0 8687.0 8650.0 8612.0 8574.0 8537.0 8461.0 8424.0 8386.0 8348.0 8311.0 8273.0 8235.0 8198.0 8103.0 8046.0 7988.0 7931.0 7874.0 7817.0 7760.0 7703.0 7588.0 7531.0 7474.0 7417.0 7359.0 7302.0 7245.0 7188.0 7073.0 7016.0 6959.0 6902.0 6845.0 6788.0 6730.0 6673.0 6584.0 6553.0 6521.0 6490.0 6458.0 6427.0 6395.0 6364.0 6301.0 6269.0 6238.0 6206.0 6175.0 6143.0 6112.0 6080.0 6017.0 5986.0 5954.0 5923.0 5891.0 5860.0 5828.0 5797.0 5725.0 5684.0 5644.0 5603.0 5563.0 5523.0 5482.0 5442.0 5361.0 5321.0 5280.0 5240.0 5199.0 5159.0 5118.0 5078.0 4997.0 4957.0 4916.0 4876.0 4836.0 4795.0 4755.0 4714.0 4648.0 4623.0 4597.0 4571.0 4545.0 4520.0 4494.0 4468.0 4417.0 4391.0 4366.0 4340.0 4314.0 4288.0 4263.0 4237.0 4186.0 4160.0 4134.0 4109.0 4083.0 4057.0 4031.0 4006.0 3950.0 3920.0 3891.0 3861.0 3831.0 3801.0 3772.0 3742.0 3682.0 3652.0 3623.0 3593.0 3563.0 3533.0 3504.0 3474.0 3414.0 3384.0 3355.0 3325.0 3295.0 3265.0 3236.0 3206.0 3161.0 3145.0 3130.0 3114.0 3099.0 3083.0 3068.0 3052.0 3021.0 3006.0 2990.0 2975.0 2959.0 2944.0 2928.0 2913.0 2882.0 2866.0 2851.0 2835.0 2820.0 2804.0 2789.0 2773.0 2755.0 2753.0 2750.0 2747.0 2744.0 2742.0 2739.0 2736.0 2731.0 2728.0 2726.0 2723.0 2720.0 2717.0 2715.0 2712.0 2707.0 2704.0 2701.0 2699.0 2696.0 2693.0 2690.0 2688.0 2677.0 2669.0 2661.0 2653.0 2645.0 2637.0 2629.0 2621.0 2605.0 2597.0 2589.0 2581.0 2573.0 2565.0 2557.0 2549.0 2533.0 2525.0 2517.0 2509.0 2501.0 2493.0 2485.0 2477.0 2471.0 2474.0 2476.0 2479.0 2481.0 2483.0 2486.0 2488.0 2493.0 2495.0 2498.0 2500.0 2503.0 2505.0 2508.0 2510.0 2515.0 2517.0 2520.0 2522.0
agregarAgente --UnidadTermicaSimple
200.0
100.0
agregarAgente --DemandaFija
417.9 316.2 213.6 213.6 213.6 249.6 284.7 319.8 355.8 390.9 426.0 426.0 426.0 428.7 431.4 434.1 436.8 439.5 442.2 442.2 442.2 378.3 313.5 249.6 185.7 121.8 57.0 57.0 57.0 101.1 144.3 188.4 232.5 275.7 318.9 318.9 318.9 339.6 360.3 380.1 399.9 419.7 439.5 439.5 439.5 378.3 316.2 255.0 192.0 130.8 68.7 68.7 68.7 117.3 165.0 212.7 261.3 309.0 357.6 357.6 357.6 416.1 475.5 534.0 593.4 651.9 711.3 711.3 711.3 656.4 602.4 546.6 492.6 437.7 382.8 382.8 382.8 454.8 526.8 598.8 669.9 742.8 813.9 813.9 813.9 869.7 924.6 979.5 1034.4 1090.2 1145.1 1145.1 1145.1 1072.2 1000.2 926.4 854.4 781.5 709.5 709.5 709.5 787.8 867.0 945.3 1025.4 1104.6 1182.9 1182.9 1182.9 1200.0 1217.1 1233.3 1250.4 1266.6 1283.7 1283.7 1283.7 1221.6 1157.7 1095.6 1032.6 970.5 907.5 907.5 907.5 948.0 990.3 1031.7 1072.2 1114.5 1155.0 1155.0 1155.0 1193.7 1233.3 1271.1 1309.8 1348.5 1387.2 1387.2 1387.2 1299.9 1213.5 1126.2 1038.9 950.7 864.3 864.3 864.3 866.1 867.0 867.9 868.8 869.7 871.5 871.5 871.5 837.3 802.2 768.0 733.8 699.6 665.4 665.4 665.4 578.1 492.6 406.2 319.8 233.4 147.0 147.0 147.0 196.5 247.8 297.3 348.6 398.1 448.5 448.5 448.5 488.1 526.8 565.5 605.1 643.8 682.5 682.5 682.5 633.0 581.7 531.3 480.9 429.6 380.1 380.1 380.1 439.5 499.8 559.2 619.5 678.9 739.2 739.2 739.2 738.3 736.5 734.7 733.8 732.0 731.1 731.1 731.1 653.7 576.3 499.8 422.4 345.9 269.4 269.4 269.4 375.6 482.7 588.9 695.1 801.3 908.4 908.4 908.4 865.2 822.0 778.8 736.5 692.4 650.1 650.1 650.1 584.4 517.8 450.3 384.6 318.0 252.3 252.3 252.3 341.4 429.6 518.7 608.7 696.9 786.0 786.0 786.0 858.9 930.9 1003.8 1076.7 1148.7 1221.6 1221.6 1221.6 1103.7 985.8 867.9 750.0 632.1 514.2 514.2 514.2 541.2 569.1 597.0 624.9 651.9 679.8 679.8 679.8 739.2 797.7 858.0 916.5 975.9 1034.4 1034.4 1034.4 985.8 936.3 887.7 839.1 789.6 741.0 741.0 741.0 759.9 778.8 796.8 815.7 835.5 854.4 854.4 854.4 780.6 705.9 632.1 558.3 484.5 409.8 409.8 409.8 351.3 291.0 232.5 172.2 112.8 53.4 53.4 53.4 119.1 183.9 249.6 314.4 380.1 444.9 444.9 444.9 525.9 606.9 687.0 768.9 849.9 930.0 930.0 930.0 885.0 840.0 794.1 749.1 703.2 658.2 658.2 658.2 734.7 810.3 885.9 962.4 1038.0 1114.5 1114.5 1114.5 1143.3 1172.1 1202.7 1231.5 1261.2 1290.0 1290.0 1290.0 1184.7 1079.4 974.1
crearDespacho --mercado --conDemandaTotal
4
0.02 0.07 0.145 1.0
370.0 600.0 2400.0 4000.0
525.55 397.65 268.62 268.62 268.62 313.89 358.04 402.18 447.45 491.59 535.73 535.73 535.73 539.13 542.53 545.92 549.32 552.71 556.11 556.11 556.11 475.75 394.26 313.89 233.53 153.17 71.68 71.68 71.68 127.14 181.47 236.93 292.39 346.72 401.05 401.05 401.05 427.08 453.11 478.01 502.91 527.81 552.71 552.71 552.71 475.75 397.65 320.69 241.46 164.49 86.4 86.4 86.4 147.52 207.5 267.49 328.61 388.6 449.71 449.71 449.71 523.28 597.99 671.55 746.26 819.82 894.53 894.53 894.53 825.48 757.57 687.4 619.49 550.45 481.41 481.41 481.41 571.95 662.5 753.05 842.46 934.14 1023.55 1023.55 1023.55 1093.73 1162.77 1231.81 1300.85 1371.03 1440.07 1440.07 1440.07 1348.39 1257.84 1165.03 1074.49 982.81 892.26 892.26 892.26 990.73 1090.33 1188.8 1289.53 1389.14 1487.61 1487.61 1487.61 1509.11 1530.62 1550.99 1572.49 1592.87 1614.37 1614.37 1614.37 1536.27 1455.91 1377.82 1298.59 1220.49 1141.26 1141.26 1141.26 1192.2 1245.39 1297.46 1348.39 1401.59 1452.52 1452.52 1452.52 1501.19 1550.99 1598.53 1647.19 1695.86 1744.53 1744.53 1744.53 1634.74 1526.09 1416.3 1306.51 1195.59 1086.94 1086.94 1086.94 1089.2 1090.33 1091.46 1092.6 1093.73 1095.99 1095.99 1095.99 1052.98 1008.84 965.83 922.82 879.81 836.8 836.8 836.8 727.01 619.49 510.83 402.18 293.52 184.87 184.87 184.87 247.12 311.63 373.88 438.4 500.65 564.03 564.03 564.03 613.83 662.5 711.17 760.97 809.64 858.31 858.31 858.31 796.06 731.54 668.16 604.78 540.26 478.01 478.01 478.01 552.71 628.54 703.25 779.08 853.78 929.61 929.61 929.61 928.48 926.22 923.95 922.82 920.56 919.43 919.43 919.43 822.09 724.75 628.54 531.21 435.0 338.8 338.8 338.8 472.35 607.04 740.6 874.15 1007.71 1142.4 1142.4 1142.4 1088.07 1033.74 979.41 926.22 870.76 817.56 817.56 817.56 734.94 651.18 566.29 483.67 399.91 317.29 317.29 317.29 429.34 540.26 652.31 765.5 876.42 988.47 988.47 988.47 1080.15 1170.69 1262.37 1354.05 1444.6 1536.27 1536.27 1536.27 1388.0 1239.73 1091.46 943.19 794.92 646.65 646.65 646.65 680.61 715.7 750.78 785.87 819.82 854.91 854.91 854.91 929.61 1003.18 1079.01 1152.58 1227.28 1300.85 1300.85 1300.85 1239.73 1177.48 1116.36 1055.25 992.99 931.88 931.88 931.88 955.64 979.41 1002.05 1025.82 1050.72 1074.49 1074.49 1074.49 981.68 887.73 794.92 702.11 609.3 515.36 515.36 515.36 441.79 365.96 292.39 216.56 141.86 67.16 67.16 67.16 149.78 231.27 313.89 395.39 478.01 559.5 559.5 559.5 661.37 763.23 863.97 966.96 1068.83 1169.56 1169.56 1169.56 1112.97 1056.38 998.65 942.06 884.34 827.75 827.75 827.75 923.95 1019.03 1114.1 1210.31 1305.38 1401.59 1401.59 1401.59 1437.81 1474.02 1512.51 1548.72 1586.08 1622.29 1622.29 1622.29 1489.87 1357.44 1225.02
configurarSolver --Gurobi
resolver --noConstante ejecuciones/bancos/recombinados/v1/directo/sgtm/v1_sgtm_000244.csv
finalizar
