inicializar --t 360
agregarAgente --SaltoGrande
0.001841
1115367887.0
4429.0 4465.0 4500.0 4536.0 4639.0 4705.0 4772.0 4839.0 4906.0 4972.0 5039.0 5106.0 5239.0 5306.0 5373.0 5440.0 5506.0 5573.0 5640.0 5707.0 5840.0 5907.0 5974.0 6040.0 6107.0 6174.0 6241.0 6307.0 6456.0 6537.0 6619.0 6701.0 6783.0 6864.0 6946.0 7028.0 7191.0 7273.0 7355.0 7437.0 7518.0 7600.0 7682.0 7764.0 7927.0 8009.0 8091.0 8172.0 8254.0 8336.0 8418.0 8499.0 8609.0 8636.0 8664.0 8692.0 8719.0 8747.0 8775.0 8802.0 8858.0 8885.0 8913.0 8941.0 8968.0 8996.0 9024.0 9051.0 9107.0 9134.0 9162.0 9190.0 9217.0 9245.0 9273.0 9300.0 9337.0 9347.0 9356.0 9365.0 9374.0 9384.0 9393.0 9402.0 9421.0 9430.0 9439.0 9448.0 9458.0 9467.0 9476.0 9485.0 9504.0 9513.0 9522.0 9532.0 9541.0 9550.0 9559.0 9569.0 9563.0 9548.0 9533.0 9519.0 9504.0 9489.0 9474.0 9459.0 9429.0 9415.0 9400.0 9385.0 9370.0 9355.0 9340.0 9326.0 9296.0 9281.0 9266.0 9251.0 9236.0 9222.0 9207.0 9192.0 9139.0 9102.0 9064.0 9026.0 8989.0 8951.0 8913.0 8876.0 8800.0 8763.0 8725.0 8687.0 8650.0 8612.0 8574.0 8537.0 8461.0 8424.0 8386.0 8348.0 8311.0 8273.0 8235.0 8198.0 8103.0 8046.0 7988.0 7931.0 7874.0 7817.0 7760.0 7703.0 7588.0 7531.0 7474.0 7417.0 7359.0 7302.0 7245.0 7188.0 7073.0 7016.0 6959.0 6902.0 6845.0 6788.0 6730.0 6673.0 6584.0 6553.0 6521.0 6490.0 6458.0 6427.0 6395.0 6364.0 6301.0 6269.0 6238.0 6206.0 6175.0 6143.0 6112.0 6080.0 6017.0 5986.0 5954.0 5923.0 5891.0 5860.0 5828.0 5797.0 5725.0 5684.0 5644.0 5603.0 5563.0 5523.0 5482.0 5442.0 5361.0 5321.0 5280.0 5240.0 5199.0 5159.0 5118.0 5078.0 4997.0 4957.0 4916.0 4876.0 4836.0 4795.0 4755.0 4714.0 4648.0 4623.0 4597.0 4571.0 4545.0 4520.0 4494.0 4468.0 4417.0 4391.0 4366.0 4340.0 4314.0 4288.0 4263.0 4237.0 4186.0 4160.0 4134.0 4109.0 4083.0 4057.0 4031.0 4006.0 3950.0 3920.0 3891.0 3861.0 3831.0 3801.0 3772.0 3742.0 3682.0 3652.0 3623.0 3593.0 3563.0 3533.0 3504.0 3474.0 3414.0 3384.0 3355.0 3325.0 3295.0 3265.0 3236.0 3206.0 3161.0 3145.0 3130.0 3114.0 3099.0 3083.0 3068.0 3052.0 3021.0 3006.0 2990.0 2975.0 2959.0 2944.0 2928.0 2913.0 2882.0 2866.0 2851.0 2835.0 2820.0 2804.0 2789.0 2773.0 2755.0 2753.0 2750.0 2747.0 2744.0 2742.0 2739.0 2736.0 2731.0 2728.0 2726.0 2723.0 2720.0 2717.0 2715.0 2712.0 2707.0 2704.0 2701.0 2699.0 2696.0 2693.0 2690.0 2688.0 2677.0 2669.0 2661.0 2653.0 2645.0 2637.0 2629.0 2621.0 2605.0 2597.0 2589.0 2581.0 2573.0 2565.0 2557.0 2549.0 2533.0 2525.0 2517.0 2509.0 2501.0 2493.0 2485.0 2477.0 2471.0 2474.0 2476.0 2479.0 2481.0 2483.0 2486.0 2488.0 2493.0 2495.0 2498.0 2500.0 2503.0 2505.0 2508.0 2510.0 2515.0 2517.0 2520.0 2522.0
agregarAgente --UnidadTermicaSimple
200.0
100.0
agregarAgente --DemandaFija
148.8 89.4 29.4 29.4 29.4 48.0 65.4 83.4 101.4 118.8 137.4 137.4 137.4 148.2 159.0 169.2 180.0 190.8 201.0 201.0 201.0 190.8 180.0 169.2 158.4 147.6 137.4 137.4 137.4 181.2 225.6 270.0 314.4 358.2 403.2 403.2 403.2 400.8 399.0 397.2 394.8 393.0 391.2 391.2 391.2 387.6 384.6 381.6 378.6 375.6 372.6 372.6 372.6 391.2 410.4 429.6 448.2 468.0 487.2 487.2 487.2 480.0 472.8 465.6 458.4 450.6 444.0 444.0 444.0 448.2 453.0 457.2 461.4 465.6 469.8 469.8 469.8 487.2 505.2 523.2 541.2 559.2 577.2 577.2 577.2 568.8 560.4 551.4 543.0 534.6 525.6 525.6 525.6 495.0 464.4 432.6 402.0 370.8 339.6 339.6 339.6 290.4 240.0 190.2 141.0 90.6 41.4 41.4 41.4 42.6 43.8 45.0 46.2 48.0 49.2 49.2 49.2 43.2 36.6 30.6 24.6 18.6 12.6 12.6 12.6 28.2 44.4 60.0 75.6 91.2 106.8 106.8 106.8 163.8 221.4 278.4 336.0 393.6 450.6 450.6 450.6 417.0 383.4 349.2 315.6 282.0 248.4 248.4 248.4 242.4 236.4 230.4 224.4 218.4 212.4 212.4 212.4 226.2 240.0 254.4 268.2 282.0 296.4 296.4 296.4 275.4 254.4 234.0 213.6 192.0 171.6 171.6 171.6 175.8 180.0 184.2 188.4 192.6 196.8 196.8 196.8 215.4 232.8 250.2 268.2 285.6 304.2 304.2 304.2 306.0 307.8 309.6 311.4 313.2 315.0 315.0 315.0 331.2 346.8 363.0 379.8 395.4 411.6 411.6 411.6 402.0 391.8 382.2 372.6 361.8 352.2 352.2 352.2 324.0 296.4 267.6 239.4 211.8 183.0 183.0 183.0 185.4 187.8 189.6 192.0 194.4 196.2 196.2 196.2 217.8 239.4 260.4 281.4 303.0 324.0 324.0 324.0 317.4 311.4 304.8 298.8 292.2 285.6 285.6 285.6 327.0 368.4 410.4 451.8 493.2 534.6 534.6 534.6 555.0 575.4 595.8 616.8 636.6 657.0 657.0 657.0 608.4 560.4 511.8 463.8 415.2 366.6 366.6 366.6 379.8 391.8 403.8 416.4 428.4 441.0 441.0 441.0 409.2 378.0 346.2 315.0 283.2 252.0 252.0 252.0 232.2 213.0 193.2 173.4 154.2 135.0 135.0 135.0 164.4 194.4 224.4 254.4 283.8 314.4 314.4 314.4 332.4 350.4 368.4 387.0 405.0 423.6 423.6 423.6 414.6 405.6 397.2 388.2 379.2 370.8 370.8 370.8 426.6 483.6 540.0 596.4 652.8 709.8 709.8 709.8 690.0 670.8 651.6 632.4 613.2 594.0 594.0 594.0 501.6 409.8 318.0 226.2 134.4 42.6 42.6 42.6 93.0 144.6 195.0 246.6 297.6 348.6 348.6 348.6 348.0 347.4 346.8 346.2 345.6 345.0 345.0 345.0 354.6 364.8 375.6
crearDespacho --mercado --conDemandaTotal
4
0.02 0.07 0.145 1.0
370.0 600.0 2400.0 4000.0
331.19 198.98 65.44 65.44 65.44 106.84 145.56 185.63 225.69 264.42 305.82 305.82 305.82 329.85 353.89 376.59 400.63 424.67 447.37 447.37 447.37 424.67 400.63 376.59 352.56 328.52 305.82 305.82 305.82 403.3 502.13 600.95 699.77 797.26 897.42 897.42 897.42 892.08 888.07 884.06 878.72 874.72 870.71 870.71 870.71 862.7 856.02 849.34 842.66 835.99 829.31 829.31 829.31 870.71 913.44 956.18 997.58 1041.65 1084.38 1084.38 1084.38 1068.35 1052.33 1036.3 1020.28 1002.92 988.23 988.23 988.23 997.58 1008.26 1017.61 1026.96 1036.3 1045.65 1045.65 1045.65 1084.38 1124.44 1164.51 1204.57 1244.63 1284.7 1284.7 1284.7 1266.0 1247.3 1227.27 1208.58 1189.88 1169.85 1169.85 1169.85 1101.74 1033.63 962.85 894.75 825.3 755.86 755.86 755.86 646.35 534.18 423.34 313.83 201.65 92.15 92.15 92.15 94.82 97.49 100.16 102.83 106.84 109.51 109.51 109.51 96.15 81.46 68.11 54.75 41.4 28.04 28.04 28.04 62.77 98.82 133.54 168.27 202.99 237.71 237.71 237.71 364.58 492.78 619.65 747.85 876.05 1002.92 1002.92 1002.92 928.13 853.35 777.23 702.44 627.66 552.87 552.87 552.87 539.52 526.16 512.81 499.46 486.1 472.75 472.75 472.75 503.46 534.18 566.23 596.94 627.66 659.71 659.71 659.71 612.97 566.23 520.82 475.42 427.34 381.94 381.94 381.94 391.28 400.63 409.98 419.33 428.68 438.03 438.03 438.03 479.42 518.15 556.88 596.94 635.67 677.07 677.07 677.07 681.08 685.08 689.09 693.1 697.1 701.11 701.11 701.11 737.16 771.89 807.94 845.34 880.06 916.11 916.11 916.11 894.75 872.04 850.68 829.31 805.27 783.91 783.91 783.91 721.14 659.71 595.61 532.84 471.41 407.31 407.31 407.31 412.65 417.99 422.0 427.34 432.68 436.69 436.69 436.69 484.77 532.84 579.58 626.32 674.4 721.14 721.14 721.14 706.45 693.1 678.41 665.05 650.36 635.67 635.67 635.67 727.82 819.96 913.44 1005.59 1097.73 1189.88 1189.88 1189.88 1235.29 1280.69 1326.1 1372.84 1416.91 1462.31 1462.31 1462.31 1354.14 1247.3 1139.13 1032.3 924.13 815.96 815.96 815.96 845.34 872.04 898.75 926.8 953.51 981.55 981.55 981.55 910.77 841.33 770.55 701.11 630.33 560.89 560.89 560.89 516.82 474.08 430.01 385.94 343.21 300.47 300.47 300.47 365.91 432.68 499.46 566.23 631.66 699.77 699.77 699.77 739.84 779.9 819.96 861.36 901.42 942.82 942.82 942.82 922.79 902.76 884.06 864.03 844.0 825.3 825.3 825.3 949.5 1076.37 1201.9 1327.43 1452.96 1579.83 1579.83 1579.83 1535.76 1493.03 1450.29 1407.56 1364.82 1322.09 1322.09 1322.09 1116.43 912.11 707.78 503.46 299.14 94.82 94.82 94.82 206.99 321.84 434.02 548.87 662.38 775.89 775.89 775.89 774.56 773.22 771.89 770.55 769.22 767.88 767.88 767.88 789.25 811.95 835.99
configurarSolver --Gurobi
resolver --noConstante ejecuciones/bancos/recombinados/v1/directo/sgtm/v1_sgtm_000236.csv
finalizar
