inicializar --t 360
agregarAgente --SaltoGrande
0.006783
2719162864.0
4902.0 4901.0 4900.0 4900.0 4901.0 4903.0 4905.0 4907.0 4908.0 4910.0 4912.0 4914.0 4918.0 4920.0 4922.0 4924.0 4925.0 4927.0 4929.0 4931.0 4935.0 4937.0 4939.0 4941.0 4942.0 4944.0 4946.0 4948.0 4941.0 4932.0 4923.0 4914.0 4906.0 4897.0 4888.0 4879.0 4861.0 4852.0 4843.0 4834.0 4826.0 4817.0 4808.0 4799.0 4781.0 4772.0 4763.0 4754.0 4746.0 4737.0 4728.0 4719.0 4726.0 4741.0 4757.0 4773.0 4789.0 4804.0 4820.0 4836.0 4867.0 4883.0 4899.0 4915.0 4930.0 4946.0 4962.0 4978.0 5009.0 5025.0 5041.0 5056.0 5072.0 5088.0 5104.0 5119.0 5153.0 5171.0 5189.0 5207.0 5225.0 5243.0 5261.0 5279.0 5315.0 5333.0 5351.0 5369.0 5386.0 5404.0 5422.0 5440.0 5476.0 5494.0 5512.0 5530.0 5548.0 5566.0 5584.0 5602.0 5636.0 5653.0 5669.0 5686.0 5702.0 5718.0 5735.0 5751.0 5784.0 5800.0 5817.0 5833.0 5850.0 5866.0 5883.0 5899.0 5932.0 5948.0 5965.0 5981.0 5997.0 6014.0 6030.0 6047.0 6060.0 6058.0 6055.0 6052.0 6049.0 6047.0 6044.0 6041.0 6036.0 6033.0 6031.0 6028.0 6025.0 6022.0 6020.0 6017.0 6012.0 6009.0 6006.0 6004.0 6001.0 5998.0 5995.0 5993.0 5959.0 5929.0 5898.0 5868.0 5837.0 5807.0 5776.0 5746.0 5685.0 5654.0 5624.0 5593.0 5563.0 5532.0 5502.0 5471.0 5410.0 5380.0 5349.0 5319.0 5288.0 5258.0 5227.0 5197.0 5153.0 5139.0 5126.0 5112.0 5099.0 5085.0 5072.0 5058.0 5031.0 5018.0 5004.0 4991.0 4977.0 4964.0 4950.0 4937.0 4910.0 4896.0 4883.0 4869.0 4856.0 4842.0 4829.0 4815.0 4777.0 4752.0 4728.0 4703.0 4678.0 4653.0 4628.0 4603.0 4554.0 4529.0 4504.0 4479.0 4455.0 4430.0 4405.0 4380.0 4331.0 4306.0 4281.0 4256.0 4231.0 4206.0 4182.0 4157.0 4112.0 4091.0 4071.0 4050.0 4030.0 4009.0 3989.0 3968.0 3927.0 3907.0 3886.0 3866.0 3845.0 3825.0 3804.0 3784.0 3743.0 3722.0 3702.0 3681.0 3661.0 3640.0 3620.0 3599.0 3582.0 3584.0 3587.0 3590.0 3592.0 3595.0 3598.0 3600.0 3606.0 3608.0 3611.0 3614.0 3616.0 3619.0 3622.0 3624.0 3630.0 3632.0 3635.0 3638.0 3640.0 3643.0 3646.0 3648.0 3649.0 3647.0 3645.0 3643.0 3640.0 3638.0 3636.0 3634.0 3630.0 3628.0 3626.0 3624.0 3621.0 3619.0 3617.0 3615.0 3611.0 3609.0 3607.0 3605.0 3602.0 3600.0 3598.0 3596.0 3585.0 3575.0 3566.0 3556.0 3547.0 3537.0 3528.0 3518.0 3500.0 3490.0 3481.0 3471.0 3462.0 3452.0 3443.0 3433.0 3415.0 3405.0 3396.0 3386.0 3377.0 3367.0 3358.0 3348.0 3332.0 3324.0 3317.0 3309.0 3302.0 3294.0 3287.0 3279.0 3264.0 3257.0 3249.0 3242.0 3234.0 3227.0 3219.0 3212.0 3197.0 3189.0 3182.0 3174.0 3167.0 3159.0 3152.0 3144.0 3132.0 3126.0 3121.0 3116.0 3111.0 3105.0 3100.0 3095.0 3084.0 3079.0 3073.0 3068.0 3063.0 3058.0 3052.0 3047.0 3036.0 3031.0 3026.0 3020.0
agregarAgente --UnidadTermicaSimple
200.0
100.0
agregarAgente --DemandaFija
312.6 230.7 148.8 148.8 148.8 255.9 362.1 469.2 575.4 681.6 788.7 788.7 788.7 844.5 899.4 955.2 1010.1 1065.0 1120.8 1120.8 1120.8 1059.6 999.3 937.2 876.9 815.7 755.4 755.4 755.4 828.3 903.0 976.8 1050.6 1124.4 1197.3 1197.3 1197.3 1186.5 1175.7 1164.9 1154.1 1142.4 1131.6 1131.6 1131.6 1074.0 1017.3 960.6 903.9 847.2 789.6 789.6 789.6 852.6 914.7 977.7 1039.8 1102.8 1164.9 1164.9 1164.9 1187.4 1210.8 1233.3 1255.8 1278.3 1301.7 1301.7 1301.7 1131.6 962.4 792.3 622.2 452.1 282.9 282.9 282.9 327.0 372.0 416.1 460.2 505.2 550.2 550.2 550.2 547.5 544.8 542.1 539.4 536.7 534.9 534.9 534.9 473.7 411.6 350.4 288.3 227.1 165.0 165.0 165.0 244.2 323.4 402.6 482.7 561.0 641.1 641.1 641.1 723.0 804.0 885.9 968.7 1049.7 1131.6 1131.6 1131.6 1063.2 995.7 927.3 859.8 791.4 723.9 723.9 723.9 743.7 764.4 784.2 804.9 824.7 845.4 845.4 845.4 850.8 855.3 860.7 865.2 869.7 875.1 875.1 875.1 815.7 757.2 697.8 639.3 579.9 521.4 521.4 521.4 586.2 649.2 713.1 776.1 840.0 903.0 903.0 903.0 930.0 957.9 984.0 1011.0 1038.0 1065.0 1065.0 1065.0 960.6 856.2 750.9 646.5 541.2 436.8 436.8 436.8 499.8 561.9 625.8 687.9 750.9 813.0 813.0 813.0 875.1 935.4 996.6 1056.9 1118.1 1178.4 1178.4 1178.4 1071.3 965.1 858.0 750.0 642.9 535.8 535.8 535.8 622.2 709.5 795.9 882.3 969.6 1056.0 1056.0 1056.0 1114.5 1172.1 1230.6 1289.1 1347.6 1405.2 1405.2 1405.2 1318.8 1232.4 1146.0 1058.7 973.2 885.9 885.9 885.9 921.9 957.9 993.0 1028.1 1063.2 1099.2 1099.2 1099.2 1059.6 1020.9 983.1 943.5 904.8 866.1 866.1 866.1 733.8 602.4 470.1 338.7 205.5 74.1 74.1 74.1 179.4 284.7 390.0 496.2 601.5 705.9 705.9 705.9 678.0 649.2 621.3 592.5 563.7 535.8 535.8 535.8 474.6 412.5 351.3 289.2 228.0 165.9 165.9 165.9 252.3 339.6 425.1 512.4 598.8 685.2 685.2 685.2 711.3 735.6 760.8 785.1 810.3 835.5 835.5 835.5 703.2 570.9 439.5 308.1 175.8 44.4 44.4 44.4 47.1 49.8 52.5 55.2 57.9 60.6 60.6 60.6 78.6 97.5 115.5 133.5 151.5 169.5 169.5 169.5 148.8 128.1 107.4 85.8 65.1 44.4 44.4 44.4 62.4 80.4 99.3 117.3 135.3 154.2 154.2 154.2 180.3 206.4 233.4 259.5 286.5 312.6 312.6 312.6 289.2 265.8 242.4 219.0 193.8 170.4 170.4 170.4 299.1 426.9 555.6 683.4 812.1 939.9 939.9 939.9 921.0 902.1 884.1 865.2 846.3 826.5 826.5 826.5 724.8 623.1 520.5
crearDespacho --mercado --conDemandaTotal
4
0.02 0.07 0.145 1.0
370.0 600.0 2400.0 4000.0
348.78 257.4 166.02 166.02 166.02 285.52 404.01 523.5 641.99 760.48 879.98 879.98 879.98 942.24 1003.49 1065.75 1127.0 1188.25 1250.51 1250.51 1250.51 1182.23 1114.95 1045.66 978.39 910.1 842.82 842.82 842.82 924.16 1007.51 1089.85 1172.19 1254.53 1335.87 1335.87 1335.87 1323.82 1311.77 1299.72 1287.67 1274.61 1262.56 1262.56 1262.56 1198.3 1135.03 1071.77 1008.51 945.25 880.98 880.98 880.98 951.27 1020.56 1090.85 1160.14 1230.43 1299.72 1299.72 1299.72 1324.82 1350.93 1376.03 1401.14 1426.24 1452.35 1452.35 1452.35 1262.56 1073.78 883.99 694.21 504.42 315.64 315.64 315.64 364.84 415.05 464.26 513.46 563.67 613.88 613.88 613.88 610.86 607.85 604.84 601.83 598.81 596.81 596.81 596.81 528.52 459.24 390.95 321.67 253.38 184.1 184.1 184.1 272.46 360.83 449.19 538.56 625.93 715.3 715.3 715.3 806.67 897.05 988.43 1080.81 1171.18 1262.56 1262.56 1262.56 1186.25 1110.93 1034.62 959.31 882.99 807.68 807.68 807.68 829.77 852.87 874.96 898.05 920.14 943.24 943.24 943.24 949.26 954.29 960.31 965.33 970.35 976.38 976.38 976.38 910.1 844.83 778.56 713.29 647.01 581.74 581.74 581.74 654.04 724.33 795.63 865.92 937.22 1007.51 1007.51 1007.51 1037.63 1068.76 1097.88 1128.01 1158.13 1188.25 1188.25 1188.25 1071.77 955.29 837.8 721.32 603.83 487.35 487.35 487.35 557.64 626.93 698.23 767.51 837.8 907.09 907.09 907.09 976.38 1043.66 1111.94 1179.22 1247.5 1314.78 1314.78 1314.78 1195.28 1076.79 957.3 836.8 717.3 597.81 597.81 597.81 694.21 791.61 888.01 984.41 1081.81 1178.21 1178.21 1178.21 1243.48 1307.75 1373.02 1438.29 1503.56 1567.83 1567.83 1567.83 1471.43 1375.03 1278.63 1181.23 1085.83 988.43 988.43 988.43 1028.59 1068.76 1107.92 1147.08 1186.25 1226.41 1226.41 1226.41 1182.23 1139.05 1096.88 1052.69 1009.51 966.34 966.34 966.34 818.72 672.12 524.51 377.9 229.28 82.68 82.68 82.68 200.16 317.65 435.14 553.63 671.11 787.6 787.6 787.6 756.47 724.33 693.2 661.07 628.94 597.81 597.81 597.81 529.53 460.24 391.96 322.67 254.39 185.1 185.1 185.1 281.5 378.9 474.3 571.7 668.1 764.5 764.5 764.5 793.62 820.73 848.85 875.96 904.08 932.19 932.19 932.19 784.58 636.97 490.36 343.76 196.15 49.54 49.54 49.54 52.55 55.56 58.58 61.59 64.6 67.61 67.61 67.61 87.7 108.78 128.87 148.95 169.03 189.12 189.12 189.12 166.02 142.93 119.83 95.73 72.63 49.54 49.54 49.54 69.62 89.7 110.79 130.88 150.96 172.05 172.05 172.05 201.17 230.29 260.41 289.53 319.66 348.78 348.78 348.78 322.67 296.56 270.45 244.35 216.23 190.12 190.12 190.12 333.72 476.31 619.9 762.49 906.09 1048.68 1048.68 1048.68 1027.59 1006.5 986.42 965.33 944.24 922.15 922.15 922.15 808.68 695.21 580.74
configurarSolver --Gurobi
resolver --noConstante ejecuciones/bancos/recombinados/v1/directo/sgtm/v1_sgtm_000173.csv
finalizar
