inicializar --t 360
agregarAgente --SaltoGrande
0.010011
2108599337.0
3015.0 3010.0 3005.0 2999.0 2991.0 2987.0 2984.0 2980.0 2977.0 2973.0 2970.0 2966.0 2960.0 2956.0 2953.0 2949.0 2946.0 2942.0 2939.0 2935.0 2929.0 2925.0 2922.0 2918.0 2915.0 2911.0 2908.0 2904.0 2907.0 2912.0 2918.0 2924.0 2929.0 2935.0 2941.0 2946.0 2958.0 2963.0 2969.0 2975.0 2980.0 2986.0 2992.0 2997.0 3009.0 3014.0 3020.0 3026.0 3031.0 3037.0 3043.0 3048.0 3063.0 3072.0 3082.0 3091.0 3100.0 3109.0 3118.0 3127.0 3146.0 3155.0 3164.0 3173.0 3183.0 3192.0 3201.0 3210.0 3229.0 3238.0 3247.0 3256.0 3265.0 3274.0 3284.0 3293.0 3304.0 3306.0 3308.0 3310.0 3312.0 3314.0 3317.0 3319.0 3323.0 3325.0 3327.0 3329.0 3331.0 3333.0 3335.0 3337.0 3341.0 3343.0 3346.0 3348.0 3350.0 3352.0 3354.0 3356.0 3354.0 3350.0 3347.0 3343.0 3339.0 3335.0 3332.0 3328.0 3320.0 3316.0 3313.0 3309.0 3305.0 3301.0 3298.0 3294.0 3286.0 3282.0 3279.0 3275.0 3271.0 3267.0 3264.0 3260.0 3251.0 3245.0 3240.0 3234.0 3229.0 3223.0 3218.0 3212.0 3201.0 3196.0 3190.0 3185.0 3179.0 3174.0 3168.0 3163.0 3152.0 3146.0 3141.0 3135.0 3130.0 3124.0 3119.0 3113.0 3106.0 3104.0 3103.0 3101.0 3099.0 3097.0 3095.0 3093.0 3090.0 3088.0 3086.0 3084.0 3083.0 3081.0 3079.0 3077.0 3074.0 3072.0 3070.0 3068.0 3066.0 3064.0 3063.0 3061.0 3066.0 3072.0 3079.0 3086.0 3092.0 3099.0 3106.0 3112.0 3126.0 3132.0 3139.0 3146.0 3152.0 3159.0 3166.0 3172.0 3186.0 3192.0 3199.0 3206.0 3212.0 3219.0 3226.0 3232.0 3239.0 3239.0 3239.0 3239.0 3239.0 3239.0 3239.0 3239.0 3239.0 3239.0 3239.0 3239.0 3239.0 3239.0 3239.0 3239.0 3239.0 3239.0 3239.0 3239.0 3239.0 3239.0 3239.0 3239.0 3236.0 3233.0 3229.0 3226.0 3223.0 3220.0 3217.0 3214.0 3207.0 3204.0 3201.0 3198.0 3194.0 3191.0 3188.0 3185.0 3178.0 3175.0 3172.0 3169.0 3166.0 3163.0 3159.0 3156.0 3147.0 3141.0 3135.0 3130.0 3124.0 3118.0 3112.0 3106.0 3094.0 3089.0 3083.0 3077.0 3071.0 3065.0 3059.0 3054.0 3042.0 3036.0 3030.0 3024.0 3018.0 3013.0 3007.0 3001.0 2993.0 2992.0 2990.0 2988.0 2987.0 2985.0 2983.0 2982.0 2978.0 2977.0 2975.0 2973.0 2972.0 2970.0 2968.0 2967.0 2963.0 2962.0 2960.0 2958.0 2957.0 2955.0 2953.0 2952.0 2941.0 2931.0 2922.0 2913.0 2904.0 2894.0 2885.0 2876.0 2857.0 2848.0 2839.0 2830.0 2820.0 2811.0 2802.0 2793.0 2774.0 2765.0 2756.0 2746.0 2737.0 2728.0 2719.0 2709.0 2702.0 2703.0 2705.0 2707.0 2708.0 2710.0 2712.0 2713.0 2717.0 2718.0 2720.0 2722.0 2723.0 2725.0 2727.0 2728.0 2732.0 2733.0 2735.0 2737.0 2738.0 2740.0 2742.0 2743.0 2750.0 2755.0 2760.0 2765.0 2770.0 2775.0 2780.0 2785.0 2795.0 2800.0 2805.0 2810.0 2816.0 2821.0 2826.0 2831.0 2841.0 2846.0 2851.0 2856.0
agregarAgente --UnidadTermicaSimple
200.0
100.0
agregarAgente --DemandaFija
252.6 228.0 203.4 199.8 197.4 217.8 238.8 259.2 280.8 301.8 322.8 323.4 325.2 326.4 327.0 327.6 328.8 330.0 330.6 331.2 330.6 308.4 286.2 264.0 241.8 219.6 198.0 196.2 199.2 224.4 249.0 273.6 298.8 323.4 348.6 352.8 360.6 364.8 369.6 373.2 377.4 381.6 386.4 390.6 386.4 349.2 311.4 273.6 235.8 198.6 160.8 152.4 144.0 152.4 160.8 168.6 177.0 184.8 193.2 192.6 198.0 210.6 223.8 236.4 249.0 261.6 274.2 280.8 281.4 259.2 235.8 213.0 190.8 167.4 145.2 139.8 142.2 156.0 170.4 184.2 198.6 213.0 226.8 234.6 246.0 260.4 275.4 289.2 303.6 318.6 333.0 337.2 331.2 301.8 273.0 243.6 214.8 184.8 155.4 145.2 143.4 172.2 200.4 228.6 257.4 285.0 313.2 322.2 335.4 340.2 344.4 348.0 352.8 357.0 361.2 365.4 359.4 337.8 316.2 294.6 273.0 251.4 229.8 220.2 207.6 221.4 235.2 249.6 264.0 277.8 292.2 289.2 287.4 296.4 305.4 314.4 323.4 332.4 341.4 341.4 340.2 316.8 293.4 270.6 246.6 223.2 200.4 198.6 196.2 199.8 204.0 207.6 211.8 215.4 219.6 219.6 220.2 229.8 238.8 248.4 257.4 267.0 276.6 277.8 277.2 253.2 228.6 205.2 181.2 157.8 133.2 131.4 129.0 142.2 154.2 167.4 180.0 193.2 205.8 205.2 205.2 208.2 211.8 214.2 217.8 220.8 224.4 225.6 225.6 213.6 202.2 190.8 178.8 167.4 156.0 154.8 153.6 169.2 184.8 200.4 216.0 232.2 247.8 247.8 250.2 256.8 264.0 271.2 277.8 284.4 291.6 294.0 293.4 266.4 238.2 210.6 183.6 156.0 127.8 124.8 121.2 132.0 142.2 152.4 163.2 173.4 183.6 184.2 186.0 192.0 197.4 202.8 208.8 214.2 220.8 222.6 223.8 214.2 204.6 195.6 185.4 175.8 166.2 166.2 166.8 167.4 168.6 168.6 168.6 169.8 170.4 171.6 177.0 184.8 192.0 200.4 208.2 216.0 224.4 227.4 227.4 216.0 204.0 192.0 181.2 169.2 157.2 154.2 156.0 168.6 181.8 194.4 207.6 220.8 234.0 238.8 246.6 247.8 250.2 251.4 253.2 255.0 256.8 259.2 255.0 240.0 225.0 208.8 193.8 178.2 162.6 157.2 159.6 172.8 186.6 199.8 213.0 226.8 240.0 247.2 256.8 247.8 238.8 230.4 221.4 213.0 203.4 205.8 203.4 199.8 196.2 192.6 189.0 185.4 181.8 177.6 179.4 185.4 190.2 195.0 201.0 205.8 211.2 217.2 225.6 227.4 229.2 231.6 233.4 234.6 236.4 238.2 237.0 233.4 229.8 226.8 223.2 219.6 216.0 212.4 214.8 219.6 224.4 229.2 234.6 239.4 244.8 250.2 256.8 258.6 260.4 262.8 264.6 265.8 267.6 269.4 270.6 268.8 268.2 267.0
crearDespacho --mercado --conDemandaTotal
4
0.02 0.07 0.145 1.0
370.0 600.0 2400.0 4000.0
733.33 661.92 590.5 580.05 573.08 632.3 693.27 752.49 815.2 876.17 937.13 938.87 944.1 947.58 949.33 951.07 954.55 958.04 959.78 961.52 959.78 895.33 830.88 766.43 701.98 637.53 574.82 569.6 578.3 651.46 722.88 794.3 867.46 938.87 1012.03 1024.23 1046.87 1059.06 1073.0 1083.45 1095.64 1107.84 1121.77 1133.97 1121.77 1013.78 904.04 794.3 684.56 576.56 466.82 442.44 418.05 442.44 466.82 489.47 513.86 536.5 560.89 559.14 574.82 611.4 649.72 686.3 722.88 759.46 796.04 815.2 816.94 752.49 684.56 618.37 553.92 485.99 421.54 405.86 412.83 452.89 494.69 534.76 576.56 618.37 658.43 681.08 714.17 755.98 799.52 839.59 881.39 924.94 966.74 978.94 961.52 876.17 792.56 707.2 623.59 536.5 451.15 421.54 416.31 499.92 581.79 663.66 747.27 827.39 909.26 935.39 973.71 987.65 999.84 1010.29 1024.23 1036.42 1048.61 1060.81 1043.39 980.68 917.97 855.26 792.56 729.85 667.14 639.27 602.69 642.75 682.82 724.62 766.43 806.49 848.3 839.59 834.36 860.49 886.62 912.75 938.87 965.0 991.13 991.13 987.65 919.71 851.78 785.59 715.91 647.98 581.79 576.56 569.6 580.05 592.24 602.69 614.88 625.34 637.53 637.53 639.27 667.14 693.27 721.14 747.27 775.14 803.01 806.49 804.75 735.07 663.66 595.72 526.05 458.12 386.7 381.47 374.5 412.83 447.66 485.99 522.56 560.89 597.47 595.72 595.72 604.43 614.88 621.85 632.3 641.01 651.46 654.95 654.95 620.11 587.01 553.92 519.08 485.99 452.89 449.41 445.92 491.21 536.5 581.79 627.08 674.11 719.4 719.4 726.36 745.53 766.43 787.33 806.49 825.65 846.55 853.52 851.78 773.4 691.53 611.4 533.02 452.89 371.02 362.31 351.86 383.21 412.83 442.44 473.79 503.4 533.02 534.76 539.98 557.4 573.08 588.76 606.18 621.85 641.01 646.24 649.72 621.85 593.98 567.85 538.24 510.37 482.5 482.5 484.24 485.99 489.47 489.47 489.47 492.95 494.69 498.18 513.86 536.5 557.4 581.79 604.43 627.08 651.46 660.17 660.17 627.08 592.24 557.4 526.05 491.21 456.37 447.66 452.89 489.47 527.79 564.37 602.69 641.01 679.33 693.27 715.91 719.4 726.36 729.85 735.07 740.3 745.53 752.49 740.3 696.75 653.21 606.18 562.63 517.34 472.05 456.37 463.34 501.66 541.73 580.05 618.37 658.43 696.75 717.66 745.53 719.4 693.27 668.88 642.75 618.37 590.5 597.47 590.5 580.05 569.6 559.14 548.69 538.24 527.79 515.6 520.82 538.24 552.18 566.11 583.53 597.47 613.14 630.56 654.95 660.17 665.4 672.37 677.59 681.08 686.3 691.53 688.04 677.59 667.14 658.43 647.98 637.53 627.08 616.63 623.59 637.53 651.46 665.4 681.08 695.01 710.69 726.36 745.53 750.75 755.98 762.94 768.17 771.65 776.88 782.11 785.59 780.36 778.62 775.14
configurarSolver --Gurobi
resolver --noConstante ejecuciones/bancos/recombinados/v1/directo/sgtm/v1_sgtm_000114.csv
finalizar
