inicializar --t 360
agregarAgente --SaltoGrande
0.002545
2719162864.0
4902.0 4901.0 4900.0 4900.0 4901.0 4903.0 4905.0 4907.0 4908.0 4910.0 4912.0 4914.0 4918.0 4920.0 4922.0 4924.0 4925.0 4927.0 4929.0 4931.0 4935.0 4937.0 4939.0 4941.0 4942.0 4944.0 4946.0 4948.0 4941.0 4932.0 4923.0 4914.0 4906.0 4897.0 4888.0 4879.0 4861.0 4852.0 4843.0 4834.0 4826.0 4817.0 4808.0 4799.0 4781.0 4772.0 4763.0 4754.0 4746.0 4737.0 4728.0 4719.0 4726.0 4741.0 4757.0 4773.0 4789.0 4804.0 4820.0 4836.0 4867.0 4883.0 4899.0 4915.0 4930.0 4946.0 4962.0 4978.0 5009.0 5025.0 5041.0 5056.0 5072.0 5088.0 5104.0 5119.0 5153.0 5171.0 5189.0 5207.0 5225.0 5243.0 5261.0 5279.0 5315.0 5333.0 5351.0 5369.0 5386.0 5404.0 5422.0 5440.0 5476.0 5494.0 5512.0 5530.0 5548.0 5566.0 5584.0 5602.0 5636.0 5653.0 5669.0 5686.0 5702.0 5718.0 5735.0 5751.0 5784.0 5800.0 5817.0 5833.0 5850.0 5866.0 5883.0 5899.0 5932.0 5948.0 5965.0 5981.0 5997.0 6014.0 6030.0 6047.0 6060.0 6058.0 6055.0 6052.0 6049.0 6047.0 6044.0 6041.0 6036.0 6033.0 6031.0 6028.0 6025.0 6022.0 6020.0 6017.0 6012.0 6009.0 6006.0 6004.0 6001.0 5998.0 5995.0 5993.0 5959.0 5929.0 5898.0 5868.0 5837.0 5807.0 5776.0 5746.0 5685.0 5654.0 5624.0 5593.0 5563.0 5532.0 5502.0 5471.0 5410.0 5380.0 5349.0 5319.0 5288.0 5258.0 5227.0 5197.0 5153.0 5139.0 5126.0 5112.0 5099.0 5085.0 5072.0 5058.0 5031.0 5018.0 5004.0 4991.0 4977.0 4964.0 4950.0 4937.0 4910.0 4896.0 4883.0 4869.0 4856.0 4842.0 4829.0 4815.0 4777.0 4752.0 4728.0 4703.0 4678.0 4653.0 4628.0 4603.0 4554.0 4529.0 4504.0 4479.0 4455.0 4430.0 4405.0 4380.0 4331.0 4306.0 4281.0 4256.0 4231.0 4206.0 4182.0 4157.0 4112.0 4091.0 4071.0 4050.0 4030.0 4009.0 3989.0 3968.0 3927.0 3907.0 3886.0 3866.0 3845.0 3825.0 3804.0 3784.0 3743.0 3722.0 3702.0 3681.0 3661.0 3640.0 3620.0 3599.0 3582.0 3584.0 3587.0 3590.0 3592.0 3595.0 3598.0 3600.0 3606.0 3608.0 3611.0 3614.0 3616.0 3619.0 3622.0 3624.0 3630.0 3632.0 3635.0 3638.0 3640.0 3643.0 3646.0 3648.0 3649.0 3647.0 3645.0 3643.0 3640.0 3638.0 3636.0 3634.0 3630.0 3628.0 3626.0 3624.0 3621.0 3619.0 3617.0 3615.0 3611.0 3609.0 3607.0 3605.0 3602.0 3600.0 3598.0 3596.0 3585.0 3575.0 3566.0 3556.0 3547.0 3537.0 3528.0 3518.0 3500.0 3490.0 3481.0 3471.0 3462.0 3452.0 3443.0 3433.0 3415.0 3405.0 3396.0 3386.0 3377.0 3367.0 3358.0 3348.0 3332.0 3324.0 3317.0 3309.0 3302.0 3294.0 3287.0 3279.0 3264.0 3257.0 3249.0 3242.0 3234.0 3227.0 3219.0 3212.0 3197.0 3189.0 3182.0 3174.0 3167.0 3159.0 3152.0 3144.0 3132.0 3126.0 3121.0 3116.0 3111.0 3105.0 3100.0 3095.0 3084.0 3079.0 3073.0 3068.0 3063.0 3058.0 3052.0 3047.0 3036.0 3031.0 3026.0 3020.0
agregarAgente --UnidadTermicaSimple
200.0
100.0
agregarAgente --DemandaFija
174.6 166.2 157.2 150.6 140.4 136.8 133.2 129.6 125.4 121.2 117.6 115.2 121.2 128.4 136.2 144.0 151.8 158.4 166.8 174.0 177.0 177.0 176.4 175.8 175.8 175.2 174.6 169.8 174.6 185.4 196.8 207.6 218.4 229.8 241.2 250.2 259.8 255.0 251.4 247.2 243.0 239.4 234.6 234.6 232.2 229.2 226.2 223.8 220.8 218.4 215.4 212.4 217.8 223.2 228.6 234.6 240.6 246.0 252.0 259.8 267.6 268.8 270.0 270.6 271.8 272.4 273.6 273.6 274.2 274.2 274.8 274.2 274.2 273.6 273.6 273.6 276.0 278.4 280.2 282.0 284.4 286.2 288.0 289.8 289.8 289.2 289.2 288.6 288.6 288.6 288.0 285.0 283.2 282.6 282.0 281.4 281.4 280.8 280.8 280.8 282.6 291.0 299.4 307.8 316.2 325.2 334.2 335.4 337.2 346.2 355.8 364.2 373.2 382.2 391.2 391.2 384.0 366.0 347.4 329.4 310.8 292.2 273.6 265.8 257.4 252.0 246.6 240.6 236.4 230.4 225.0 223.8 226.2 244.2 262.2 280.2 298.2 316.2 333.6 337.8 339.0 323.4 307.2 291.0 275.4 259.2 243.0 241.2 237.0 240.0 243.6 247.8 250.8 254.4 257.4 256.8 259.8 272.4 285.0 297.0 309.6 321.6 334.2 339.0 340.2 332.4 324.0 315.0 307.8 299.4 291.6 288.6 285.0 275.4 265.8 256.2 247.2 237.6 228.6 228.0 234.0 255.0 276.0 297.0 318.0 339.0 360.0 366.0 373.2 365.4 358.8 351.0 343.8 336.0 330.0 330.6 337.8 348.0 358.2 367.8 378.0 387.6 397.2 403.8 410.4 403.2 396.0 388.2 381.0 372.6 365.4 366.0 366.6 363.6 360.6 358.8 355.2 352.2 349.2 349.8 352.8 355.8 358.2 360.6 363.0 365.4 368.4 370.8 373.8 379.2 384.6 389.4 394.2 399.0 405.0 405.6 404.4 397.2 391.2 384.6 378.6 371.4 365.4 363.0 364.2 369.0 373.8 378.6 383.4 388.2 393.0 396.0 399.6 403.8 409.2 413.4 418.2 421.8 426.6 427.8 426.6 418.2 411.0 403.8 396.0 388.2 380.4 378.6 378.6 382.2 386.4 389.4 393.0 396.0 399.6 402.0 403.8 405.6 407.4 409.2 411.0 412.8 414.6 414.6 413.4 409.8 405.6 400.8 396.6 393.0 388.2 387.6 387.6 390.6 394.2 397.8 400.8 404.4 408.0 409.2 409.8 409.2 408.0 407.4 406.2 405.6 404.4 404.4 402.6 399.0 396.0 393.0 388.8 385.8 382.2 381.0 378.6 378.0 376.8 376.8 376.2 375.0 375.0 374.4 373.2 375.6 378.6 381.0 383.4 385.2 387.6 387.6 378.0 365.4 353.4 340.8 328.8 316.2 303.6 294.0 283.2 282.6 282.0 281.4 280.8 279.6 279.6 278.4 281.4 285.6 290.4 294.6 298.8 303.0 307.8 311.4 309.6 305.4 301.8 297.6
crearDespacho --mercado --conDemandaTotal
4
0.02 0.07 0.145 1.0
370.0 600.0 2400.0 4000.0
402.53 383.17 362.42 347.2 323.69 315.39 307.09 298.79 289.1 279.42 271.12 265.59 279.42 296.02 314.0 331.99 349.97 365.19 384.55 401.15 408.07 408.07 406.68 405.3 405.3 403.92 402.53 391.47 402.53 427.43 453.71 478.61 503.51 529.79 556.08 576.83 598.96 587.89 579.59 569.91 560.23 551.93 540.86 540.86 535.33 528.41 521.5 515.96 509.05 503.51 496.6 489.68 502.13 514.58 527.03 540.86 554.69 567.14 580.98 598.96 616.94 619.71 622.47 623.86 626.62 628.01 630.77 630.77 632.16 632.16 633.54 632.16 632.16 630.77 630.77 630.77 636.31 641.84 645.99 650.14 655.67 659.82 663.97 668.12 668.12 666.74 666.74 665.36 665.36 665.36 663.97 657.06 652.91 651.52 650.14 648.76 648.76 647.37 647.37 647.37 651.52 670.89 690.26 709.62 728.99 749.74 770.49 773.25 777.4 798.15 820.28 839.65 860.4 881.15 901.9 901.9 885.3 843.8 800.92 759.42 716.54 673.66 630.77 612.79 593.43 580.98 568.53 554.69 545.01 531.18 518.73 515.96 521.5 562.99 604.49 645.99 687.49 728.99 769.1 778.78 781.55 745.59 708.24 670.89 634.92 597.58 560.23 556.08 546.39 553.31 561.61 571.29 578.21 586.51 593.43 592.04 598.96 628.01 657.06 684.72 713.77 741.44 770.49 781.55 784.32 766.34 746.97 726.22 709.62 690.26 672.27 665.36 657.06 634.92 612.79 590.66 569.91 547.78 527.03 525.65 539.48 587.89 636.31 684.72 733.14 781.55 829.97 843.8 860.4 842.42 827.2 809.22 792.62 774.63 760.8 762.19 778.78 802.3 825.82 847.95 871.46 893.6 915.73 930.95 946.16 929.56 912.96 894.98 878.38 859.01 842.42 843.8 845.18 838.27 831.35 827.2 818.9 811.98 805.07 806.45 813.37 820.28 825.82 831.35 836.88 842.42 849.33 854.87 861.78 874.23 886.68 897.75 908.81 919.88 933.71 935.1 932.33 915.73 901.9 886.68 872.85 856.25 842.42 836.88 839.65 850.72 861.78 872.85 883.91 894.98 906.05 912.96 921.26 930.95 943.39 953.08 964.14 972.44 983.51 986.28 983.51 964.14 947.54 930.95 912.96 894.98 877.0 872.85 872.85 881.15 890.83 897.75 906.05 912.96 921.26 926.8 930.95 935.1 939.24 943.39 947.54 951.69 955.84 955.84 953.08 944.78 935.1 924.03 914.35 906.05 894.98 893.6 893.6 900.51 908.81 917.11 924.03 932.33 940.63 943.39 944.78 943.39 940.63 939.24 936.48 935.1 932.33 932.33 928.18 919.88 912.96 906.05 896.36 889.45 881.15 878.38 872.85 871.46 868.7 868.7 867.31 864.55 864.55 863.16 860.4 865.93 872.85 878.38 883.91 888.06 893.6 893.6 871.46 842.42 814.75 785.7 758.04 728.99 699.94 677.81 652.91 651.52 650.14 648.76 647.37 644.61 644.61 641.84 648.76 658.44 669.51 679.19 688.87 698.55 709.62 717.92 713.77 704.09 695.79 686.11
configurarSolver --Gurobi
resolver --noConstante ejecuciones/bancos/recombinados/v1/directo/sgtm/v1_sgtm_000085.csv
finalizar
