inicializar --t 360
agregarAgente --SaltoGrande
0.000782
2032464238.0
9542.0 9596.0 9651.0 9705.0 9773.0 9786.0 9799.0 9812.0 9826.0 9839.0 9852.0 9865.0 9891.0 9904.0 9917.0 9930.0 9944.0 9957.0 9970.0 9983.0 10009.0 10022.0 10035.0 10048.0 10062.0 10075.0 10088.0 10101.0 10110.0 10106.0 10102.0 10097.0 10093.0 10089.0 10085.0 10081.0 10073.0 10068.0 10064.0 10060.0 10056.0 10052.0 10048.0 10043.0 10035.0 10031.0 10027.0 10023.0 10019.0 10014.0 10010.0 10006.0 9993.0 9984.0 9975.0 9966.0 9957.0 9948.0 9939.0 9930.0 9912.0 9903.0 9894.0 9885.0 9876.0 9867.0 9858.0 9849.0 9831.0 9822.0 9813.0 9804.0 9795.0 9786.0 9777.0 9768.0 9705.0 9651.0 9596.0 9542.0 9488.0 9434.0 9380.0 9326.0 9217.0 9163.0 9109.0 9055.0 9000.0 8946.0 8892.0 8838.0 8729.0 8675.0 8621.0 8567.0 8513.0 8459.0 8404.0 8350.0 8257.0 8218.0 8179.0 8140.0 8101.0 8062.0 8023.0 7984.0 7906.0 7867.0 7828.0 7789.0 7751.0 7712.0 7673.0 7634.0 7556.0 7517.0 7478.0 7439.0 7400.0 7361.0 7322.0 7283.0 7210.0 7177.0 7143.0 7109.0 7075.0 7042.0 7008.0 6974.0 6907.0 6873.0 6839.0 6805.0 6772.0 6738.0 6704.0 6670.0 6603.0 6569.0 6535.0 6502.0 6468.0 6434.0 6400.0 6367.0 6302.0 6271.0 6240.0 6208.0 6177.0 6146.0 6115.0 6084.0 6022.0 5990.0 5959.0 5928.0 5897.0 5866.0 5835.0 5803.0 5741.0 5710.0 5679.0 5648.0 5617.0 5585.0 5554.0 5523.0 5481.0 5470.0 5459.0 5448.0 5437.0 5426.0 5415.0 5404.0 5382.0 5371.0 5360.0 5349.0 5339.0 5328.0 5317.0 5306.0 5284.0 5273.0 5262.0 5251.0 5240.0 5229.0 5218.0 5207.0 5196.0 5195.0 5195.0 5194.0 5194.0 5194.0 5193.0 5193.0 5192.0 5192.0 5191.0 5191.0 5190.0 5190.0 5189.0 5189.0 5188.0 5188.0 5187.0 5187.0 5187.0 5186.0 5186.0 5185.0 5187.0 5190.0 5192.0 5194.0 5197.0 5199.0 5201.0 5204.0 5208.0 5211.0 5213.0 5215.0 5218.0 5220.0 5222.0 5225.0 5229.0 5232.0 5234.0 5236.0 5239.0 5241.0 5243.0 5246.0 5252.0 5257.0 5261.0 5265.0 5269.0 5274.0 5278.0 5282.0 5291.0 5295.0 5299.0 5303.0 5308.0 5312.0 5316.0 5320.0 5329.0 5333.0 5337.0 5342.0 5346.0 5350.0 5354.0 5359.0 5354.0 5346.0 5337.0 5328.0 5319.0 5311.0 5302.0 5293.0 5276.0 5267.0 5259.0 5250.0 5241.0 5232.0 5224.0 5215.0 5198.0 5189.0 5180.0 5172.0 5163.0 5154.0 5145.0 5137.0 5126.0 5123.0 5121.0 5118.0 5116.0 5113.0 5111.0 5108.0 5103.0 5101.0 5098.0 5096.0 5093.0 5091.0 5088.0 5086.0 5081.0 5078.0 5076.0 5073.0 5071.0 5068.0 5066.0 5063.0 5058.0 5055.0 5052.0 5049.0 5047.0 5044.0 5041.0 5038.0 5032.0 5029.0 5026.0 5023.0 5021.0 5018.0 5015.0 5012.0 5006.0 5003.0 5000.0 4997.0 4995.0 4992.0 4989.0 4986.0 4984.0 4984.0 4985.0 4986.0 4986.0 4987.0 4987.0 4988.0 4989.0 4990.0 4991.0 4991.0 4992.0 4992.0 4993.0 4994.0 4995.0 4996.0 4996.0 4997.0
agregarAgente --UnidadTermicaSimple
200.0
100.0
agregarAgente --DemandaFija
365.7 361.2 354.9 350.4 351.3 356.7 362.1 367.5 373.8 378.3 383.7 389.1 399.9 404.4 408.0 413.4 417.9 421.5 426.0 430.5 419.7 405.3 389.1 373.8 359.4 344.1 328.8 314.4 297.3 295.5 292.8 291.9 290.1 287.4 286.5 283.8 293.7 305.4 318.0 329.7 341.4 352.2 364.8 376.5 379.2 370.2 362.1 354.0 345.9 337.8 328.8 318.9 318.0 326.1 334.2 341.4 348.6 355.8 363.9 372.0 382.8 386.4 389.1 392.7 395.4 399.0 402.6 405.3 392.7 375.6 359.4 342.3 326.1 309.9 292.8 277.5 264.9 270.3 275.7 280.2 285.6 291.0 295.5 300.9 312.6 318.9 325.2 332.4 338.7 345.0 352.2 358.5 361.2 356.7 352.2 348.6 345.0 341.4 336.9 333.3 334.2 339.6 345.0 350.4 354.9 361.2 365.7 371.1 377.4 380.1 382.8 384.6 387.3 390.0 392.7 392.7 380.1 364.8 349.5 334.2 319.8 303.6 288.3 274.8 260.4 258.6 255.9 253.2 251.4 248.7 246.9 245.1 255.0 267.6 279.3 291.9 303.6 316.2 327.9 340.5 347.7 343.2 338.7 333.3 329.7 324.3 319.8 315.3 320.7 333.3 343.2 354.0 366.6 376.5 387.3 398.1 410.7 413.4 415.2 416.1 418.8 420.6 421.5 424.2 417.0 408.0 399.0 390.0 381.0 372.0 363.9 354.9 352.2 358.5 364.8 371.1 377.4 382.8 389.1 395.4 408.0 412.5 417.9 422.4 426.9 433.2 437.7 442.2 439.5 432.3 424.2 417.0 408.9 401.7 392.7 385.5 375.6 372.9 370.2 368.4 365.7 363.0 361.2 358.5 357.6 388.2 418.8 450.3 480.0 511.5 543.0 544.8 539.4 543.0 548.4 552.0 556.5 560.1 565.5 557.4 557.4 602.4 649.2 695.1 741.0 787.8 833.7 841.8 850.8 851.7 852.6 853.5 854.4 855.3 857.1 857.1 845.4 836.4 826.5 816.6 806.7 797.7 787.8 776.1 768.0 771.6 776.1 779.7 784.2 787.8 792.3 795.9 804.9 806.7 808.5 810.3 813.0 814.8 816.6 822.9 817.5 790.5 765.3 738.3 711.3 685.2 659.1 647.4 633.0 629.4 625.8 623.1 619.5 615.9 613.2 609.6 615.0 624.0 632.1 641.1 648.3 657.3 665.4 674.4 672.6 693.3 714.0 734.7 754.5 775.2 795.0 785.1 776.1 786.0 795.9 806.7 817.5 826.5 837.3 838.2 840.9 843.6 847.2 850.8 853.5 857.1 859.8 862.5 861.6 840.0 819.3 797.7 777.0 755.4 734.7 731.1 734.7 749.1 763.5 777.9 791.4 805.8 821.1 827.4 836.4 847.2 858.9 871.5 883.2 894.0 906.6 909.3 904.8 885.9 868.8 850.8 831.9 813.9 795.9 788.7 782.4 795.9 809.4 822.9 835.5 849.0 861.6 863.4 866.1 865.2 864.3 863.4 862.5 862.5 861.6 861.6 857.1 842.7 829.2 815.7
crearDespacho --mercado --conDemandaTotal
4
0.02 0.07 0.145 1.0
370.0 600.0 2400.0 4000.0
520.61 514.2 505.23 498.82 500.11 507.79 515.48 523.17 532.14 538.54 546.23 553.92 569.29 575.7 580.82 588.51 594.92 600.04 606.45 612.85 597.48 576.98 553.92 532.14 511.64 489.86 468.08 447.58 423.23 420.67 416.83 415.54 412.98 409.14 407.86 404.01 418.11 434.76 452.7 469.36 486.01 501.39 519.32 535.98 539.82 527.01 515.48 503.95 492.42 480.89 468.08 453.98 452.7 464.23 475.76 486.01 496.26 506.51 518.04 529.57 544.95 550.07 553.92 559.04 562.89 568.01 573.14 576.98 559.04 534.7 511.64 487.29 464.23 441.17 416.83 395.05 377.11 384.8 392.48 398.89 406.58 414.26 420.67 428.36 445.01 453.98 462.95 473.2 482.17 491.14 501.39 510.36 514.2 507.79 501.39 496.26 491.14 486.01 479.61 474.48 475.76 483.45 491.14 498.82 505.23 514.2 520.61 528.29 537.26 541.1 544.95 547.51 551.35 555.2 559.04 559.04 541.1 519.32 497.54 475.76 455.26 432.2 410.42 391.2 370.7 368.14 364.3 360.45 357.89 354.05 351.48 348.92 363.01 380.95 397.61 415.54 432.2 450.14 466.79 484.73 494.98 488.57 482.17 474.48 469.36 461.67 455.26 448.86 456.54 474.48 488.57 503.95 521.89 535.98 551.35 566.73 584.67 588.51 591.07 592.35 596.2 598.76 600.04 603.89 593.64 580.82 568.01 555.2 542.39 529.57 518.04 505.23 501.39 510.36 519.32 528.29 537.26 544.95 553.92 562.89 580.82 587.23 594.92 601.32 607.73 616.7 623.1 629.51 625.67 615.42 603.89 593.64 582.1 571.85 559.04 548.79 534.7 530.86 527.01 524.45 520.61 516.76 514.2 510.36 509.07 552.64 596.2 641.04 683.32 728.16 773.01 775.57 767.88 773.01 780.69 785.82 792.23 797.35 805.04 793.51 793.51 857.57 924.19 989.53 1054.88 1121.5 1186.84 1198.37 1211.19 1212.47 1213.75 1215.03 1216.31 1217.59 1220.16 1220.16 1203.5 1190.69 1176.59 1162.5 1148.41 1135.59 1121.5 1104.84 1093.31 1098.44 1104.84 1109.97 1116.38 1121.5 1127.91 1133.03 1145.84 1148.41 1150.97 1153.53 1157.38 1159.94 1162.5 1171.47 1163.78 1125.34 1089.47 1051.03 1012.6 975.44 938.29 921.63 901.13 896.0 890.88 887.04 881.91 876.79 872.94 867.82 875.51 888.32 899.85 912.66 922.91 935.72 947.25 960.07 957.5 986.97 1016.44 1045.91 1074.1 1103.56 1131.75 1117.66 1104.84 1118.94 1133.03 1148.41 1163.78 1176.59 1191.97 1193.25 1197.09 1200.94 1206.06 1211.19 1215.03 1220.16 1224.0 1227.84 1226.56 1195.81 1166.34 1135.59 1106.13 1075.38 1045.91 1040.78 1045.91 1066.41 1086.91 1107.41 1126.63 1147.13 1168.91 1177.87 1190.69 1206.06 1222.72 1240.66 1257.31 1272.69 1290.62 1294.47 1288.06 1261.15 1236.81 1211.19 1184.28 1158.66 1133.03 1122.78 1113.81 1133.03 1152.25 1171.47 1189.41 1208.62 1226.56 1229.12 1232.97 1231.69 1230.41 1229.12 1227.84 1227.84 1226.56 1226.56 1220.16 1199.66 1180.44 1161.22
configurarSolver --Gurobi
resolver --noConstante ejecuciones/bancos/recombinados/v1/directo/sgtm/v1_sgtm_000217.csv
finalizar
