inicializar --t 360
agregarAgente --SaltoGrande
0.000925
1115367887.0
4429.0 4465.0 4500.0 4536.0 4639.0 4705.0 4772.0 4839.0 4906.0 4972.0 5039.0 5106.0 5239.0 5306.0 5373.0 5440.0 5506.0 5573.0 5640.0 5707.0 5840.0 5907.0 5974.0 6040.0 6107.0 6174.0 6241.0 6307.0 6456.0 6537.0 6619.0 6701.0 6783.0 6864.0 6946.0 7028.0 7191.0 7273.0 7355.0 7437.0 7518.0 7600.0 7682.0 7764.0 7927.0 8009.0 8091.0 8172.0 8254.0 8336.0 8418.0 8499.0 8609.0 8636.0 8664.0 8692.0 8719.0 8747.0 8775.0 8802.0 8858.0 8885.0 8913.0 8941.0 8968.0 8996.0 9024.0 9051.0 9107.0 9134.0 9162.0 9190.0 9217.0 9245.0 9273.0 9300.0 9337.0 9347.0 9356.0 9365.0 9374.0 9384.0 9393.0 9402.0 9421.0 9430.0 9439.0 9448.0 9458.0 9467.0 9476.0 9485.0 9504.0 9513.0 9522.0 9532.0 9541.0 9550.0 9559.0 9569.0 9563.0 9548.0 9533.0 9519.0 9504.0 9489.0 9474.0 9459.0 9429.0 9415.0 9400.0 9385.0 9370.0 9355.0 9340.0 9326.0 9296.0 9281.0 9266.0 9251.0 9236.0 9222.0 9207.0 9192.0 9139.0 9102.0 9064.0 9026.0 8989.0 8951.0 8913.0 8876.0 8800.0 8763.0 8725.0 8687.0 8650.0 8612.0 8574.0 8537.0 8461.0 8424.0 8386.0 8348.0 8311.0 8273.0 8235.0 8198.0 8103.0 8046.0 7988.0 7931.0 7874.0 7817.0 7760.0 7703.0 7588.0 7531.0 7474.0 7417.0 7359.0 7302.0 7245.0 7188.0 7073.0 7016.0 6959.0 6902.0 6845.0 6788.0 6730.0 6673.0 6584.0 6553.0 6521.0 6490.0 6458.0 6427.0 6395.0 6364.0 6301.0 6269.0 6238.0 6206.0 6175.0 6143.0 6112.0 6080.0 6017.0 5986.0 5954.0 5923.0 5891.0 5860.0 5828.0 5797.0 5725.0 5684.0 5644.0 5603.0 5563.0 5523.0 5482.0 5442.0 5361.0 5321.0 5280.0 5240.0 5199.0 5159.0 5118.0 5078.0 4997.0 4957.0 4916.0 4876.0 4836.0 4795.0 4755.0 4714.0 4648.0 4623.0 4597.0 4571.0 4545.0 4520.0 4494.0 4468.0 4417.0 4391.0 4366.0 4340.0 4314.0 4288.0 4263.0 4237.0 4186.0 4160.0 4134.0 4109.0 4083.0 4057.0 4031.0 4006.0 3950.0 3920.0 3891.0 3861.0 3831.0 3801.0 3772.0 3742.0 3682.0 3652.0 3623.0 3593.0 3563.0 3533.0 3504.0 3474.0 3414.0 3384.0 3355.0 3325.0 3295.0 3265.0 3236.0 3206.0 3161.0 3145.0 3130.0 3114.0 3099.0 3083.0 3068.0 3052.0 3021.0 3006.0 2990.0 2975.0 2959.0 2944.0 2928.0 2913.0 2882.0 2866.0 2851.0 2835.0 2820.0 2804.0 2789.0 2773.0 2755.0 2753.0 2750.0 2747.0 2744.0 2742.0 2739.0 2736.0 2731.0 2728.0 2726.0 2723.0 2720.0 2717.0 2715.0 2712.0 2707.0 2704.0 2701.0 2699.0 2696.0 2693.0 2690.0 2688.0 2677.0 2669.0 2661.0 2653.0 2645.0 2637.0 2629.0 2621.0 2605.0 2597.0 2589.0 2581.0 2573.0 2565.0 2557.0 2549.0 2533.0 2525.0 2517.0 2509.0 2501.0 2493.0 2485.0 2477.0 2471.0 2474.0 2476.0 2479.0 2481.0 2483.0 2486.0 2488.0 2493.0 2495.0 2498.0 2500.0 2503.0 2505.0 2508.0 2510.0 2515.0 2517.0 2520.0 2522.0
agregarAgente --UnidadTermicaSimple
200.0
100.0
agregarAgente --DemandaFija
295.8 295.8 295.8 295.8 295.8 311.4 327.6 343.8 359.4 376.2 392.4 392.4 392.4 379.8 367.2 355.2 342.6 330.6 318.6 318.6 318.6 338.4 358.2 378.6 398.4 418.2 438.0 438.0 438.0 470.4 501.6 532.8 564.6 595.8 628.2 628.2 628.2 624.6 621.0 617.4 613.2 609.6 606.6 606.6 606.6 577.2 547.8 517.8 489.0 459.6 429.6 429.6 429.6 436.8 444.0 452.4 459.6 466.8 474.0 474.0 474.0 478.2 482.4 486.6 490.2 494.4 498.6 498.6 498.6 469.8 439.8 411.0 381.6 352.2 322.8 322.8 322.8 339.0 354.6 370.8 386.4 402.0 417.6 417.6 417.6 424.8 431.4 438.6 445.2 453.0 459.6 459.6 459.6 408.6 357.6 307.2 256.2 205.8 154.8 154.8 154.8 187.2 220.8 253.8 286.2 319.8 352.8 352.8 352.8 380.4 408.0 435.6 463.8 491.4 518.4 518.4 518.4 495.6 472.2 448.8 426.0 402.6 379.8 379.8 379.8 360.0 340.8 321.6 302.4 282.6 263.4 263.4 263.4 278.4 294.0 308.4 323.4 337.8 352.8 352.8 352.8 302.4 250.8 199.8 149.4 97.8 47.4 47.4 47.4 97.8 148.8 199.2 250.2 301.2 351.6 351.6 351.6 393.0 433.2 474.6 515.4 556.2 597.0 597.0 597.0 520.2 444.0 367.2 291.0 214.8 138.0 138.0 138.0 208.8 279.0 350.4 421.2 492.0 562.8 562.8 562.8 531.6 501.0 470.4 439.2 408.6 378.0 378.0 378.0 329.4 280.2 232.2 183.0 135.0 86.4 86.4 86.4 146.4 207.0 266.4 326.4 387.0 446.4 446.4 446.4 416.4 387.0 356.4 326.4 296.4 265.8 265.8 265.8 247.8 230.4 212.4 193.8 176.4 158.4 158.4 158.4 255.6 352.8 450.6 548.4 645.6 742.8 742.8 742.8 722.4 701.4 680.4 659.4 638.4 618.0 618.0 618.0 593.4 569.4 545.4 520.8 496.8 472.8 472.8 472.8 543.6 613.8 684.0 754.8 825.6 896.4 896.4 896.4 841.8 788.4 734.4 680.4 626.4 572.4 572.4 572.4 529.2 486.6 444.0 401.4 358.2 315.6 315.6 315.6 385.2 454.8 523.8 592.8 662.4 732.0 732.0 732.0 708.6 684.0 660.0 636.6 612.0 588.0 588.0 588.0 571.8 555.6 540.0 523.2 507.0 490.8 490.8 490.8 524.4 558.6 592.2 626.4 660.0 693.6 693.6 693.6 671.4 649.8 628.2 605.4 583.8 562.2 562.2 562.2 554.4 547.2 540.0 532.2 524.4 517.2 517.2 517.2 509.4 501.0 493.2 485.4 477.0 469.2 469.2 469.2 417.0 364.8 313.2 261.6 210.0 157.8 157.8 157.8 141.6 125.4 108.6 92.4 76.2 60.0 60.0 60.0 91.2 121.8 153.0 184.2 215.4 246.6 246.6 246.6 282.0 318.0 354.0 390.0 425.4 462.0 462.0 462.0 450.0 439.2 427.8
crearDespacho --mercado --conDemandaTotal
4
0.02 0.07 0.145 1.0
370.0 600.0 2400.0 4000.0
561.94 561.94 561.94 561.94 561.94 591.57 622.35 653.12 682.76 714.68 745.45 745.45 745.45 721.51 697.58 674.78 650.85 628.05 605.25 605.25 605.25 642.87 680.48 719.24 756.85 794.46 832.08 832.08 832.08 893.63 952.9 1012.17 1072.58 1131.86 1193.41 1193.41 1193.41 1186.57 1179.73 1172.89 1164.91 1158.07 1152.37 1152.37 1152.37 1096.52 1040.67 983.68 928.96 873.11 816.12 816.12 816.12 829.8 843.48 859.43 873.11 886.79 900.47 900.47 900.47 908.45 916.43 924.41 931.24 939.22 947.2 947.2 947.2 892.49 835.5 780.79 724.93 669.08 613.23 613.23 613.23 644.01 673.64 704.42 734.05 763.69 793.32 793.32 793.32 807.0 819.54 833.22 845.76 860.57 873.11 873.11 873.11 776.23 679.34 583.6 486.71 390.96 294.08 294.08 294.08 355.63 419.46 482.15 543.7 607.53 670.22 670.22 670.22 722.65 775.09 827.52 881.09 933.52 984.82 984.82 984.82 941.5 897.05 852.6 809.28 764.83 721.51 721.51 721.51 683.9 647.43 610.95 574.48 536.86 500.39 500.39 500.39 528.88 558.52 585.87 614.37 641.73 670.22 670.22 670.22 574.48 476.45 379.56 283.82 185.79 90.05 90.05 90.05 185.79 282.68 378.42 475.31 572.2 667.94 667.94 667.94 746.59 822.96 901.61 979.12 1056.63 1134.13 1134.13 1134.13 988.24 843.48 697.58 552.82 408.06 262.16 262.16 262.16 396.66 530.02 665.66 800.16 934.66 1069.16 1069.16 1069.16 1009.89 951.76 893.63 834.36 776.23 718.1 718.1 718.1 625.77 532.3 441.12 347.65 256.46 164.14 164.14 164.14 278.12 393.24 506.09 620.07 735.19 848.04 848.04 848.04 791.04 735.19 677.06 620.07 563.08 504.95 504.95 504.95 470.75 437.7 403.5 368.17 335.11 300.92 300.92 300.92 485.57 670.22 856.02 1041.81 1226.46 1411.11 1411.11 1411.11 1372.36 1332.47 1292.57 1252.68 1212.78 1174.03 1174.03 1174.03 1127.3 1081.7 1036.11 989.38 943.78 898.19 898.19 898.19 1032.69 1166.05 1299.41 1433.91 1568.41 1702.91 1702.91 1702.91 1599.19 1497.74 1395.16 1292.57 1189.99 1087.4 1087.4 1087.4 1005.33 924.41 843.48 762.55 680.48 599.55 599.55 599.55 731.77 863.99 995.08 1126.16 1258.38 1390.6 1390.6 1390.6 1346.14 1299.41 1253.82 1209.36 1162.63 1117.04 1117.04 1117.04 1086.26 1055.49 1025.85 993.94 963.16 932.38 932.38 932.38 996.22 1061.19 1125.02 1189.99 1253.82 1317.65 1317.65 1317.65 1275.47 1234.44 1193.41 1150.09 1109.06 1068.02 1068.02 1068.02 1053.21 1039.53 1025.85 1011.03 996.22 982.54 982.54 982.54 967.72 951.76 936.94 922.13 906.17 891.35 891.35 891.35 792.18 693.02 594.99 496.97 398.94 299.78 299.78 299.78 269.0 238.23 206.31 175.53 144.76 113.98 113.98 113.98 173.25 231.39 290.66 349.93 409.2 468.47 468.47 468.47 535.72 604.11 672.5 740.89 808.14 877.67 877.67 877.67 854.88 834.36 812.7
configurarSolver --Gurobi
resolver --noConstante ejecuciones/bancos/recombinados/v1/directo/sgtm/v1_sgtm_000168.csv
finalizar
