inicializar --t 360
agregarAgente --SaltoGrande
0.000191
2001535362.0
6474.0 6457.0 6439.0 6422.0 6395.0 6386.0 6378.0 6369.0 6360.0 6351.0 6343.0 6334.0 6316.0 6307.0 6299.0 6290.0 6281.0 6272.0 6264.0 6255.0 6237.0 6228.0 6220.0 6211.0 6202.0 6193.0 6185.0 6176.0 6168.0 6168.0 6169.0 6170.0 6171.0 6171.0 6172.0 6173.0 6174.0 6175.0 6176.0 6177.0 6177.0 6178.0 6179.0 6180.0 6181.0 6182.0 6183.0 6183.0 6184.0 6185.0 6186.0 6186.0 6256.0 6324.0 6393.0 6462.0 6530.0 6599.0 6668.0 6736.0 6874.0 6942.0 7011.0 7080.0 7148.0 7217.0 7286.0 7354.0 7492.0 7560.0 7629.0 7698.0 7766.0 7835.0 7904.0 7972.0 8072.0 8103.0 8134.0 8165.0 8197.0 8228.0 8259.0 8290.0 8352.0 8383.0 8414.0 8445.0 8477.0 8508.0 8539.0 8570.0 8632.0 8663.0 8694.0 8725.0 8757.0 8788.0 8819.0 8850.0 8890.0 8898.0 8907.0 8916.0 8925.0 8933.0 8942.0 8951.0 8968.0 8977.0 8986.0 8995.0 9003.0 9012.0 9021.0 9030.0 9047.0 9056.0 9065.0 9073.0 9082.0 9091.0 9100.0 9108.0 9079.0 9041.0 9003.0 8964.0 8926.0 8888.0 8850.0 8812.0 8736.0 8697.0 8659.0 8621.0 8583.0 8545.0 8507.0 8468.0 8392.0 8354.0 8316.0 8278.0 8240.0 8201.0 8163.0 8125.0 8025.0 7962.0 7900.0 7838.0 7775.0 7713.0 7651.0 7588.0 7464.0 7401.0 7339.0 7277.0 7214.0 7152.0 7090.0 7027.0 6903.0 6840.0 6778.0 6716.0 6653.0 6591.0 6529.0 6466.0 6368.0 6332.0 6296.0 6260.0 6224.0 6188.0 6152.0 6116.0 6044.0 6008.0 5972.0 5936.0 5901.0 5865.0 5829.0 5793.0 5721.0 5685.0 5649.0 5613.0 5577.0 5541.0 5505.0 5469.0 5418.0 5402.0 5387.0 5372.0 5357.0 5341.0 5326.0 5311.0 5280.0 5265.0 5250.0 5235.0 5219.0 5204.0 5189.0 5174.0 5143.0 5128.0 5113.0 5097.0 5082.0 5067.0 5052.0 5036.0 5029.0 5037.0 5046.0 5054.0 5062.0 5070.0 5078.0 5086.0 5103.0 5111.0 5119.0 5127.0 5136.0 5144.0 5152.0 5160.0 5177.0 5185.0 5193.0 5201.0 5209.0 5217.0 5226.0 5234.0 5302.0 5362.0 5422.0 5482.0 5542.0 5602.0 5661.0 5721.0 5841.0 5901.0 5961.0 6021.0 6081.0 6141.0 6201.0 6261.0 6381.0 6441.0 6500.0 6560.0 6620.0 6680.0 6740.0 6800.0 6845.0 6829.0 6814.0 6798.0 6783.0 6768.0 6752.0 6737.0 6706.0 6691.0 6675.0 6660.0 6644.0 6629.0 6613.0 6598.0 6567.0 6552.0 6536.0 6521.0 6506.0 6490.0 6475.0 6459.0 6426.0 6408.0 6390.0 6372.0 6354.0 6336.0 6318.0 6300.0 6264.0 6246.0 6228.0 6210.0 6192.0 6174.0 6156.0 6138.0 6102.0 6084.0 6066.0 6048.0 6030.0 6012.0 5994.0 5976.0 5919.0 5881.0 5842.0 5804.0 5765.0 5727.0 5688.0 5650.0 5572.0 5534.0 5495.0 5457.0 5418.0 5380.0 5341.0 5303.0 5225.0 5187.0 5148.0 5110.0 5071.0 5033.0 4994.0 4956.0 4916.0 4916.0 4915.0 4914.0 4914.0 4913.0 4912.0 4912.0 4910.0 4910.0 4909.0 4908.0 4908.0 4907.0 4906.0 4906.0 4904.0 4904.0 4903.0 4902.0
agregarAgente --UnidadTermicaSimple
200.0
100.0
agregarAgente --DemandaFija
301.2 295.8 289.8 284.4 283.2 287.4 291.0 295.2 299.4 303.0 307.2 311.4 318.0 321.0 323.4 326.4 328.8 331.2 334.2 337.2 337.2 335.4 333.0 331.2 328.8 327.0 324.6 322.2 322.2 323.4 325.2 327.0 328.8 331.2 332.4 334.2 337.2 339.6 340.8 342.6 345.0 346.2 348.0 349.8 348.6 345.6 343.2 339.6 336.6 334.2 331.2 328.8 325.8 330.6 335.4 340.2 344.4 349.2 353.4 353.4 355.2 357.6 360.0 363.0 365.4 367.8 370.2 371.4 366.6 354.6 342.0 330.0 318.0 306.0 293.4 286.8 280.2 285.6 291.6 297.6 303.0 308.4 313.8 313.8 315.0 316.8 319.2 321.0 322.8 325.2 327.0 328.8 330.0 322.2 315.6 308.4 301.2 293.4 286.2 285.0 277.2 270.6 264.6 258.6 252.0 245.4 238.8 232.8 232.8 241.2 249.0 257.4 265.2 273.0 280.8 287.4 293.4 291.6 289.2 287.4 285.0 283.2 280.8 280.2 281.4 283.8 286.8 288.6 291.0 292.8 295.2 297.0 300.0 300.6 301.8 302.4 303.6 304.2 304.8 306.0 304.8 302.4 300.6 298.2 296.4 294.0 292.2 289.8 287.4 292.8 297.6 302.4 307.2 312.0 316.8 316.2 316.8 319.8 322.8 326.4 329.4 332.4 335.4 336.6 334.8 325.2 315.0 305.4 295.2 285.0 274.8 273.0 270.6 273.6 276.6 279.6 282.6 286.2 288.6 289.2 289.8 292.8 294.6 297.0 299.4 301.2 304.2 304.8 300.6 292.2 283.2 273.6 264.6 255.6 246.0 241.8 238.2 240.0 241.8 243.6 244.8 246.6 247.8 250.2 252.0 253.8 255.6 256.8 258.6 259.8 261.0 261.6 255.6 247.8 240.0 232.2 224.4 216.6 208.2 202.2 202.2 211.2 220.8 230.4 239.4 249.0 258.6 265.8 273.0 274.8 277.2 279.0 280.8 283.2 285.6 285.6 279.6 271.2 262.2 252.6 243.6 235.2 226.2 219.6 211.2 220.8 230.4 240.0 249.6 259.2 268.8 267.6 270.6 279.0 286.8 295.2 303.0 312.0 319.2 324.0 324.0 305.4 285.6 265.8 246.6 226.8 207.6 202.2 195.6 193.2 190.8 187.8 184.8 181.8 179.4 178.2 181.2 186.0 191.4 196.2 200.4 205.2 210.0 214.8 217.2 221.4 225.0 229.8 233.4 238.2 241.8 240.0 245.4 251.4 257.4 262.8 268.2 274.2 280.8 288.6 297.6 295.2 292.8 289.8 287.4 285.0 282.6 283.8 280.2 274.8 270.0 264.6 259.8 254.4 249.0 243.6 242.4 256.8 270.6 285.0 298.2 312.0 325.8 329.4 336.6 338.4 340.2 342.6 343.8 346.2 347.4 351.0 349.2 334.8 321.0 307.2 294.0 279.6 266.4 261.0 260.4 269.4 278.4 287.4 295.8 304.8 313.8 317.4 324.0 324.6 325.8 326.4 327.0 327.6 328.8 331.2 327.6 319.2 311.4 303.6
crearDespacho --mercado --conDemandaTotal
4
0.02 0.07 0.145 1.0
370.0 600.0 2400.0 4000.0
815.4 800.78 784.54 769.92 766.67 778.04 787.79 799.16 810.53 820.28 831.65 843.02 860.88 869.01 875.5 883.62 890.12 896.62 904.74 912.86 912.86 907.99 901.49 896.62 890.12 885.25 878.75 872.25 872.25 875.5 880.38 885.25 890.12 896.62 899.87 904.74 912.86 919.36 922.61 927.48 933.98 937.23 942.1 946.97 943.72 935.6 929.1 919.36 911.24 904.74 896.62 890.12 882.0 894.99 907.99 920.98 932.35 945.35 956.72 956.72 961.59 968.09 974.59 982.71 989.2 995.7 1002.2 1005.45 992.45 959.97 925.86 893.37 860.88 828.4 794.29 776.42 758.55 773.17 789.41 805.66 820.28 834.9 849.51 849.51 852.76 857.64 864.13 869.01 873.88 880.38 885.25 890.12 893.37 872.25 854.39 834.9 815.4 794.29 774.8 771.55 750.43 732.56 716.32 700.08 682.21 664.34 646.48 630.23 630.23 652.97 674.09 696.83 717.94 739.06 760.18 778.04 794.29 789.41 782.92 778.04 771.55 766.67 760.18 758.55 761.8 768.3 776.42 781.29 787.79 792.66 799.16 804.03 812.15 813.78 817.03 818.65 821.9 823.52 825.15 828.4 825.15 818.65 813.78 807.28 802.41 795.91 791.04 784.54 778.04 792.66 805.66 818.65 831.65 844.64 857.64 856.01 857.64 865.76 873.88 883.62 891.75 899.87 907.99 911.24 906.36 880.38 852.76 826.77 799.16 771.55 743.93 739.06 732.56 740.69 748.81 756.93 765.05 774.8 781.29 782.92 784.54 792.66 797.54 804.03 810.53 815.4 823.52 825.15 813.78 791.04 766.67 740.69 716.32 691.96 665.97 654.6 644.85 649.72 654.6 659.47 662.72 667.59 670.84 677.34 682.21 687.08 691.96 695.2 700.08 703.33 706.57 708.2 691.96 670.84 649.72 628.61 607.49 586.38 563.64 547.39 547.39 571.76 597.75 623.73 648.1 674.09 700.08 719.57 739.06 743.93 750.43 755.3 760.18 766.67 773.17 773.17 756.93 734.19 709.82 683.83 659.47 636.73 612.36 594.5 571.76 597.75 623.73 649.72 675.71 701.7 727.69 724.44 732.56 755.3 776.42 799.16 820.28 844.64 864.13 877.13 877.13 826.77 773.17 719.57 667.59 613.99 562.01 547.39 529.52 523.03 516.53 508.41 500.29 492.17 485.67 482.42 490.54 503.54 518.15 531.15 542.52 555.51 568.51 581.5 588.0 599.37 609.12 622.11 631.86 644.85 654.6 649.72 664.34 680.59 696.83 711.45 726.07 742.31 760.18 781.29 805.66 799.16 792.66 784.54 778.04 771.55 765.05 768.3 758.55 743.93 730.94 716.32 703.33 688.71 674.09 659.47 656.22 695.2 732.56 771.55 807.28 844.64 882.0 891.75 911.24 916.11 920.98 927.48 930.73 937.23 940.48 950.22 945.35 906.36 869.01 831.65 795.91 756.93 721.19 706.57 704.95 729.31 753.68 778.04 800.78 825.15 849.51 859.26 877.13 878.75 882.0 883.62 885.25 886.87 890.12 896.62 886.87 864.13 843.02 821.9
configurarSolver --Gurobi
resolver --noConstante ejecuciones/bancos/recombinados/v1/directo/sgtm/v1_sgtm_000237.csv
finalizar
