inicializar --t 360
agregarAgente --SaltoGrande
0.006866
2104235473.0
1017.0 1019.0 1021.0 1022.0 1027.0 1030.0 1033.0 1036.0 1040.0 1043.0 1046.0 1049.0 1055.0 1058.0 1061.0 1064.0 1068.0 1071.0 1074.0 1077.0 1083.0 1086.0 1089.0 1092.0 1096.0 1099.0 1102.0 1105.0 1100.0 1093.0 1085.0 1077.0 1069.0 1062.0 1054.0 1046.0 1031.0 1023.0 1016.0 1008.0 1000.0 992.0 985.0 977.0 962.0 954.0 946.0 939.0 931.0 923.0 915.0 908.0 900.0 901.0 901.0 901.0 901.0 902.0 902.0 902.0 903.0 903.0 904.0 904.0 904.0 904.0 905.0 905.0 906.0 906.0 906.0 907.0 907.0 907.0 907.0 908.0 907.0 905.0 904.0 903.0 901.0 900.0 899.0 897.0 895.0 893.0 892.0 891.0 889.0 888.0 887.0 885.0 883.0 881.0 880.0 879.0 877.0 876.0 875.0 873.0 871.0 870.0 869.0 868.0 867.0 866.0 866.0 865.0 863.0 862.0 861.0 860.0 859.0 858.0 857.0 856.0 854.0 853.0 853.0 852.0 851.0 850.0 849.0 848.0 850.0 853.0 856.0 859.0 862.0 865.0 868.0 871.0 877.0 880.0 883.0 886.0 889.0 892.0 895.0 898.0 904.0 907.0 910.0 913.0 916.0 919.0 922.0 925.0 930.0 933.0 935.0 937.0 939.0 942.0 944.0 946.0 951.0 953.0 956.0 958.0 960.0 962.0 965.0 967.0 972.0 974.0 976.0 979.0 981.0 983.0 985.0 988.0 992.0 994.0 995.0 997.0 999.0 1001.0 1002.0 1004.0 1008.0 1010.0 1011.0 1013.0 1015.0 1017.0 1018.0 1020.0 1024.0 1026.0 1027.0 1029.0 1031.0 1033.0 1034.0 1036.0 1052.0 1067.0 1081.0 1096.0 1110.0 1125.0 1139.0 1154.0 1183.0 1197.0 1212.0 1226.0 1241.0 1255.0 1270.0 1284.0 1313.0 1328.0 1342.0 1357.0 1371.0 1386.0 1400.0 1415.0 1429.0 1429.0 1428.0 1428.0 1428.0 1428.0 1427.0 1427.0 1427.0 1427.0 1426.0 1426.0 1426.0 1426.0 1425.0 1425.0 1425.0 1425.0 1424.0 1424.0 1424.0 1424.0 1423.0 1423.0 1491.0 1558.0 1626.0 1693.0 1761.0 1829.0 1896.0 1964.0 2099.0 2167.0 2234.0 2302.0 2369.0 2437.0 2504.0 2572.0 2707.0 2775.0 2842.0 2910.0 2978.0 3045.0 3113.0 3180.0 3294.0 3340.0 3385.0 3431.0 3477.0 3523.0 3569.0 3615.0 3706.0 3752.0 3798.0 3844.0 3889.0 3935.0 3981.0 4027.0 4118.0 4164.0 4210.0 4256.0 4302.0 4348.0 4393.0 4439.0 4466.0 4446.0 4427.0 4407.0 4388.0 4368.0 4349.0 4329.0 4291.0 4271.0 4252.0 4232.0 4213.0 4193.0 4174.0 4154.0 4116.0 4096.0 4077.0 4057.0 4038.0 4018.0 3999.0 3979.0 3929.0 3898.0 3867.0 3836.0 3805.0 3774.0 3743.0 3712.0 3650.0 3619.0 3588.0 3557.0 3526.0 3495.0 3464.0 3433.0 3371.0 3340.0 3309.0 3278.0 3247.0 3216.0 3185.0 3154.0 3097.0 3072.0 3046.0 3020.0 2994.0 2969.0 2943.0 2917.0 2866.0 2840.0 2815.0 2789.0 2763.0 2737.0 2712.0 2686.0 2635.0 2609.0 2583.0 2558.0
agregarAgente --UnidadTermicaSimple
200.0
100.0
agregarAgente --DemandaFija
365.7 361.2 354.9 350.4 351.3 356.7 362.1 367.5 373.8 378.3 383.7 389.1 399.9 404.4 408.0 413.4 417.9 421.5 426.0 430.5 419.7 405.3 389.1 373.8 359.4 344.1 328.8 314.4 297.3 295.5 292.8 291.9 290.1 287.4 286.5 283.8 293.7 305.4 318.0 329.7 341.4 352.2 364.8 376.5 379.2 370.2 362.1 354.0 345.9 337.8 328.8 318.9 318.0 326.1 334.2 341.4 348.6 355.8 363.9 372.0 382.8 386.4 389.1 392.7 395.4 399.0 402.6 405.3 392.7 375.6 359.4 342.3 326.1 309.9 292.8 277.5 264.9 270.3 275.7 280.2 285.6 291.0 295.5 300.9 312.6 318.9 325.2 332.4 338.7 345.0 352.2 358.5 361.2 356.7 352.2 348.6 345.0 341.4 336.9 333.3 334.2 339.6 345.0 350.4 354.9 361.2 365.7 371.1 377.4 380.1 382.8 384.6 387.3 390.0 392.7 392.7 380.1 364.8 349.5 334.2 319.8 303.6 288.3 274.8 260.4 258.6 255.9 253.2 251.4 248.7 246.9 245.1 255.0 267.6 279.3 291.9 303.6 316.2 327.9 340.5 347.7 343.2 338.7 333.3 329.7 324.3 319.8 315.3 320.7 333.3 343.2 354.0 366.6 376.5 387.3 398.1 410.7 413.4 415.2 416.1 418.8 420.6 421.5 424.2 417.0 408.0 399.0 390.0 381.0 372.0 363.9 354.9 352.2 358.5 364.8 371.1 377.4 382.8 389.1 395.4 408.0 412.5 417.9 422.4 426.9 433.2 437.7 442.2 439.5 432.3 424.2 417.0 408.9 401.7 392.7 385.5 375.6 372.9 370.2 368.4 365.7 363.0 361.2 358.5 357.6 388.2 418.8 450.3 480.0 511.5 543.0 544.8 539.4 543.0 548.4 552.0 556.5 560.1 565.5 557.4 557.4 602.4 649.2 695.1 741.0 787.8 833.7 841.8 850.8 851.7 852.6 853.5 854.4 855.3 857.1 857.1 845.4 836.4 826.5 816.6 806.7 797.7 787.8 776.1 768.0 771.6 776.1 779.7 784.2 787.8 792.3 795.9 804.9 806.7 808.5 810.3 813.0 814.8 816.6 822.9 817.5 790.5 765.3 738.3 711.3 685.2 659.1 647.4 633.0 629.4 625.8 623.1 619.5 615.9 613.2 609.6 615.0 624.0 632.1 641.1 648.3 657.3 665.4 674.4 672.6 693.3 714.0 734.7 754.5 775.2 795.0 785.1 776.1 786.0 795.9 806.7 817.5 826.5 837.3 838.2 840.9 843.6 847.2 850.8 853.5 857.1 859.8 862.5 861.6 840.0 819.3 797.7 777.0 755.4 734.7 731.1 734.7 749.1 763.5 777.9 791.4 805.8 821.1 827.4 836.4 847.2 858.9 871.5 883.2 894.0 906.6 909.3 904.8 885.9 868.8 850.8 831.9 813.9 795.9 788.7 782.4 795.9 809.4 822.9 835.5 849.0 861.6 863.4 866.1 865.2 864.3 863.4 862.5 862.5 861.6 861.6 857.1 842.7 829.2 815.7
crearDespacho --mercado --conDemandaTotal
4
0.02 0.07 0.145 1.0
370.0 600.0 2400.0 4000.0
520.61 514.2 505.23 498.82 500.11 507.79 515.48 523.17 532.14 538.54 546.23 553.92 569.29 575.7 580.82 588.51 594.92 600.04 606.45 612.85 597.48 576.98 553.92 532.14 511.64 489.86 468.08 447.58 423.23 420.67 416.83 415.54 412.98 409.14 407.86 404.01 418.11 434.76 452.7 469.36 486.01 501.39 519.32 535.98 539.82 527.01 515.48 503.95 492.42 480.89 468.08 453.98 452.7 464.23 475.76 486.01 496.26 506.51 518.04 529.57 544.95 550.07 553.92 559.04 562.89 568.01 573.14 576.98 559.04 534.7 511.64 487.29 464.23 441.17 416.83 395.05 377.11 384.8 392.48 398.89 406.58 414.26 420.67 428.36 445.01 453.98 462.95 473.2 482.17 491.14 501.39 510.36 514.2 507.79 501.39 496.26 491.14 486.01 479.61 474.48 475.76 483.45 491.14 498.82 505.23 514.2 520.61 528.29 537.26 541.1 544.95 547.51 551.35 555.2 559.04 559.04 541.1 519.32 497.54 475.76 455.26 432.2 410.42 391.2 370.7 368.14 364.3 360.45 357.89 354.05 351.48 348.92 363.01 380.95 397.61 415.54 432.2 450.14 466.79 484.73 494.98 488.57 482.17 474.48 469.36 461.67 455.26 448.86 456.54 474.48 488.57 503.95 521.89 535.98 551.35 566.73 584.67 588.51 591.07 592.35 596.2 598.76 600.04 603.89 593.64 580.82 568.01 555.2 542.39 529.57 518.04 505.23 501.39 510.36 519.32 528.29 537.26 544.95 553.92 562.89 580.82 587.23 594.92 601.32 607.73 616.7 623.1 629.51 625.67 615.42 603.89 593.64 582.1 571.85 559.04 548.79 534.7 530.86 527.01 524.45 520.61 516.76 514.2 510.36 509.07 552.64 596.2 641.04 683.32 728.16 773.01 775.57 767.88 773.01 780.69 785.82 792.23 797.35 805.04 793.51 793.51 857.57 924.19 989.53 1054.88 1121.5 1186.84 1198.37 1211.19 1212.47 1213.75 1215.03 1216.31 1217.59 1220.16 1220.16 1203.5 1190.69 1176.59 1162.5 1148.41 1135.59 1121.5 1104.84 1093.31 1098.44 1104.84 1109.97 1116.38 1121.5 1127.91 1133.03 1145.84 1148.41 1150.97 1153.53 1157.38 1159.94 1162.5 1171.47 1163.78 1125.34 1089.47 1051.03 1012.6 975.44 938.29 921.63 901.13 896.0 890.88 887.04 881.91 876.79 872.94 867.82 875.51 888.32 899.85 912.66 922.91 935.72 947.25 960.07 957.5 986.97 1016.44 1045.91 1074.1 1103.56 1131.75 1117.66 1104.84 1118.94 1133.03 1148.41 1163.78 1176.59 1191.97 1193.25 1197.09 1200.94 1206.06 1211.19 1215.03 1220.16 1224.0 1227.84 1226.56 1195.81 1166.34 1135.59 1106.13 1075.38 1045.91 1040.78 1045.91 1066.41 1086.91 1107.41 1126.63 1147.13 1168.91 1177.87 1190.69 1206.06 1222.72 1240.66 1257.31 1272.69 1290.62 1294.47 1288.06 1261.15 1236.81 1211.19 1184.28 1158.66 1133.03 1122.78 1113.81 1133.03 1152.25 1171.47 1189.41 1208.62 1226.56 1229.12 1232.97 1231.69 1230.41 1229.12 1227.84 1227.84 1226.56 1226.56 1220.16 1199.66 1180.44 1161.22
configurarSolver --Gurobi
resolver --noConstante ejecuciones/bancos/recombinados/v1/directo/sgtm/v1_sgtm_000346.csv
finalizar
