inicializar --t 360
agregarAgente --SaltoGrande
0.000623
2618270994.0
4997.0 4998.0 4999.0 4999.0 4991.0 4982.0 4973.0 4964.0 4955.0 4946.0 4938.0 4929.0 4911.0 4902.0 4893.0 4884.0 4875.0 4866.0 4857.0 4848.0 4830.0 4821.0 4813.0 4804.0 4795.0 4786.0 4777.0 4768.0 4755.0 4752.0 4748.0 4745.0 4741.0 4737.0 4734.0 4730.0 4723.0 4719.0 4716.0 4712.0 4709.0 4705.0 4702.0 4698.0 4691.0 4687.0 4684.0 4680.0 4676.0 4673.0 4669.0 4666.0 4676.0 4690.0 4704.0 4718.0 4732.0 4746.0 4760.0 4774.0 4802.0 4816.0 4830.0 4844.0 4859.0 4873.0 4887.0 4901.0 4929.0 4943.0 4957.0 4971.0 4985.0 4999.0 5013.0 5027.0 5037.0 5033.0 5028.0 5024.0 5020.0 5016.0 5011.0 5007.0 4999.0 4995.0 4990.0 4986.0 4982.0 4978.0 4973.0 4969.0 4961.0 4957.0 4952.0 4948.0 4944.0 4940.0 4935.0 4931.0 4931.0 4936.0 4940.0 4944.0 4948.0 4953.0 4957.0 4961.0 4970.0 4974.0 4979.0 4983.0 4987.0 4991.0 4996.0 5000.0 5009.0 5013.0 5017.0 5022.0 5026.0 5030.0 5034.0 5039.0 5032.0 5022.0 5011.0 5001.0 4990.0 4979.0 4969.0 4958.0 4937.0 4926.0 4916.0 4905.0 4895.0 4884.0 4874.0 4863.0 4842.0 4831.0 4821.0 4810.0 4799.0 4789.0 4778.0 4768.0 4746.0 4734.0 4723.0 4711.0 4700.0 4688.0 4677.0 4665.0 4643.0 4631.0 4620.0 4608.0 4597.0 4585.0 4574.0 4562.0 4540.0 4528.0 4517.0 4505.0 4494.0 4482.0 4471.0 4459.0 4473.0 4499.0 4524.0 4550.0 4575.0 4601.0 4626.0 4652.0 4703.0 4728.0 4754.0 4779.0 4805.0 4830.0 4856.0 4881.0 4932.0 4958.0 4983.0 5009.0 5034.0 5060.0 5085.0 5111.0 5168.0 5199.0 5231.0 5262.0 5294.0 5325.0 5357.0 5388.0 5451.0 5483.0 5514.0 5546.0 5577.0 5609.0 5640.0 5672.0 5735.0 5766.0 5798.0 5829.0 5861.0 5892.0 5924.0 5955.0 5983.0 5979.0 5976.0 5972.0 5968.0 5964.0 5960.0 5956.0 5949.0 5945.0 5941.0 5937.0 5934.0 5930.0 5926.0 5922.0 5915.0 5911.0 5907.0 5903.0 5899.0 5895.0 5892.0 5888.0 5877.0 5871.0 5864.0 5857.0 5851.0 5844.0 5837.0 5831.0 5817.0 5811.0 5804.0 5797.0 5791.0 5784.0 5777.0 5771.0 5757.0 5751.0 5744.0 5737.0 5731.0 5724.0 5717.0 5711.0 5695.0 5686.0 5677.0 5668.0 5659.0 5650.0 5641.0 5632.0 5614.0 5605.0 5596.0 5587.0 5578.0 5569.0 5560.0 5551.0 5533.0 5524.0 5515.0 5506.0 5497.0 5488.0 5479.0 5470.0 5459.0 5456.0 5454.0 5452.0 5449.0 5447.0 5444.0 5442.0 5437.0 5435.0 5433.0 5430.0 5428.0 5425.0 5423.0 5421.0 5416.0 5414.0 5411.0 5409.0 5406.0 5404.0 5402.0 5399.0 5452.0 5507.0 5562.0 5617.0 5671.0 5726.0 5781.0 5836.0 5946.0 6001.0 6056.0 6111.0 6165.0 6220.0 6275.0 6330.0 6440.0 6495.0 6550.0 6605.0 6659.0 6714.0 6769.0 6824.0 6861.0 6844.0 6826.0 6809.0 6791.0 6773.0 6756.0 6738.0 6703.0 6685.0 6668.0 6650.0 6633.0 6615.0 6598.0 6580.0 6545.0 6527.0 6510.0 6492.0
agregarAgente --UnidadTermicaSimple
200.0
100.0
agregarAgente --DemandaFija
372.6 358.8 344.4 339.0 333.0 348.0 361.8 376.8 391.8 406.2 420.6 420.0 421.2 432.0 442.8 453.6 464.4 474.6 486.0 488.4 489.0 454.2 419.4 384.0 349.2 314.4 279.6 278.4 279.0 289.8 302.4 313.2 325.8 337.2 348.6 350.4 352.2 369.0 386.4 403.8 420.6 438.0 454.8 455.4 456.0 435.6 416.4 396.6 376.2 357.0 336.6 335.4 337.2 349.8 363.6 376.8 390.6 403.8 417.6 419.4 421.8 444.6 468.6 491.4 514.8 538.2 561.6 562.2 558.6 521.4 484.2 447.0 409.8 372.6 334.8 331.2 336.6 355.2 373.2 392.4 411.0 429.0 447.6 456.6 466.2 479.4 492.6 505.8 519.0 532.8 545.4 546.0 538.2 504.0 471.6 438.0 404.4 370.8 338.4 329.4 330.6 346.2 361.8 378.0 393.0 409.2 425.4 435.6 446.4 463.8 480.6 497.4 514.2 531.0 548.4 549.0 540.0 505.8 471.0 436.8 402.0 368.4 333.6 322.8 318.6 326.4 334.2 341.4 349.2 357.0 364.8 371.4 381.6 403.2 424.8 446.4 467.4 489.6 511.2 514.2 508.8 478.8 449.4 419.4 390.0 359.4 329.4 321.0 319.2 328.2 337.8 347.4 357.0 366.0 375.6 382.2 389.4 409.8 430.8 452.4 473.4 493.8 514.2 514.8 508.2 464.4 420.6 377.4 333.6 290.4 246.6 238.8 229.8 214.2 197.4 180.6 164.4 147.6 130.8 129.6 132.0 134.4 136.8 139.2 142.2 144.6 147.0 150.0 150.6 155.4 160.8 165.0 169.8 174.6 179.4 177.0 178.8 199.8 220.8 241.8 263.4 284.4 306.0 310.2 315.6 295.2 273.0 252.6 231.6 210.6 189.6 191.4 187.2 190.2 193.2 196.2 199.8 202.2 205.8 200.4 199.8 193.8 187.2 181.8 175.8 169.8 165.0 169.2 174.6 175.2 176.4 177.6 178.8 180.0 181.2 182.4 177.6 176.4 174.6 173.4 172.2 169.8 168.6 163.2 158.4 154.2 150.0 145.8 141.6 138.0 133.8 133.8 137.4 140.4 143.4 146.4 149.4 152.4 155.4 158.4 157.2 160.8 164.4 167.4 171.0 174.0 177.0 173.4 179.4 207.6 235.8 263.4 291.6 320.4 348.6 358.2 370.8 366.6 361.8 356.4 352.2 347.4 342.6 345.0 339.6 316.2 293.4 270.0 246.6 223.8 200.4 192.6 189.6 192.6 195.0 196.8 199.2 201.6 204.0 209.4 217.8 232.2 246.6 260.4 274.8 289.2 303.6 306.0 298.2 277.8 257.4 236.4 216.6 196.2 175.8 165.6 154.2 165.6 177.6 189.0 201.0 213.6 225.0 223.2 225.6 233.4 241.8 249.6 256.8 265.2 273.6 276.6 277.2 258.6 239.4 220.8 202.2 183.6 165.0 162.0 157.8 207.0 258.0 307.8 358.2 408.0 458.4 457.2 460.8 429.0 396.6 364.2 332.4 299.4 268.2 273.6 274.2 253.8 233.4 212.4
crearDespacho --mercado --conDemandaTotal
4
0.02 0.07 0.145 1.0
370.0 600.0 2400.0 4000.0
857.17 825.43 792.3 779.88 766.07 800.58 832.33 866.84 901.34 934.47 967.6 966.22 968.98 993.82 1018.67 1043.51 1068.36 1091.83 1118.05 1123.57 1124.95 1044.9 964.84 883.4 803.34 723.28 643.22 640.46 641.84 666.69 695.68 720.52 749.51 775.73 801.96 806.1 810.24 848.89 888.92 928.95 967.6 1007.63 1046.28 1047.66 1049.04 1002.11 957.94 912.39 865.45 821.28 774.35 771.59 775.73 804.72 836.47 866.84 898.58 928.95 960.7 964.84 970.36 1022.81 1078.02 1130.47 1184.31 1238.14 1291.97 1293.35 1285.07 1199.49 1113.91 1028.33 942.75 857.17 770.21 761.93 774.35 817.14 858.55 902.72 945.51 986.92 1029.71 1050.42 1072.5 1102.87 1133.23 1163.6 1193.97 1225.72 1254.7 1256.08 1238.14 1159.46 1084.92 1007.63 930.33 853.03 778.5 757.79 760.55 796.44 832.33 869.6 904.1 941.37 978.64 1002.11 1026.95 1066.98 1105.63 1144.28 1182.93 1221.57 1261.6 1262.98 1242.28 1163.6 1083.54 1004.87 924.81 847.51 767.45 742.61 732.94 750.89 768.83 785.4 803.34 821.28 839.23 854.41 877.88 927.57 977.26 1026.95 1075.26 1126.33 1176.02 1182.93 1170.5 1101.49 1033.85 964.84 897.2 826.81 757.79 738.47 734.33 755.03 777.11 799.2 821.28 841.99 864.07 879.26 895.82 942.75 991.06 1040.75 1089.07 1136.0 1182.93 1184.31 1169.12 1068.36 967.6 868.22 767.45 668.07 567.31 549.36 528.66 492.77 454.12 415.47 378.21 339.56 300.91 298.15 303.67 309.19 314.71 320.23 327.13 332.65 338.18 345.08 346.46 357.5 369.92 379.59 390.63 401.67 412.71 407.19 411.33 459.64 507.95 556.27 605.96 654.27 703.96 713.62 726.04 679.11 628.04 581.11 532.8 484.49 436.18 440.32 430.66 437.56 444.46 451.36 459.64 465.16 473.45 461.02 459.64 445.84 430.66 418.23 404.43 390.63 379.59 389.25 401.67 403.05 405.81 408.57 411.33 414.09 416.85 419.61 408.57 405.81 401.67 398.91 396.15 390.63 387.87 375.44 364.4 354.74 345.08 335.42 325.75 317.47 307.81 307.81 316.09 322.99 329.89 336.8 343.7 350.6 357.5 364.4 361.64 369.92 378.21 385.11 393.39 400.29 407.19 398.91 412.71 477.59 542.46 605.96 670.83 737.09 801.96 824.05 853.03 843.37 832.33 819.9 810.24 799.2 788.16 793.68 781.26 727.42 674.97 621.14 567.31 514.86 461.02 443.08 436.18 443.08 448.6 452.74 458.26 463.78 469.31 481.73 501.05 534.18 567.31 599.05 632.18 665.31 698.44 703.96 686.01 639.08 592.15 543.84 498.29 451.36 404.43 380.97 354.74 380.97 408.57 434.8 462.4 491.39 517.62 513.48 519.0 536.94 556.27 574.21 590.77 610.1 629.42 636.32 637.7 594.91 550.74 507.95 465.16 422.38 379.59 372.68 363.02 476.21 593.53 708.1 824.05 938.61 1054.56 1051.8 1060.08 986.92 912.39 837.85 764.69 688.77 617.0 629.42 630.8 583.87 536.94 488.63
configurarSolver --Gurobi
resolver --noConstante ejecuciones/bancos/recombinados/v1/directo/sgtm/v1_sgtm_000475.csv
finalizar
