inicializar --t 360
agregarAgente --SaltoGrande
0.00371
2133902914.0
4486.0 4478.0 4469.0 4461.0 4450.0 4446.0 4443.0 4439.0 4436.0 4433.0 4429.0 4426.0 4419.0 4416.0 4412.0 4409.0 4405.0 4402.0 4398.0 4395.0 4388.0 4385.0 4381.0 4378.0 4375.0 4371.0 4368.0 4364.0 4356.0 4351.0 4345.0 4340.0 4335.0 4330.0 4324.0 4319.0 4309.0 4304.0 4298.0 4293.0 4288.0 4283.0 4277.0 4272.0 4262.0 4257.0 4251.0 4246.0 4241.0 4236.0 4230.0 4225.0 4213.0 4206.0 4198.0 4191.0 4184.0 4177.0 4170.0 4163.0 4148.0 4141.0 4134.0 4127.0 4119.0 4112.0 4105.0 4098.0 4083.0 4076.0 4069.0 4062.0 4055.0 4048.0 4040.0 4033.0 4013.0 4000.0 3986.0 3973.0 3960.0 3947.0 3933.0 3920.0 3894.0 3881.0 3867.0 3854.0 3841.0 3828.0 3814.0 3801.0 3775.0 3762.0 3748.0 3735.0 3722.0 3709.0 3695.0 3682.0 3661.0 3653.0 3645.0 3637.0 3629.0 3621.0 3613.0 3605.0 3589.0 3581.0 3573.0 3565.0 3556.0 3548.0 3540.0 3532.0 3516.0 3508.0 3500.0 3492.0 3484.0 3476.0 3468.0 3460.0 3446.0 3440.0 3434.0 3428.0 3422.0 3416.0 3410.0 3404.0 3392.0 3386.0 3380.0 3374.0 3368.0 3362.0 3356.0 3350.0 3338.0 3332.0 3326.0 3320.0 3314.0 3308.0 3302.0 3296.0 3314.0 3339.0 3363.0 3388.0 3412.0 3437.0 3461.0 3486.0 3535.0 3559.0 3584.0 3608.0 3633.0 3657.0 3682.0 3706.0 3755.0 3780.0 3804.0 3829.0 3853.0 3878.0 3902.0 3927.0 3983.0 4015.0 4046.0 4078.0 4110.0 4142.0 4174.0 4206.0 4269.0 4301.0 4333.0 4365.0 4396.0 4428.0 4460.0 4492.0 4555.0 4587.0 4619.0 4651.0 4683.0 4715.0 4746.0 4778.0 4787.0 4765.0 4742.0 4720.0 4697.0 4675.0 4652.0 4630.0 4585.0 4562.0 4540.0 4517.0 4495.0 4472.0 4450.0 4427.0 4382.0 4360.0 4337.0 4315.0 4292.0 4270.0 4247.0 4225.0 4182.0 4162.0 4142.0 4122.0 4103.0 4083.0 4063.0 4043.0 4003.0 3983.0 3963.0 3943.0 3924.0 3904.0 3884.0 3864.0 3824.0 3804.0 3784.0 3764.0 3745.0 3725.0 3705.0 3685.0 3649.0 3633.0 3617.0 3601.0 3585.0 3569.0 3553.0 3537.0 3505.0 3489.0 3473.0 3457.0 3441.0 3425.0 3409.0 3393.0 3361.0 3345.0 3329.0 3313.0 3297.0 3281.0 3265.0 3249.0 3225.0 3218.0 3210.0 3202.0 3195.0 3187.0 3180.0 3172.0 3157.0 3149.0 3141.0 3134.0 3126.0 3119.0 3111.0 3103.0 3088.0 3080.0 3073.0 3065.0 3058.0 3050.0 3042.0 3035.0 3024.0 3022.0 3019.0 3017.0 3014.0 3012.0 3009.0 3007.0 3002.0 2999.0 2997.0 2994.0 2992.0 2989.0 2987.0 2984.0 2979.0 2977.0 2974.0 2972.0 2969.0 2967.0 2964.0 2962.0 2958.0 2958.0 2957.0 2957.0 2956.0 2956.0 2955.0 2955.0 2954.0 2953.0 2953.0 2952.0 2952.0 2951.0 2951.0 2950.0 2949.0 2949.0 2948.0 2948.0 2947.0 2947.0 2946.0 2946.0 2938.0 2932.0 2925.0 2918.0 2911.0 2905.0 2898.0 2891.0 2878.0 2871.0 2864.0 2857.0 2851.0 2844.0 2837.0 2830.0 2817.0 2810.0 2803.0 2797.0
agregarAgente --UnidadTermicaSimple
200.0
100.0
agregarAgente --DemandaFija
265.8 264.6 263.4 262.8 258.6 256.2 253.8 251.4 249.6 247.2 244.2 241.2 242.4 254.4 266.4 278.4 290.4 302.4 314.4 318.0 322.2 313.2 303.6 294.6 286.2 277.8 268.2 267.6 262.8 259.2 255.0 251.4 247.2 243.6 239.4 235.2 239.4 251.4 263.4 275.4 286.8 299.4 311.4 318.6 327.6 326.4 325.8 324.0 323.4 322.2 321.0 322.8 328.8 334.8 340.8 348.0 354.0 360.0 366.0 370.8 376.8 377.4 378.0 378.0 379.2 379.8 379.8 380.4 379.8 381.6 382.8 384.0 385.8 386.4 387.6 386.4 388.8 388.2 387.6 387.0 385.8 384.0 384.0 387.6 391.8 398.4 405.0 412.2 418.8 425.4 432.0 432.0 430.2 420.0 409.2 399.0 388.8 378.6 368.4 366.0 366.0 369.6 373.2 376.8 381.0 384.0 387.6 390.0 393.0 399.6 405.0 411.6 417.6 423.0 429.6 430.2 429.0 420.0 411.6 403.8 394.8 386.4 377.4 376.2 375.6 376.8 378.6 379.8 381.0 382.2 383.4 385.2 385.2 390.0 394.8 399.6 403.8 408.6 412.8 411.6 408.6 401.4 393.6 385.2 377.4 369.6 361.8 359.4 357.0 358.2 358.2 358.8 359.4 360.0 360.0 361.2 360.0 363.6 367.2 370.8 374.4 377.4 381.0 379.8 373.8 365.4 357.0 348.0 339.0 330.6 321.0 317.4 312.6 310.8 309.6 308.4 306.6 305.4 304.2 303.0 302.4 307.2 310.8 314.4 318.6 322.8 326.4 327.0 322.8 314.4 305.4 295.8 287.4 279.0 270.0 264.0 251.4 244.2 237.6 231.6 224.4 217.8 210.6 204.0 200.4 202.2 205.8 208.2 211.2 213.0 216.0 218.4 223.2 227.4 231.0 234.6 238.2 242.4 246.0 248.4 255.0 265.2 274.8 285.6 295.2 304.8 315.0 319.2 324.0 318.6 313.8 309.6 304.8 299.4 295.2 295.2 292.8 288.6 283.8 279.0 274.8 270.0 265.2 263.4 262.8 263.4 264.6 266.4 267.0 268.8 270.0 271.2 271.2 273.6 274.8 276.6 278.4 280.8 281.4 280.8 276.6 270.6 264.6 258.6 253.2 246.6 240.6 237.6 234.6 234.6 234.6 234.0 234.0 234.0 234.0 234.0 234.6 238.2 241.2 244.2 247.8 251.4 254.4 254.4 248.4 239.4 229.2 219.0 210.0 199.8 190.2 183.6 178.8 181.2 183.6 185.4 188.4 190.8 193.2 195.6 200.4 208.8 217.8 226.2 235.2 244.2 253.2 255.6 249.0 233.4 217.8 201.6 186.6 171.0 156.0 145.8 141.0 144.6 148.8 152.4 156.6 160.8 165.0 168.6 173.4 178.8 182.4 186.6 191.4 195.6 200.4 201.0 196.8 187.2 178.2 168.0 159.0 150.0 140.4 134.4 130.8 135.0 139.2 143.4 147.0 151.2 155.4 157.8 165.0 172.2 178.8 185.4 192.0 198.0 205.2 210.6 208.8 200.4 191.4 183.6
crearDespacho --mercado --conDemandaTotal
4
0.02 0.07 0.145 1.0
370.0 600.0 2400.0 4000.0
650.88 647.94 645.0 643.53 633.25 627.37 621.5 615.62 611.21 605.33 597.99 590.64 593.58 622.96 652.35 681.73 711.12 740.51 769.89 778.71 788.99 766.95 743.44 721.4 700.84 680.27 656.76 655.29 643.53 634.72 624.43 615.62 605.33 596.52 586.23 575.95 586.23 615.62 645.0 674.39 702.3 733.16 762.54 780.18 802.21 799.28 797.81 793.4 791.93 788.99 786.05 790.46 805.15 819.85 834.54 852.17 866.86 881.55 896.25 908.0 922.69 924.16 925.63 925.63 928.57 930.04 930.04 931.51 930.04 934.45 937.39 940.32 944.73 946.2 949.14 946.2 952.08 950.61 949.14 947.67 944.73 940.32 940.32 949.14 959.42 975.59 991.75 1009.38 1025.54 1041.7 1057.86 1057.86 1053.46 1028.48 1002.03 977.06 952.08 927.1 902.12 896.25 896.25 905.06 913.88 922.69 932.98 940.32 949.14 955.02 962.36 978.52 991.75 1007.91 1022.6 1035.83 1051.99 1053.46 1050.52 1028.48 1007.91 988.81 966.77 946.2 924.16 921.22 919.75 922.69 927.1 930.04 932.98 935.92 938.85 943.26 943.26 955.02 966.77 978.52 988.81 1000.56 1010.85 1007.91 1000.56 982.93 963.83 943.26 924.16 905.06 885.96 880.08 874.21 877.15 877.15 878.62 880.08 881.55 881.55 884.49 881.55 890.37 899.18 908.0 916.82 924.16 932.98 930.04 915.35 894.78 874.21 852.17 830.13 809.56 786.05 777.24 765.48 761.07 758.14 755.2 750.79 747.85 744.91 741.97 740.51 752.26 761.07 769.89 780.18 790.46 799.28 800.74 790.46 769.89 747.85 724.34 703.77 683.2 661.17 646.47 615.62 597.99 581.83 567.13 549.5 533.34 515.71 499.55 490.73 495.14 503.95 509.83 517.18 521.59 528.93 534.81 546.56 556.85 565.66 574.48 583.29 593.58 602.4 608.27 624.43 649.41 672.92 699.37 722.87 746.38 771.36 781.64 793.4 780.18 768.42 758.14 746.38 733.16 722.87 722.87 717.0 706.71 694.96 683.2 672.92 661.17 649.41 645.0 643.53 645.0 647.94 652.35 653.82 658.23 661.17 664.1 664.1 669.98 672.92 677.33 681.73 687.61 689.08 687.61 677.33 662.63 647.94 633.25 620.03 603.86 589.17 581.83 574.48 574.48 574.48 573.01 573.01 573.01 573.01 573.01 574.48 583.29 590.64 597.99 606.8 615.62 622.96 622.96 608.27 586.23 561.26 536.28 514.24 489.26 465.75 449.59 437.84 443.72 449.59 454.0 461.35 467.22 473.1 478.98 490.73 511.3 533.34 553.91 575.95 597.99 620.03 625.9 609.74 571.54 533.34 493.67 456.94 418.74 382.01 357.03 345.28 354.09 364.38 373.19 383.48 393.76 404.05 412.86 424.62 437.84 446.65 456.94 468.69 478.98 490.73 492.2 481.92 458.41 436.37 411.39 389.35 367.31 343.81 329.11 320.3 330.58 340.87 351.15 359.97 370.25 380.54 386.41 404.05 421.68 437.84 454.0 470.16 484.85 502.49 515.71 511.3 490.73 468.69 449.59
configurarSolver --Gurobi
resolver --noConstante ejecuciones/bancos/recombinados/v1/directo/sgtm/v1_sgtm_000086.csv
finalizar
