inicializar --t 360
agregarAgente --SaltoGrande
0.00263
2509064937.0
6595.0 6561.0 6528.0 6494.0 6421.0 6381.0 6341.0 6301.0 6261.0 6221.0 6181.0 6141.0 6061.0 6021.0 5981.0 5941.0 5900.0 5860.0 5820.0 5780.0 5700.0 5660.0 5620.0 5580.0 5540.0 5500.0 5460.0 5420.0 5353.0 5326.0 5299.0 5272.0 5244.0 5217.0 5190.0 5163.0 5109.0 5082.0 5055.0 5028.0 5000.0 4973.0 4946.0 4919.0 4865.0 4838.0 4811.0 4784.0 4756.0 4729.0 4702.0 4675.0 4622.0 4596.0 4570.0 4544.0 4519.0 4493.0 4467.0 4441.0 4389.0 4363.0 4337.0 4311.0 4286.0 4260.0 4234.0 4208.0 4156.0 4130.0 4104.0 4078.0 4053.0 4027.0 4001.0 3975.0 3933.0 3918.0 3902.0 3887.0 3871.0 3856.0 3840.0 3825.0 3794.0 3778.0 3763.0 3747.0 3732.0 3716.0 3701.0 3685.0 3654.0 3639.0 3623.0 3608.0 3592.0 3577.0 3561.0 3546.0 3519.0 3508.0 3497.0 3486.0 3475.0 3464.0 3454.0 3443.0 3421.0 3410.0 3399.0 3388.0 3377.0 3366.0 3355.0 3344.0 3322.0 3311.0 3301.0 3290.0 3279.0 3268.0 3257.0 3246.0 3237.0 3239.0 3241.0 3243.0 3245.0 3247.0 3248.0 3250.0 3254.0 3256.0 3258.0 3260.0 3262.0 3264.0 3266.0 3268.0 3272.0 3274.0 3275.0 3277.0 3279.0 3281.0 3283.0 3285.0 3285.0 3284.0 3282.0 3281.0 3279.0 3277.0 3276.0 3274.0 3271.0 3269.0 3268.0 3266.0 3265.0 3263.0 3262.0 3260.0 3257.0 3255.0 3254.0 3252.0 3250.0 3249.0 3247.0 3246.0 3241.0 3239.0 3236.0 3234.0 3231.0 3229.0 3226.0 3224.0 3218.0 3216.0 3213.0 3211.0 3208.0 3206.0 3203.0 3201.0 3195.0 3193.0 3190.0 3188.0 3185.0 3183.0 3180.0 3178.0 3175.0 3174.0 3174.0 3173.0 3173.0 3173.0 3172.0 3172.0 3171.0 3171.0 3170.0 3170.0 3169.0 3169.0 3168.0 3168.0 3167.0 3167.0 3166.0 3166.0 3166.0 3165.0 3165.0 3164.0 3170.0 3175.0 3181.0 3186.0 3192.0 3198.0 3203.0 3209.0 3220.0 3226.0 3231.0 3237.0 3242.0 3248.0 3253.0 3259.0 3270.0 3276.0 3281.0 3287.0 3293.0 3298.0 3304.0 3309.0 3319.0 3322.0 3326.0 3330.0 3334.0 3337.0 3341.0 3345.0 3352.0 3356.0 3359.0 3363.0 3367.0 3371.0 3374.0 3378.0 3385.0 3389.0 3393.0 3396.0 3400.0 3404.0 3408.0 3411.0 3430.0 3445.0 3459.0 3474.0 3489.0 3504.0 3518.0 3533.0 3563.0 3578.0 3592.0 3607.0 3622.0 3637.0 3651.0 3666.0 3696.0 3711.0 3725.0 3740.0 3755.0 3770.0 3784.0 3799.0 3818.0 3822.0 3825.0 3829.0 3833.0 3837.0 3841.0 3845.0 3852.0 3856.0 3860.0 3864.0 3867.0 3871.0 3875.0 3879.0 3886.0 3890.0 3894.0 3898.0 3902.0 3906.0 3909.0 3913.0 3945.0 3973.0 4001.0 4029.0 4057.0 4085.0 4113.0 4141.0 4197.0 4225.0 4253.0 4281.0 4310.0 4338.0 4366.0 4394.0 4450.0 4478.0 4506.0 4534.0 4562.0 4590.0 4618.0 4646.0 4666.0 4658.0 4649.0 4641.0 4633.0 4625.0 4617.0 4609.0 4592.0 4584.0 4576.0 4568.0 4559.0 4551.0 4543.0 4535.0 4518.0 4510.0 4502.0 4494.0
agregarAgente --UnidadTermicaSimple
200.0
100.0
agregarAgente --DemandaFija
295.8 288.0 279.6 273.6 271.2 276.6 281.4 286.2 291.0 296.4 301.2 304.8 310.2 318.0 326.4 333.6 341.4 349.8 357.6 358.8 356.4 357.0 357.6 358.8 360.0 360.6 361.8 357.6 356.4 356.4 355.8 355.2 355.2 355.2 355.2 357.0 360.0 370.2 380.4 390.0 399.6 409.2 419.4 419.4 414.0 427.8 442.2 456.0 470.4 484.2 498.6 492.6 487.2 495.6 504.0 511.8 520.2 528.6 537.0 537.6 540.0 550.2 561.0 572.4 582.6 593.4 603.6 605.4 603.0 568.8 535.2 501.0 467.4 433.2 399.0 394.8 387.0 367.8 349.8 331.2 312.0 294.0 274.8 271.8 271.2 270.0 270.0 270.0 269.4 269.4 268.8 271.2 266.4 255.0 244.2 233.4 222.6 211.8 200.4 193.2 188.4 202.8 217.8 232.8 247.8 262.8 277.8 279.6 285.6 298.2 311.4 324.0 337.2 350.4 363.0 366.6 362.4 344.4 327.0 309.6 291.0 274.2 255.6 248.4 244.8 248.4 252.0 256.2 260.4 264.6 268.2 271.8 278.4 280.8 284.4 287.4 290.4 293.4 295.8 300.0 298.2 294.6 290.4 285.6 280.8 277.2 272.4 267.6 270.0 272.4 275.4 278.4 282.0 285.0 288.6 295.2 303.0 299.4 296.4 293.4 289.8 286.8 283.8 285.0 276.6 277.2 276.0 275.4 274.8 274.2 273.6 264.0 261.6 273.0 285.0 297.0 309.0 321.0 332.4 339.6 348.6 356.4 363.6 370.2 378.0 384.6 391.2 393.6 384.6 372.0 359.4 346.2 333.6 320.4 306.6 295.2 288.6 291.0 294.0 296.4 298.8 301.2 303.0 308.4 317.4 320.4 324.0 327.0 330.6 333.6 337.2 341.4 339.6 328.8 318.0 307.2 296.4 285.6 275.4 268.8 256.2 249.6 243.6 237.0 231.0 224.4 217.8 211.8 206.4 208.2 209.4 210.6 212.4 213.6 214.2 216.0 213.6 214.2 214.2 214.2 214.2 214.2 213.6 210.6 207.0 209.4 211.2 213.6 215.4 218.4 220.8 220.8 222.6 224.4 226.8 228.6 231.0 234.0 235.8 237.6 239.4 227.4 216.6 205.2 193.8 182.4 171.6 171.6 171.6 166.2 160.2 155.4 149.4 144.0 138.6 138.6 140.4 154.8 169.8 184.2 198.6 213.6 228.0 228.6 227.4 207.6 186.6 166.2 145.8 124.8 105.0 103.2 101.4 123.6 145.8 169.2 191.4 214.2 237.0 237.6 238.8 240.6 241.8 244.2 245.4 247.8 249.0 250.2 249.6 226.2 203.4 180.0 156.0 132.6 109.8 108.0 106.8 127.2 147.6 167.4 187.8 207.6 228.0 228.6 232.2 234.6 237.0 238.8 241.2 243.6 245.4 248.4 248.4 239.4 229.8 220.8 211.8 202.2 193.2 190.8 189.0 213.0 236.4 260.4 283.2 307.2 331.2 331.8 335.4 337.8 339.6 342.6 344.4 347.4 349.2 352.2 351.6 327.0 302.4 277.2
crearDespacho --mercado --conDemandaTotal
4
0.02 0.07 0.145 1.0
370.0 600.0 2400.0 4000.0
760.2 740.15 718.57 703.15 696.98 710.86 723.19 735.53 747.86 761.74 774.08 783.33 797.21 817.25 838.84 857.34 877.39 898.98 919.02 922.11 915.94 917.48 919.02 922.11 925.19 926.73 929.82 919.02 915.94 915.94 914.4 912.86 912.86 912.86 912.86 917.48 925.19 951.41 977.62 1002.29 1026.96 1051.63 1077.85 1077.85 1063.97 1099.44 1136.44 1171.91 1208.92 1244.38 1281.39 1265.97 1252.09 1273.68 1295.27 1315.31 1336.9 1358.49 1380.08 1381.62 1387.79 1414.0 1441.76 1471.05 1497.27 1525.02 1551.24 1555.86 1549.7 1461.8 1375.45 1287.56 1201.21 1113.31 1025.42 1014.63 994.58 945.24 898.98 851.18 801.83 755.57 706.23 698.52 696.98 693.89 693.89 693.89 692.35 692.35 690.81 696.98 684.64 655.34 627.59 599.83 572.08 544.32 515.02 496.52 484.18 521.19 559.74 598.29 636.84 675.39 713.94 718.57 733.99 766.37 800.29 832.67 866.6 900.52 932.9 942.15 931.36 885.1 840.38 795.66 747.86 704.69 656.89 638.38 629.13 638.38 647.63 658.43 669.22 680.02 689.27 698.52 715.48 721.65 730.9 738.61 746.32 754.03 760.2 770.99 766.37 757.12 746.32 733.99 721.65 712.4 700.06 687.73 693.89 700.06 707.77 715.48 724.73 732.44 741.7 758.66 778.7 769.45 761.74 754.03 744.78 737.07 729.36 732.44 710.86 712.4 709.31 707.77 706.23 704.69 703.15 678.47 672.31 701.6 732.44 763.28 794.12 824.96 854.26 872.76 895.89 915.94 934.44 951.41 971.45 988.41 1005.38 1011.54 988.41 956.03 923.65 889.73 857.34 823.42 787.96 758.66 741.7 747.86 755.57 761.74 767.91 774.08 778.7 792.58 815.71 823.42 832.67 840.38 849.63 857.34 866.6 877.39 872.76 845.01 817.25 789.5 761.74 733.99 707.77 690.81 658.43 641.47 626.05 609.08 593.66 576.7 559.74 544.32 530.44 535.07 538.15 541.24 545.86 548.95 550.49 555.12 548.95 550.49 550.49 550.49 550.49 550.49 548.95 541.24 531.99 538.15 542.78 548.95 553.57 561.28 567.45 567.45 572.08 576.7 582.87 587.5 593.66 601.37 606.0 610.63 615.25 584.41 556.66 527.36 498.06 468.76 441.01 441.01 441.01 427.13 411.71 399.37 383.95 370.08 356.2 356.2 360.82 397.83 436.38 473.39 510.4 548.95 585.95 587.5 584.41 533.53 479.56 427.13 374.7 320.73 269.85 265.22 260.6 317.65 374.7 434.84 491.89 550.49 609.08 610.63 613.71 618.34 621.42 627.59 630.67 636.84 639.92 643.01 641.47 581.33 522.73 462.6 400.92 340.78 282.18 277.56 274.47 326.9 379.33 430.21 482.64 533.53 585.95 587.5 596.75 602.92 609.08 613.71 619.88 626.05 630.67 638.38 638.38 615.25 590.58 567.45 544.32 519.65 496.52 490.35 485.73 547.41 607.54 669.22 727.82 789.5 851.18 852.72 861.97 868.14 872.76 880.47 885.1 892.81 897.44 905.15 903.6 840.38 777.16 712.4
configurarSolver --Gurobi
resolver --noConstante ejecuciones/bancos/recombinados/v1/directo/sgtm/v1_sgtm_000044.csv
finalizar
