inicializar --t 360
agregarAgente --SaltoGrande
0.000536
2509064937.0
6595.0 6561.0 6528.0 6494.0 6421.0 6381.0 6341.0 6301.0 6261.0 6221.0 6181.0 6141.0 6061.0 6021.0 5981.0 5941.0 5900.0 5860.0 5820.0 5780.0 5700.0 5660.0 5620.0 5580.0 5540.0 5500.0 5460.0 5420.0 5353.0 5326.0 5299.0 5272.0 5244.0 5217.0 5190.0 5163.0 5109.0 5082.0 5055.0 5028.0 5000.0 4973.0 4946.0 4919.0 4865.0 4838.0 4811.0 4784.0 4756.0 4729.0 4702.0 4675.0 4622.0 4596.0 4570.0 4544.0 4519.0 4493.0 4467.0 4441.0 4389.0 4363.0 4337.0 4311.0 4286.0 4260.0 4234.0 4208.0 4156.0 4130.0 4104.0 4078.0 4053.0 4027.0 4001.0 3975.0 3933.0 3918.0 3902.0 3887.0 3871.0 3856.0 3840.0 3825.0 3794.0 3778.0 3763.0 3747.0 3732.0 3716.0 3701.0 3685.0 3654.0 3639.0 3623.0 3608.0 3592.0 3577.0 3561.0 3546.0 3519.0 3508.0 3497.0 3486.0 3475.0 3464.0 3454.0 3443.0 3421.0 3410.0 3399.0 3388.0 3377.0 3366.0 3355.0 3344.0 3322.0 3311.0 3301.0 3290.0 3279.0 3268.0 3257.0 3246.0 3237.0 3239.0 3241.0 3243.0 3245.0 3247.0 3248.0 3250.0 3254.0 3256.0 3258.0 3260.0 3262.0 3264.0 3266.0 3268.0 3272.0 3274.0 3275.0 3277.0 3279.0 3281.0 3283.0 3285.0 3285.0 3284.0 3282.0 3281.0 3279.0 3277.0 3276.0 3274.0 3271.0 3269.0 3268.0 3266.0 3265.0 3263.0 3262.0 3260.0 3257.0 3255.0 3254.0 3252.0 3250.0 3249.0 3247.0 3246.0 3241.0 3239.0 3236.0 3234.0 3231.0 3229.0 3226.0 3224.0 3218.0 3216.0 3213.0 3211.0 3208.0 3206.0 3203.0 3201.0 3195.0 3193.0 3190.0 3188.0 3185.0 3183.0 3180.0 3178.0 3175.0 3174.0 3174.0 3173.0 3173.0 3173.0 3172.0 3172.0 3171.0 3171.0 3170.0 3170.0 3169.0 3169.0 3168.0 3168.0 3167.0 3167.0 3166.0 3166.0 3166.0 3165.0 3165.0 3164.0 3170.0 3175.0 3181.0 3186.0 3192.0 3198.0 3203.0 3209.0 3220.0 3226.0 3231.0 3237.0 3242.0 3248.0 3253.0 3259.0 3270.0 3276.0 3281.0 3287.0 3293.0 3298.0 3304.0 3309.0 3319.0 3322.0 3326.0 3330.0 3334.0 3337.0 3341.0 3345.0 3352.0 3356.0 3359.0 3363.0 3367.0 3371.0 3374.0 3378.0 3385.0 3389.0 3393.0 3396.0 3400.0 3404.0 3408.0 3411.0 3430.0 3445.0 3459.0 3474.0 3489.0 3504.0 3518.0 3533.0 3563.0 3578.0 3592.0 3607.0 3622.0 3637.0 3651.0 3666.0 3696.0 3711.0 3725.0 3740.0 3755.0 3770.0 3784.0 3799.0 3818.0 3822.0 3825.0 3829.0 3833.0 3837.0 3841.0 3845.0 3852.0 3856.0 3860.0 3864.0 3867.0 3871.0 3875.0 3879.0 3886.0 3890.0 3894.0 3898.0 3902.0 3906.0 3909.0 3913.0 3945.0 3973.0 4001.0 4029.0 4057.0 4085.0 4113.0 4141.0 4197.0 4225.0 4253.0 4281.0 4310.0 4338.0 4366.0 4394.0 4450.0 4478.0 4506.0 4534.0 4562.0 4590.0 4618.0 4646.0 4666.0 4658.0 4649.0 4641.0 4633.0 4625.0 4617.0 4609.0 4592.0 4584.0 4576.0 4568.0 4559.0 4551.0 4543.0 4535.0 4518.0 4510.0 4502.0 4494.0
agregarAgente --UnidadTermicaSimple
200.0
100.0
agregarAgente --DemandaFija
295.8 295.8 295.8 295.8 295.8 311.4 327.6 343.8 359.4 376.2 392.4 392.4 392.4 379.8 367.2 355.2 342.6 330.6 318.6 318.6 318.6 338.4 358.2 378.6 398.4 418.2 438.0 438.0 438.0 470.4 501.6 532.8 564.6 595.8 628.2 628.2 628.2 624.6 621.0 617.4 613.2 609.6 606.6 606.6 606.6 577.2 547.8 517.8 489.0 459.6 429.6 429.6 429.6 436.8 444.0 452.4 459.6 466.8 474.0 474.0 474.0 478.2 482.4 486.6 490.2 494.4 498.6 498.6 498.6 469.8 439.8 411.0 381.6 352.2 322.8 322.8 322.8 339.0 354.6 370.8 386.4 402.0 417.6 417.6 417.6 424.8 431.4 438.6 445.2 453.0 459.6 459.6 459.6 408.6 357.6 307.2 256.2 205.8 154.8 154.8 154.8 187.2 220.8 253.8 286.2 319.8 352.8 352.8 352.8 380.4 408.0 435.6 463.8 491.4 518.4 518.4 518.4 495.6 472.2 448.8 426.0 402.6 379.8 379.8 379.8 360.0 340.8 321.6 302.4 282.6 263.4 263.4 263.4 278.4 294.0 308.4 323.4 337.8 352.8 352.8 352.8 302.4 250.8 199.8 149.4 97.8 47.4 47.4 47.4 97.8 148.8 199.2 250.2 301.2 351.6 351.6 351.6 393.0 433.2 474.6 515.4 556.2 597.0 597.0 597.0 520.2 444.0 367.2 291.0 214.8 138.0 138.0 138.0 208.8 279.0 350.4 421.2 492.0 562.8 562.8 562.8 531.6 501.0 470.4 439.2 408.6 378.0 378.0 378.0 329.4 280.2 232.2 183.0 135.0 86.4 86.4 86.4 146.4 207.0 266.4 326.4 387.0 446.4 446.4 446.4 416.4 387.0 356.4 326.4 296.4 265.8 265.8 265.8 247.8 230.4 212.4 193.8 176.4 158.4 158.4 158.4 255.6 352.8 450.6 548.4 645.6 742.8 742.8 742.8 722.4 701.4 680.4 659.4 638.4 618.0 618.0 618.0 593.4 569.4 545.4 520.8 496.8 472.8 472.8 472.8 543.6 613.8 684.0 754.8 825.6 896.4 896.4 896.4 841.8 788.4 734.4 680.4 626.4 572.4 572.4 572.4 529.2 486.6 444.0 401.4 358.2 315.6 315.6 315.6 385.2 454.8 523.8 592.8 662.4 732.0 732.0 732.0 708.6 684.0 660.0 636.6 612.0 588.0 588.0 588.0 571.8 555.6 540.0 523.2 507.0 490.8 490.8 490.8 524.4 558.6 592.2 626.4 660.0 693.6 693.6 693.6 671.4 649.8 628.2 605.4 583.8 562.2 562.2 562.2 554.4 547.2 540.0 532.2 524.4 517.2 517.2 517.2 509.4 501.0 493.2 485.4 477.0 469.2 469.2 469.2 417.0 364.8 313.2 261.6 210.0 157.8 157.8 157.8 141.6 125.4 108.6 92.4 76.2 60.0 60.0 60.0 91.2 121.8 153.0 184.2 215.4 246.6 246.6 246.6 282.0 318.0 354.0 390.0 425.4 462.0 462.0 462.0 450.0 439.2 427.8
crearDespacho --mercado --conDemandaTotal
4
0.02 0.07 0.145 1.0
370.0 600.0 2400.0 4000.0
561.94 561.94 561.94 561.94 561.94 591.57 622.35 653.12 682.76 714.68 745.45 745.45 745.45 721.51 697.58 674.78 650.85 628.05 605.25 605.25 605.25 642.87 680.48 719.24 756.85 794.46 832.08 832.08 832.08 893.63 952.9 1012.17 1072.58 1131.86 1193.41 1193.41 1193.41 1186.57 1179.73 1172.89 1164.91 1158.07 1152.37 1152.37 1152.37 1096.52 1040.67 983.68 928.96 873.11 816.12 816.12 816.12 829.8 843.48 859.43 873.11 886.79 900.47 900.47 900.47 908.45 916.43 924.41 931.24 939.22 947.2 947.2 947.2 892.49 835.5 780.79 724.93 669.08 613.23 613.23 613.23 644.01 673.64 704.42 734.05 763.69 793.32 793.32 793.32 807.0 819.54 833.22 845.76 860.57 873.11 873.11 873.11 776.23 679.34 583.6 486.71 390.96 294.08 294.08 294.08 355.63 419.46 482.15 543.7 607.53 670.22 670.22 670.22 722.65 775.09 827.52 881.09 933.52 984.82 984.82 984.82 941.5 897.05 852.6 809.28 764.83 721.51 721.51 721.51 683.9 647.43 610.95 574.48 536.86 500.39 500.39 500.39 528.88 558.52 585.87 614.37 641.73 670.22 670.22 670.22 574.48 476.45 379.56 283.82 185.79 90.05 90.05 90.05 185.79 282.68 378.42 475.31 572.2 667.94 667.94 667.94 746.59 822.96 901.61 979.12 1056.63 1134.13 1134.13 1134.13 988.24 843.48 697.58 552.82 408.06 262.16 262.16 262.16 396.66 530.02 665.66 800.16 934.66 1069.16 1069.16 1069.16 1009.89 951.76 893.63 834.36 776.23 718.1 718.1 718.1 625.77 532.3 441.12 347.65 256.46 164.14 164.14 164.14 278.12 393.24 506.09 620.07 735.19 848.04 848.04 848.04 791.04 735.19 677.06 620.07 563.08 504.95 504.95 504.95 470.75 437.7 403.5 368.17 335.11 300.92 300.92 300.92 485.57 670.22 856.02 1041.81 1226.46 1411.11 1411.11 1411.11 1372.36 1332.47 1292.57 1252.68 1212.78 1174.03 1174.03 1174.03 1127.3 1081.7 1036.11 989.38 943.78 898.19 898.19 898.19 1032.69 1166.05 1299.41 1433.91 1568.41 1702.91 1702.91 1702.91 1599.19 1497.74 1395.16 1292.57 1189.99 1087.4 1087.4 1087.4 1005.33 924.41 843.48 762.55 680.48 599.55 599.55 599.55 731.77 863.99 995.08 1126.16 1258.38 1390.6 1390.6 1390.6 1346.14 1299.41 1253.82 1209.36 1162.63 1117.04 1117.04 1117.04 1086.26 1055.49 1025.85 993.94 963.16 932.38 932.38 932.38 996.22 1061.19 1125.02 1189.99 1253.82 1317.65 1317.65 1317.65 1275.47 1234.44 1193.41 1150.09 1109.06 1068.02 1068.02 1068.02 1053.21 1039.53 1025.85 1011.03 996.22 982.54 982.54 982.54 967.72 951.76 936.94 922.13 906.17 891.35 891.35 891.35 792.18 693.02 594.99 496.97 398.94 299.78 299.78 299.78 269.0 238.23 206.31 175.53 144.76 113.98 113.98 113.98 173.25 231.39 290.66 349.93 409.2 468.47 468.47 468.47 535.72 604.11 672.5 740.89 808.14 877.67 877.67 877.67 854.88 834.36 812.7
configurarSolver --Gurobi
resolver --noConstante ejecuciones/bancos/recombinados/v1/directo/sgtm/v1_sgtm_000285.csv
finalizar
