inicializar --t 360
agregarAgente --SaltoGrande
0.000332
1681415995.0
5942.0 5976.0 6010.0 6044.0 6077.0 6075.0 6074.0 6072.0 6071.0 6069.0 6068.0 6066.0 6063.0 6062.0 6060.0 6059.0 6057.0 6056.0 6054.0 6053.0 6050.0 6048.0 6047.0 6045.0 6044.0 6042.0 6041.0 6039.0 6020.0 6003.0 5985.0 5967.0 5949.0 5932.0 5914.0 5896.0 5861.0 5843.0 5825.0 5807.0 5790.0 5772.0 5754.0 5736.0 5701.0 5683.0 5665.0 5648.0 5630.0 5612.0 5594.0 5577.0 5528.0 5497.0 5467.0 5436.0 5405.0 5374.0 5343.0 5312.0 5251.0 5220.0 5189.0 5158.0 5128.0 5097.0 5066.0 5035.0 4974.0 4943.0 4912.0 4881.0 4850.0 4819.0 4789.0 4758.0 4701.0 4675.0 4650.0 4624.0 4598.0 4572.0 4546.0 4520.0 4469.0 4443.0 4417.0 4391.0 4366.0 4340.0 4314.0 4288.0 4237.0 4211.0 4185.0 4159.0 4133.0 4107.0 4082.0 4056.0 4016.0 4003.0 3989.0 3976.0 3962.0 3949.0 3935.0 3922.0 3894.0 3881.0 3867.0 3854.0 3840.0 3827.0 3813.0 3800.0 3772.0 3759.0 3745.0 3732.0 3718.0 3705.0 3691.0 3678.0 3644.0 3623.0 3603.0 3583.0 3562.0 3542.0 3522.0 3501.0 3461.0 3440.0 3420.0 3400.0 3379.0 3359.0 3339.0 3318.0 3278.0 3257.0 3237.0 3217.0 3196.0 3176.0 3156.0 3135.0 3094.0 3073.0 3053.0 3032.0 3011.0 2990.0 2970.0 2949.0 2907.0 2886.0 2866.0 2845.0 2824.0 2803.0 2783.0 2762.0 2720.0 2699.0 2679.0 2658.0 2637.0 2616.0 2596.0 2575.0 2541.0 2527.0 2514.0 2500.0 2487.0 2473.0 2460.0 2446.0 2419.0 2406.0 2392.0 2379.0 2365.0 2352.0 2338.0 2325.0 2298.0 2284.0 2271.0 2257.0 2244.0 2230.0 2217.0 2203.0 2183.0 2175.0 2168.0 2160.0 2153.0 2146.0 2138.0 2131.0 2116.0 2109.0 2101.0 2094.0 2086.0 2079.0 2071.0 2064.0 2049.0 2042.0 2034.0 2027.0 2020.0 2012.0 2005.0 1997.0 1985.0 1981.0 1976.0 1972.0 1967.0 1962.0 1958.0 1953.0 1944.0 1939.0 1935.0 1930.0 1926.0 1921.0 1917.0 1912.0 1903.0 1898.0 1894.0 1889.0 1884.0 1880.0 1875.0 1871.0 1864.0 1862.0 1861.0 1859.0 1857.0 1855.0 1854.0 1852.0 1848.0 1846.0 1845.0 1843.0 1841.0 1839.0 1838.0 1836.0 1832.0 1830.0 1829.0 1827.0 1825.0 1823.0 1822.0 1820.0 1820.0 1822.0 1824.0 1826.0 1829.0 1831.0 1833.0 1835.0 1839.0 1841.0 1843.0 1845.0 1848.0 1850.0 1852.0 1854.0 1858.0 1860.0 1862.0 1864.0 1867.0 1869.0 1871.0 1873.0 1878.0 1882.0 1885.0 1888.0 1892.0 1895.0 1899.0 1902.0 1909.0 1912.0 1915.0 1919.0 1922.0 1926.0 1929.0 1932.0 1939.0 1942.0 1946.0 1949.0 1953.0 1956.0 1959.0 1963.0 1969.0 1973.0 1976.0 1980.0 1983.0 1987.0 1990.0 1994.0 2000.0 2004.0 2007.0 2011.0 2014.0 2018.0 2021.0 2025.0 2031.0 2035.0 2038.0 2042.0 2045.0 2049.0 2052.0 2056.0 2055.0 2051.0 2047.0 2043.0 2039.0 2035.0 2030.0 2026.0 2018.0 2014.0 2010.0 2006.0 2002.0 1998.0 1994.0 1990.0 1982.0 1978.0 1973.0 1969.0
agregarAgente --UnidadTermicaSimple
200.0
100.0
agregarAgente --DemandaFija
291.9 279.3 265.8 255.9 240.6 235.2 229.8 224.4 218.1 211.8 206.4 202.8 211.8 222.6 234.3 246.0 257.7 267.6 280.2 291.0 295.5 295.5 294.6 293.7 293.7 292.8 291.9 284.7 291.9 308.1 325.2 341.4 357.6 374.7 391.8 405.3 419.7 412.5 407.1 400.8 394.5 389.1 381.9 381.9 378.3 373.8 369.3 365.7 361.2 357.6 353.1 348.6 356.7 364.8 372.9 381.9 390.9 399.0 408.0 419.7 431.4 433.2 435.0 435.9 437.7 438.6 440.4 440.4 441.3 441.3 442.2 441.3 441.3 440.4 440.4 440.4 444.0 447.6 450.3 453.0 456.6 459.3 462.0 464.7 464.7 463.8 463.8 462.9 462.9 462.9 462.0 457.5 454.8 453.9 453.0 452.1 452.1 451.2 451.2 451.2 453.9 466.5 479.1 491.7 504.3 517.8 531.3 533.1 535.8 549.3 563.7 576.3 589.8 603.3 616.8 616.8 606.0 579.0 551.1 524.1 496.2 468.3 440.4 428.7 416.1 408.0 399.9 390.9 384.6 375.6 367.5 365.7 369.3 396.3 423.3 450.3 477.3 504.3 530.4 536.7 538.5 515.1 490.8 466.5 443.1 418.8 394.5 391.8 385.5 390.0 395.4 401.7 406.2 411.6 416.1 415.2 419.7 438.6 457.5 475.5 494.4 512.4 531.3 538.5 540.3 528.6 516.0 502.5 491.7 479.1 467.4 462.9 457.5 443.1 428.7 414.3 400.8 386.4 372.9 372.0 381.0 412.5 444.0 475.5 507.0 538.5 570.0 579.0 589.8 578.1 568.2 556.5 545.7 534.0 525.0 525.9 536.7 552.0 567.3 581.7 597.0 611.4 625.8 635.7 645.6 634.8 624.0 612.3 601.5 588.9 578.1 579.0 579.9 575.4 570.9 568.2 562.8 558.3 553.8 554.7 559.2 563.7 567.3 570.9 574.5 578.1 582.6 586.2 590.7 598.8 606.9 614.1 621.3 628.5 637.5 638.4 636.6 625.8 616.8 606.9 597.9 587.1 578.1 574.5 576.3 583.5 590.7 597.9 605.1 612.3 619.5 624.0 629.4 635.7 643.8 650.1 657.3 662.7 669.9 671.7 669.9 657.3 646.5 635.7 624.0 612.3 600.6 597.9 597.9 603.3 609.6 614.1 619.5 624.0 629.4 633.0 635.7 638.4 641.1 643.8 646.5 649.2 651.9 651.9 650.1 644.7 638.4 631.2 624.9 619.5 612.3 611.4 611.4 615.9 621.3 626.7 631.2 636.6 642.0 643.8 644.7 643.8 642.0 641.1 639.3 638.4 636.6 636.6 633.9 628.5 624.0 619.5 613.2 608.7 603.3 601.5 597.9 597.0 595.2 595.2 594.3 592.5 592.5 591.6 589.8 593.4 597.9 601.5 605.1 607.8 611.4 611.4 597.0 578.1 560.1 541.2 523.2 504.3 485.4 471.0 454.8 453.9 453.0 452.1 451.2 449.4 449.4 447.6 452.1 458.4 465.6 471.9 478.2 484.5 491.7 497.1 494.4 488.1 482.7 476.4
crearDespacho --mercado --conDemandaTotal
4
0.02 0.07 0.145 1.0
370.0 600.0 2400.0 4000.0
405.51 388.01 369.26 355.5 334.25 326.75 319.24 311.74 302.99 294.24 286.74 281.73 294.24 309.24 325.49 341.75 358.0 371.76 389.26 404.26 410.52 410.52 409.27 408.01 408.01 406.76 405.51 395.51 405.51 428.02 451.78 474.28 496.79 520.54 544.3 563.05 583.06 573.05 565.55 556.8 548.05 540.55 530.54 530.54 525.54 519.29 513.04 508.04 501.79 496.79 490.53 484.28 495.54 506.79 518.04 530.54 543.05 554.3 566.8 583.06 599.31 601.81 604.31 605.56 608.06 609.31 611.81 611.81 613.06 613.06 614.31 613.06 613.06 611.81 611.81 611.81 616.81 621.82 625.57 629.32 634.32 638.07 641.82 645.57 645.57 644.32 644.32 643.07 643.07 643.07 641.82 635.57 631.82 630.57 629.32 628.07 628.07 626.82 626.82 626.82 630.57 648.07 665.58 683.08 700.59 719.34 738.09 740.59 744.35 763.1 783.1 800.61 819.36 838.12 856.87 856.87 841.87 804.36 765.6 728.09 689.33 650.57 611.81 595.56 578.06 566.8 555.55 543.05 534.3 521.79 510.54 508.04 513.04 550.55 588.06 625.57 663.08 700.59 736.84 745.6 748.1 715.59 681.83 648.07 615.56 581.81 548.05 544.3 535.55 541.8 549.3 558.05 564.3 571.8 578.06 576.81 583.06 609.31 635.57 660.58 686.83 711.84 738.09 748.1 750.6 734.34 716.84 698.08 683.08 665.58 649.32 643.07 635.57 615.56 595.56 575.56 556.8 536.8 518.04 516.79 529.29 573.05 616.81 660.58 704.34 748.1 791.86 804.36 819.36 803.11 789.36 773.1 758.1 741.85 729.34 730.59 745.6 766.85 788.11 808.11 829.37 849.37 869.38 883.13 896.88 881.88 866.88 850.62 835.62 818.11 803.11 804.36 805.61 799.36 793.11 789.36 781.85 775.6 769.35 770.6 776.85 783.1 788.11 793.11 798.11 803.11 809.36 814.36 820.61 831.87 843.12 853.12 863.12 873.13 885.63 886.88 884.38 869.38 856.87 843.12 830.62 815.61 803.11 798.11 800.61 810.61 820.61 830.62 840.62 850.62 860.62 866.88 874.38 883.13 894.38 903.13 913.14 920.64 930.64 933.14 930.64 913.14 898.13 883.13 866.88 850.62 834.37 830.62 830.62 838.12 846.87 853.12 860.62 866.88 874.38 879.38 883.13 886.88 890.63 894.38 898.13 901.88 905.63 905.63 903.13 895.63 886.88 876.88 868.13 860.62 850.62 849.37 849.37 855.62 863.12 870.63 876.88 884.38 891.88 894.38 895.63 894.38 891.88 890.63 888.13 886.88 884.38 884.38 880.63 873.13 866.88 860.62 851.87 845.62 838.12 835.62 830.62 829.37 826.87 826.87 825.62 823.11 823.11 821.86 819.36 824.36 830.62 835.62 840.62 844.37 849.37 849.37 829.37 803.11 778.1 751.85 726.84 700.59 674.33 654.32 631.82 630.57 629.32 628.07 626.82 624.32 624.32 621.82 628.07 636.82 646.82 655.57 664.33 673.08 683.08 690.58 686.83 678.08 670.58 661.83
configurarSolver --Gurobi
resolver --noConstante ejecuciones/bancos/recombinados/v1/directo/sgtm/v1_sgtm_000235.csv
finalizar
