inicializar --t 360
agregarAgente --SaltoGrande
0.000191
1731181336.0
1965.0 1961.0 1957.0 1953.0 1947.0 1946.0 1944.0 1943.0 1941.0 1939.0 1938.0 1936.0 1933.0 1931.0 1930.0 1928.0 1927.0 1925.0 1924.0 1922.0 1919.0 1917.0 1916.0 1914.0 1912.0 1911.0 1909.0 1908.0 1908.0 1909.0 1911.0 1913.0 1915.0 1916.0 1918.0 1920.0 1923.0 1925.0 1926.0 1928.0 1930.0 1932.0 1933.0 1935.0 1938.0 1940.0 1942.0 1943.0 1945.0 1947.0 1949.0 1950.0 1961.0 1971.0 1980.0 1989.0 1999.0 2008.0 2018.0 2027.0 2046.0 2055.0 2064.0 2074.0 2083.0 2093.0 2102.0 2111.0 2130.0 2139.0 2149.0 2158.0 2168.0 2177.0 2186.0 2196.0 2212.0 2219.0 2226.0 2233.0 2240.0 2247.0 2255.0 2262.0 2276.0 2283.0 2290.0 2297.0 2304.0 2311.0 2318.0 2325.0 2339.0 2346.0 2354.0 2361.0 2368.0 2375.0 2382.0 2389.0 2395.0 2393.0 2392.0 2391.0 2389.0 2388.0 2387.0 2385.0 2383.0 2381.0 2380.0 2379.0 2377.0 2376.0 2375.0 2373.0 2371.0 2369.0 2368.0 2367.0 2365.0 2364.0 2363.0 2361.0 2358.0 2356.0 2354.0 2351.0 2349.0 2347.0 2345.0 2343.0 2339.0 2336.0 2334.0 2332.0 2330.0 2328.0 2326.0 2323.0 2319.0 2317.0 2315.0 2313.0 2311.0 2308.0 2306.0 2304.0 2308.0 2314.0 2320.0 2326.0 2331.0 2337.0 2343.0 2349.0 2361.0 2367.0 2373.0 2379.0 2384.0 2390.0 2396.0 2402.0 2414.0 2420.0 2426.0 2432.0 2437.0 2443.0 2449.0 2455.0 2449.0 2437.0 2425.0 2413.0 2401.0 2389.0 2378.0 2366.0 2342.0 2330.0 2318.0 2306.0 2294.0 2282.0 2270.0 2258.0 2234.0 2222.0 2211.0 2199.0 2187.0 2175.0 2163.0 2151.0 2134.0 2128.0 2123.0 2117.0 2112.0 2106.0 2101.0 2095.0 2084.0 2079.0 2073.0 2068.0 2062.0 2057.0 2051.0 2046.0 2035.0 2029.0 2024.0 2018.0 2013.0 2007.0 2002.0 1996.0 1993.0 1995.0 1998.0 2000.0 2002.0 2004.0 2006.0 2008.0 2013.0 2015.0 2017.0 2019.0 2022.0 2024.0 2026.0 2028.0 2033.0 2035.0 2037.0 2039.0 2041.0 2043.0 2046.0 2048.0 2063.0 2076.0 2088.0 2101.0 2114.0 2127.0 2140.0 2153.0 2178.0 2191.0 2204.0 2217.0 2229.0 2242.0 2255.0 2268.0 2293.0 2306.0 2319.0 2332.0 2345.0 2358.0 2370.0 2383.0 2402.0 2407.0 2413.0 2419.0 2425.0 2430.0 2436.0 2442.0 2453.0 2459.0 2464.0 2470.0 2476.0 2482.0 2487.0 2493.0 2504.0 2510.0 2516.0 2521.0 2527.0 2533.0 2539.0 2544.0 2569.0 2588.0 2607.0 2627.0 2646.0 2665.0 2684.0 2703.0 2741.0 2761.0 2780.0 2799.0 2818.0 2837.0 2856.0 2876.0 2914.0 2933.0 2952.0 2971.0 2990.0 3010.0 3029.0 3048.0 3087.0 3107.0 3127.0 3147.0 3167.0 3187.0 3206.0 3226.0 3266.0 3286.0 3306.0 3326.0 3346.0 3366.0 3386.0 3406.0 3446.0 3466.0 3485.0 3505.0 3525.0 3545.0 3565.0 3585.0 3641.0 3677.0 3712.0 3748.0 3784.0 3820.0 3856.0 3892.0 3963.0 3999.0 4035.0 4071.0 4106.0 4142.0 4178.0 4214.0 4285.0 4321.0 4357.0 4393.0
agregarAgente --UnidadTermicaSimple
200.0
100.0
agregarAgente --DemandaFija
408.9 372.0 335.1 329.7 326.1 356.7 388.2 418.8 451.2 482.7 514.2 515.1 517.8 519.6 520.5 521.4 523.2 525.0 525.9 526.8 525.9 492.6 459.3 426.0 392.7 359.4 327.0 324.3 328.8 366.6 403.5 440.4 478.2 515.1 552.9 559.2 570.9 577.2 584.4 589.8 596.1 602.4 609.6 615.9 609.6 553.8 497.1 440.4 383.7 327.9 271.2 258.6 246.0 258.6 271.2 282.9 295.5 307.2 319.8 318.9 327.0 345.9 365.7 384.6 403.5 422.4 441.3 451.2 452.1 418.8 383.7 349.5 316.2 281.1 247.8 239.7 243.3 264.0 285.6 306.3 327.9 349.5 370.2 381.9 399.0 420.6 443.1 463.8 485.4 507.9 529.5 535.8 526.8 482.7 439.5 395.4 352.2 307.2 263.1 247.8 245.1 288.3 330.6 372.9 416.1 457.5 499.8 513.3 533.1 540.3 546.6 552.0 559.2 565.5 571.8 578.1 569.1 536.7 504.3 471.9 439.5 407.1 374.7 360.3 341.4 362.1 382.8 404.4 426.0 446.7 468.3 463.8 461.1 474.6 488.1 501.6 515.1 528.6 542.1 542.1 540.3 505.2 470.1 435.9 399.9 364.8 330.6 327.9 324.3 329.7 336.0 341.4 347.7 353.1 359.4 359.4 360.3 374.7 388.2 402.6 416.1 430.5 444.9 446.7 445.8 409.8 372.9 337.8 301.8 266.7 229.8 227.1 223.5 243.3 261.3 281.1 300.0 319.8 338.7 337.8 337.8 342.3 347.7 351.3 356.7 361.2 366.6 368.4 368.4 350.4 333.3 316.2 298.2 281.1 264.0 262.2 260.4 283.8 307.2 330.6 354.0 378.3 401.7 401.7 405.3 415.2 426.0 436.8 446.7 456.6 467.4 471.0 470.1 429.6 387.3 345.9 305.4 264.0 221.7 217.2 211.8 228.0 243.3 258.6 274.8 290.1 305.4 306.3 309.0 318.0 326.1 334.2 343.2 351.3 361.2 363.9 365.7 351.3 336.9 323.4 308.1 293.7 279.3 279.3 280.2 281.1 282.9 282.9 282.9 284.7 285.6 287.4 295.5 307.2 318.0 330.6 342.3 354.0 366.6 371.1 371.1 354.0 336.0 318.0 301.8 283.8 265.8 261.3 264.0 282.9 302.7 321.6 341.4 361.2 381.0 388.2 399.9 401.7 405.3 407.1 409.8 412.5 415.2 418.8 412.5 390.0 367.5 343.2 320.7 297.3 273.9 265.8 269.4 289.2 309.9 329.7 349.5 370.2 390.0 400.8 415.2 401.7 388.2 375.6 362.1 349.5 335.1 338.7 335.1 329.7 324.3 318.9 313.5 308.1 302.7 296.4 299.1 308.1 315.3 322.5 331.5 338.7 346.8 355.8 368.4 371.1 373.8 377.4 380.1 381.9 384.6 387.3 385.5 380.1 374.7 370.2 364.8 359.4 354.0 348.6 352.2 359.4 366.6 373.8 381.9 389.1 397.2 405.3 415.2 417.9 420.6 424.2 426.9 428.7 431.4 434.1 435.9 433.2 432.3 430.5
crearDespacho --mercado --conDemandaTotal
4
0.02 0.07 0.145 1.0
370.0 600.0 2400.0 4000.0
692.59 630.09 567.59 558.44 552.35 604.18 657.53 709.36 764.24 817.59 870.95 872.47 877.04 880.09 881.62 883.14 886.19 889.24 890.76 892.29 890.76 834.36 777.96 721.55 665.15 608.75 553.87 549.3 556.92 620.94 683.44 745.95 809.97 872.47 936.5 947.17 966.99 977.66 989.85 999.0 1009.67 1020.34 1032.54 1043.21 1032.54 938.02 841.98 745.95 649.91 555.39 459.36 438.01 416.67 438.01 459.36 479.17 500.52 520.33 541.67 540.15 553.87 585.88 619.42 651.43 683.44 715.46 747.47 764.24 765.76 709.36 649.91 591.98 535.58 476.12 419.72 406.0 412.1 447.16 483.75 518.81 555.39 591.98 627.04 646.86 675.82 712.41 750.52 785.58 822.17 860.28 896.86 907.53 892.29 817.59 744.42 669.72 596.55 520.33 445.64 419.72 415.15 488.32 559.97 631.61 704.79 774.91 846.56 869.42 902.96 915.16 925.83 934.97 947.17 957.84 968.51 979.18 963.94 909.06 854.18 799.3 744.42 689.54 634.66 610.27 578.26 613.32 648.38 684.97 721.55 756.62 793.2 785.58 781.01 803.87 826.74 849.61 872.47 895.34 918.2 918.2 915.16 855.7 796.25 738.32 677.35 617.89 559.97 555.39 549.3 558.44 569.11 578.26 588.93 598.08 608.75 608.75 610.27 634.66 657.53 681.92 704.79 729.18 753.57 756.62 755.09 694.12 631.61 572.16 511.19 451.73 389.23 384.66 378.56 412.1 442.59 476.12 508.14 541.67 573.69 572.16 572.16 579.78 588.93 595.03 604.18 611.8 620.94 623.99 623.99 593.5 564.54 535.58 505.09 476.12 447.16 444.11 441.06 480.7 520.33 559.97 599.6 640.76 680.4 680.4 686.49 703.26 721.55 739.85 756.62 773.38 791.68 797.78 796.25 727.65 656.01 585.88 517.28 447.16 375.51 367.89 358.74 386.18 412.1 438.01 465.45 491.37 517.28 518.81 523.38 538.63 552.35 566.06 581.31 595.03 611.8 616.37 619.42 595.03 570.64 547.77 521.86 497.47 473.08 473.08 474.6 476.12 479.17 479.17 479.17 482.22 483.75 486.8 500.52 520.33 538.63 559.97 579.78 599.6 620.94 628.57 628.57 599.6 569.11 538.63 511.19 480.7 450.21 442.59 447.16 479.17 512.71 544.72 578.26 611.8 645.33 657.53 677.35 680.4 686.49 689.54 694.12 698.69 703.26 709.36 698.69 660.58 622.47 581.31 543.2 503.56 463.93 450.21 456.31 489.84 524.91 558.44 591.98 627.04 660.58 678.87 703.26 680.4 657.53 636.19 613.32 591.98 567.59 573.69 567.59 558.44 549.3 540.15 531.0 521.86 512.71 502.04 506.61 521.86 534.05 546.25 561.49 573.69 587.41 602.65 623.99 628.57 633.14 639.24 643.81 646.86 651.43 656.01 652.96 643.81 634.66 627.04 617.89 608.75 599.6 590.46 596.55 608.75 620.94 633.14 646.86 659.05 672.77 686.49 703.26 707.84 712.41 718.51 723.08 726.13 730.7 735.27 738.32 733.75 732.23 729.18
configurarSolver --Gurobi
resolver --noConstante ejecuciones/bancos/recombinados/v1/directo/sgtm/v1_sgtm_000492.csv
finalizar
