inicializar --t 360
agregarAgente --SaltoGrande
0.001209
2719162864.0
4902.0 4901.0 4900.0 4900.0 4901.0 4903.0 4905.0 4907.0 4908.0 4910.0 4912.0 4914.0 4918.0 4920.0 4922.0 4924.0 4925.0 4927.0 4929.0 4931.0 4935.0 4937.0 4939.0 4941.0 4942.0 4944.0 4946.0 4948.0 4941.0 4932.0 4923.0 4914.0 4906.0 4897.0 4888.0 4879.0 4861.0 4852.0 4843.0 4834.0 4826.0 4817.0 4808.0 4799.0 4781.0 4772.0 4763.0 4754.0 4746.0 4737.0 4728.0 4719.0 4726.0 4741.0 4757.0 4773.0 4789.0 4804.0 4820.0 4836.0 4867.0 4883.0 4899.0 4915.0 4930.0 4946.0 4962.0 4978.0 5009.0 5025.0 5041.0 5056.0 5072.0 5088.0 5104.0 5119.0 5153.0 5171.0 5189.0 5207.0 5225.0 5243.0 5261.0 5279.0 5315.0 5333.0 5351.0 5369.0 5386.0 5404.0 5422.0 5440.0 5476.0 5494.0 5512.0 5530.0 5548.0 5566.0 5584.0 5602.0 5636.0 5653.0 5669.0 5686.0 5702.0 5718.0 5735.0 5751.0 5784.0 5800.0 5817.0 5833.0 5850.0 5866.0 5883.0 5899.0 5932.0 5948.0 5965.0 5981.0 5997.0 6014.0 6030.0 6047.0 6060.0 6058.0 6055.0 6052.0 6049.0 6047.0 6044.0 6041.0 6036.0 6033.0 6031.0 6028.0 6025.0 6022.0 6020.0 6017.0 6012.0 6009.0 6006.0 6004.0 6001.0 5998.0 5995.0 5993.0 5959.0 5929.0 5898.0 5868.0 5837.0 5807.0 5776.0 5746.0 5685.0 5654.0 5624.0 5593.0 5563.0 5532.0 5502.0 5471.0 5410.0 5380.0 5349.0 5319.0 5288.0 5258.0 5227.0 5197.0 5153.0 5139.0 5126.0 5112.0 5099.0 5085.0 5072.0 5058.0 5031.0 5018.0 5004.0 4991.0 4977.0 4964.0 4950.0 4937.0 4910.0 4896.0 4883.0 4869.0 4856.0 4842.0 4829.0 4815.0 4777.0 4752.0 4728.0 4703.0 4678.0 4653.0 4628.0 4603.0 4554.0 4529.0 4504.0 4479.0 4455.0 4430.0 4405.0 4380.0 4331.0 4306.0 4281.0 4256.0 4231.0 4206.0 4182.0 4157.0 4112.0 4091.0 4071.0 4050.0 4030.0 4009.0 3989.0 3968.0 3927.0 3907.0 3886.0 3866.0 3845.0 3825.0 3804.0 3784.0 3743.0 3722.0 3702.0 3681.0 3661.0 3640.0 3620.0 3599.0 3582.0 3584.0 3587.0 3590.0 3592.0 3595.0 3598.0 3600.0 3606.0 3608.0 3611.0 3614.0 3616.0 3619.0 3622.0 3624.0 3630.0 3632.0 3635.0 3638.0 3640.0 3643.0 3646.0 3648.0 3649.0 3647.0 3645.0 3643.0 3640.0 3638.0 3636.0 3634.0 3630.0 3628.0 3626.0 3624.0 3621.0 3619.0 3617.0 3615.0 3611.0 3609.0 3607.0 3605.0 3602.0 3600.0 3598.0 3596.0 3585.0 3575.0 3566.0 3556.0 3547.0 3537.0 3528.0 3518.0 3500.0 3490.0 3481.0 3471.0 3462.0 3452.0 3443.0 3433.0 3415.0 3405.0 3396.0 3386.0 3377.0 3367.0 3358.0 3348.0 3332.0 3324.0 3317.0 3309.0 3302.0 3294.0 3287.0 3279.0 3264.0 3257.0 3249.0 3242.0 3234.0 3227.0 3219.0 3212.0 3197.0 3189.0 3182.0 3174.0 3167.0 3159.0 3152.0 3144.0 3132.0 3126.0 3121.0 3116.0 3111.0 3105.0 3100.0 3095.0 3084.0 3079.0 3073.0 3068.0 3063.0 3058.0 3052.0 3047.0 3036.0 3031.0 3026.0 3020.0
agregarAgente --UnidadTermicaSimple
200.0
100.0
agregarAgente --DemandaFija
253.2 164.1 74.1 74.1 74.1 102.0 128.1 155.1 182.1 208.2 236.1 236.1 236.1 252.3 268.5 283.8 300.0 316.2 331.5 331.5 331.5 316.2 300.0 283.8 267.6 251.4 236.1 236.1 236.1 301.8 368.4 435.0 501.6 567.3 634.8 634.8 634.8 631.2 628.5 625.8 622.2 619.5 616.8 616.8 616.8 611.4 606.9 602.4 597.9 593.4 588.9 588.9 588.9 616.8 645.6 674.4 702.3 732.0 760.8 760.8 760.8 750.0 739.2 728.4 717.6 705.9 696.0 696.0 696.0 702.3 709.5 715.8 722.1 728.4 734.7 734.7 734.7 760.8 787.8 814.8 841.8 868.8 895.8 895.8 895.8 883.2 870.6 857.1 844.5 831.9 818.4 818.4 818.4 772.5 726.6 678.9 633.0 586.2 539.4 539.4 539.4 465.6 390.0 315.3 241.5 165.9 92.1 92.1 92.1 93.9 95.7 97.5 99.3 102.0 103.8 103.8 103.8 94.8 84.9 75.9 66.9 57.9 48.9 48.9 48.9 72.3 96.6 120.0 143.4 166.8 190.2 190.2 190.2 275.7 362.1 447.6 534.0 620.4 705.9 705.9 705.9 655.5 605.1 553.8 503.4 453.0 402.6 402.6 402.6 393.6 384.6 375.6 366.6 357.6 348.6 348.6 348.6 369.3 390.0 411.6 432.3 453.0 474.6 474.6 474.6 443.1 411.6 381.0 350.4 318.0 287.4 287.4 287.4 293.7 300.0 306.3 312.6 318.9 325.2 325.2 325.2 353.1 379.2 405.3 432.3 458.4 486.3 486.3 486.3 489.0 491.7 494.4 497.1 499.8 502.5 502.5 502.5 526.8 550.2 574.5 599.7 623.1 647.4 647.4 647.4 633.0 617.7 603.3 588.9 572.7 558.3 558.3 558.3 516.0 474.6 431.4 389.1 347.7 304.5 304.5 304.5 308.1 311.7 314.4 318.0 321.6 324.3 324.3 324.3 356.7 389.1 420.6 452.1 484.5 516.0 516.0 516.0 506.1 497.1 487.2 478.2 468.3 458.4 458.4 458.4 520.5 582.6 645.6 707.7 769.8 831.9 831.9 831.9 862.5 893.1 923.7 955.2 984.9 1015.5 1015.5 1015.5 942.6 870.6 797.7 725.7 652.8 579.9 579.9 579.9 599.7 617.7 635.7 654.6 672.6 691.5 691.5 691.5 643.8 597.0 549.3 502.5 454.8 408.0 408.0 408.0 378.3 349.5 319.8 290.1 261.3 232.5 232.5 232.5 276.6 321.6 366.6 411.6 455.7 501.6 501.6 501.6 528.6 555.6 582.6 610.5 637.5 665.4 665.4 665.4 651.9 638.4 625.8 612.3 598.8 586.2 586.2 586.2 669.9 755.4 840.0 924.6 1009.2 1094.7 1094.7 1094.7 1065.0 1036.2 1007.4 978.6 949.8 921.0 921.0 921.0 782.4 644.7 507.0 369.3 231.6 93.9 93.9 93.9 169.5 246.9 322.5 399.9 476.4 552.9 552.9 552.9 552.0 551.1 550.2 549.3 548.4 547.5 547.5 547.5 561.9 577.2 593.4
crearDespacho --mercado --conDemandaTotal
4
0.02 0.07 0.145 1.0
370.0 600.0 2400.0 4000.0
339.92 220.3 99.48 99.48 99.48 136.94 171.97 208.22 244.47 279.51 316.96 316.96 316.96 338.71 360.46 381.0 402.75 424.5 445.04 445.04 445.04 424.5 402.75 381.0 359.25 337.51 316.96 316.96 316.96 405.17 494.58 583.99 673.4 761.6 852.22 852.22 852.22 847.39 843.76 840.14 835.3 831.68 828.06 828.06 828.06 820.81 814.76 808.72 802.68 796.64 790.6 790.6 790.6 828.06 866.72 905.38 942.84 982.71 1021.38 1021.38 1021.38 1006.88 992.38 977.88 963.38 947.67 934.38 934.38 934.38 942.84 952.51 960.96 969.42 977.88 986.34 986.34 986.34 1021.38 1057.62 1093.87 1130.12 1166.37 1202.61 1202.61 1202.61 1185.7 1168.78 1150.66 1133.74 1116.83 1098.7 1098.7 1098.7 1037.08 975.46 911.42 849.8 786.97 724.15 724.15 724.15 625.07 523.58 423.29 324.21 222.72 123.64 123.64 123.64 126.06 128.48 130.89 133.31 136.94 139.35 139.35 139.35 127.27 113.98 101.9 89.81 77.73 65.65 65.65 65.65 97.06 129.69 161.1 192.51 223.93 255.34 255.34 255.34 370.13 486.12 600.9 716.9 832.89 947.67 947.67 947.67 880.01 812.35 743.48 675.82 608.15 540.49 540.49 540.49 528.41 516.33 504.24 492.16 480.08 468.0 468.0 468.0 495.79 523.58 552.57 580.36 608.15 637.15 637.15 637.15 594.86 552.57 511.49 470.41 426.92 385.84 385.84 385.84 394.29 402.75 411.21 419.67 428.12 436.58 436.58 436.58 474.04 509.08 544.12 580.36 615.4 652.86 652.86 652.86 656.48 660.11 663.73 667.36 670.98 674.61 674.61 674.61 707.23 738.64 771.27 805.1 836.51 869.14 869.14 869.14 849.8 829.26 809.93 790.6 768.85 749.52 749.52 749.52 692.73 637.15 579.16 522.37 466.79 408.79 408.79 408.79 413.62 418.46 422.08 426.92 431.75 435.37 435.37 435.37 478.87 522.37 564.66 606.95 650.44 692.73 692.73 692.73 679.44 667.36 654.07 641.98 628.69 615.4 615.4 615.4 698.77 782.14 866.72 950.09 1033.46 1116.83 1116.83 1116.83 1157.91 1198.99 1240.07 1282.36 1322.23 1363.31 1363.31 1363.31 1265.44 1168.78 1070.91 974.25 876.39 778.52 778.52 778.52 805.1 829.26 853.43 878.8 902.97 928.34 928.34 928.34 864.3 801.47 737.44 674.61 610.57 547.74 547.74 547.74 507.87 469.2 429.33 389.46 350.8 312.13 312.13 312.13 371.34 431.75 492.16 552.57 611.78 673.4 673.4 673.4 709.65 745.89 782.14 819.6 855.85 893.3 893.3 893.3 875.18 857.05 840.14 822.01 803.89 786.97 786.97 786.97 899.34 1014.13 1127.7 1241.28 1354.85 1469.64 1469.64 1469.64 1429.76 1391.1 1352.44 1313.77 1275.11 1236.44 1236.44 1236.44 1050.37 865.51 680.65 495.79 310.92 126.06 126.06 126.06 227.55 331.46 432.96 536.87 639.57 742.27 742.27 742.27 741.06 739.85 738.64 737.44 736.23 735.02 735.02 735.02 754.35 774.89 796.64
configurarSolver --Gurobi
resolver --noConstante ejecuciones/bancos/recombinados/v1/directo/sgtm/v1_sgtm_000199.csv
finalizar
