inicializar --t 360
agregarAgente --SaltoGrande
0.000332
1731181336.0
1965.0 1961.0 1957.0 1953.0 1947.0 1946.0 1944.0 1943.0 1941.0 1939.0 1938.0 1936.0 1933.0 1931.0 1930.0 1928.0 1927.0 1925.0 1924.0 1922.0 1919.0 1917.0 1916.0 1914.0 1912.0 1911.0 1909.0 1908.0 1908.0 1909.0 1911.0 1913.0 1915.0 1916.0 1918.0 1920.0 1923.0 1925.0 1926.0 1928.0 1930.0 1932.0 1933.0 1935.0 1938.0 1940.0 1942.0 1943.0 1945.0 1947.0 1949.0 1950.0 1961.0 1971.0 1980.0 1989.0 1999.0 2008.0 2018.0 2027.0 2046.0 2055.0 2064.0 2074.0 2083.0 2093.0 2102.0 2111.0 2130.0 2139.0 2149.0 2158.0 2168.0 2177.0 2186.0 2196.0 2212.0 2219.0 2226.0 2233.0 2240.0 2247.0 2255.0 2262.0 2276.0 2283.0 2290.0 2297.0 2304.0 2311.0 2318.0 2325.0 2339.0 2346.0 2354.0 2361.0 2368.0 2375.0 2382.0 2389.0 2395.0 2393.0 2392.0 2391.0 2389.0 2388.0 2387.0 2385.0 2383.0 2381.0 2380.0 2379.0 2377.0 2376.0 2375.0 2373.0 2371.0 2369.0 2368.0 2367.0 2365.0 2364.0 2363.0 2361.0 2358.0 2356.0 2354.0 2351.0 2349.0 2347.0 2345.0 2343.0 2339.0 2336.0 2334.0 2332.0 2330.0 2328.0 2326.0 2323.0 2319.0 2317.0 2315.0 2313.0 2311.0 2308.0 2306.0 2304.0 2308.0 2314.0 2320.0 2326.0 2331.0 2337.0 2343.0 2349.0 2361.0 2367.0 2373.0 2379.0 2384.0 2390.0 2396.0 2402.0 2414.0 2420.0 2426.0 2432.0 2437.0 2443.0 2449.0 2455.0 2449.0 2437.0 2425.0 2413.0 2401.0 2389.0 2378.0 2366.0 2342.0 2330.0 2318.0 2306.0 2294.0 2282.0 2270.0 2258.0 2234.0 2222.0 2211.0 2199.0 2187.0 2175.0 2163.0 2151.0 2134.0 2128.0 2123.0 2117.0 2112.0 2106.0 2101.0 2095.0 2084.0 2079.0 2073.0 2068.0 2062.0 2057.0 2051.0 2046.0 2035.0 2029.0 2024.0 2018.0 2013.0 2007.0 2002.0 1996.0 1993.0 1995.0 1998.0 2000.0 2002.0 2004.0 2006.0 2008.0 2013.0 2015.0 2017.0 2019.0 2022.0 2024.0 2026.0 2028.0 2033.0 2035.0 2037.0 2039.0 2041.0 2043.0 2046.0 2048.0 2063.0 2076.0 2088.0 2101.0 2114.0 2127.0 2140.0 2153.0 2178.0 2191.0 2204.0 2217.0 2229.0 2242.0 2255.0 2268.0 2293.0 2306.0 2319.0 2332.0 2345.0 2358.0 2370.0 2383.0 2402.0 2407.0 2413.0 2419.0 2425.0 2430.0 2436.0 2442.0 2453.0 2459.0 2464.0 2470.0 2476.0 2482.0 2487.0 2493.0 2504.0 2510.0 2516.0 2521.0 2527.0 2533.0 2539.0 2544.0 2569.0 2588.0 2607.0 2627.0 2646.0 2665.0 2684.0 2703.0 2741.0 2761.0 2780.0 2799.0 2818.0 2837.0 2856.0 2876.0 2914.0 2933.0 2952.0 2971.0 2990.0 3010.0 3029.0 3048.0 3087.0 3107.0 3127.0 3147.0 3167.0 3187.0 3206.0 3226.0 3266.0 3286.0 3306.0 3326.0 3346.0 3366.0 3386.0 3406.0 3446.0 3466.0 3485.0 3505.0 3525.0 3545.0 3565.0 3585.0 3641.0 3677.0 3712.0 3748.0 3784.0 3820.0 3856.0 3892.0 3963.0 3999.0 4035.0 4071.0 4106.0 4142.0 4178.0 4214.0 4285.0 4321.0 4357.0 4393.0
agregarAgente --UnidadTermicaSimple
200.0
100.0
agregarAgente --DemandaFija
385.2 395.4 405.6 405.6 405.6 453.6 501.0 548.4 595.8 643.8 691.2 691.2 691.2 648.0 604.2 560.4 516.6 472.8 429.0 429.0 429.0 360.6 292.8 224.4 156.0 87.6 19.2 19.2 19.2 26.4 33.6 42.0 49.2 56.4 63.6 63.6 63.6 71.4 79.2 87.0 95.4 103.2 111.0 111.0 111.0 101.4 91.2 81.6 72.0 61.8 52.2 52.2 52.2 100.2 148.2 196.2 244.8 292.8 340.8 340.8 340.8 347.4 353.4 360.0 366.6 373.2 379.8 379.8 379.8 354.0 328.8 303.0 277.2 252.0 226.8 226.8 226.8 281.4 337.2 392.4 447.6 503.4 558.6 558.6 558.6 558.6 559.2 559.2 559.2 559.8 559.8 559.8 559.8 477.6 394.8 312.6 229.8 147.6 64.8 64.8 64.8 129.6 193.2 258.0 322.8 387.0 451.8 451.8 451.8 466.2 481.2 496.2 510.6 525.6 540.6 540.6 540.6 479.4 417.6 355.8 294.6 233.4 171.6 171.6 171.6 208.2 244.2 280.2 316.8 353.4 390.0 390.0 390.0 388.8 387.0 385.8 384.6 383.4 382.2 382.2 382.2 349.8 318.0 285.0 253.2 221.4 189.0 189.0 189.0 234.0 279.0 324.6 369.6 414.6 459.6 459.6 459.6 472.2 484.8 497.4 510.0 522.0 535.2 535.2 535.2 516.6 498.6 480.6 462.6 444.0 425.4 425.4 425.4 454.2 481.8 509.4 537.6 565.8 593.4 593.4 593.4 598.8 604.2 609.6 616.2 621.6 627.0 627.0 627.0 612.6 599.4 585.6 572.4 558.6 545.4 545.4 545.4 573.6 601.8 630.0 658.2 686.4 715.2 715.2 715.2 702.6 689.4 676.8 664.2 651.6 639.0 639.0 639.0 619.8 600.6 581.4 562.8 544.2 524.4 524.4 524.4 530.4 536.4 542.4 547.8 553.2 559.2 559.2 559.2 547.2 535.2 522.6 511.2 499.2 487.2 487.2 487.2 474.6 461.4 447.6 435.0 421.8 409.2 409.2 409.2 408.6 408.0 407.4 406.2 405.6 405.0 405.0 405.0 418.8 432.6 446.4 460.8 474.6 488.4 488.4 488.4 487.2 486.6 485.4 484.2 483.0 481.8 481.8 481.8 489.6 497.4 504.6 512.4 519.6 527.4 527.4 527.4 527.4 526.8 526.8 526.2 526.2 526.2 526.2 526.2 486.0 445.2 405.0 363.6 323.4 282.6 282.6 282.6 332.4 382.2 430.8 480.6 529.8 579.0 579.0 579.0 546.0 512.4 478.8 445.2 412.2 379.2 379.2 379.2 330.0 280.8 232.8 183.6 135.0 86.4 86.4 86.4 112.8 140.4 166.8 193.8 220.8 247.2 247.2 247.2 244.2 240.6 237.6 234.0 230.4 227.4 227.4 227.4 222.6 217.8 213.0 208.2 202.8 198.0 198.0 198.0 274.2 350.4 426.6 502.8 579.0 655.2 655.2 655.2 618.6 582.0 546.0 508.8 472.8 435.6 435.6 435.6 402.6 370.2 336.6
crearDespacho --mercado --conDemandaTotal
4
0.02 0.07 0.145 1.0
370.0 600.0 2400.0 4000.0
690.83 709.12 727.41 727.41 727.41 813.5 898.5 983.51 1068.52 1154.6 1239.61 1239.61 1239.61 1162.14 1083.58 1005.03 926.48 847.93 769.38 769.38 769.38 646.71 525.11 402.44 279.77 157.1 34.43 34.43 34.43 47.35 60.26 75.32 88.24 101.15 114.06 114.06 114.06 128.05 142.04 156.03 171.09 185.08 199.07 199.07 199.07 181.85 163.56 146.34 129.13 110.83 93.62 93.62 93.62 179.7 265.78 351.87 439.03 525.11 611.2 611.2 611.2 623.03 633.79 645.63 657.47 669.3 681.14 681.14 681.14 634.87 589.68 543.41 497.14 451.94 406.75 406.75 406.75 504.67 604.74 703.74 802.73 902.81 1001.8 1001.8 1001.8 1001.8 1002.88 1002.88 1002.88 1003.96 1003.96 1003.96 1003.96 856.54 708.04 560.62 412.13 264.71 116.21 116.21 116.21 232.43 346.49 462.7 578.92 694.05 810.27 810.27 810.27 836.09 862.99 889.89 915.72 942.62 969.52 969.52 969.52 859.77 748.93 638.1 528.34 418.58 307.75 307.75 307.75 373.39 437.95 502.52 568.16 633.79 699.43 699.43 699.43 697.28 694.05 691.9 689.75 687.6 685.45 685.45 685.45 627.34 570.31 511.12 454.09 397.06 338.96 338.96 338.96 419.66 500.36 582.14 662.85 743.55 824.26 824.26 824.26 846.85 869.45 892.05 914.64 936.17 959.84 959.84 959.84 926.48 894.2 861.92 829.64 796.28 762.92 762.92 762.92 814.57 864.07 913.57 964.14 1014.72 1064.22 1064.22 1064.22 1073.9 1083.58 1093.27 1105.11 1114.79 1124.47 1124.47 1124.47 1098.65 1074.98 1050.23 1026.55 1001.8 978.13 978.13 978.13 1028.71 1079.28 1129.85 1180.43 1231.0 1282.65 1282.65 1282.65 1260.06 1236.38 1213.79 1191.19 1168.59 1146.0 1146.0 1146.0 1111.56 1077.13 1042.69 1009.34 975.98 940.47 940.47 940.47 951.23 961.99 972.75 982.44 992.12 1002.88 1002.88 1002.88 981.36 959.84 937.24 916.8 895.28 873.75 873.75 873.75 851.16 827.48 802.73 780.14 756.46 733.87 733.87 733.87 732.79 731.72 730.64 728.49 727.41 726.33 726.33 726.33 751.08 775.83 800.58 826.41 851.16 875.91 875.91 875.91 873.75 872.68 870.53 868.37 866.22 864.07 864.07 864.07 878.06 892.05 904.96 918.95 931.86 945.85 945.85 945.85 945.85 944.77 944.77 943.7 943.7 943.7 943.7 943.7 871.6 798.43 726.33 652.09 579.99 506.82 506.82 506.82 596.13 685.45 772.61 861.92 950.15 1038.39 1038.39 1038.39 979.21 918.95 858.69 798.43 739.25 680.06 680.06 680.06 591.83 503.59 417.51 329.27 242.11 154.95 154.95 154.95 202.3 251.8 299.14 347.56 395.99 443.33 443.33 443.33 437.95 431.5 426.12 419.66 413.2 407.82 407.82 407.82 399.22 390.61 382.0 373.39 363.71 355.1 355.1 355.1 491.76 628.41 765.07 901.73 1038.39 1175.05 1175.05 1175.05 1109.41 1043.77 979.21 912.49 847.93 781.21 781.21 781.21 722.03 663.92 603.67
configurarSolver --Gurobi
resolver --noConstante ejecuciones/bancos/recombinados/v1/directo/sgtm/v1_sgtm_000222.csv
finalizar
