inicializar --t 360
agregarAgente --SaltoGrande
0.000543
1807461596.0
4016.0 4013.0 4010.0 4008.0 4015.0 4025.0 4034.0 4044.0 4054.0 4064.0 4073.0 4083.0 4103.0 4113.0 4122.0 4132.0 4142.0 4152.0 4161.0 4171.0 4191.0 4201.0 4210.0 4220.0 4230.0 4240.0 4249.0 4259.0 4285.0 4302.0 4318.0 4334.0 4350.0 4367.0 4383.0 4399.0 4432.0 4448.0 4464.0 4480.0 4497.0 4513.0 4529.0 4545.0 4578.0 4594.0 4610.0 4627.0 4643.0 4659.0 4675.0 4692.0 4689.0 4671.0 4652.0 4634.0 4615.0 4597.0 4578.0 4560.0 4523.0 4504.0 4486.0 4467.0 4449.0 4430.0 4412.0 4393.0 4356.0 4338.0 4319.0 4301.0 4282.0 4264.0 4245.0 4227.0 4220.0 4231.0 4243.0 4255.0 4267.0 4278.0 4290.0 4302.0 4325.0 4337.0 4348.0 4360.0 4372.0 4384.0 4395.0 4407.0 4430.0 4442.0 4454.0 4465.0 4477.0 4489.0 4501.0 4512.0 4575.0 4626.0 4677.0 4727.0 4778.0 4829.0 4880.0 4931.0 5033.0 5083.0 5134.0 5185.0 5236.0 5287.0 5338.0 5388.0 5490.0 5541.0 5592.0 5643.0 5694.0 5744.0 5795.0 5846.0 5965.0 6032.0 6100.0 6168.0 6236.0 6303.0 6371.0 6439.0 6574.0 6642.0 6709.0 6777.0 6845.0 6913.0 6980.0 7048.0 7183.0 7251.0 7319.0 7386.0 7454.0 7522.0 7590.0 7657.0 7768.0 7810.0 7853.0 7896.0 7938.0 7981.0 8024.0 8066.0 8152.0 8194.0 8237.0 8280.0 8322.0 8365.0 8408.0 8450.0 8536.0 8578.0 8621.0 8664.0 8706.0 8749.0 8792.0 8834.0 8923.0 8970.0 9016.0 9063.0 9109.0 9156.0 9202.0 9249.0 9342.0 9388.0 9435.0 9481.0 9528.0 9574.0 9621.0 9667.0 9760.0 9807.0 9853.0 9900.0 9946.0 9993.0 10039.0 10086.0 10184.0 10236.0 10289.0 10341.0 10393.0 10445.0 10498.0 10550.0 10654.0 10706.0 10759.0 10811.0 10863.0 10915.0 10968.0 11020.0 11124.0 11176.0 11229.0 11281.0 11333.0 11385.0 11438.0 11490.0 11584.0 11625.0 11667.0 11709.0 11751.0 11792.0 11834.0 11876.0 11959.0 12001.0 12042.0 12084.0 12126.0 12168.0 12209.0 12251.0 12334.0 12376.0 12418.0 12459.0 12501.0 12543.0 12585.0 12626.0 12720.0 12773.0 12825.0 12878.0 12930.0 12983.0 13035.0 13088.0 13193.0 13245.0 13298.0 13350.0 13403.0 13455.0 13508.0 13560.0 13665.0 13718.0 13770.0 13823.0 13875.0 13928.0 13980.0 14033.0 14115.0 14145.0 14175.0 14205.0 14235.0 14265.0 14295.0 14325.0 14385.0 14415.0 14445.0 14475.0 14504.0 14534.0 14564.0 14594.0 14654.0 14684.0 14714.0 14744.0 14774.0 14804.0 14834.0 14864.0 14896.0 14898.0 14900.0 14902.0 14904.0 14906.0 14909.0 14911.0 14915.0 14917.0 14919.0 14921.0 14923.0 14925.0 14927.0 14929.0 14933.0 14935.0 14938.0 14940.0 14942.0 14944.0 14946.0 14948.0 14935.0 14919.0 14904.0 14888.0 14873.0 14857.0 14842.0 14826.0 14795.0 14780.0 14764.0 14749.0 14733.0 14718.0 14702.0 14687.0 14656.0 14640.0 14625.0 14609.0 14594.0 14578.0 14563.0 14547.0 14507.0 14482.0 14457.0 14432.0 14407.0 14382.0 14357.0 14332.0 14282.0 14257.0 14232.0 14207.0 14183.0 14158.0 14133.0 14108.0 14058.0 14033.0 14008.0 13983.0
agregarAgente --UnidadTermicaSimple
200.0
100.0
agregarAgente --DemandaFija
253.2 164.1 74.1 74.1 74.1 102.0 128.1 155.1 182.1 208.2 236.1 236.1 236.1 252.3 268.5 283.8 300.0 316.2 331.5 331.5 331.5 316.2 300.0 283.8 267.6 251.4 236.1 236.1 236.1 301.8 368.4 435.0 501.6 567.3 634.8 634.8 634.8 631.2 628.5 625.8 622.2 619.5 616.8 616.8 616.8 611.4 606.9 602.4 597.9 593.4 588.9 588.9 588.9 616.8 645.6 674.4 702.3 732.0 760.8 760.8 760.8 750.0 739.2 728.4 717.6 705.9 696.0 696.0 696.0 702.3 709.5 715.8 722.1 728.4 734.7 734.7 734.7 760.8 787.8 814.8 841.8 868.8 895.8 895.8 895.8 883.2 870.6 857.1 844.5 831.9 818.4 818.4 818.4 772.5 726.6 678.9 633.0 586.2 539.4 539.4 539.4 465.6 390.0 315.3 241.5 165.9 92.1 92.1 92.1 93.9 95.7 97.5 99.3 102.0 103.8 103.8 103.8 94.8 84.9 75.9 66.9 57.9 48.9 48.9 48.9 72.3 96.6 120.0 143.4 166.8 190.2 190.2 190.2 275.7 362.1 447.6 534.0 620.4 705.9 705.9 705.9 655.5 605.1 553.8 503.4 453.0 402.6 402.6 402.6 393.6 384.6 375.6 366.6 357.6 348.6 348.6 348.6 369.3 390.0 411.6 432.3 453.0 474.6 474.6 474.6 443.1 411.6 381.0 350.4 318.0 287.4 287.4 287.4 293.7 300.0 306.3 312.6 318.9 325.2 325.2 325.2 353.1 379.2 405.3 432.3 458.4 486.3 486.3 486.3 489.0 491.7 494.4 497.1 499.8 502.5 502.5 502.5 526.8 550.2 574.5 599.7 623.1 647.4 647.4 647.4 633.0 617.7 603.3 588.9 572.7 558.3 558.3 558.3 516.0 474.6 431.4 389.1 347.7 304.5 304.5 304.5 308.1 311.7 314.4 318.0 321.6 324.3 324.3 324.3 356.7 389.1 420.6 452.1 484.5 516.0 516.0 516.0 506.1 497.1 487.2 478.2 468.3 458.4 458.4 458.4 520.5 582.6 645.6 707.7 769.8 831.9 831.9 831.9 862.5 893.1 923.7 955.2 984.9 1015.5 1015.5 1015.5 942.6 870.6 797.7 725.7 652.8 579.9 579.9 579.9 599.7 617.7 635.7 654.6 672.6 691.5 691.5 691.5 643.8 597.0 549.3 502.5 454.8 408.0 408.0 408.0 378.3 349.5 319.8 290.1 261.3 232.5 232.5 232.5 276.6 321.6 366.6 411.6 455.7 501.6 501.6 501.6 528.6 555.6 582.6 610.5 637.5 665.4 665.4 665.4 651.9 638.4 625.8 612.3 598.8 586.2 586.2 586.2 669.9 755.4 840.0 924.6 1009.2 1094.7 1094.7 1094.7 1065.0 1036.2 1007.4 978.6 949.8 921.0 921.0 921.0 782.4 644.7 507.0 369.3 231.6 93.9 93.9 93.9 169.5 246.9 322.5 399.9 476.4 552.9 552.9 552.9 552.0 551.1 550.2 549.3 548.4 547.5 547.5 547.5 561.9 577.2 593.4
crearDespacho --mercado --conDemandaTotal
4
0.02 0.07 0.145 1.0
370.0 600.0 2400.0 4000.0
339.92 220.3 99.48 99.48 99.48 136.94 171.97 208.22 244.47 279.51 316.96 316.96 316.96 338.71 360.46 381.0 402.75 424.5 445.04 445.04 445.04 424.5 402.75 381.0 359.25 337.51 316.96 316.96 316.96 405.17 494.58 583.99 673.4 761.6 852.22 852.22 852.22 847.39 843.76 840.14 835.3 831.68 828.06 828.06 828.06 820.81 814.76 808.72 802.68 796.64 790.6 790.6 790.6 828.06 866.72 905.38 942.84 982.71 1021.38 1021.38 1021.38 1006.88 992.38 977.88 963.38 947.67 934.38 934.38 934.38 942.84 952.51 960.96 969.42 977.88 986.34 986.34 986.34 1021.38 1057.62 1093.87 1130.12 1166.37 1202.61 1202.61 1202.61 1185.7 1168.78 1150.66 1133.74 1116.83 1098.7 1098.7 1098.7 1037.08 975.46 911.42 849.8 786.97 724.15 724.15 724.15 625.07 523.58 423.29 324.21 222.72 123.64 123.64 123.64 126.06 128.48 130.89 133.31 136.94 139.35 139.35 139.35 127.27 113.98 101.9 89.81 77.73 65.65 65.65 65.65 97.06 129.69 161.1 192.51 223.93 255.34 255.34 255.34 370.13 486.12 600.9 716.9 832.89 947.67 947.67 947.67 880.01 812.35 743.48 675.82 608.15 540.49 540.49 540.49 528.41 516.33 504.24 492.16 480.08 468.0 468.0 468.0 495.79 523.58 552.57 580.36 608.15 637.15 637.15 637.15 594.86 552.57 511.49 470.41 426.92 385.84 385.84 385.84 394.29 402.75 411.21 419.67 428.12 436.58 436.58 436.58 474.04 509.08 544.12 580.36 615.4 652.86 652.86 652.86 656.48 660.11 663.73 667.36 670.98 674.61 674.61 674.61 707.23 738.64 771.27 805.1 836.51 869.14 869.14 869.14 849.8 829.26 809.93 790.6 768.85 749.52 749.52 749.52 692.73 637.15 579.16 522.37 466.79 408.79 408.79 408.79 413.62 418.46 422.08 426.92 431.75 435.37 435.37 435.37 478.87 522.37 564.66 606.95 650.44 692.73 692.73 692.73 679.44 667.36 654.07 641.98 628.69 615.4 615.4 615.4 698.77 782.14 866.72 950.09 1033.46 1116.83 1116.83 1116.83 1157.91 1198.99 1240.07 1282.36 1322.23 1363.31 1363.31 1363.31 1265.44 1168.78 1070.91 974.25 876.39 778.52 778.52 778.52 805.1 829.26 853.43 878.8 902.97 928.34 928.34 928.34 864.3 801.47 737.44 674.61 610.57 547.74 547.74 547.74 507.87 469.2 429.33 389.46 350.8 312.13 312.13 312.13 371.34 431.75 492.16 552.57 611.78 673.4 673.4 673.4 709.65 745.89 782.14 819.6 855.85 893.3 893.3 893.3 875.18 857.05 840.14 822.01 803.89 786.97 786.97 786.97 899.34 1014.13 1127.7 1241.28 1354.85 1469.64 1469.64 1469.64 1429.76 1391.1 1352.44 1313.77 1275.11 1236.44 1236.44 1236.44 1050.37 865.51 680.65 495.79 310.92 126.06 126.06 126.06 227.55 331.46 432.96 536.87 639.57 742.27 742.27 742.27 741.06 739.85 738.64 737.44 736.23 735.02 735.02 735.02 754.35 774.89 796.64
configurarSolver --Gurobi
resolver --noConstante ejecuciones/bancos/recombinados/v1/directo/sgtm/v1_sgtm_000040.csv
finalizar
