inicializar --t 360
agregarAgente --SaltoGrande
0.000327
2250689819.0
2790.0 2783.0 2776.0 2770.0 2770.0 2778.0 2785.0 2792.0 2800.0 2807.0 2814.0 2822.0 2836.0 2844.0 2851.0 2858.0 2866.0 2873.0 2880.0 2888.0 2902.0 2910.0 2917.0 2924.0 2932.0 2939.0 2946.0 2954.0 2949.0 2936.0 2924.0 2912.0 2899.0 2887.0 2875.0 2862.0 2838.0 2825.0 2813.0 2801.0 2788.0 2776.0 2764.0 2751.0 2727.0 2714.0 2702.0 2690.0 2677.0 2665.0 2653.0 2640.0 2624.0 2619.0 2615.0 2611.0 2606.0 2602.0 2597.0 2593.0 2584.0 2580.0 2576.0 2571.0 2567.0 2562.0 2558.0 2554.0 2545.0 2541.0 2536.0 2532.0 2527.0 2523.0 2519.0 2514.0 2508.0 2505.0 2503.0 2500.0 2498.0 2496.0 2493.0 2491.0 2486.0 2484.0 2481.0 2479.0 2476.0 2474.0 2471.0 2469.0 2464.0 2462.0 2459.0 2457.0 2455.0 2452.0 2450.0 2447.0 2451.0 2457.0 2464.0 2470.0 2476.0 2482.0 2488.0 2494.0 2507.0 2513.0 2519.0 2525.0 2532.0 2538.0 2544.0 2550.0 2563.0 2569.0 2575.0 2581.0 2587.0 2593.0 2600.0 2606.0 2624.0 2636.0 2647.0 2659.0 2671.0 2683.0 2694.0 2706.0 2730.0 2742.0 2753.0 2765.0 2777.0 2789.0 2800.0 2812.0 2836.0 2848.0 2859.0 2871.0 2883.0 2895.0 2906.0 2918.0 2927.0 2924.0 2920.0 2917.0 2914.0 2911.0 2908.0 2905.0 2898.0 2895.0 2892.0 2889.0 2885.0 2882.0 2879.0 2876.0 2869.0 2866.0 2863.0 2860.0 2857.0 2854.0 2850.0 2847.0 2843.0 2842.0 2841.0 2839.0 2838.0 2837.0 2836.0 2835.0 2833.0 2831.0 2830.0 2829.0 2828.0 2827.0 2826.0 2824.0 2822.0 2821.0 2820.0 2819.0 2818.0 2816.0 2815.0 2814.0 2807.0 2801.0 2796.0 2790.0 2784.0 2778.0 2772.0 2766.0 2755.0 2749.0 2743.0 2737.0 2732.0 2726.0 2720.0 2714.0 2703.0 2697.0 2691.0 2685.0 2679.0 2673.0 2668.0 2662.0 2647.0 2637.0 2628.0 2618.0 2609.0 2599.0 2590.0 2580.0 2562.0 2552.0 2543.0 2533.0 2524.0 2514.0 2505.0 2495.0 2477.0 2467.0 2458.0 2448.0 2439.0 2429.0 2420.0 2410.0 2411.0 2422.0 2432.0 2442.0 2452.0 2463.0 2473.0 2483.0 2504.0 2514.0 2524.0 2534.0 2545.0 2555.0 2565.0 2575.0 2596.0 2606.0 2616.0 2627.0 2637.0 2647.0 2657.0 2668.0 2686.0 2695.0 2703.0 2712.0 2720.0 2729.0 2737.0 2746.0 2762.0 2771.0 2779.0 2788.0 2796.0 2805.0 2813.0 2822.0 2838.0 2847.0 2855.0 2864.0 2872.0 2881.0 2889.0 2898.0 2912.0 2918.0 2924.0 2930.0 2936.0 2942.0 2948.0 2954.0 2966.0 2972.0 2978.0 2984.0 2991.0 2997.0 3003.0 3009.0 3021.0 3027.0 3033.0 3039.0 3045.0 3051.0 3057.0 3063.0 3069.0 3068.0 3068.0 3068.0 3067.0 3067.0 3066.0 3066.0 3065.0 3065.0 3065.0 3064.0 3064.0 3063.0 3063.0 3063.0 3062.0 3062.0 3061.0 3061.0 3060.0 3060.0 3060.0 3059.0 3055.0 3050.0 3046.0 3042.0 3037.0 3033.0 3028.0 3024.0 3015.0 3011.0 3007.0 3002.0 2998.0 2993.0 2989.0 2985.0 2976.0 2972.0 2967.0 2963.0
agregarAgente --UnidadTermicaSimple
200.0
100.0
agregarAgente --DemandaFija
148.2 112.8 78.0 78.0 78.0 142.2 206.4 270.0 334.2 397.8 462.0 462.0 462.0 437.4 414.0 390.0 365.4 341.4 317.4 317.4 317.4 279.0 240.6 202.2 163.8 126.0 87.0 87.0 87.0 151.8 217.2 281.4 346.2 411.0 475.8 475.8 475.8 462.6 448.2 434.4 420.6 406.8 393.0 393.0 393.0 354.0 315.0 275.4 237.0 197.4 159.0 159.0 159.0 224.4 289.8 354.6 420.0 485.4 550.8 550.8 550.8 534.0 516.6 499.2 482.4 465.6 447.6 447.6 447.6 402.0 355.2 309.6 262.8 217.2 170.4 170.4 170.4 221.4 271.8 322.2 373.2 423.6 474.0 474.0 474.0 493.8 513.6 534.0 553.8 573.0 592.8 592.8 592.8 547.8 502.2 457.2 411.6 366.0 321.6 321.6 321.6 395.4 469.8 543.6 618.0 691.2 765.6 765.6 765.6 754.8 743.4 732.6 721.8 711.0 700.2 700.2 700.2 684.6 670.2 655.8 640.8 626.4 611.4 611.4 611.4 612.6 613.8 614.4 616.2 617.4 618.6 618.6 618.6 600.0 582.6 564.6 546.6 528.6 510.6 510.6 510.6 490.2 469.8 448.2 427.8 407.4 387.0 387.0 387.0 357.6 328.8 300.0 270.6 241.8 213.0 213.0 213.0 216.0 219.0 222.0 225.0 228.0 231.0 231.0 231.0 235.8 240.6 246.0 250.8 256.2 261.0 261.0 261.0 307.8 354.0 400.8 447.0 493.8 540.6 540.6 540.6 545.4 550.8 555.6 561.0 565.8 571.2 571.2 571.2 544.8 518.4 492.0 465.6 438.6 412.8 412.8 412.8 448.2 484.2 519.6 556.2 591.6 627.6 627.6 627.6 604.8 582.6 559.8 537.6 514.2 492.0 492.0 492.0 473.4 455.4 436.2 417.6 399.0 381.0 381.0 381.0 406.2 430.8 456.6 481.8 507.0 531.6 531.6 531.6 494.4 456.6 418.2 380.4 342.6 304.8 304.8 304.8 299.4 294.0 289.2 283.2 277.8 273.0 273.0 273.0 295.2 316.8 338.4 360.0 382.2 404.4 404.4 404.4 381.6 358.8 336.0 313.8 291.0 268.2 268.2 268.2 266.4 264.6 262.8 261.0 259.2 257.4 257.4 257.4 320.4 384.0 446.4 510.0 573.0 636.6 636.6 636.6 600.0 563.4 526.8 490.8 454.2 417.6 417.6 417.6 391.2 364.2 337.8 311.4 284.4 258.6 258.6 258.6 328.8 399.0 469.2 539.4 609.0 679.2 679.2 679.2 649.2 618.6 588.0 558.0 527.4 497.4 497.4 497.4 475.8 454.2 432.0 410.4 388.8 366.6 366.6 366.6 412.2 457.2 502.2 547.8 592.2 637.8 637.8 637.8 623.4 609.0 594.6 580.2 566.4 552.0 552.0 552.0 526.2 501.0 476.4 450.6 425.4 400.8 400.8 400.8 464.4 527.4 591.0 655.2 718.8 782.4 782.4 782.4 764.4 746.4 728.4 711.0 692.4 675.0 675.0 675.0 646.2 618.0 589.2
crearDespacho --mercado --conDemandaTotal
4
0.02 0.07 0.145 1.0
370.0 600.0 2400.0 4000.0
262.64 199.91 138.23 138.23 138.23 252.01 365.79 478.5 592.27 704.99 818.76 818.76 818.76 775.17 733.7 691.16 647.57 605.03 562.5 562.5 562.5 494.45 426.4 358.34 290.29 223.3 154.18 154.18 154.18 269.02 384.93 498.7 613.54 728.38 843.22 843.22 843.22 819.83 794.31 769.85 745.39 720.94 696.48 696.48 696.48 627.36 558.25 488.07 420.02 349.84 281.78 281.78 281.78 397.69 513.59 628.43 744.33 860.23 976.14 976.14 976.14 946.36 915.53 884.69 854.92 825.14 793.24 793.24 793.24 712.43 629.49 548.68 465.74 384.93 301.99 301.99 301.99 392.37 481.69 571.01 661.39 750.71 840.03 840.03 840.03 875.12 910.21 946.36 981.45 1015.48 1050.57 1050.57 1050.57 970.82 890.01 810.26 729.44 648.63 569.94 569.94 569.94 700.73 832.59 963.38 1095.23 1224.96 1356.81 1356.81 1356.81 1337.67 1317.47 1298.33 1279.19 1260.05 1240.91 1240.91 1240.91 1213.26 1187.74 1162.22 1135.64 1110.12 1083.53 1083.53 1083.53 1085.66 1087.79 1088.85 1092.04 1094.17 1096.29 1096.29 1096.29 1063.33 1032.49 1000.59 968.69 936.79 904.89 904.89 904.89 868.74 832.59 794.31 758.15 722.0 685.85 685.85 685.85 633.74 582.7 531.66 479.56 428.52 377.48 377.48 377.48 382.8 388.12 393.43 398.75 404.07 409.38 409.38 409.38 417.89 426.4 435.97 444.47 454.04 462.55 462.55 462.55 545.49 627.36 710.3 792.18 875.12 958.06 958.06 958.06 966.57 976.14 984.64 994.21 1002.72 1012.29 1012.29 1012.29 965.5 918.72 871.93 825.14 777.29 731.57 731.57 731.57 794.31 858.11 920.84 985.71 1048.44 1112.24 1112.24 1112.24 1071.84 1032.49 992.09 952.74 911.27 871.93 871.93 871.93 838.97 807.07 773.04 740.08 707.11 675.21 675.21 675.21 719.87 763.47 809.19 853.85 898.51 942.11 942.11 942.11 876.18 809.19 741.14 674.15 607.16 540.17 540.17 540.17 530.6 521.03 512.52 501.89 492.32 483.82 483.82 483.82 523.16 561.44 599.72 638.0 677.34 716.68 716.68 716.68 676.28 635.87 595.46 556.12 515.71 475.31 475.31 475.31 472.12 468.93 465.74 462.55 459.36 456.17 456.17 456.17 567.82 680.53 791.12 903.83 1015.48 1128.19 1128.19 1128.19 1063.33 998.47 933.6 869.8 804.94 740.08 740.08 740.08 693.29 645.44 598.65 551.87 504.02 458.3 458.3 458.3 582.7 707.11 831.52 955.93 1079.28 1203.69 1203.69 1203.69 1150.52 1096.29 1042.06 988.9 934.67 881.5 881.5 881.5 843.22 804.94 765.6 727.32 689.04 649.69 649.69 649.69 730.51 810.26 890.01 970.82 1049.51 1130.32 1130.32 1130.32 1104.8 1079.28 1053.76 1028.24 1003.78 978.26 978.26 978.26 932.54 887.88 844.28 798.56 753.9 710.3 710.3 710.3 823.02 934.67 1047.38 1161.16 1273.87 1386.58 1386.58 1386.58 1354.68 1322.78 1290.88 1260.05 1227.08 1196.25 1196.25 1196.25 1145.21 1095.23 1044.19
configurarSolver --Gurobi
resolver --noConstante ejecuciones/bancos/recombinados/v1/directo/sgtm/v1_sgtm_000090.csv
finalizar
