inicializar --t 360
agregarAgente --SaltoGrande
0.000282
2108599337.0
3015.0 3010.0 3005.0 2999.0 2991.0 2987.0 2984.0 2980.0 2977.0 2973.0 2970.0 2966.0 2960.0 2956.0 2953.0 2949.0 2946.0 2942.0 2939.0 2935.0 2929.0 2925.0 2922.0 2918.0 2915.0 2911.0 2908.0 2904.0 2907.0 2912.0 2918.0 2924.0 2929.0 2935.0 2941.0 2946.0 2958.0 2963.0 2969.0 2975.0 2980.0 2986.0 2992.0 2997.0 3009.0 3014.0 3020.0 3026.0 3031.0 3037.0 3043.0 3048.0 3063.0 3072.0 3082.0 3091.0 3100.0 3109.0 3118.0 3127.0 3146.0 3155.0 3164.0 3173.0 3183.0 3192.0 3201.0 3210.0 3229.0 3238.0 3247.0 3256.0 3265.0 3274.0 3284.0 3293.0 3304.0 3306.0 3308.0 3310.0 3312.0 3314.0 3317.0 3319.0 3323.0 3325.0 3327.0 3329.0 3331.0 3333.0 3335.0 3337.0 3341.0 3343.0 3346.0 3348.0 3350.0 3352.0 3354.0 3356.0 3354.0 3350.0 3347.0 3343.0 3339.0 3335.0 3332.0 3328.0 3320.0 3316.0 3313.0 3309.0 3305.0 3301.0 3298.0 3294.0 3286.0 3282.0 3279.0 3275.0 3271.0 3267.0 3264.0 3260.0 3251.0 3245.0 3240.0 3234.0 3229.0 3223.0 3218.0 3212.0 3201.0 3196.0 3190.0 3185.0 3179.0 3174.0 3168.0 3163.0 3152.0 3146.0 3141.0 3135.0 3130.0 3124.0 3119.0 3113.0 3106.0 3104.0 3103.0 3101.0 3099.0 3097.0 3095.0 3093.0 3090.0 3088.0 3086.0 3084.0 3083.0 3081.0 3079.0 3077.0 3074.0 3072.0 3070.0 3068.0 3066.0 3064.0 3063.0 3061.0 3066.0 3072.0 3079.0 3086.0 3092.0 3099.0 3106.0 3112.0 3126.0 3132.0 3139.0 3146.0 3152.0 3159.0 3166.0 3172.0 3186.0 3192.0 3199.0 3206.0 3212.0 3219.0 3226.0 3232.0 3239.0 3239.0 3239.0 3239.0 3239.0 3239.0 3239.0 3239.0 3239.0 3239.0 3239.0 3239.0 3239.0 3239.0 3239.0 3239.0 3239.0 3239.0 3239.0 3239.0 3239.0 3239.0 3239.0 3239.0 3236.0 3233.0 3229.0 3226.0 3223.0 3220.0 3217.0 3214.0 3207.0 3204.0 3201.0 3198.0 3194.0 3191.0 3188.0 3185.0 3178.0 3175.0 3172.0 3169.0 3166.0 3163.0 3159.0 3156.0 3147.0 3141.0 3135.0 3130.0 3124.0 3118.0 3112.0 3106.0 3094.0 3089.0 3083.0 3077.0 3071.0 3065.0 3059.0 3054.0 3042.0 3036.0 3030.0 3024.0 3018.0 3013.0 3007.0 3001.0 2993.0 2992.0 2990.0 2988.0 2987.0 2985.0 2983.0 2982.0 2978.0 2977.0 2975.0 2973.0 2972.0 2970.0 2968.0 2967.0 2963.0 2962.0 2960.0 2958.0 2957.0 2955.0 2953.0 2952.0 2941.0 2931.0 2922.0 2913.0 2904.0 2894.0 2885.0 2876.0 2857.0 2848.0 2839.0 2830.0 2820.0 2811.0 2802.0 2793.0 2774.0 2765.0 2756.0 2746.0 2737.0 2728.0 2719.0 2709.0 2702.0 2703.0 2705.0 2707.0 2708.0 2710.0 2712.0 2713.0 2717.0 2718.0 2720.0 2722.0 2723.0 2725.0 2727.0 2728.0 2732.0 2733.0 2735.0 2737.0 2738.0 2740.0 2742.0 2743.0 2750.0 2755.0 2760.0 2765.0 2770.0 2775.0 2780.0 2785.0 2795.0 2800.0 2805.0 2810.0 2816.0 2821.0 2826.0 2831.0 2841.0 2846.0 2851.0 2856.0
agregarAgente --UnidadTermicaSimple
200.0
100.0
agregarAgente --DemandaFija
501.6 465.0 428.4 428.4 428.4 456.0 483.6 511.2 539.4 567.0 594.6 594.6 594.6 610.8 626.4 642.0 658.2 673.8 689.4 689.4 689.4 649.2 609.0 568.2 528.6 488.4 448.2 448.2 448.8 478.8 508.8 538.2 568.2 598.2 628.2 628.8 628.8 639.0 649.2 659.4 669.0 679.2 689.4 689.4 689.4 646.8 605.4 562.8 520.8 478.2 436.2 436.2 436.8 467.4 498.0 529.8 560.4 591.6 622.2 622.2 622.2 630.0 637.2 645.0 652.2 659.4 666.6 666.6 667.2 628.2 589.8 550.8 513.0 474.0 435.0 435.0 435.6 461.4 488.4 514.8 541.2 567.0 594.0 594.6 595.2 601.8 609.0 615.6 622.2 629.4 636.0 636.6 636.0 597.6 559.2 520.8 481.8 443.4 404.4 403.8 402.6 424.2 447.0 469.2 490.8 513.6 535.8 534.0 533.4 551.4 569.4 587.4 604.8 623.4 641.4 642.0 641.4 600.0 559.2 518.4 477.0 436.8 396.0 394.8 393.6 405.6 417.0 428.4 440.4 451.8 463.2 462.6 460.8 474.0 486.6 499.2 513.0 525.6 538.8 538.2 534.6 507.0 479.4 451.2 423.6 396.0 367.8 365.4 362.4 390.6 419.4 448.8 477.6 506.4 535.2 535.2 535.2 548.4 560.4 573.0 585.6 598.8 610.8 610.8 601.8 573.6 545.4 517.8 489.6 462.0 433.8 425.4 421.2 430.8 440.4 450.6 460.2 469.8 480.0 484.2 489.0 499.8 510.6 521.4 532.2 543.0 553.8 553.8 544.2 519.0 493.8 468.0 442.8 417.6 392.4 382.8 381.6 391.2 402.0 411.6 421.8 432.6 442.2 450.6 460.8 468.0 474.6 481.8 489.0 496.2 502.8 504.6 501.0 489.0 475.8 463.2 451.2 438.0 425.4 420.0 418.8 429.6 439.8 450.6 460.2 471.0 481.2 486.0 491.4 500.4 509.4 517.8 526.8 535.8 544.8 544.8 541.2 522.6 505.2 487.8 469.8 451.8 434.4 430.8 424.2 423.6 422.4 422.4 421.2 420.6 419.4 416.4 415.8 425.4 435.0 445.2 454.8 465.0 474.6 476.4 469.2 462.6 456.6 450.0 444.0 437.4 430.8 421.8 413.4 418.2 423.6 429.0 433.8 439.2 444.0 444.0 450.6 465.6 480.0 494.4 509.4 524.4 540.0 546.6 546.6 534.6 522.0 510.0 497.4 485.4 472.8 466.8 470.4 478.8 486.6 494.4 502.8 510.6 519.0 528.0 538.2 537.6 537.0 537.0 536.4 535.8 535.2 535.8 527.4 518.4 510.0 501.0 492.6 483.6 475.2 466.2 464.4 474.0 484.8 495.0 505.2 515.4 525.6 533.4 544.2 557.4 570.6 583.8 596.4 609.6 622.8 626.4 625.2 597.6 570.0 542.4 514.8 486.6 460.2 454.8 454.2 457.2 460.2 462.6 466.2 469.2 472.2 475.8 483.0 496.8 511.2 525.0 539.4 553.2 567.0 570.0 563.4 535.8 508.2 480.0
crearDespacho --mercado --conDemandaTotal
4
0.02 0.07 0.145 1.0
370.0 600.0 2400.0 4000.0
696.68 645.84 595.01 595.01 595.01 633.34 671.68 710.01 749.18 787.51 825.85 825.85 825.85 848.35 870.01 891.68 914.18 935.85 957.51 957.51 957.51 901.68 845.85 789.18 734.18 678.34 622.51 622.51 623.34 665.01 706.68 747.51 789.18 830.85 872.51 873.35 873.35 887.51 901.68 915.85 929.18 943.35 957.51 957.51 957.51 898.35 840.85 781.68 723.34 664.18 605.84 605.84 606.68 649.18 691.68 735.84 778.35 821.68 864.18 864.18 864.18 875.01 885.01 895.85 905.85 915.85 925.85 925.85 926.68 872.51 819.18 765.01 712.51 658.34 604.18 604.18 605.01 640.84 678.34 715.01 751.68 787.51 825.01 825.85 826.68 835.85 845.85 855.01 864.18 874.18 883.35 884.18 883.35 830.01 776.68 723.34 669.18 615.84 561.68 560.84 559.18 589.18 620.84 651.68 681.68 713.34 744.18 741.68 740.84 765.84 790.85 815.85 840.01 865.85 890.85 891.68 890.85 833.35 776.68 720.01 662.51 606.68 550.01 548.34 546.67 563.34 579.18 595.01 611.68 627.51 643.34 642.51 640.01 658.34 675.84 693.34 712.51 730.01 748.34 747.51 742.51 704.18 665.84 626.68 588.34 550.01 510.84 507.51 503.34 542.51 582.51 623.34 663.34 703.34 743.34 743.34 743.34 761.68 778.35 795.85 813.35 831.68 848.35 848.35 835.85 796.68 757.51 719.18 680.01 641.68 602.51 590.84 585.01 598.34 611.68 625.84 639.18 652.51 666.68 672.51 679.18 694.18 709.18 724.18 739.18 754.18 769.18 769.18 755.84 720.84 685.84 650.01 615.01 580.01 545.01 531.67 530.01 543.34 558.34 571.68 585.84 600.84 614.18 625.84 640.01 650.01 659.18 669.18 679.18 689.18 698.34 700.84 695.84 679.18 660.84 643.34 626.68 608.34 590.84 583.34 581.68 596.68 610.84 625.84 639.18 654.18 668.34 675.01 682.51 695.01 707.51 719.18 731.68 744.18 756.68 756.68 751.68 725.84 701.68 677.51 652.51 627.51 603.34 598.34 589.18 588.34 586.68 586.68 585.01 584.18 582.51 578.34 577.51 590.84 604.18 618.34 631.68 645.84 659.18 661.68 651.68 642.51 634.18 625.01 616.68 607.51 598.34 585.84 574.18 580.84 588.34 595.84 602.51 610.01 616.68 616.68 625.84 646.68 666.68 686.68 707.51 728.34 750.01 759.18 759.18 742.51 725.01 708.34 690.84 674.18 656.68 648.34 653.34 665.01 675.84 686.68 698.34 709.18 720.84 733.34 747.51 746.68 745.84 745.84 745.01 744.18 743.34 744.18 732.51 720.01 708.34 695.84 684.18 671.68 660.01 647.51 645.01 658.34 673.34 687.51 701.68 715.84 730.01 740.84 755.84 774.18 792.51 810.85 828.35 846.68 865.01 870.01 868.35 830.01 791.68 753.34 715.01 675.84 639.18 631.68 630.84 635.01 639.18 642.51 647.51 651.68 655.84 660.84 670.84 690.01 710.01 729.18 749.18 768.34 787.51 791.68 782.51 744.18 705.84 666.68
configurarSolver --Gurobi
resolver --noConstante ejecuciones/bancos/recombinados/v1/directo/sgtm/v1_sgtm_000022.csv
finalizar
