inicializar --t 360
agregarAgente --SaltoGrande
0.000282
1807461596.0
4016.0 4013.0 4010.0 4008.0 4015.0 4025.0 4034.0 4044.0 4054.0 4064.0 4073.0 4083.0 4103.0 4113.0 4122.0 4132.0 4142.0 4152.0 4161.0 4171.0 4191.0 4201.0 4210.0 4220.0 4230.0 4240.0 4249.0 4259.0 4285.0 4302.0 4318.0 4334.0 4350.0 4367.0 4383.0 4399.0 4432.0 4448.0 4464.0 4480.0 4497.0 4513.0 4529.0 4545.0 4578.0 4594.0 4610.0 4627.0 4643.0 4659.0 4675.0 4692.0 4689.0 4671.0 4652.0 4634.0 4615.0 4597.0 4578.0 4560.0 4523.0 4504.0 4486.0 4467.0 4449.0 4430.0 4412.0 4393.0 4356.0 4338.0 4319.0 4301.0 4282.0 4264.0 4245.0 4227.0 4220.0 4231.0 4243.0 4255.0 4267.0 4278.0 4290.0 4302.0 4325.0 4337.0 4348.0 4360.0 4372.0 4384.0 4395.0 4407.0 4430.0 4442.0 4454.0 4465.0 4477.0 4489.0 4501.0 4512.0 4575.0 4626.0 4677.0 4727.0 4778.0 4829.0 4880.0 4931.0 5033.0 5083.0 5134.0 5185.0 5236.0 5287.0 5338.0 5388.0 5490.0 5541.0 5592.0 5643.0 5694.0 5744.0 5795.0 5846.0 5965.0 6032.0 6100.0 6168.0 6236.0 6303.0 6371.0 6439.0 6574.0 6642.0 6709.0 6777.0 6845.0 6913.0 6980.0 7048.0 7183.0 7251.0 7319.0 7386.0 7454.0 7522.0 7590.0 7657.0 7768.0 7810.0 7853.0 7896.0 7938.0 7981.0 8024.0 8066.0 8152.0 8194.0 8237.0 8280.0 8322.0 8365.0 8408.0 8450.0 8536.0 8578.0 8621.0 8664.0 8706.0 8749.0 8792.0 8834.0 8923.0 8970.0 9016.0 9063.0 9109.0 9156.0 9202.0 9249.0 9342.0 9388.0 9435.0 9481.0 9528.0 9574.0 9621.0 9667.0 9760.0 9807.0 9853.0 9900.0 9946.0 9993.0 10039.0 10086.0 10184.0 10236.0 10289.0 10341.0 10393.0 10445.0 10498.0 10550.0 10654.0 10706.0 10759.0 10811.0 10863.0 10915.0 10968.0 11020.0 11124.0 11176.0 11229.0 11281.0 11333.0 11385.0 11438.0 11490.0 11584.0 11625.0 11667.0 11709.0 11751.0 11792.0 11834.0 11876.0 11959.0 12001.0 12042.0 12084.0 12126.0 12168.0 12209.0 12251.0 12334.0 12376.0 12418.0 12459.0 12501.0 12543.0 12585.0 12626.0 12720.0 12773.0 12825.0 12878.0 12930.0 12983.0 13035.0 13088.0 13193.0 13245.0 13298.0 13350.0 13403.0 13455.0 13508.0 13560.0 13665.0 13718.0 13770.0 13823.0 13875.0 13928.0 13980.0 14033.0 14115.0 14145.0 14175.0 14205.0 14235.0 14265.0 14295.0 14325.0 14385.0 14415.0 14445.0 14475.0 14504.0 14534.0 14564.0 14594.0 14654.0 14684.0 14714.0 14744.0 14774.0 14804.0 14834.0 14864.0 14896.0 14898.0 14900.0 14902.0 14904.0 14906.0 14909.0 14911.0 14915.0 14917.0 14919.0 14921.0 14923.0 14925.0 14927.0 14929.0 14933.0 14935.0 14938.0 14940.0 14942.0 14944.0 14946.0 14948.0 14935.0 14919.0 14904.0 14888.0 14873.0 14857.0 14842.0 14826.0 14795.0 14780.0 14764.0 14749.0 14733.0 14718.0 14702.0 14687.0 14656.0 14640.0 14625.0 14609.0 14594.0 14578.0 14563.0 14547.0 14507.0 14482.0 14457.0 14432.0 14407.0 14382.0 14357.0 14332.0 14282.0 14257.0 14232.0 14207.0 14183.0 14158.0 14133.0 14108.0 14058.0 14033.0 14008.0 13983.0
agregarAgente --UnidadTermicaSimple
200.0
100.0
agregarAgente --DemandaFija
196.2 167.4 138.6 138.6 138.6 150.6 162.6 174.6 186.0 198.0 210.6 210.6 210.6 219.0 227.4 235.8 244.2 252.0 260.4 260.4 260.4 220.8 180.0 140.4 99.6 60.0 19.8 19.8 19.8 62.4 105.0 147.6 190.2 232.8 275.4 275.4 275.4 297.0 317.4 338.4 359.4 381.0 402.0 402.0 402.0 414.6 427.8 441.0 454.2 467.4 480.6 480.6 480.6 506.4 531.6 558.0 583.8 609.6 635.4 635.4 635.4 648.0 660.6 672.6 685.2 698.4 710.4 710.4 710.4 663.0 615.6 567.6 519.6 472.8 424.8 424.8 424.8 454.8 484.2 514.2 544.2 573.6 603.0 603.0 603.0 604.8 606.6 608.4 610.2 612.0 613.8 613.8 613.8 565.8 517.2 469.2 421.2 373.2 324.6 324.6 324.6 343.8 362.4 382.2 400.8 420.0 438.6 438.6 438.6 421.8 404.4 387.6 370.8 352.8 336.0 336.0 336.0 306.0 275.4 245.4 215.4 184.8 154.8 154.8 154.8 162.0 168.6 175.2 181.8 188.4 195.0 195.0 195.0 199.2 202.8 207.0 211.2 214.8 219.0 219.0 219.0 183.6 148.8 114.0 79.2 44.4 9.6 9.6 9.6 13.2 17.4 21.0 25.2 28.8 33.0 33.0 33.0 48.6 63.6 78.0 93.0 108.0 123.6 123.6 123.6 105.0 87.0 69.0 51.6 33.0 15.0 15.0 15.0 85.2 155.4 225.6 295.2 364.8 435.0 435.0 435.0 414.0 393.0 372.0 350.4 329.4 308.4 308.4 308.4 295.2 280.8 267.6 254.4 240.6 227.4 227.4 227.4 301.2 375.0 448.2 522.6 596.4 670.2 670.2 670.2 684.0 698.4 712.8 726.6 740.4 754.8 754.8 754.8 714.6 674.4 634.8 594.0 554.4 514.2 514.2 514.2 531.6 550.2 568.2 585.6 603.6 622.2 622.2 622.2 586.8 552.0 517.2 482.4 447.0 412.8 412.8 412.8 370.2 326.4 283.2 240.6 197.4 154.8 154.8 154.8 162.0 169.8 177.0 184.8 192.0 199.8 199.8 199.8 217.2 234.6 252.0 268.8 286.2 303.6 303.6 303.6 289.2 274.2 259.8 244.8 230.4 216.0 216.0 216.0 246.6 277.8 309.0 340.2 371.4 402.6 402.6 402.6 446.4 490.8 535.2 579.6 624.0 667.8 667.8 667.8 636.0 603.6 571.8 540.0 508.2 476.4 476.4 476.4 484.2 491.4 499.2 507.0 514.8 522.6 522.6 522.6 496.8 471.0 445.2 419.4 393.6 367.2 367.2 367.2 315.6 262.8 211.2 159.0 106.2 54.6 54.6 54.6 127.8 199.8 273.0 345.6 418.8 492.0 492.0 492.0 510.0 528.0 546.6 564.6 582.6 600.6 600.6 600.6 543.0 484.2 426.0 367.8 310.2 251.4 251.4 251.4 288.0 323.4 359.4 395.4 431.4 467.4 467.4 467.4 457.8 447.0 436.8 426.6 417.0 406.8 406.8 406.8 352.2 297.6 243.0
crearDespacho --mercado --conDemandaTotal
4
0.02 0.07 0.145 1.0
370.0 600.0 2400.0 4000.0
385.38 328.81 272.24 272.24 272.24 295.81 319.38 342.95 365.34 388.91 413.66 413.66 413.66 430.16 446.66 463.16 479.66 494.98 511.48 511.48 511.48 433.7 353.56 275.78 195.64 117.85 38.89 38.89 38.89 122.57 206.24 289.92 373.59 457.27 540.94 540.94 540.94 583.37 623.44 664.69 705.94 748.37 789.61 789.61 789.61 814.36 840.29 866.22 892.15 918.07 944.0 944.0 944.0 994.68 1044.18 1096.03 1146.71 1197.39 1248.06 1248.06 1248.06 1272.81 1297.56 1321.13 1345.88 1371.81 1395.38 1395.38 1395.38 1302.27 1209.17 1114.89 1020.61 928.68 834.4 834.4 834.4 893.33 951.07 1010.0 1068.93 1126.67 1184.42 1184.42 1184.42 1187.96 1191.49 1195.03 1198.56 1202.1 1205.64 1205.64 1205.64 1111.35 1015.89 921.61 827.33 733.05 637.58 637.58 637.58 675.3 711.83 750.72 787.26 824.97 861.5 861.5 861.5 828.51 794.33 761.33 728.33 692.98 659.98 659.98 659.98 601.05 540.94 482.02 423.09 362.99 304.06 304.06 304.06 318.2 331.17 344.13 357.09 370.06 383.02 383.02 383.02 391.27 398.34 406.59 414.84 421.91 430.16 430.16 430.16 360.63 292.28 223.92 155.57 87.21 18.86 18.86 18.86 25.93 34.18 41.25 49.5 56.57 64.82 64.82 64.82 95.46 124.92 153.21 182.67 212.14 242.78 242.78 242.78 206.24 170.89 135.53 101.35 64.82 29.46 29.46 29.46 167.35 305.24 443.13 579.84 716.55 854.43 854.43 854.43 813.19 771.94 730.69 688.26 647.01 605.76 605.76 605.76 579.84 551.55 525.62 499.7 472.59 446.66 446.66 446.66 591.62 736.58 880.36 1026.5 1171.46 1316.42 1316.42 1316.42 1343.52 1371.81 1400.09 1427.2 1454.31 1482.59 1482.59 1482.59 1403.63 1324.67 1246.88 1166.74 1088.96 1010.0 1010.0 1010.0 1044.18 1080.71 1116.07 1150.24 1185.6 1222.13 1222.13 1222.13 1152.6 1084.25 1015.89 947.54 878.0 810.83 810.83 810.83 727.15 641.12 556.27 472.59 387.74 304.06 304.06 304.06 318.2 333.52 347.67 362.99 377.13 392.45 392.45 392.45 426.63 460.8 494.98 527.98 562.16 596.34 596.34 596.34 568.05 538.59 510.3 480.84 452.56 424.27 424.27 424.27 484.38 545.66 606.94 668.23 729.51 790.79 790.79 790.79 876.83 964.04 1051.25 1138.46 1225.67 1311.7 1311.7 1311.7 1249.24 1185.6 1123.14 1060.68 998.21 935.75 935.75 935.75 951.07 965.22 980.54 995.86 1011.18 1026.5 1026.5 1026.5 975.82 925.15 874.47 823.79 773.12 721.26 721.26 721.26 619.91 516.2 414.84 312.31 208.6 107.25 107.25 107.25 251.03 392.45 536.23 678.83 822.61 966.39 966.39 966.39 1001.75 1037.11 1073.64 1109.0 1144.35 1179.71 1179.71 1179.71 1066.57 951.07 836.76 722.44 609.3 493.8 493.8 493.8 565.69 635.23 705.94 776.65 847.36 918.07 918.07 918.07 899.22 878.0 857.97 837.93 819.08 799.04 799.04 799.04 691.8 584.55 477.3
configurarSolver --Gurobi
resolver --noConstante ejecuciones/bancos/recombinados/v1/directo/sgtm/v1_sgtm_000227.csv
finalizar
