inicializar --t 360
agregarAgente --SaltoGrande
0.003012
2104235473.0
1017.0 1019.0 1021.0 1022.0 1027.0 1030.0 1033.0 1036.0 1040.0 1043.0 1046.0 1049.0 1055.0 1058.0 1061.0 1064.0 1068.0 1071.0 1074.0 1077.0 1083.0 1086.0 1089.0 1092.0 1096.0 1099.0 1102.0 1105.0 1100.0 1093.0 1085.0 1077.0 1069.0 1062.0 1054.0 1046.0 1031.0 1023.0 1016.0 1008.0 1000.0 992.0 985.0 977.0 962.0 954.0 946.0 939.0 931.0 923.0 915.0 908.0 900.0 901.0 901.0 901.0 901.0 902.0 902.0 902.0 903.0 903.0 904.0 904.0 904.0 904.0 905.0 905.0 906.0 906.0 906.0 907.0 907.0 907.0 907.0 908.0 907.0 905.0 904.0 903.0 901.0 900.0 899.0 897.0 895.0 893.0 892.0 891.0 889.0 888.0 887.0 885.0 883.0 881.0 880.0 879.0 877.0 876.0 875.0 873.0 871.0 870.0 869.0 868.0 867.0 866.0 866.0 865.0 863.0 862.0 861.0 860.0 859.0 858.0 857.0 856.0 854.0 853.0 853.0 852.0 851.0 850.0 849.0 848.0 850.0 853.0 856.0 859.0 862.0 865.0 868.0 871.0 877.0 880.0 883.0 886.0 889.0 892.0 895.0 898.0 904.0 907.0 910.0 913.0 916.0 919.0 922.0 925.0 930.0 933.0 935.0 937.0 939.0 942.0 944.0 946.0 951.0 953.0 956.0 958.0 960.0 962.0 965.0 967.0 972.0 974.0 976.0 979.0 981.0 983.0 985.0 988.0 992.0 994.0 995.0 997.0 999.0 1001.0 1002.0 1004.0 1008.0 1010.0 1011.0 1013.0 1015.0 1017.0 1018.0 1020.0 1024.0 1026.0 1027.0 1029.0 1031.0 1033.0 1034.0 1036.0 1052.0 1067.0 1081.0 1096.0 1110.0 1125.0 1139.0 1154.0 1183.0 1197.0 1212.0 1226.0 1241.0 1255.0 1270.0 1284.0 1313.0 1328.0 1342.0 1357.0 1371.0 1386.0 1400.0 1415.0 1429.0 1429.0 1428.0 1428.0 1428.0 1428.0 1427.0 1427.0 1427.0 1427.0 1426.0 1426.0 1426.0 1426.0 1425.0 1425.0 1425.0 1425.0 1424.0 1424.0 1424.0 1424.0 1423.0 1423.0 1491.0 1558.0 1626.0 1693.0 1761.0 1829.0 1896.0 1964.0 2099.0 2167.0 2234.0 2302.0 2369.0 2437.0 2504.0 2572.0 2707.0 2775.0 2842.0 2910.0 2978.0 3045.0 3113.0 3180.0 3294.0 3340.0 3385.0 3431.0 3477.0 3523.0 3569.0 3615.0 3706.0 3752.0 3798.0 3844.0 3889.0 3935.0 3981.0 4027.0 4118.0 4164.0 4210.0 4256.0 4302.0 4348.0 4393.0 4439.0 4466.0 4446.0 4427.0 4407.0 4388.0 4368.0 4349.0 4329.0 4291.0 4271.0 4252.0 4232.0 4213.0 4193.0 4174.0 4154.0 4116.0 4096.0 4077.0 4057.0 4038.0 4018.0 3999.0 3979.0 3929.0 3898.0 3867.0 3836.0 3805.0 3774.0 3743.0 3712.0 3650.0 3619.0 3588.0 3557.0 3526.0 3495.0 3464.0 3433.0 3371.0 3340.0 3309.0 3278.0 3247.0 3216.0 3185.0 3154.0 3097.0 3072.0 3046.0 3020.0 2994.0 2969.0 2943.0 2917.0 2866.0 2840.0 2815.0 2789.0 2763.0 2737.0 2712.0 2686.0 2635.0 2609.0 2583.0 2558.0
agregarAgente --UnidadTermicaSimple
200.0
100.0
agregarAgente --DemandaFija
174.6 166.2 157.2 150.6 140.4 136.8 133.2 129.6 125.4 121.2 117.6 115.2 121.2 128.4 136.2 144.0 151.8 158.4 166.8 174.0 177.0 177.0 176.4 175.8 175.8 175.2 174.6 169.8 174.6 185.4 196.8 207.6 218.4 229.8 241.2 250.2 259.8 255.0 251.4 247.2 243.0 239.4 234.6 234.6 232.2 229.2 226.2 223.8 220.8 218.4 215.4 212.4 217.8 223.2 228.6 234.6 240.6 246.0 252.0 259.8 267.6 268.8 270.0 270.6 271.8 272.4 273.6 273.6 274.2 274.2 274.8 274.2 274.2 273.6 273.6 273.6 276.0 278.4 280.2 282.0 284.4 286.2 288.0 289.8 289.8 289.2 289.2 288.6 288.6 288.6 288.0 285.0 283.2 282.6 282.0 281.4 281.4 280.8 280.8 280.8 282.6 291.0 299.4 307.8 316.2 325.2 334.2 335.4 337.2 346.2 355.8 364.2 373.2 382.2 391.2 391.2 384.0 366.0 347.4 329.4 310.8 292.2 273.6 265.8 257.4 252.0 246.6 240.6 236.4 230.4 225.0 223.8 226.2 244.2 262.2 280.2 298.2 316.2 333.6 337.8 339.0 323.4 307.2 291.0 275.4 259.2 243.0 241.2 237.0 240.0 243.6 247.8 250.8 254.4 257.4 256.8 259.8 272.4 285.0 297.0 309.6 321.6 334.2 339.0 340.2 332.4 324.0 315.0 307.8 299.4 291.6 288.6 285.0 275.4 265.8 256.2 247.2 237.6 228.6 228.0 234.0 255.0 276.0 297.0 318.0 339.0 360.0 366.0 373.2 365.4 358.8 351.0 343.8 336.0 330.0 330.6 337.8 348.0 358.2 367.8 378.0 387.6 397.2 403.8 410.4 403.2 396.0 388.2 381.0 372.6 365.4 366.0 366.6 363.6 360.6 358.8 355.2 352.2 349.2 349.8 352.8 355.8 358.2 360.6 363.0 365.4 368.4 370.8 373.8 379.2 384.6 389.4 394.2 399.0 405.0 405.6 404.4 397.2 391.2 384.6 378.6 371.4 365.4 363.0 364.2 369.0 373.8 378.6 383.4 388.2 393.0 396.0 399.6 403.8 409.2 413.4 418.2 421.8 426.6 427.8 426.6 418.2 411.0 403.8 396.0 388.2 380.4 378.6 378.6 382.2 386.4 389.4 393.0 396.0 399.6 402.0 403.8 405.6 407.4 409.2 411.0 412.8 414.6 414.6 413.4 409.8 405.6 400.8 396.6 393.0 388.2 387.6 387.6 390.6 394.2 397.8 400.8 404.4 408.0 409.2 409.8 409.2 408.0 407.4 406.2 405.6 404.4 404.4 402.6 399.0 396.0 393.0 388.8 385.8 382.2 381.0 378.6 378.0 376.8 376.8 376.2 375.0 375.0 374.4 373.2 375.6 378.6 381.0 383.4 385.2 387.6 387.6 378.0 365.4 353.4 340.8 328.8 316.2 303.6 294.0 283.2 282.6 282.0 281.4 280.8 279.6 279.6 278.4 281.4 285.6 290.4 294.6 298.8 303.0 307.8 311.4 309.6 305.4 301.8 297.6
crearDespacho --mercado --conDemandaTotal
4
0.02 0.07 0.145 1.0
370.0 600.0 2400.0 4000.0
402.53 383.17 362.42 347.2 323.69 315.39 307.09 298.79 289.1 279.42 271.12 265.59 279.42 296.02 314.0 331.99 349.97 365.19 384.55 401.15 408.07 408.07 406.68 405.3 405.3 403.92 402.53 391.47 402.53 427.43 453.71 478.61 503.51 529.79 556.08 576.83 598.96 587.89 579.59 569.91 560.23 551.93 540.86 540.86 535.33 528.41 521.5 515.96 509.05 503.51 496.6 489.68 502.13 514.58 527.03 540.86 554.69 567.14 580.98 598.96 616.94 619.71 622.47 623.86 626.62 628.01 630.77 630.77 632.16 632.16 633.54 632.16 632.16 630.77 630.77 630.77 636.31 641.84 645.99 650.14 655.67 659.82 663.97 668.12 668.12 666.74 666.74 665.36 665.36 665.36 663.97 657.06 652.91 651.52 650.14 648.76 648.76 647.37 647.37 647.37 651.52 670.89 690.26 709.62 728.99 749.74 770.49 773.25 777.4 798.15 820.28 839.65 860.4 881.15 901.9 901.9 885.3 843.8 800.92 759.42 716.54 673.66 630.77 612.79 593.43 580.98 568.53 554.69 545.01 531.18 518.73 515.96 521.5 562.99 604.49 645.99 687.49 728.99 769.1 778.78 781.55 745.59 708.24 670.89 634.92 597.58 560.23 556.08 546.39 553.31 561.61 571.29 578.21 586.51 593.43 592.04 598.96 628.01 657.06 684.72 713.77 741.44 770.49 781.55 784.32 766.34 746.97 726.22 709.62 690.26 672.27 665.36 657.06 634.92 612.79 590.66 569.91 547.78 527.03 525.65 539.48 587.89 636.31 684.72 733.14 781.55 829.97 843.8 860.4 842.42 827.2 809.22 792.62 774.63 760.8 762.19 778.78 802.3 825.82 847.95 871.46 893.6 915.73 930.95 946.16 929.56 912.96 894.98 878.38 859.01 842.42 843.8 845.18 838.27 831.35 827.2 818.9 811.98 805.07 806.45 813.37 820.28 825.82 831.35 836.88 842.42 849.33 854.87 861.78 874.23 886.68 897.75 908.81 919.88 933.71 935.1 932.33 915.73 901.9 886.68 872.85 856.25 842.42 836.88 839.65 850.72 861.78 872.85 883.91 894.98 906.05 912.96 921.26 930.95 943.39 953.08 964.14 972.44 983.51 986.28 983.51 964.14 947.54 930.95 912.96 894.98 877.0 872.85 872.85 881.15 890.83 897.75 906.05 912.96 921.26 926.8 930.95 935.1 939.24 943.39 947.54 951.69 955.84 955.84 953.08 944.78 935.1 924.03 914.35 906.05 894.98 893.6 893.6 900.51 908.81 917.11 924.03 932.33 940.63 943.39 944.78 943.39 940.63 939.24 936.48 935.1 932.33 932.33 928.18 919.88 912.96 906.05 896.36 889.45 881.15 878.38 872.85 871.46 868.7 868.7 867.31 864.55 864.55 863.16 860.4 865.93 872.85 878.38 883.91 888.06 893.6 893.6 871.46 842.42 814.75 785.7 758.04 728.99 699.94 677.81 652.91 651.52 650.14 648.76 647.37 644.61 644.61 641.84 648.76 658.44 669.51 679.19 688.87 698.55 709.62 717.92 713.77 704.09 695.79 686.11
configurarSolver --Gurobi
resolver --noConstante ejecuciones/bancos/recombinados/v1/directo/sgtm/v1_sgtm_000305.csv
finalizar
