inicializar --t 360
agregarAgente --SaltoGrande
0.001109
2104235473.0
1017.0 1019.0 1021.0 1022.0 1027.0 1030.0 1033.0 1036.0 1040.0 1043.0 1046.0 1049.0 1055.0 1058.0 1061.0 1064.0 1068.0 1071.0 1074.0 1077.0 1083.0 1086.0 1089.0 1092.0 1096.0 1099.0 1102.0 1105.0 1100.0 1093.0 1085.0 1077.0 1069.0 1062.0 1054.0 1046.0 1031.0 1023.0 1016.0 1008.0 1000.0 992.0 985.0 977.0 962.0 954.0 946.0 939.0 931.0 923.0 915.0 908.0 900.0 901.0 901.0 901.0 901.0 902.0 902.0 902.0 903.0 903.0 904.0 904.0 904.0 904.0 905.0 905.0 906.0 906.0 906.0 907.0 907.0 907.0 907.0 908.0 907.0 905.0 904.0 903.0 901.0 900.0 899.0 897.0 895.0 893.0 892.0 891.0 889.0 888.0 887.0 885.0 883.0 881.0 880.0 879.0 877.0 876.0 875.0 873.0 871.0 870.0 869.0 868.0 867.0 866.0 866.0 865.0 863.0 862.0 861.0 860.0 859.0 858.0 857.0 856.0 854.0 853.0 853.0 852.0 851.0 850.0 849.0 848.0 850.0 853.0 856.0 859.0 862.0 865.0 868.0 871.0 877.0 880.0 883.0 886.0 889.0 892.0 895.0 898.0 904.0 907.0 910.0 913.0 916.0 919.0 922.0 925.0 930.0 933.0 935.0 937.0 939.0 942.0 944.0 946.0 951.0 953.0 956.0 958.0 960.0 962.0 965.0 967.0 972.0 974.0 976.0 979.0 981.0 983.0 985.0 988.0 992.0 994.0 995.0 997.0 999.0 1001.0 1002.0 1004.0 1008.0 1010.0 1011.0 1013.0 1015.0 1017.0 1018.0 1020.0 1024.0 1026.0 1027.0 1029.0 1031.0 1033.0 1034.0 1036.0 1052.0 1067.0 1081.0 1096.0 1110.0 1125.0 1139.0 1154.0 1183.0 1197.0 1212.0 1226.0 1241.0 1255.0 1270.0 1284.0 1313.0 1328.0 1342.0 1357.0 1371.0 1386.0 1400.0 1415.0 1429.0 1429.0 1428.0 1428.0 1428.0 1428.0 1427.0 1427.0 1427.0 1427.0 1426.0 1426.0 1426.0 1426.0 1425.0 1425.0 1425.0 1425.0 1424.0 1424.0 1424.0 1424.0 1423.0 1423.0 1491.0 1558.0 1626.0 1693.0 1761.0 1829.0 1896.0 1964.0 2099.0 2167.0 2234.0 2302.0 2369.0 2437.0 2504.0 2572.0 2707.0 2775.0 2842.0 2910.0 2978.0 3045.0 3113.0 3180.0 3294.0 3340.0 3385.0 3431.0 3477.0 3523.0 3569.0 3615.0 3706.0 3752.0 3798.0 3844.0 3889.0 3935.0 3981.0 4027.0 4118.0 4164.0 4210.0 4256.0 4302.0 4348.0 4393.0 4439.0 4466.0 4446.0 4427.0 4407.0 4388.0 4368.0 4349.0 4329.0 4291.0 4271.0 4252.0 4232.0 4213.0 4193.0 4174.0 4154.0 4116.0 4096.0 4077.0 4057.0 4038.0 4018.0 3999.0 3979.0 3929.0 3898.0 3867.0 3836.0 3805.0 3774.0 3743.0 3712.0 3650.0 3619.0 3588.0 3557.0 3526.0 3495.0 3464.0 3433.0 3371.0 3340.0 3309.0 3278.0 3247.0 3216.0 3185.0 3154.0 3097.0 3072.0 3046.0 3020.0 2994.0 2969.0 2943.0 2917.0 2866.0 2840.0 2815.0 2789.0 2763.0 2737.0 2712.0 2686.0 2635.0 2609.0 2583.0 2558.0
agregarAgente --UnidadTermicaSimple
200.0
100.0
agregarAgente --DemandaFija
318.0 287.4 256.8 251.4 251.4 288.3 324.3 359.4 395.4 431.4 466.5 473.7 483.6 455.7 427.8 399.9 372.0 344.1 315.3 318.9 324.3 325.2 326.1 327.0 327.9 329.7 330.6 331.5 336.9 344.1 350.4 357.6 363.9 371.1 378.3 381.9 390.9 392.7 395.4 398.1 400.8 403.5 407.1 410.7 399.0 381.9 364.8 348.6 332.4 316.2 299.1 283.8 261.3 255.9 251.4 246.9 242.4 237.0 231.6 224.4 218.1 224.4 232.5 239.7 246.0 254.1 260.4 262.2 261.3 257.7 254.1 250.5 246.0 241.5 237.9 236.1 233.4 281.1 327.9 376.5 424.2 471.9 519.6 519.6 516.9 507.0 497.1 488.1 479.1 469.2 459.3 456.6 455.7 417.9 379.2 340.5 302.7 264.0 226.2 227.1 229.8 271.2 311.7 354.0 395.4 436.8 478.2 479.1 480.9 472.8 464.7 456.6 447.6 439.5 431.4 432.3 432.3 402.6 372.9 344.1 314.4 284.7 255.0 254.1 255.0 277.5 300.0 321.6 345.9 367.5 390.0 390.9 395.4 413.4 432.3 450.3 469.2 487.2 506.1 507.9 505.2 472.8 441.3 408.0 375.6 343.2 311.7 306.3 301.8 282.0 261.3 242.4 222.6 203.7 183.9 183.9 186.6 207.3 229.8 250.5 272.1 292.8 314.4 316.2 315.3 304.5 294.6 282.9 272.1 261.3 250.5 248.7 255.0 259.5 262.2 265.8 269.4 272.1 275.7 284.7 291.9 300.9 309.9 319.8 328.8 337.8 347.7 346.8 338.7 317.1 295.5 273.0 252.3 229.8 209.1 200.1 197.4 230.7 264.9 299.1 333.3 367.5 401.7 408.0 416.1 427.8 439.5 452.1 463.8 475.5 488.1 488.1 482.7 435.9 390.0 344.1 297.3 250.5 205.5 198.3 192.9 230.7 269.4 308.1 346.8 383.7 423.3 425.1 426.0 425.1 424.2 424.2 424.2 423.3 423.3 421.5 417.9 378.3 340.5 301.8 263.1 224.4 185.7 183.9 180.3 215.4 251.4 287.4 322.5 357.6 394.5 392.7 392.7 394.5 395.4 397.2 399.9 399.9 402.6 403.5 402.6 366.6 330.6 295.5 258.6 222.6 186.6 185.7 185.7 216.3 247.8 279.3 310.8 341.4 372.9 374.7 377.4 390.0 401.7 414.3 426.0 437.7 449.4 450.3 448.5 399.0 351.3 302.7 254.1 205.5 156.9 153.3 152.4 174.9 198.3 221.7 244.2 266.7 290.1 291.9 293.7 305.4 318.0 330.6 343.2 354.9 368.4 368.4 365.7 336.0 306.3 276.6 246.9 217.2 188.4 185.7 183.0 204.6 227.1 248.7 271.2 293.7 315.3 315.3 315.3 336.0 357.6 377.4 398.1 418.8 438.6 439.5 439.5 403.5 367.5 332.4 296.4 260.4 225.3 224.4 223.5 227.1 229.8 233.4 236.1 240.6 243.3 243.3 241.5 273.9 304.5 335.1 365.7 397.2 427.8 426.0 426.9 392.7 358.5 325.2
crearDespacho --mercado --conDemandaTotal
4
0.02 0.07 0.145 1.0
370.0 600.0 2400.0 4000.0
638.67 577.21 515.75 504.91 504.91 579.02 651.32 721.81 794.11 866.42 936.91 951.37 971.25 915.22 859.19 803.15 747.12 691.08 633.24 640.47 651.32 653.13 654.93 656.74 658.55 662.16 663.97 665.78 676.62 691.08 703.74 718.2 730.85 745.31 759.77 767.0 785.08 788.69 794.11 799.54 804.96 810.38 817.61 824.84 801.34 767.0 732.66 700.12 667.59 635.05 600.71 569.98 524.79 513.94 504.91 495.87 486.83 475.99 465.14 450.68 438.03 450.68 466.95 481.41 494.06 510.33 522.98 526.6 524.79 517.56 510.33 503.1 494.06 485.02 477.79 474.18 468.76 564.56 658.55 756.16 851.96 947.75 1043.55 1043.55 1038.13 1018.25 998.37 980.29 962.22 942.33 922.45 917.03 915.22 839.3 761.58 683.85 607.94 530.21 454.3 456.1 461.53 544.67 626.01 710.97 794.11 877.26 960.41 962.22 965.83 949.56 933.29 917.03 898.95 882.68 866.42 868.22 868.22 808.57 748.93 691.08 631.43 571.79 512.14 510.33 512.14 557.33 602.51 645.9 694.7 738.08 783.27 785.08 794.11 830.26 868.22 904.37 942.33 978.48 1016.44 1020.06 1014.63 949.56 886.3 819.42 754.35 689.28 626.01 615.17 606.13 566.36 524.79 486.83 447.07 409.11 369.34 369.34 374.76 416.34 461.53 503.1 546.48 588.05 631.43 635.05 633.24 611.55 591.67 568.17 546.48 524.79 503.1 499.48 512.14 521.17 526.6 533.83 541.06 546.48 553.71 571.79 586.25 604.32 622.4 642.28 660.36 678.43 698.31 696.51 680.24 636.86 593.48 548.29 506.71 461.53 419.95 401.88 396.45 463.33 532.02 600.71 669.39 738.08 806.77 819.42 835.69 859.19 882.68 907.99 931.49 954.98 980.29 980.29 969.45 875.45 783.27 691.08 597.09 503.1 412.72 398.26 387.42 463.33 541.06 618.78 696.51 770.62 850.15 853.76 855.57 853.76 851.96 851.96 851.96 850.15 850.15 846.53 839.3 759.77 683.85 606.13 528.4 450.68 372.96 369.34 362.11 432.61 504.91 577.21 647.7 718.2 792.31 788.69 788.69 792.31 794.11 797.73 803.15 803.15 808.57 810.38 808.57 736.27 663.97 593.48 519.37 447.07 374.76 372.96 372.96 434.41 497.68 560.94 624.2 685.66 748.93 752.54 757.96 783.27 806.77 832.07 855.57 879.07 902.57 904.37 900.76 801.34 705.54 607.94 510.33 412.72 315.11 307.88 306.08 351.27 398.26 445.26 490.45 535.64 582.63 586.25 589.86 613.36 638.67 663.97 689.28 712.77 739.89 739.89 734.46 674.82 615.17 555.52 495.87 436.22 378.38 372.96 367.53 410.91 456.1 499.48 544.67 589.86 633.24 633.24 633.24 674.82 718.2 757.96 799.54 841.11 880.88 882.68 882.68 810.38 738.08 667.59 595.28 522.98 452.49 450.68 448.87 456.1 461.53 468.76 474.18 483.22 488.64 488.64 485.02 550.1 611.55 673.01 734.46 797.73 859.19 855.57 857.38 788.69 720.0 653.13
configurarSolver --Gurobi
resolver --noConstante ejecuciones/bancos/recombinados/v1/directo/sgtm/v1_sgtm_000208.csv
finalizar
