inicializar --t 360
agregarAgente --SaltoGrande
0.000327
1807461596.0
4016.0 4013.0 4010.0 4008.0 4015.0 4025.0 4034.0 4044.0 4054.0 4064.0 4073.0 4083.0 4103.0 4113.0 4122.0 4132.0 4142.0 4152.0 4161.0 4171.0 4191.0 4201.0 4210.0 4220.0 4230.0 4240.0 4249.0 4259.0 4285.0 4302.0 4318.0 4334.0 4350.0 4367.0 4383.0 4399.0 4432.0 4448.0 4464.0 4480.0 4497.0 4513.0 4529.0 4545.0 4578.0 4594.0 4610.0 4627.0 4643.0 4659.0 4675.0 4692.0 4689.0 4671.0 4652.0 4634.0 4615.0 4597.0 4578.0 4560.0 4523.0 4504.0 4486.0 4467.0 4449.0 4430.0 4412.0 4393.0 4356.0 4338.0 4319.0 4301.0 4282.0 4264.0 4245.0 4227.0 4220.0 4231.0 4243.0 4255.0 4267.0 4278.0 4290.0 4302.0 4325.0 4337.0 4348.0 4360.0 4372.0 4384.0 4395.0 4407.0 4430.0 4442.0 4454.0 4465.0 4477.0 4489.0 4501.0 4512.0 4575.0 4626.0 4677.0 4727.0 4778.0 4829.0 4880.0 4931.0 5033.0 5083.0 5134.0 5185.0 5236.0 5287.0 5338.0 5388.0 5490.0 5541.0 5592.0 5643.0 5694.0 5744.0 5795.0 5846.0 5965.0 6032.0 6100.0 6168.0 6236.0 6303.0 6371.0 6439.0 6574.0 6642.0 6709.0 6777.0 6845.0 6913.0 6980.0 7048.0 7183.0 7251.0 7319.0 7386.0 7454.0 7522.0 7590.0 7657.0 7768.0 7810.0 7853.0 7896.0 7938.0 7981.0 8024.0 8066.0 8152.0 8194.0 8237.0 8280.0 8322.0 8365.0 8408.0 8450.0 8536.0 8578.0 8621.0 8664.0 8706.0 8749.0 8792.0 8834.0 8923.0 8970.0 9016.0 9063.0 9109.0 9156.0 9202.0 9249.0 9342.0 9388.0 9435.0 9481.0 9528.0 9574.0 9621.0 9667.0 9760.0 9807.0 9853.0 9900.0 9946.0 9993.0 10039.0 10086.0 10184.0 10236.0 10289.0 10341.0 10393.0 10445.0 10498.0 10550.0 10654.0 10706.0 10759.0 10811.0 10863.0 10915.0 10968.0 11020.0 11124.0 11176.0 11229.0 11281.0 11333.0 11385.0 11438.0 11490.0 11584.0 11625.0 11667.0 11709.0 11751.0 11792.0 11834.0 11876.0 11959.0 12001.0 12042.0 12084.0 12126.0 12168.0 12209.0 12251.0 12334.0 12376.0 12418.0 12459.0 12501.0 12543.0 12585.0 12626.0 12720.0 12773.0 12825.0 12878.0 12930.0 12983.0 13035.0 13088.0 13193.0 13245.0 13298.0 13350.0 13403.0 13455.0 13508.0 13560.0 13665.0 13718.0 13770.0 13823.0 13875.0 13928.0 13980.0 14033.0 14115.0 14145.0 14175.0 14205.0 14235.0 14265.0 14295.0 14325.0 14385.0 14415.0 14445.0 14475.0 14504.0 14534.0 14564.0 14594.0 14654.0 14684.0 14714.0 14744.0 14774.0 14804.0 14834.0 14864.0 14896.0 14898.0 14900.0 14902.0 14904.0 14906.0 14909.0 14911.0 14915.0 14917.0 14919.0 14921.0 14923.0 14925.0 14927.0 14929.0 14933.0 14935.0 14938.0 14940.0 14942.0 14944.0 14946.0 14948.0 14935.0 14919.0 14904.0 14888.0 14873.0 14857.0 14842.0 14826.0 14795.0 14780.0 14764.0 14749.0 14733.0 14718.0 14702.0 14687.0 14656.0 14640.0 14625.0 14609.0 14594.0 14578.0 14563.0 14547.0 14507.0 14482.0 14457.0 14432.0 14407.0 14382.0 14357.0 14332.0 14282.0 14257.0 14232.0 14207.0 14183.0 14158.0 14133.0 14108.0 14058.0 14033.0 14008.0 13983.0
agregarAgente --UnidadTermicaSimple
200.0
100.0
agregarAgente --DemandaFija
274.8 261.6 248.4 246.0 244.2 239.4 234.0 228.6 223.8 218.4 213.0 213.0 215.4 213.0 211.2 209.4 207.0 205.2 203.4 205.2 205.8 207.6 210.0 213.0 215.4 217.8 220.2 219.0 220.2 223.2 226.2 229.2 232.8 235.8 238.8 240.6 247.2 255.0 262.2 268.8 276.0 283.2 290.4 295.8 294.6 282.6 270.6 258.6 246.0 234.6 222.0 216.6 211.8 219.6 227.4 235.8 243.6 252.0 259.8 260.4 258.0 255.0 252.0 249.0 246.6 244.2 240.6 237.6 233.4 216.6 200.4 183.6 166.8 150.6 133.8 132.0 134.4 133.8 132.6 132.6 131.4 130.8 129.6 133.8 143.4 149.4 154.8 160.8 166.8 173.4 179.4 185.4 180.0 187.8 195.6 204.0 212.4 220.2 228.6 217.2 208.8 208.8 208.2 208.2 208.2 207.6 207.0 210.0 218.4 222.6 226.8 231.0 234.6 238.8 243.0 247.8 246.6 250.8 255.0 259.2 264.0 267.6 271.8 265.2 258.0 258.0 258.6 258.6 258.6 258.6 258.0 257.4 264.0 249.6 235.2 220.8 205.8 192.0 177.6 184.2 184.2 189.6 194.4 199.2 204.0 208.8 214.2 207.0 202.2 207.6 212.4 217.8 223.2 228.0 233.4 235.8 240.0 242.4 244.8 247.2 249.6 252.6 255.0 257.4 256.2 249.0 241.2 234.0 226.8 219.0 211.8 208.2 212.4 211.2 211.2 210.0 209.4 208.8 208.2 215.4 222.6 221.4 220.2 219.6 219.0 217.8 217.8 217.2 208.8 222.0 235.2 247.8 261.0 274.2 288.0 279.6 276.0 302.4 328.2 354.6 381.0 407.4 433.2 437.4 439.8 454.8 469.2 483.6 497.4 511.8 526.2 524.4 517.2 501.6 486.0 471.0 455.4 440.4 424.8 419.4 419.4 431.4 443.4 454.8 467.4 479.4 491.4 496.8 503.4 504.6 505.2 507.0 508.2 509.4 510.6 510.6 505.2 480.0 456.0 431.4 406.8 382.2 357.6 351.0 350.4 375.0 399.0 422.4 446.4 471.0 495.0 499.8 507.0 504.6 502.8 500.4 497.4 496.2 493.8 495.6 492.0 481.2 470.4 459.6 449.4 438.0 427.2 422.4 420.0 431.4 441.6 452.4 463.8 474.0 484.8 487.8 493.2 483.6 474.0 463.8 454.2 444.0 434.4 437.4 436.8 430.2 423.0 416.4 409.2 402.6 395.4 391.8 388.8 401.4 414.6 427.2 439.8 453.0 465.6 466.8 471.0 469.2 466.8 464.4 462.0 460.2 457.8 460.8 460.8 438.6 416.4 394.2 372.0 349.8 328.2 325.2 323.4 310.2 297.0 283.8 270.6 257.4 244.8 245.4 253.8 265.2 276.0 287.4 298.2 309.0 319.8 327.6 327.6 311.4 295.8 280.2 264.0 248.4 231.6 224.4 220.8 216.6 212.4 208.2 203.4 199.2 195.0 198.6 205.8 220.2 234.0 248.4 262.2 277.2 291.0 294.6 291.0 292.2 294.0 295.8
crearDespacho --mercado --conDemandaTotal
4
0.02 0.07 0.145 1.0
370.0 600.0 2400.0 4000.0
717.85 683.37 648.88 642.62 637.91 625.37 611.27 597.16 584.62 570.52 556.41 556.41 562.68 556.41 551.71 547.01 540.74 536.04 531.33 536.04 537.6 542.3 548.57 556.41 562.68 568.95 575.22 572.08 575.22 583.06 590.89 598.73 608.13 615.97 623.81 628.51 645.75 666.13 684.93 702.17 720.98 739.79 758.6 772.71 769.57 738.22 706.88 675.53 642.62 612.84 579.92 565.81 553.28 573.65 594.03 615.97 636.35 658.29 678.66 680.23 673.96 666.13 658.29 650.45 644.18 637.91 628.51 620.67 609.7 565.81 523.5 479.61 435.72 393.41 349.52 344.82 351.09 349.52 346.39 346.39 343.25 341.68 338.55 349.52 374.6 390.27 404.38 420.05 435.72 452.97 468.64 484.31 470.21 490.58 510.96 532.9 554.84 575.22 597.16 567.38 545.44 545.44 543.87 543.87 543.87 542.3 540.74 548.57 570.52 581.49 592.46 603.43 612.84 623.81 634.78 647.32 644.18 655.15 666.13 677.1 689.64 699.04 710.01 692.77 673.96 673.96 675.53 675.53 675.53 675.53 673.96 672.39 689.64 652.02 614.4 576.79 537.6 501.55 463.94 481.18 481.18 495.28 507.82 520.36 532.9 545.44 559.55 540.74 528.2 542.3 554.84 568.95 583.06 595.59 609.7 615.97 626.94 633.21 639.48 645.75 652.02 659.86 666.13 672.39 669.26 650.45 630.08 611.27 592.46 572.08 553.28 543.87 554.84 551.71 551.71 548.57 547.01 545.44 543.87 562.68 581.49 578.35 575.22 573.65 572.08 568.95 568.95 567.38 545.44 579.92 614.4 647.32 681.8 716.28 752.33 730.39 720.98 789.95 857.34 926.31 995.27 1064.23 1131.63 1142.6 1148.87 1188.05 1225.67 1263.29 1299.34 1336.95 1374.57 1369.87 1351.06 1310.31 1269.56 1230.37 1189.62 1150.44 1109.69 1095.58 1095.58 1126.93 1158.27 1188.05 1220.97 1252.32 1283.66 1297.77 1315.01 1318.14 1319.71 1324.41 1327.55 1330.68 1333.82 1333.82 1319.71 1253.88 1191.19 1126.93 1062.67 998.4 934.14 916.9 915.33 979.6 1042.29 1103.42 1166.11 1230.37 1293.07 1305.61 1324.41 1318.14 1313.44 1307.17 1299.34 1296.2 1289.93 1294.63 1285.23 1257.02 1228.81 1200.59 1173.95 1144.17 1115.96 1103.42 1097.15 1126.93 1153.57 1181.78 1211.56 1238.21 1266.42 1274.26 1288.36 1263.29 1238.21 1211.56 1186.49 1159.84 1134.76 1142.6 1141.03 1123.79 1104.98 1087.74 1068.94 1051.69 1032.89 1023.48 1015.65 1048.56 1083.04 1115.96 1148.87 1183.35 1216.27 1219.4 1230.37 1225.67 1219.4 1213.13 1206.86 1202.16 1195.89 1203.73 1203.73 1145.74 1087.74 1029.75 971.76 913.77 857.34 849.51 844.8 810.32 775.84 741.36 706.88 672.39 639.48 641.05 662.99 692.77 720.98 750.76 778.97 807.19 835.4 855.78 855.78 813.46 772.71 731.95 689.64 648.88 605.0 586.19 576.79 565.81 554.84 543.87 531.33 520.36 509.39 518.79 537.6 575.22 611.27 648.88 684.93 724.12 760.17 769.57 760.17 763.3 768.0 772.71
configurarSolver --Gurobi
resolver --noConstante ejecuciones/bancos/recombinados/v1/directo/sgtm/v1_sgtm_000297.csv
finalizar
