inicializar --t 360
agregarAgente --SaltoGrande
0.000536
2032464238.0
9542.0 9596.0 9651.0 9705.0 9773.0 9786.0 9799.0 9812.0 9826.0 9839.0 9852.0 9865.0 9891.0 9904.0 9917.0 9930.0 9944.0 9957.0 9970.0 9983.0 10009.0 10022.0 10035.0 10048.0 10062.0 10075.0 10088.0 10101.0 10110.0 10106.0 10102.0 10097.0 10093.0 10089.0 10085.0 10081.0 10073.0 10068.0 10064.0 10060.0 10056.0 10052.0 10048.0 10043.0 10035.0 10031.0 10027.0 10023.0 10019.0 10014.0 10010.0 10006.0 9993.0 9984.0 9975.0 9966.0 9957.0 9948.0 9939.0 9930.0 9912.0 9903.0 9894.0 9885.0 9876.0 9867.0 9858.0 9849.0 9831.0 9822.0 9813.0 9804.0 9795.0 9786.0 9777.0 9768.0 9705.0 9651.0 9596.0 9542.0 9488.0 9434.0 9380.0 9326.0 9217.0 9163.0 9109.0 9055.0 9000.0 8946.0 8892.0 8838.0 8729.0 8675.0 8621.0 8567.0 8513.0 8459.0 8404.0 8350.0 8257.0 8218.0 8179.0 8140.0 8101.0 8062.0 8023.0 7984.0 7906.0 7867.0 7828.0 7789.0 7751.0 7712.0 7673.0 7634.0 7556.0 7517.0 7478.0 7439.0 7400.0 7361.0 7322.0 7283.0 7210.0 7177.0 7143.0 7109.0 7075.0 7042.0 7008.0 6974.0 6907.0 6873.0 6839.0 6805.0 6772.0 6738.0 6704.0 6670.0 6603.0 6569.0 6535.0 6502.0 6468.0 6434.0 6400.0 6367.0 6302.0 6271.0 6240.0 6208.0 6177.0 6146.0 6115.0 6084.0 6022.0 5990.0 5959.0 5928.0 5897.0 5866.0 5835.0 5803.0 5741.0 5710.0 5679.0 5648.0 5617.0 5585.0 5554.0 5523.0 5481.0 5470.0 5459.0 5448.0 5437.0 5426.0 5415.0 5404.0 5382.0 5371.0 5360.0 5349.0 5339.0 5328.0 5317.0 5306.0 5284.0 5273.0 5262.0 5251.0 5240.0 5229.0 5218.0 5207.0 5196.0 5195.0 5195.0 5194.0 5194.0 5194.0 5193.0 5193.0 5192.0 5192.0 5191.0 5191.0 5190.0 5190.0 5189.0 5189.0 5188.0 5188.0 5187.0 5187.0 5187.0 5186.0 5186.0 5185.0 5187.0 5190.0 5192.0 5194.0 5197.0 5199.0 5201.0 5204.0 5208.0 5211.0 5213.0 5215.0 5218.0 5220.0 5222.0 5225.0 5229.0 5232.0 5234.0 5236.0 5239.0 5241.0 5243.0 5246.0 5252.0 5257.0 5261.0 5265.0 5269.0 5274.0 5278.0 5282.0 5291.0 5295.0 5299.0 5303.0 5308.0 5312.0 5316.0 5320.0 5329.0 5333.0 5337.0 5342.0 5346.0 5350.0 5354.0 5359.0 5354.0 5346.0 5337.0 5328.0 5319.0 5311.0 5302.0 5293.0 5276.0 5267.0 5259.0 5250.0 5241.0 5232.0 5224.0 5215.0 5198.0 5189.0 5180.0 5172.0 5163.0 5154.0 5145.0 5137.0 5126.0 5123.0 5121.0 5118.0 5116.0 5113.0 5111.0 5108.0 5103.0 5101.0 5098.0 5096.0 5093.0 5091.0 5088.0 5086.0 5081.0 5078.0 5076.0 5073.0 5071.0 5068.0 5066.0 5063.0 5058.0 5055.0 5052.0 5049.0 5047.0 5044.0 5041.0 5038.0 5032.0 5029.0 5026.0 5023.0 5021.0 5018.0 5015.0 5012.0 5006.0 5003.0 5000.0 4997.0 4995.0 4992.0 4989.0 4986.0 4984.0 4984.0 4985.0 4986.0 4986.0 4987.0 4987.0 4988.0 4989.0 4990.0 4991.0 4991.0 4992.0 4992.0 4993.0 4994.0 4995.0 4996.0 4996.0 4997.0
agregarAgente --UnidadTermicaSimple
200.0
100.0
agregarAgente --DemandaFija
349.5 303.6 259.5 259.5 259.5 324.3 390.9 456.6 522.3 588.9 653.7 653.7 653.7 638.4 623.1 607.8 593.4 577.2 561.9 561.9 561.9 497.1 432.3 368.4 303.6 238.8 174.0 174.0 174.0 217.2 259.5 301.8 345.0 387.3 428.7 428.7 428.7 473.7 517.8 561.9 606.9 651.0 696.0 696.0 696.0 595.2 494.4 392.7 291.9 190.2 89.4 89.4 89.4 82.2 74.1 66.9 58.8 51.6 44.4 44.4 44.4 79.5 115.5 151.5 186.6 222.6 258.6 258.6 258.6 239.7 221.7 201.9 183.9 165.0 147.0 147.0 147.0 219.0 291.0 363.0 434.1 507.0 578.1 578.1 578.1 613.2 647.4 681.6 716.7 750.9 785.1 785.1 785.1 693.3 603.3 511.5 419.7 328.8 237.9 237.9 237.9 289.2 342.3 393.6 444.9 497.1 548.4 548.4 548.4 498.9 447.6 397.2 347.7 296.4 246.0 246.0 246.0 211.8 178.5 145.2 111.9 77.7 44.4 44.4 44.4 66.9 90.3 113.7 137.1 159.6 183.0 183.0 183.0 258.6 333.3 408.9 484.5 559.2 635.7 635.7 635.7 540.3 444.9 350.4 255.0 159.6 64.2 64.2 64.2 63.3 62.4 62.4 61.5 60.6 60.6 60.6 60.6 167.7 275.7 383.7 491.7 599.7 705.9 705.9 705.9 660.0 614.1 567.3 521.4 474.6 427.8 427.8 427.8 480.0 531.3 582.6 634.8 685.2 737.4 737.4 737.4 741.9 745.5 750.0 753.6 758.1 761.7 761.7 761.7 676.2 592.5 507.0 421.5 336.0 252.3 252.3 252.3 345.9 439.5 534.0 628.5 723.0 816.6 816.6 816.6 789.6 762.6 736.5 709.5 681.6 655.5 655.5 655.5 568.2 481.8 395.4 308.1 221.7 135.3 135.3 135.3 228.9 321.6 415.2 509.7 603.3 696.0 696.0 696.0 721.2 744.6 768.9 792.3 816.6 840.9 840.9 840.9 750.0 659.1 568.2 478.2 387.3 296.4 296.4 296.4 417.0 536.7 657.3 777.9 897.6 1018.2 1018.2 1018.2 960.6 901.2 843.6 785.1 727.5 669.0 669.0 669.0 602.4 534.9 468.3 400.8 333.3 266.7 266.7 266.7 284.7 303.6 321.6 340.5 359.4 377.4 377.4 377.4 395.4 413.4 431.4 449.4 468.3 486.3 486.3 486.3 462.9 437.7 414.3 390.0 366.6 342.3 342.3 342.3 314.4 286.5 258.6 231.6 202.8 174.9 174.9 174.9 201.0 227.1 252.3 277.5 302.7 327.9 327.9 327.9 330.6 333.3 336.0 339.6 342.3 345.0 345.0 345.0 386.4 426.9 469.2 510.6 551.1 593.4 593.4 593.4 644.7 695.1 747.3 797.7 849.9 900.3 900.3 900.3 813.0 725.7 637.5 549.3 462.0 373.8 373.8 373.8 448.5 523.2 598.8 672.6 748.2 822.0 822.0 822.0 786.9 751.8 717.6 681.6 646.5 611.4 611.4 611.4 521.4 432.3 343.2
crearDespacho --mercado --conDemandaTotal
4
0.02 0.07 0.145 1.0
370.0 600.0 2400.0 4000.0
533.01 463.01 395.75 395.75 395.75 494.58 596.15 696.34 796.54 898.11 996.93 996.93 996.93 973.6 950.26 926.93 904.97 880.26 856.93 856.93 856.93 758.11 659.28 561.83 463.01 364.18 265.36 265.36 265.36 331.24 395.75 460.26 526.15 590.66 653.79 653.79 653.79 722.42 789.68 856.93 925.56 992.81 1061.44 1061.44 1061.44 907.72 753.99 598.89 445.16 290.07 136.34 136.34 136.34 125.36 113.01 102.03 89.67 78.69 67.71 67.71 67.71 121.24 176.14 231.05 284.58 339.48 394.38 394.38 394.38 365.56 338.11 307.91 280.46 251.63 224.18 224.18 224.18 333.99 443.79 553.6 662.03 773.2 881.64 881.64 881.64 935.17 987.32 1039.48 1093.01 1145.17 1197.32 1197.32 1197.32 1057.32 920.07 780.07 640.07 501.44 362.81 362.81 362.81 441.05 522.03 600.26 678.5 758.11 836.34 836.34 836.34 760.85 682.62 605.75 530.26 452.03 375.16 375.16 375.16 323.01 272.22 221.44 170.65 118.5 67.71 67.71 67.71 102.03 137.71 173.4 209.09 243.4 279.09 279.09 279.09 394.38 508.3 623.6 738.89 852.81 969.48 969.48 969.48 823.99 678.5 534.38 388.89 243.4 97.91 97.91 97.91 96.54 95.16 95.16 93.79 92.42 92.42 92.42 92.42 255.75 420.46 585.17 749.87 914.58 1076.54 1076.54 1076.54 1006.54 936.54 865.17 795.17 723.79 652.42 652.42 652.42 732.03 810.26 888.5 968.11 1044.97 1124.58 1124.58 1124.58 1131.44 1136.93 1143.79 1149.28 1156.15 1161.64 1161.64 1161.64 1031.24 903.6 773.2 642.81 512.42 384.77 384.77 384.77 527.52 670.26 814.38 958.5 1102.62 1245.36 1245.36 1245.36 1204.19 1163.01 1123.21 1082.03 1039.48 999.68 999.68 999.68 866.54 734.77 603.01 469.87 338.11 206.34 206.34 206.34 349.09 490.46 633.2 777.32 920.07 1061.44 1061.44 1061.44 1099.87 1135.56 1172.62 1208.3 1245.36 1282.42 1282.42 1282.42 1143.79 1005.17 866.54 729.28 590.66 452.03 452.03 452.03 635.95 818.5 1002.42 1186.34 1368.89 1552.82 1552.82 1552.82 1464.97 1374.38 1286.54 1197.32 1109.48 1020.26 1020.26 1020.26 918.7 815.75 714.19 611.24 508.3 406.73 406.73 406.73 434.18 463.01 490.46 519.28 548.11 575.56 575.56 575.56 603.01 630.46 657.91 685.36 714.19 741.64 741.64 741.64 705.95 667.52 631.83 594.77 559.09 522.03 522.03 522.03 479.48 436.93 394.38 353.2 309.28 266.73 266.73 266.73 306.54 346.34 384.77 423.2 461.64 500.07 500.07 500.07 504.18 508.3 512.42 517.91 522.03 526.15 526.15 526.15 589.28 651.05 715.56 778.7 840.46 904.97 904.97 904.97 983.21 1060.07 1139.68 1216.54 1296.15 1373.01 1373.01 1373.01 1239.87 1106.74 972.23 837.71 704.58 570.07 570.07 570.07 683.99 797.91 913.21 1025.75 1141.05 1253.6 1253.6 1253.6 1200.07 1146.54 1094.38 1039.48 985.95 932.42 932.42 932.42 795.17 659.28 523.4
configurarSolver --Gurobi
resolver --noConstante ejecuciones/bancos/recombinados/v1/directo/sgtm/v1_sgtm_000500.csv
finalizar
