inicializar --t 360
agregarAgente --SaltoGrande
0.000191
2032464238.0
9542.0 9596.0 9651.0 9705.0 9773.0 9786.0 9799.0 9812.0 9826.0 9839.0 9852.0 9865.0 9891.0 9904.0 9917.0 9930.0 9944.0 9957.0 9970.0 9983.0 10009.0 10022.0 10035.0 10048.0 10062.0 10075.0 10088.0 10101.0 10110.0 10106.0 10102.0 10097.0 10093.0 10089.0 10085.0 10081.0 10073.0 10068.0 10064.0 10060.0 10056.0 10052.0 10048.0 10043.0 10035.0 10031.0 10027.0 10023.0 10019.0 10014.0 10010.0 10006.0 9993.0 9984.0 9975.0 9966.0 9957.0 9948.0 9939.0 9930.0 9912.0 9903.0 9894.0 9885.0 9876.0 9867.0 9858.0 9849.0 9831.0 9822.0 9813.0 9804.0 9795.0 9786.0 9777.0 9768.0 9705.0 9651.0 9596.0 9542.0 9488.0 9434.0 9380.0 9326.0 9217.0 9163.0 9109.0 9055.0 9000.0 8946.0 8892.0 8838.0 8729.0 8675.0 8621.0 8567.0 8513.0 8459.0 8404.0 8350.0 8257.0 8218.0 8179.0 8140.0 8101.0 8062.0 8023.0 7984.0 7906.0 7867.0 7828.0 7789.0 7751.0 7712.0 7673.0 7634.0 7556.0 7517.0 7478.0 7439.0 7400.0 7361.0 7322.0 7283.0 7210.0 7177.0 7143.0 7109.0 7075.0 7042.0 7008.0 6974.0 6907.0 6873.0 6839.0 6805.0 6772.0 6738.0 6704.0 6670.0 6603.0 6569.0 6535.0 6502.0 6468.0 6434.0 6400.0 6367.0 6302.0 6271.0 6240.0 6208.0 6177.0 6146.0 6115.0 6084.0 6022.0 5990.0 5959.0 5928.0 5897.0 5866.0 5835.0 5803.0 5741.0 5710.0 5679.0 5648.0 5617.0 5585.0 5554.0 5523.0 5481.0 5470.0 5459.0 5448.0 5437.0 5426.0 5415.0 5404.0 5382.0 5371.0 5360.0 5349.0 5339.0 5328.0 5317.0 5306.0 5284.0 5273.0 5262.0 5251.0 5240.0 5229.0 5218.0 5207.0 5196.0 5195.0 5195.0 5194.0 5194.0 5194.0 5193.0 5193.0 5192.0 5192.0 5191.0 5191.0 5190.0 5190.0 5189.0 5189.0 5188.0 5188.0 5187.0 5187.0 5187.0 5186.0 5186.0 5185.0 5187.0 5190.0 5192.0 5194.0 5197.0 5199.0 5201.0 5204.0 5208.0 5211.0 5213.0 5215.0 5218.0 5220.0 5222.0 5225.0 5229.0 5232.0 5234.0 5236.0 5239.0 5241.0 5243.0 5246.0 5252.0 5257.0 5261.0 5265.0 5269.0 5274.0 5278.0 5282.0 5291.0 5295.0 5299.0 5303.0 5308.0 5312.0 5316.0 5320.0 5329.0 5333.0 5337.0 5342.0 5346.0 5350.0 5354.0 5359.0 5354.0 5346.0 5337.0 5328.0 5319.0 5311.0 5302.0 5293.0 5276.0 5267.0 5259.0 5250.0 5241.0 5232.0 5224.0 5215.0 5198.0 5189.0 5180.0 5172.0 5163.0 5154.0 5145.0 5137.0 5126.0 5123.0 5121.0 5118.0 5116.0 5113.0 5111.0 5108.0 5103.0 5101.0 5098.0 5096.0 5093.0 5091.0 5088.0 5086.0 5081.0 5078.0 5076.0 5073.0 5071.0 5068.0 5066.0 5063.0 5058.0 5055.0 5052.0 5049.0 5047.0 5044.0 5041.0 5038.0 5032.0 5029.0 5026.0 5023.0 5021.0 5018.0 5015.0 5012.0 5006.0 5003.0 5000.0 4997.0 4995.0 4992.0 4989.0 4986.0 4984.0 4984.0 4985.0 4986.0 4986.0 4987.0 4987.0 4988.0 4989.0 4990.0 4991.0 4991.0 4992.0 4992.0 4993.0 4994.0 4995.0 4996.0 4996.0 4997.0
agregarAgente --UnidadTermicaSimple
200.0
100.0
agregarAgente --DemandaFija
323.4 271.2 219.0 219.0 219.0 299.4 380.4 461.4 541.8 622.8 703.8 703.8 703.8 684.0 665.4 646.8 628.2 609.0 590.4 590.4 590.4 563.4 536.4 508.8 481.8 454.2 426.6 426.6 426.6 492.0 556.8 622.2 686.4 751.8 816.6 816.6 816.6 813.0 809.4 805.8 802.2 798.6 795.0 795.0 795.0 741.6 687.6 634.2 580.8 526.8 474.0 474.0 474.0 503.4 534.0 563.4 593.4 624.0 653.4 653.4 653.4 609.6 566.4 522.6 479.4 435.6 392.4 392.4 392.4 390.6 388.2 386.4 384.6 382.8 381.0 381.0 381.0 414.6 448.8 483.0 517.2 551.4 585.6 585.6 585.6 546.6 507.0 468.6 429.0 390.6 351.0 351.0 351.0 307.2 263.4 219.6 175.8 132.0 88.2 88.2 88.2 133.8 178.8 224.4 269.4 315.0 360.0 360.0 360.0 357.6 355.2 352.8 350.4 348.0 345.6 345.6 345.6 316.8 288.0 258.6 229.8 200.4 171.6 171.6 171.6 265.2 358.2 451.8 545.4 638.4 732.0 732.0 732.0 718.8 706.2 692.4 679.8 666.6 654.0 654.0 654.0 605.4 558.0 509.4 462.0 414.0 365.4 365.4 365.4 438.0 510.6 583.2 655.8 729.0 801.6 801.6 801.6 762.0 723.6 684.6 645.6 606.6 567.6 567.6 567.6 523.2 480.0 435.6 391.8 347.4 303.6 303.6 303.6 391.8 480.0 568.2 656.4 744.6 832.8 832.8 832.8 802.2 770.4 739.2 708.0 676.2 645.6 645.6 645.6 580.2 515.4 450.6 385.8 321.0 256.2 256.2 256.2 338.4 420.6 503.4 585.6 667.8 750.6 750.6 750.6 724.2 697.8 670.8 644.4 618.0 591.6 591.6 591.6 537.0 482.4 427.8 373.8 319.2 264.6 264.6 264.6 294.6 324.0 353.4 383.4 413.4 442.8 442.8 442.8 492.0 541.2 589.8 639.0 687.6 736.8 736.8 736.8 678.6 621.0 562.8 504.6 445.8 388.2 388.2 388.2 423.0 458.4 493.2 528.0 563.4 598.2 598.2 598.2 586.2 573.6 561.6 549.6 537.0 524.4 524.4 524.4 477.6 430.8 384.6 337.2 291.0 243.6 243.6 243.6 230.4 217.2 203.4 190.2 176.4 163.2 163.2 163.2 153.6 144.0 134.4 124.8 114.6 105.0 105.0 105.0 106.2 107.4 109.2 110.4 111.6 112.8 112.8 112.8 151.8 189.6 228.0 266.4 304.8 342.6 342.6 342.6 380.4 417.6 455.4 492.6 529.8 568.2 568.2 568.2 532.8 498.6 464.4 429.6 395.4 360.6 360.6 360.6 394.2 427.2 460.8 494.4 527.4 561.0 561.0 561.0 553.2 545.4 537.6 529.2 521.4 513.6 513.6 513.6 445.8 378.0 310.2 242.4 174.0 106.2 106.2 106.2 177.6 249.0 320.4 391.8 463.2 534.6 534.6 534.6 493.2 451.8 410.4 369.6 328.2 286.8 286.8 286.8 252.0 217.8 182.4
crearDespacho --mercado --conDemandaTotal
4
0.02 0.07 0.145 1.0
370.0 600.0 2400.0 4000.0
566.62 475.16 383.7 383.7 383.7 524.57 666.49 808.41 949.27 1091.19 1233.11 1233.11 1233.11 1198.42 1165.83 1133.24 1100.65 1067.01 1034.42 1034.42 1034.42 987.12 939.81 891.46 844.15 795.79 747.43 747.43 747.43 862.02 975.55 1090.14 1202.62 1317.21 1430.74 1430.74 1430.74 1424.44 1418.13 1411.82 1405.51 1399.21 1392.9 1392.9 1392.9 1299.34 1204.73 1111.17 1017.6 922.99 830.48 830.48 830.48 881.99 935.61 987.12 1039.68 1093.29 1144.8 1144.8 1144.8 1068.06 992.37 915.63 839.94 763.2 687.51 687.51 687.51 684.36 680.16 677.0 673.85 670.69 667.54 667.54 667.54 726.41 786.33 846.25 906.17 966.09 1026.01 1026.01 1026.01 957.68 888.3 821.02 751.64 684.36 614.98 614.98 614.98 538.24 461.5 384.76 308.01 231.27 154.53 154.53 154.53 234.43 313.27 393.17 472.01 551.9 630.75 630.75 630.75 626.54 622.34 618.13 613.93 609.72 605.52 605.52 605.52 555.06 504.6 453.09 402.63 351.12 300.66 300.66 300.66 464.65 627.59 791.59 955.58 1118.52 1282.52 1282.52 1282.52 1259.39 1237.31 1213.14 1191.06 1167.93 1145.86 1145.86 1145.86 1060.71 977.66 892.51 809.46 725.36 640.21 640.21 640.21 767.41 894.61 1021.81 1149.01 1277.26 1404.46 1404.46 1404.46 1335.08 1267.8 1199.47 1131.14 1062.81 994.48 994.48 994.48 916.68 841.0 763.2 686.46 608.67 531.93 531.93 531.93 686.46 841.0 995.53 1150.06 1304.59 1459.13 1459.13 1459.13 1405.51 1349.8 1295.13 1240.47 1184.75 1131.14 1131.14 1131.14 1016.55 903.02 789.48 675.95 562.42 448.88 448.88 448.88 592.9 736.92 881.99 1026.01 1170.03 1315.11 1315.11 1315.11 1268.85 1222.6 1175.29 1129.04 1082.78 1036.53 1036.53 1036.53 940.86 845.2 749.54 654.93 559.26 463.6 463.6 463.6 516.16 567.67 619.18 671.75 724.31 775.82 775.82 775.82 862.02 948.22 1033.37 1119.58 1204.73 1290.93 1290.93 1290.93 1188.96 1088.04 986.07 884.1 781.07 680.16 680.16 680.16 741.13 803.15 864.12 925.09 987.12 1048.09 1048.09 1048.09 1027.07 1004.99 983.96 962.94 940.86 918.79 918.79 918.79 836.79 754.79 673.85 590.8 509.85 426.81 426.81 426.81 403.68 380.55 356.37 333.24 309.07 285.94 285.94 285.94 269.12 252.3 235.48 218.66 200.79 183.97 183.97 183.97 186.07 188.17 191.33 193.43 195.53 197.63 197.63 197.63 265.96 332.19 399.47 466.75 534.03 600.26 600.26 600.26 666.49 731.67 797.89 863.07 928.25 995.53 995.53 995.53 933.5 873.58 813.66 752.69 692.77 631.8 631.8 631.8 690.67 748.49 807.36 866.23 924.04 982.91 982.91 982.91 969.25 955.58 941.91 927.2 913.53 899.87 899.87 899.87 781.07 662.28 543.49 424.7 304.86 186.07 186.07 186.07 311.17 436.27 561.36 686.46 811.56 936.66 936.66 936.66 864.12 791.59 719.05 647.57 575.03 502.49 502.49 502.49 441.52 381.6 319.58
configurarSolver --Gurobi
resolver --noConstante ejecuciones/bancos/recombinados/v1/directo/sgtm/v1_sgtm_000430.csv
finalizar
