inicializar --t 360
agregarAgente --SaltoGrande
0.000607
945778668.0
2594.0 2604.0 2614.0 2623.0 2646.0 2659.0 2673.0 2686.0 2699.0 2712.0 2725.0 2738.0 2765.0 2778.0 2791.0 2804.0 2818.0 2831.0 2844.0 2857.0 2884.0 2897.0 2910.0 2923.0 2936.0 2949.0 2963.0 2976.0 2996.0 3003.0 3010.0 3018.0 3025.0 3032.0 3039.0 3046.0 3060.0 3068.0 3075.0 3082.0 3089.0 3096.0 3103.0 3111.0 3125.0 3132.0 3139.0 3146.0 3153.0 3161.0 3168.0 3175.0 3183.0 3183.0 3184.0 3185.0 3185.0 3186.0 3186.0 3187.0 3188.0 3189.0 3190.0 3190.0 3191.0 3191.0 3192.0 3193.0 3194.0 3195.0 3195.0 3196.0 3196.0 3197.0 3198.0 3198.0 3207.0 3215.0 3222.0 3230.0 3238.0 3246.0 3253.0 3261.0 3277.0 3285.0 3292.0 3300.0 3308.0 3316.0 3323.0 3331.0 3347.0 3355.0 3362.0 3370.0 3378.0 3386.0 3393.0 3401.0 3412.0 3415.0 3418.0 3420.0 3423.0 3426.0 3429.0 3432.0 3438.0 3440.0 3443.0 3446.0 3449.0 3452.0 3455.0 3457.0 3463.0 3466.0 3469.0 3472.0 3475.0 3477.0 3480.0 3483.0 3512.0 3539.0 3565.0 3592.0 3618.0 3645.0 3671.0 3698.0 3751.0 3777.0 3804.0 3830.0 3857.0 3883.0 3910.0 3936.0 3989.0 4016.0 4042.0 4069.0 4095.0 4122.0 4148.0 4175.0 4218.0 4235.0 4251.0 4268.0 4285.0 4302.0 4319.0 4336.0 4369.0 4386.0 4403.0 4420.0 4436.0 4453.0 4470.0 4487.0 4520.0 4537.0 4554.0 4571.0 4588.0 4605.0 4621.0 4638.0 4657.0 4658.0 4660.0 4662.0 4663.0 4665.0 4667.0 4668.0 4672.0 4673.0 4675.0 4677.0 4678.0 4680.0 4682.0 4683.0 4687.0 4688.0 4690.0 4692.0 4693.0 4695.0 4697.0 4698.0 4695.0 4689.0 4684.0 4678.0 4673.0 4667.0 4662.0 4656.0 4645.0 4640.0 4634.0 4629.0 4623.0 4618.0 4612.0 4607.0 4596.0 4590.0 4585.0 4579.0 4574.0 4568.0 4563.0 4557.0 4567.0 4581.0 4596.0 4610.0 4625.0 4639.0 4654.0 4668.0 4698.0 4712.0 4727.0 4741.0 4756.0 4770.0 4785.0 4799.0 4829.0 4843.0 4858.0 4872.0 4887.0 4901.0 4916.0 4930.0 4949.0 4953.0 4958.0 4962.0 4966.0 4970.0 4975.0 4979.0 4987.0 4991.0 4996.0 5000.0 5004.0 5008.0 5013.0 5017.0 5025.0 5029.0 5034.0 5038.0 5042.0 5046.0 5051.0 5055.0 5059.0 5058.0 5058.0 5058.0 5057.0 5057.0 5057.0 5056.0 5056.0 5055.0 5055.0 5055.0 5054.0 5054.0 5054.0 5053.0 5053.0 5052.0 5052.0 5052.0 5051.0 5051.0 5051.0 5050.0 5057.0 5064.0 5070.0 5077.0 5084.0 5091.0 5098.0 5105.0 5118.0 5125.0 5132.0 5139.0 5145.0 5152.0 5159.0 5166.0 5179.0 5186.0 5193.0 5200.0 5207.0 5214.0 5220.0 5227.0 5236.0 5238.0 5241.0 5243.0 5245.0 5247.0 5250.0 5252.0 5256.0 5258.0 5261.0 5263.0 5265.0 5267.0 5270.0 5272.0 5276.0 5278.0 5281.0 5283.0 5285.0 5287.0 5290.0 5292.0 5318.0 5342.0 5365.0 5389.0 5413.0 5437.0 5460.0 5484.0 5532.0 5556.0 5579.0 5603.0 5627.0 5651.0 5674.0 5698.0 5746.0 5770.0 5793.0 5817.0
agregarAgente --UnidadTermicaSimple
200.0
100.0
agregarAgente --DemandaFija
174.0 150.6 128.4 129.0 129.0 152.4 176.4 199.8 223.8 247.8 271.2 270.6 268.8 267.6 267.6 266.4 265.2 264.6 264.0 263.4 264.0 237.0 209.4 182.4 154.8 127.8 100.8 102.0 100.8 121.2 141.0 160.2 180.0 200.4 220.2 217.2 214.8 210.0 205.8 200.4 196.2 190.8 186.6 186.6 187.8 172.8 157.8 142.8 127.2 112.8 97.2 98.4 97.8 124.8 151.8 178.8 205.8 233.4 260.4 258.6 256.8 259.8 263.4 267.0 270.6 274.2 277.8 277.8 279.6 257.4 235.8 214.2 192.6 170.4 150.0 150.6 150.6 154.8 159.0 163.2 168.0 172.2 176.4 175.8 174.6 177.6 181.2 184.8 188.4 192.0 196.2 196.2 196.2 177.6 160.2 141.6 123.0 105.0 87.0 87.0 88.2 105.6 123.0 139.8 156.6 174.0 191.4 191.4 190.8 170.4 150.6 130.8 110.4 90.6 70.8 69.6 70.2 67.8 65.4 62.4 59.4 56.4 54.0 55.2 58.2 60.0 61.2 63.0 64.2 65.4 67.2 68.4 69.0 69.6 70.2 70.2 70.2 71.4 71.4 70.8 67.8 69.0 70.8 72.6 73.8 75.6 76.8 74.4 73.2 72.0 70.8 69.0 67.8 66.6 65.4 66.0 67.2 68.4 70.2 72.0 73.8 75.6 76.8 78.0 79.2 89.4 99.0 108.6 118.2 129.0 138.0 138.6 139.8 186.0 232.8 278.4 324.6 370.8 417.6 418.2 416.4 418.2 420.0 421.8 423.6 424.8 426.6 425.4 426.0 389.4 352.2 315.0 277.8 241.2 204.0 206.4 207.6 247.2 286.2 325.8 365.4 404.4 443.4 442.8 444.6 451.8 457.8 464.4 471.0 477.6 484.2 486.0 486.6 445.8 406.8 366.0 326.4 285.6 246.6 245.4 244.2 283.2 322.8 361.8 400.8 439.8 479.4 479.4 478.2 480.6 483.0 484.8 487.2 490.2 492.0 491.4 492.0 450.0 409.2 367.8 326.4 285.6 243.6 246.0 249.6 285.6 321.6 357.0 393.6 429.6 465.0 466.2 468.6 472.8 477.0 481.2 486.0 489.6 494.4 495.0 499.2 465.6 432.0 398.4 364.8 331.2 297.6 301.2 305.4 338.4 372.0 405.6 439.2 472.8 507.0 507.0 508.8 496.8 484.2 472.2 459.6 447.0 435.0 436.8 439.8 397.2 354.0 312.0 270.0 228.0 184.8 185.4 186.6 181.8 177.0 172.2 168.0 163.2 158.4 158.4 159.0 169.8 180.0 190.2 200.4 210.6 220.8 221.4 220.8 210.0 199.2 189.0 177.6 167.4 157.2 155.4 157.2 159.0 161.4 163.2 165.0 166.8 169.2 172.2 176.4 178.2 179.4 181.2 182.4 184.2 185.4 187.2 182.4 177.0 171.0 165.0 158.4 152.4 147.0 141.0 137.4 139.8 142.2 144.0 146.4 148.8 151.2 153.6 157.8 160.2 162.6 165.0 166.8 169.2 171.6 174.0 169.8 163.2 156.6 150.0
crearDespacho --mercado --conDemandaTotal
4
0.02 0.07 0.145 1.0
370.0 600.0 2400.0 4000.0
539.83 467.24 398.36 400.22 400.22 472.82 547.28 619.88 694.34 768.8 841.4 839.54 833.95 830.23 830.23 826.5 822.78 820.92 819.06 817.2 819.06 735.29 649.66 565.9 480.27 396.5 312.73 316.45 312.73 376.02 437.45 497.02 558.45 621.74 683.17 673.86 666.42 651.52 638.49 621.74 608.71 591.96 578.93 578.93 582.65 536.11 489.57 443.04 394.64 349.96 301.56 305.29 303.42 387.19 470.96 554.73 638.49 724.12 807.89 802.31 796.72 806.03 817.2 828.37 839.54 850.7 861.87 861.87 867.46 798.58 731.57 664.55 597.54 528.67 465.37 467.24 467.24 480.27 493.3 506.33 521.22 534.25 547.28 545.42 541.7 551.0 562.17 573.34 584.51 595.68 608.71 608.71 608.71 551.0 497.02 439.31 381.61 325.76 269.92 269.92 273.64 327.62 381.61 433.73 485.85 539.83 593.82 593.82 591.96 528.67 467.24 405.81 342.52 281.09 219.66 215.93 217.8 210.35 202.9 193.6 184.29 174.98 167.53 171.26 180.57 186.15 189.87 195.46 199.18 202.9 208.49 212.21 214.07 215.93 217.8 217.8 217.8 221.52 221.52 219.66 210.35 214.07 219.66 225.24 228.96 234.55 238.27 230.83 227.1 223.38 219.66 214.07 210.35 206.63 202.9 204.76 208.49 212.21 217.8 223.38 228.96 234.55 238.27 241.99 245.72 277.36 307.15 336.93 366.72 400.22 428.14 430.01 433.73 577.06 722.26 863.73 1007.07 1150.41 1295.6 1297.46 1291.88 1297.46 1303.05 1308.63 1314.22 1317.94 1323.52 1319.8 1321.66 1208.11 1092.7 977.29 861.87 748.32 632.91 640.36 644.08 766.94 887.93 1010.79 1133.65 1254.65 1375.65 1373.79 1379.37 1401.71 1420.32 1440.8 1461.28 1481.75 1502.23 1507.81 1509.67 1383.09 1262.1 1135.51 1012.65 886.07 765.08 761.35 757.63 878.63 1001.49 1122.48 1243.48 1364.48 1487.34 1487.34 1483.61 1491.06 1498.51 1504.09 1511.54 1520.84 1526.43 1524.57 1526.43 1396.12 1269.54 1141.1 1012.65 886.07 755.77 763.21 774.38 886.07 997.76 1107.59 1221.14 1332.83 1442.66 1446.38 1453.83 1466.86 1479.89 1492.92 1507.81 1518.98 1533.87 1535.74 1548.77 1444.52 1340.28 1236.03 1131.79 1027.55 923.3 934.47 947.5 1049.88 1154.13 1258.37 1362.62 1466.86 1572.97 1572.97 1578.55 1541.32 1502.23 1465.0 1425.91 1386.82 1349.59 1355.17 1364.48 1232.31 1098.28 967.98 837.67 707.37 573.34 575.2 578.93 564.03 549.14 534.25 521.22 506.33 491.44 491.44 493.3 526.8 558.45 590.09 621.74 653.39 685.03 686.89 685.03 651.52 618.02 586.37 551.0 519.36 487.71 482.13 487.71 493.3 500.74 506.33 511.91 517.5 524.94 534.25 547.28 552.86 556.59 562.17 565.9 571.48 575.2 580.79 565.9 549.14 530.53 511.91 491.44 472.82 456.07 437.45 426.28 433.73 441.17 446.76 454.21 461.65 469.1 476.54 489.57 497.02 504.47 511.91 517.5 524.94 532.39 539.83 526.8 506.33 485.85 465.37
configurarSolver --Gurobi
resolver --noConstante ejecuciones/bancos/recombinados/v1/directo/sgtm/v1_sgtm_000209.csv
finalizar
