inicializar --t 360
agregarAgente --SaltoGrande
0.000446
1115367887.0
4429.0 4465.0 4500.0 4536.0 4639.0 4705.0 4772.0 4839.0 4906.0 4972.0 5039.0 5106.0 5239.0 5306.0 5373.0 5440.0 5506.0 5573.0 5640.0 5707.0 5840.0 5907.0 5974.0 6040.0 6107.0 6174.0 6241.0 6307.0 6456.0 6537.0 6619.0 6701.0 6783.0 6864.0 6946.0 7028.0 7191.0 7273.0 7355.0 7437.0 7518.0 7600.0 7682.0 7764.0 7927.0 8009.0 8091.0 8172.0 8254.0 8336.0 8418.0 8499.0 8609.0 8636.0 8664.0 8692.0 8719.0 8747.0 8775.0 8802.0 8858.0 8885.0 8913.0 8941.0 8968.0 8996.0 9024.0 9051.0 9107.0 9134.0 9162.0 9190.0 9217.0 9245.0 9273.0 9300.0 9337.0 9347.0 9356.0 9365.0 9374.0 9384.0 9393.0 9402.0 9421.0 9430.0 9439.0 9448.0 9458.0 9467.0 9476.0 9485.0 9504.0 9513.0 9522.0 9532.0 9541.0 9550.0 9559.0 9569.0 9563.0 9548.0 9533.0 9519.0 9504.0 9489.0 9474.0 9459.0 9429.0 9415.0 9400.0 9385.0 9370.0 9355.0 9340.0 9326.0 9296.0 9281.0 9266.0 9251.0 9236.0 9222.0 9207.0 9192.0 9139.0 9102.0 9064.0 9026.0 8989.0 8951.0 8913.0 8876.0 8800.0 8763.0 8725.0 8687.0 8650.0 8612.0 8574.0 8537.0 8461.0 8424.0 8386.0 8348.0 8311.0 8273.0 8235.0 8198.0 8103.0 8046.0 7988.0 7931.0 7874.0 7817.0 7760.0 7703.0 7588.0 7531.0 7474.0 7417.0 7359.0 7302.0 7245.0 7188.0 7073.0 7016.0 6959.0 6902.0 6845.0 6788.0 6730.0 6673.0 6584.0 6553.0 6521.0 6490.0 6458.0 6427.0 6395.0 6364.0 6301.0 6269.0 6238.0 6206.0 6175.0 6143.0 6112.0 6080.0 6017.0 5986.0 5954.0 5923.0 5891.0 5860.0 5828.0 5797.0 5725.0 5684.0 5644.0 5603.0 5563.0 5523.0 5482.0 5442.0 5361.0 5321.0 5280.0 5240.0 5199.0 5159.0 5118.0 5078.0 4997.0 4957.0 4916.0 4876.0 4836.0 4795.0 4755.0 4714.0 4648.0 4623.0 4597.0 4571.0 4545.0 4520.0 4494.0 4468.0 4417.0 4391.0 4366.0 4340.0 4314.0 4288.0 4263.0 4237.0 4186.0 4160.0 4134.0 4109.0 4083.0 4057.0 4031.0 4006.0 3950.0 3920.0 3891.0 3861.0 3831.0 3801.0 3772.0 3742.0 3682.0 3652.0 3623.0 3593.0 3563.0 3533.0 3504.0 3474.0 3414.0 3384.0 3355.0 3325.0 3295.0 3265.0 3236.0 3206.0 3161.0 3145.0 3130.0 3114.0 3099.0 3083.0 3068.0 3052.0 3021.0 3006.0 2990.0 2975.0 2959.0 2944.0 2928.0 2913.0 2882.0 2866.0 2851.0 2835.0 2820.0 2804.0 2789.0 2773.0 2755.0 2753.0 2750.0 2747.0 2744.0 2742.0 2739.0 2736.0 2731.0 2728.0 2726.0 2723.0 2720.0 2717.0 2715.0 2712.0 2707.0 2704.0 2701.0 2699.0 2696.0 2693.0 2690.0 2688.0 2677.0 2669.0 2661.0 2653.0 2645.0 2637.0 2629.0 2621.0 2605.0 2597.0 2589.0 2581.0 2573.0 2565.0 2557.0 2549.0 2533.0 2525.0 2517.0 2509.0 2501.0 2493.0 2485.0 2477.0 2471.0 2474.0 2476.0 2479.0 2481.0 2483.0 2486.0 2488.0 2493.0 2495.0 2498.0 2500.0 2503.0 2505.0 2508.0 2510.0 2515.0 2517.0 2520.0 2522.0
agregarAgente --UnidadTermicaSimple
200.0
100.0
agregarAgente --DemandaFija
654.6 638.4 621.3 621.3 621.3 696.9 773.4 850.8 926.4 1002.9 1079.4 1079.4 1079.4 1028.1 977.7 925.5 875.1 823.8 773.4 773.4 773.4 711.3 649.2 587.1 525.0 463.8 400.8 400.8 400.8 507.0 614.1 720.3 825.6 931.8 1038.9 1038.9 1038.9 996.6 954.3 911.1 868.8 825.6 783.3 783.3 783.3 762.6 741.9 722.1 700.5 679.8 659.1 659.1 659.1 687.9 716.7 745.5 773.4 801.3 831.0 831.0 831.0 880.5 929.1 979.5 1029.0 1079.4 1128.0 1128.0 1128.0 1058.7 989.4 920.1 851.7 781.5 713.1 713.1 713.1 732.9 752.7 773.4 793.2 813.0 834.6 834.6 834.6 850.8 867.0 884.1 900.3 917.4 933.6 933.6 933.6 912.0 891.3 869.7 848.1 826.5 804.9 804.9 804.9 848.1 890.4 932.7 975.9 1017.3 1059.6 1059.6 1059.6 1040.7 1020.9 1001.1 982.2 962.4 942.6 942.6 942.6 890.4 837.3 784.2 732.0 678.9 626.7 626.7 626.7 670.8 714.9 759.0 803.1 847.2 891.3 891.3 891.3 878.7 865.2 852.6 840.0 825.6 813.0 813.0 813.0 834.6 855.3 876.0 896.7 917.4 938.1 938.1 938.1 991.2 1043.4 1095.6 1147.8 1200.9 1252.2 1252.2 1252.2 1263.9 1276.5 1288.2 1299.9 1311.6 1325.1 1325.1 1325.1 1269.3 1215.3 1160.4 1106.4 1051.5 996.6 996.6 996.6 1031.7 1066.8 1102.8 1137.0 1172.1 1208.1 1208.1 1208.1 1181.1 1155.0 1128.9 1102.8 1076.7 1049.7 1049.7 1049.7 1009.2 968.7 928.2 887.7 847.2 805.8 805.8 805.8 759.9 713.1 665.4 618.6 570.9 524.1 524.1 524.1 490.8 455.7 422.4 388.2 354.9 319.8 319.8 319.8 322.5 325.2 327.9 330.6 333.3 336.0 336.0 336.0 389.1 442.2 495.3 548.4 601.5 654.6 654.6 654.6 618.6 581.7 545.7 509.7 473.7 436.8 436.8 436.8 410.7 384.6 358.5 332.4 306.3 280.2 280.2 280.2 299.1 317.1 336.0 354.9 373.8 392.7 392.7 392.7 370.2 347.7 325.2 302.7 281.1 258.6 258.6 258.6 232.5 206.4 181.2 155.1 129.9 104.7 104.7 104.7 182.1 259.5 336.9 415.2 493.5 570.9 570.9 570.9 626.7 681.6 738.3 793.2 849.0 903.9 903.9 903.9 876.9 849.9 822.0 795.9 768.9 741.9 741.9 741.9 708.6 673.5 640.2 606.0 571.8 537.6 537.6 537.6 496.2 453.9 412.5 371.1 328.8 287.4 287.4 287.4 309.0 330.6 353.1 374.7 395.4 417.0 417.0 417.0 477.3 535.8 596.1 654.6 714.0 773.4 773.4 773.4 712.2 650.1 588.9 526.8 465.6 403.5 403.5 403.5 379.2 354.9 329.7 305.4 281.1 256.8 256.8 256.8 334.2 413.4 491.7 569.1 648.3 726.6 726.6 726.6 743.7 760.8 777.9 795.0 812.1 829.2 829.2 829.2 751.8 672.6 594.3
crearDespacho --mercado --conDemandaTotal
4
0.02 0.07 0.145 1.0
370.0 600.0 2400.0 4000.0
702.83 685.44 667.08 667.08 667.08 748.25 830.39 913.49 994.66 1076.8 1158.94 1158.94 1158.94 1103.86 1049.74 993.7 939.58 884.5 830.39 830.39 830.39 763.71 697.04 630.36 563.68 497.97 430.33 430.33 430.33 544.36 659.35 773.38 886.43 1000.46 1115.45 1115.45 1115.45 1070.03 1024.62 978.23 932.82 886.43 841.02 841.02 841.02 818.79 796.57 775.31 752.12 729.89 707.67 707.67 707.67 738.59 769.51 800.43 830.39 860.34 892.23 892.23 892.23 945.38 997.56 1051.67 1104.82 1158.94 1211.12 1211.12 1211.12 1136.71 1062.3 987.9 914.46 839.08 765.64 765.64 765.64 786.9 808.16 830.39 851.65 872.91 896.1 896.1 896.1 913.49 930.88 949.24 966.64 985.0 1002.39 1002.39 1002.39 979.2 956.98 933.78 910.59 887.4 864.21 864.21 864.21 910.59 956.01 1001.43 1047.81 1092.26 1137.68 1137.68 1137.68 1117.38 1096.12 1074.87 1054.57 1033.31 1012.06 1012.06 1012.06 956.01 899.0 841.98 785.94 728.92 672.88 672.88 672.88 720.23 767.58 814.93 862.28 909.63 956.98 956.98 956.98 943.45 928.95 915.42 901.9 886.43 872.91 872.91 872.91 896.1 918.32 940.55 962.77 985.0 1007.22 1007.22 1007.22 1064.24 1120.28 1176.33 1232.38 1289.39 1344.47 1344.47 1344.47 1357.03 1370.56 1383.12 1395.68 1408.24 1422.74 1422.74 1422.74 1362.83 1304.85 1245.9 1187.92 1128.98 1070.03 1070.03 1070.03 1107.72 1145.41 1184.06 1220.78 1258.47 1297.12 1297.12 1297.12 1268.13 1240.11 1212.08 1184.06 1156.04 1127.05 1127.05 1127.05 1083.56 1040.08 996.59 953.11 909.63 865.18 865.18 865.18 815.89 765.64 714.43 664.18 612.97 562.72 562.72 562.72 526.96 489.28 453.52 416.8 381.05 343.36 343.36 343.36 346.26 349.16 352.06 354.96 357.86 360.76 360.76 360.76 417.77 474.78 531.8 588.81 645.82 702.83 702.83 702.83 664.18 624.56 585.91 547.26 508.6 468.99 468.99 468.99 440.96 412.94 384.92 356.89 328.87 300.85 300.85 300.85 321.14 340.47 360.76 381.05 401.34 421.64 421.64 421.64 397.48 373.32 349.16 325.0 301.81 277.65 277.65 277.65 249.63 221.61 194.55 166.53 139.47 112.41 112.41 112.41 195.52 278.62 361.72 445.79 529.86 612.97 612.97 612.97 672.88 731.82 792.7 851.65 911.56 970.5 970.5 970.5 941.51 912.52 882.57 854.55 825.56 796.57 796.57 796.57 760.81 723.13 687.37 650.65 613.93 577.21 577.21 577.21 532.76 487.35 442.89 398.44 353.03 308.58 308.58 308.58 331.77 354.96 379.12 402.31 424.53 447.73 447.73 447.73 512.47 575.28 640.02 702.83 766.61 830.39 830.39 830.39 764.68 698.0 632.29 565.62 499.91 433.23 433.23 433.23 407.14 381.05 353.99 327.9 301.81 275.72 275.72 275.72 358.83 443.86 527.93 611.03 696.07 780.14 780.14 780.14 798.5 816.86 835.22 853.58 871.94 890.3 890.3 890.3 807.2 722.16 638.09
configurarSolver --Gurobi
resolver --noConstante ejecuciones/bancos/recombinados/v1/directo/sgtm/v1_sgtm_000034.csv
finalizar
