inicializar --t 360
agregarAgente --SaltoGrande
0.002103
2256096256.0
2346.0 2347.0 2348.0 2348.0 2350.0 2352.0 2353.0 2355.0 2356.0 2357.0 2359.0 2360.0 2363.0 2364.0 2366.0 2367.0 2369.0 2370.0 2372.0 2373.0 2376.0 2377.0 2379.0 2380.0 2381.0 2383.0 2384.0 2386.0 2376.0 2365.0 2355.0 2344.0 2333.0 2322.0 2311.0 2300.0 2279.0 2268.0 2257.0 2246.0 2236.0 2225.0 2214.0 2203.0 2182.0 2171.0 2160.0 2149.0 2138.0 2127.0 2117.0 2106.0 2092.0 2089.0 2086.0 2083.0 2080.0 2077.0 2074.0 2071.0 2065.0 2062.0 2059.0 2056.0 2052.0 2049.0 2046.0 2043.0 2037.0 2034.0 2031.0 2028.0 2025.0 2022.0 2019.0 2016.0 2001.0 1989.0 1977.0 1964.0 1952.0 1940.0 1928.0 1916.0 1892.0 1879.0 1867.0 1855.0 1843.0 1831.0 1819.0 1806.0 1782.0 1770.0 1758.0 1746.0 1734.0 1721.0 1709.0 1697.0 1677.0 1669.0 1661.0 1653.0 1646.0 1638.0 1630.0 1622.0 1606.0 1598.0 1590.0 1582.0 1575.0 1567.0 1559.0 1551.0 1535.0 1527.0 1519.0 1511.0 1504.0 1496.0 1488.0 1480.0 1473.0 1473.0 1474.0 1475.0 1475.0 1476.0 1477.0 1477.0 1479.0 1479.0 1480.0 1481.0 1481.0 1482.0 1483.0 1483.0 1485.0 1485.0 1486.0 1487.0 1487.0 1488.0 1489.0 1489.0 1488.0 1486.0 1483.0 1481.0 1479.0 1477.0 1475.0 1473.0 1468.0 1466.0 1464.0 1462.0 1459.0 1457.0 1455.0 1453.0 1448.0 1446.0 1444.0 1442.0 1440.0 1438.0 1435.0 1433.0 1436.0 1441.0 1446.0 1451.0 1455.0 1460.0 1465.0 1470.0 1480.0 1485.0 1490.0 1495.0 1499.0 1504.0 1509.0 1514.0 1524.0 1529.0 1534.0 1539.0 1543.0 1548.0 1553.0 1558.0 1560.0 1557.0 1554.0 1551.0 1548.0 1545.0 1542.0 1539.0 1533.0 1530.0 1527.0 1524.0 1521.0 1518.0 1515.0 1512.0 1506.0 1503.0 1500.0 1497.0 1494.0 1491.0 1488.0 1485.0 1491.0 1499.0 1508.0 1517.0 1526.0 1534.0 1543.0 1552.0 1569.0 1578.0 1586.0 1595.0 1604.0 1613.0 1621.0 1630.0 1647.0 1656.0 1665.0 1673.0 1682.0 1691.0 1700.0 1708.0 1714.0 1711.0 1709.0 1706.0 1703.0 1700.0 1698.0 1695.0 1689.0 1686.0 1684.0 1681.0 1678.0 1675.0 1673.0 1670.0 1664.0 1661.0 1659.0 1656.0 1653.0 1650.0 1648.0 1645.0 1650.0 1658.0 1667.0 1675.0 1683.0 1691.0 1699.0 1707.0 1724.0 1732.0 1740.0 1748.0 1757.0 1765.0 1773.0 1781.0 1798.0 1806.0 1814.0 1822.0 1830.0 1838.0 1847.0 1855.0 1873.0 1882.0 1892.0 1901.0 1911.0 1920.0 1930.0 1939.0 1958.0 1968.0 1977.0 1987.0 1996.0 2006.0 2015.0 2025.0 2044.0 2053.0 2063.0 2072.0 2082.0 2091.0 2101.0 2110.0 2129.0 2139.0 2148.0 2157.0 2167.0 2176.0 2185.0 2195.0 2213.0 2223.0 2232.0 2241.0 2251.0 2260.0 2269.0 2279.0 2297.0 2307.0 2316.0 2325.0 2335.0 2344.0 2353.0 2363.0 2382.0 2391.0 2401.0 2411.0 2420.0 2430.0 2440.0 2449.0 2469.0 2478.0 2488.0 2498.0 2507.0 2517.0 2527.0 2536.0 2556.0 2565.0 2575.0 2585.0
agregarAgente --UnidadTermicaSimple
200.0
100.0
agregarAgente --DemandaFija
562.8 532.2 502.5 502.5 502.5 540.3 578.1 616.8 654.6 692.4 731.1 731.1 731.1 702.3 675.3 647.4 620.4 592.5 564.6 564.6 564.6 483.6 402.6 320.7 240.6 158.7 77.7 77.7 77.7 155.1 232.5 309.0 386.4 463.8 541.2 541.2 541.2 536.7 533.1 528.6 525.0 521.4 516.9 516.9 516.9 454.8 394.5 332.4 271.2 209.1 148.8 148.8 148.8 260.4 372.0 484.5 596.1 707.7 819.3 819.3 819.3 818.4 817.5 817.5 816.6 815.7 815.7 815.7 815.7 759.9 704.1 649.2 594.3 538.5 483.6 483.6 483.6 480.0 476.4 472.8 469.2 465.6 462.0 462.0 462.0 435.9 411.6 386.4 361.2 335.1 309.9 309.9 309.9 304.5 299.1 293.7 288.3 282.0 276.6 276.6 276.6 327.0 377.4 427.8 478.2 527.7 578.1 578.1 578.1 603.3 627.6 651.9 677.1 701.4 726.6 726.6 726.6 652.8 579.9 507.0 433.2 360.3 287.4 287.4 287.4 321.6 357.6 391.8 426.9 462.0 497.1 497.1 497.1 480.0 462.0 444.0 426.0 408.9 391.8 391.8 391.8 353.1 313.5 274.8 236.1 196.5 157.8 157.8 157.8 243.3 327.9 413.4 498.9 582.6 668.1 668.1 668.1 708.6 747.3 786.0 825.6 865.2 904.8 904.8 904.8 852.6 800.4 749.1 696.9 645.6 594.3 594.3 594.3 594.3 595.2 596.1 597.0 597.0 597.9 597.9 597.9 559.2 522.3 484.5 445.8 408.0 371.1 371.1 371.1 347.7 324.3 300.9 278.4 255.0 232.5 232.5 232.5 335.1 439.5 543.9 647.4 751.8 856.2 856.2 856.2 845.4 835.5 824.7 813.9 804.0 793.2 793.2 793.2 786.9 779.7 772.5 765.3 758.1 750.9 750.9 750.9 727.5 703.2 679.8 656.4 633.0 609.6 609.6 609.6 566.4 525.0 483.6 440.4 399.0 357.6 357.6 357.6 348.6 339.6 329.7 320.7 311.7 302.7 302.7 302.7 329.7 359.4 387.3 415.2 443.1 471.9 471.9 471.9 444.9 419.7 393.6 368.4 342.3 316.2 316.2 316.2 273.9 231.6 188.4 146.1 102.9 59.7 59.7 59.7 88.5 118.2 147.0 175.8 203.7 233.4 233.4 233.4 264.9 296.4 327.9 360.3 391.8 423.3 423.3 423.3 380.1 336.0 291.9 248.7 204.6 161.4 161.4 161.4 264.0 367.5 470.1 571.8 675.3 777.9 777.9 777.9 767.1 755.4 744.6 732.9 721.2 710.4 710.4 710.4 635.7 561.9 489.0 414.3 341.4 267.6 267.6 267.6 314.4 363.0 410.7 458.4 507.0 554.7 554.7 554.7 546.6 538.5 531.3 523.2 515.1 507.0 507.0 507.0 489.0 470.1 450.3 432.3 413.4 395.4 395.4 395.4 442.2 489.9 536.7 585.3 632.1 678.9 678.9 678.9 654.6 629.4 604.2 579.0 553.8 529.5 529.5 529.5 484.5 438.6 394.5
crearDespacho --mercado --conDemandaTotal
4
0.02 0.07 0.145 1.0
370.0 600.0 2400.0 4000.0
763.14 721.64 681.37 681.37 681.37 732.63 783.88 836.36 887.61 938.87 991.34 991.34 991.34 952.29 915.68 877.85 841.24 803.41 765.58 765.58 765.58 655.74 545.91 434.86 326.24 215.19 105.36 105.36 105.36 210.31 315.26 418.99 523.94 628.9 733.85 733.85 733.85 727.75 722.86 716.76 711.88 707.0 700.9 700.9 700.9 616.69 534.93 450.72 367.74 283.53 201.77 201.77 201.77 353.09 504.42 656.96 808.29 959.61 1110.94 1110.94 1110.94 1109.72 1108.5 1108.5 1107.28 1106.06 1106.06 1106.06 1106.06 1030.4 954.73 880.29 805.85 730.19 655.74 655.74 655.74 650.86 645.98 641.1 636.22 631.34 626.45 626.45 626.45 591.06 558.11 523.94 489.77 454.38 420.21 420.21 420.21 412.89 405.57 398.25 390.92 382.38 375.06 375.06 375.06 443.4 511.74 580.08 648.42 715.54 783.88 783.88 783.88 818.05 851.0 883.95 918.12 951.07 985.24 985.24 985.24 885.17 786.32 687.47 587.4 488.55 389.7 389.7 389.7 436.08 484.89 531.27 578.86 626.45 674.05 674.05 674.05 650.86 626.45 602.05 577.64 554.45 531.27 531.27 531.27 478.79 425.09 372.62 320.14 266.45 213.97 213.97 213.97 329.91 444.62 560.56 676.49 789.98 905.92 905.92 905.92 960.84 1013.31 1065.79 1119.48 1173.18 1226.88 1226.88 1226.88 1156.09 1085.31 1015.75 944.97 875.41 805.85 805.85 805.85 805.85 807.07 808.29 809.51 809.51 810.73 810.73 810.73 758.25 708.22 656.96 604.49 553.23 503.2 503.2 503.2 471.47 439.74 408.01 377.5 345.77 315.26 315.26 315.26 454.38 595.95 737.51 877.85 1019.41 1160.98 1160.98 1160.98 1146.33 1132.91 1118.26 1103.62 1090.19 1075.55 1075.55 1075.55 1067.01 1057.24 1047.48 1037.72 1027.96 1018.19 1018.19 1018.19 986.46 953.51 921.78 890.05 858.32 826.59 826.59 826.59 768.02 711.88 655.74 597.17 541.03 484.89 484.89 484.89 472.69 460.48 447.06 434.86 422.65 410.45 410.45 410.45 447.06 487.33 525.16 563.0 600.83 639.88 639.88 639.88 603.27 569.1 533.71 499.54 464.15 428.76 428.76 428.76 371.4 314.04 255.46 198.11 139.53 80.95 80.95 80.95 120.0 160.27 199.33 238.38 276.21 316.48 316.48 316.48 359.19 401.91 444.62 488.55 531.27 573.98 573.98 573.98 515.4 455.6 395.81 337.23 277.43 218.85 218.85 218.85 357.97 498.32 637.44 775.34 915.68 1054.8 1054.8 1054.8 1040.16 1024.29 1009.65 993.79 977.92 963.28 963.28 963.28 861.99 761.92 663.07 561.78 462.93 362.86 362.86 362.86 426.31 492.21 556.89 621.57 687.47 752.15 752.15 752.15 741.17 730.19 720.42 709.44 698.46 687.47 687.47 687.47 663.07 637.44 610.59 586.18 560.56 536.15 536.15 536.15 599.61 664.29 727.75 793.65 857.1 920.56 920.56 920.56 887.61 853.44 819.27 785.1 750.93 717.98 717.98 717.98 656.96 594.73 534.93
configurarSolver --Gurobi
resolver --noConstante ejecuciones/bancos/recombinados/v1/directo/sgtm/v1_sgtm_000479.csv
finalizar
