inicializar --t 360
agregarAgente --SaltoGrande
0.001054
1115367887.0
4429.0 4465.0 4500.0 4536.0 4639.0 4705.0 4772.0 4839.0 4906.0 4972.0 5039.0 5106.0 5239.0 5306.0 5373.0 5440.0 5506.0 5573.0 5640.0 5707.0 5840.0 5907.0 5974.0 6040.0 6107.0 6174.0 6241.0 6307.0 6456.0 6537.0 6619.0 6701.0 6783.0 6864.0 6946.0 7028.0 7191.0 7273.0 7355.0 7437.0 7518.0 7600.0 7682.0 7764.0 7927.0 8009.0 8091.0 8172.0 8254.0 8336.0 8418.0 8499.0 8609.0 8636.0 8664.0 8692.0 8719.0 8747.0 8775.0 8802.0 8858.0 8885.0 8913.0 8941.0 8968.0 8996.0 9024.0 9051.0 9107.0 9134.0 9162.0 9190.0 9217.0 9245.0 9273.0 9300.0 9337.0 9347.0 9356.0 9365.0 9374.0 9384.0 9393.0 9402.0 9421.0 9430.0 9439.0 9448.0 9458.0 9467.0 9476.0 9485.0 9504.0 9513.0 9522.0 9532.0 9541.0 9550.0 9559.0 9569.0 9563.0 9548.0 9533.0 9519.0 9504.0 9489.0 9474.0 9459.0 9429.0 9415.0 9400.0 9385.0 9370.0 9355.0 9340.0 9326.0 9296.0 9281.0 9266.0 9251.0 9236.0 9222.0 9207.0 9192.0 9139.0 9102.0 9064.0 9026.0 8989.0 8951.0 8913.0 8876.0 8800.0 8763.0 8725.0 8687.0 8650.0 8612.0 8574.0 8537.0 8461.0 8424.0 8386.0 8348.0 8311.0 8273.0 8235.0 8198.0 8103.0 8046.0 7988.0 7931.0 7874.0 7817.0 7760.0 7703.0 7588.0 7531.0 7474.0 7417.0 7359.0 7302.0 7245.0 7188.0 7073.0 7016.0 6959.0 6902.0 6845.0 6788.0 6730.0 6673.0 6584.0 6553.0 6521.0 6490.0 6458.0 6427.0 6395.0 6364.0 6301.0 6269.0 6238.0 6206.0 6175.0 6143.0 6112.0 6080.0 6017.0 5986.0 5954.0 5923.0 5891.0 5860.0 5828.0 5797.0 5725.0 5684.0 5644.0 5603.0 5563.0 5523.0 5482.0 5442.0 5361.0 5321.0 5280.0 5240.0 5199.0 5159.0 5118.0 5078.0 4997.0 4957.0 4916.0 4876.0 4836.0 4795.0 4755.0 4714.0 4648.0 4623.0 4597.0 4571.0 4545.0 4520.0 4494.0 4468.0 4417.0 4391.0 4366.0 4340.0 4314.0 4288.0 4263.0 4237.0 4186.0 4160.0 4134.0 4109.0 4083.0 4057.0 4031.0 4006.0 3950.0 3920.0 3891.0 3861.0 3831.0 3801.0 3772.0 3742.0 3682.0 3652.0 3623.0 3593.0 3563.0 3533.0 3504.0 3474.0 3414.0 3384.0 3355.0 3325.0 3295.0 3265.0 3236.0 3206.0 3161.0 3145.0 3130.0 3114.0 3099.0 3083.0 3068.0 3052.0 3021.0 3006.0 2990.0 2975.0 2959.0 2944.0 2928.0 2913.0 2882.0 2866.0 2851.0 2835.0 2820.0 2804.0 2789.0 2773.0 2755.0 2753.0 2750.0 2747.0 2744.0 2742.0 2739.0 2736.0 2731.0 2728.0 2726.0 2723.0 2720.0 2717.0 2715.0 2712.0 2707.0 2704.0 2701.0 2699.0 2696.0 2693.0 2690.0 2688.0 2677.0 2669.0 2661.0 2653.0 2645.0 2637.0 2629.0 2621.0 2605.0 2597.0 2589.0 2581.0 2573.0 2565.0 2557.0 2549.0 2533.0 2525.0 2517.0 2509.0 2501.0 2493.0 2485.0 2477.0 2471.0 2474.0 2476.0 2479.0 2481.0 2483.0 2486.0 2488.0 2493.0 2495.0 2498.0 2500.0 2503.0 2505.0 2508.0 2510.0 2515.0 2517.0 2520.0 2522.0
agregarAgente --UnidadTermicaSimple
200.0
100.0
agregarAgente --DemandaFija
474.6 478.2 480.9 471.0 459.3 455.7 453.9 452.1 449.4 448.5 445.8 444.0 447.6 460.2 474.6 488.1 501.6 515.1 528.6 534.0 534.9 516.0 496.2 477.3 459.3 439.5 420.6 416.1 416.1 428.7 441.3 453.0 464.7 477.3 489.9 493.5 507.9 531.3 555.6 579.9 604.2 627.6 651.0 661.8 659.1 619.5 579.0 540.3 499.8 460.2 420.6 408.0 406.2 407.1 409.8 412.5 415.2 417.0 419.7 430.5 446.7 486.3 525.9 565.5 605.1 644.7 685.2 689.7 683.4 648.3 614.1 579.9 545.7 510.6 476.4 464.7 455.7 463.8 471.0 478.2 485.4 492.6 500.7 504.3 508.8 531.3 555.6 579.0 601.5 624.9 648.3 649.2 644.7 653.7 661.8 671.7 679.8 687.9 696.0 692.4 686.1 694.2 703.2 710.4 719.4 727.5 736.5 734.7 734.7 719.4 704.1 687.9 672.6 657.3 642.0 642.9 645.6 600.6 556.5 512.4 467.4 423.3 378.3 378.3 374.7 369.3 364.8 359.4 354.9 349.5 345.0 340.5 341.4 346.8 351.3 356.7 361.2 366.6 371.1 376.5 380.1 389.1 398.1 405.3 413.4 422.4 430.5 429.6 438.6 430.5 423.3 415.2 408.0 400.8 392.7 401.7 409.8 399.0 389.1 377.4 367.5 356.7 345.9 344.1 336.9 329.7 323.4 318.0 311.7 306.3 300.9 294.6 291.9 292.8 293.7 295.5 295.5 297.3 298.2 300.0 306.3 309.9 313.5 318.0 320.7 324.3 327.9 331.5 330.6 327.0 322.5 318.0 314.4 309.9 305.4 300.9 301.8 315.3 329.7 344.1 358.5 373.8 387.3 391.8 398.1 400.8 403.5 406.2 408.0 410.7 413.4 415.2 409.8 397.2 383.7 371.1 358.5 345.0 331.5 324.3 322.5 324.3 324.3 326.1 326.1 327.9 327.9 334.2 343.2 347.7 351.3 354.9 358.5 361.2 365.7 369.3 368.4 364.8 361.2 356.7 352.2 348.6 345.0 340.5 344.1 351.3 358.5 364.8 372.0 380.1 386.4 393.6 407.1 412.5 418.8 425.1 430.5 436.8 442.2 448.5 446.7 438.6 429.6 421.5 414.3 405.3 397.2 389.1 384.6 388.2 391.8 395.4 399.0 401.7 405.3 408.9 415.2 417.9 419.7 421.5 424.2 426.9 428.7 430.5 426.0 419.7 412.5 405.3 399.0 391.8 384.6 378.3 364.8 358.5 352.2 345.0 338.7 332.4 326.1 318.9 320.7 328.8 336.0 344.1 352.2 360.3 368.4 376.5 380.1 377.4 373.8 369.3 365.7 362.1 358.5 354.9 363.0 374.7 386.4 398.1 409.8 420.6 433.2 444.0 460.2 464.7 469.2 473.7 478.2 482.7 486.3 491.7 492.6 489.0 485.4 481.8 477.3 473.7 471.0 467.4 467.4 470.1 473.7 476.4 480.0 482.7 486.3 489.0 496.2 499.8 503.4 506.1 509.7 513.3 516.9 520.5 515.1 507.0 498.9 489.9
crearDespacho --mercado --conDemandaTotal
4
0.02 0.07 0.145 1.0
370.0 600.0 2400.0 4000.0
830.69 836.99 841.72 824.39 803.91 797.61 794.46 791.31 786.58 785.01 780.28 777.13 783.43 805.49 830.69 854.32 877.95 901.58 925.21 934.66 936.23 903.15 868.5 835.42 803.91 769.26 736.17 728.3 728.3 750.35 772.41 792.88 813.36 835.42 857.47 863.77 888.98 929.93 972.46 1015.0 1057.53 1098.49 1139.44 1158.35 1153.62 1084.31 1013.42 945.69 874.8 805.49 736.17 714.12 710.97 712.55 717.27 722.0 726.72 729.87 734.6 753.5 781.86 851.17 920.48 989.79 1059.1 1128.42 1199.3 1207.18 1196.15 1134.72 1074.86 1015.0 955.14 893.7 833.84 813.36 797.61 811.79 824.39 836.99 849.59 862.2 876.37 882.67 890.55 929.93 972.46 1013.42 1052.8 1093.76 1134.72 1136.29 1128.42 1144.17 1158.35 1175.67 1189.85 1204.03 1218.21 1211.91 1200.88 1215.06 1230.81 1243.41 1259.16 1273.34 1289.09 1285.94 1285.94 1259.16 1232.38 1204.03 1177.25 1150.47 1123.69 1125.27 1129.99 1051.23 974.04 896.85 818.09 740.9 662.14 662.14 655.84 646.38 638.51 629.06 621.18 611.73 603.85 595.98 597.55 607.0 614.88 624.33 632.21 641.66 649.54 658.99 665.29 681.04 696.79 709.4 723.57 739.33 753.5 751.93 767.68 753.5 740.9 726.72 714.12 701.52 687.34 703.09 717.27 698.37 681.04 660.56 643.23 624.33 605.43 602.28 589.68 577.07 566.05 556.59 545.57 536.12 526.66 515.64 510.91 512.49 514.06 517.21 517.21 520.36 521.94 525.09 536.12 542.42 548.72 556.59 561.32 567.62 573.92 580.22 578.65 572.35 564.47 556.59 550.29 542.42 534.54 526.66 528.24 551.87 577.07 602.28 627.48 654.26 677.89 685.77 696.79 701.52 706.24 710.97 714.12 718.85 723.57 726.72 717.27 695.22 671.59 649.54 627.48 603.85 580.22 567.62 564.47 567.62 567.62 570.77 570.77 573.92 573.92 584.95 600.7 608.58 614.88 621.18 627.48 632.21 640.08 646.38 644.81 638.51 632.21 624.33 616.45 610.15 603.85 595.98 602.28 614.88 627.48 638.51 651.11 665.29 676.31 688.92 712.55 722.0 733.02 744.05 753.5 764.53 773.98 785.01 781.86 767.68 751.93 737.75 725.15 709.4 695.22 681.04 673.16 679.47 685.77 692.07 698.37 703.09 709.4 715.7 726.72 731.45 734.6 737.75 742.48 747.2 750.35 753.5 745.63 734.6 722.0 709.4 698.37 685.77 673.16 662.14 638.51 627.48 616.45 603.85 592.83 581.8 570.77 558.17 561.32 575.5 588.1 602.28 616.45 630.63 644.81 658.99 665.29 660.56 654.26 646.38 640.08 633.78 627.48 621.18 635.36 655.84 676.31 696.79 717.27 736.17 758.23 777.13 805.49 813.36 821.24 829.12 836.99 844.87 851.17 860.62 862.2 855.9 849.59 843.29 835.42 829.12 824.39 818.09 818.09 822.81 829.12 833.84 840.14 844.87 851.17 855.9 868.5 874.8 881.1 885.83 892.13 898.43 904.73 911.03 901.58 887.4 873.22 857.47
configurarSolver --Gurobi
resolver --noConstante ejecuciones/bancos/recombinados/v1/directo/sgtm/v1_sgtm_000429.csv
finalizar
