inicializar --t 360
agregarAgente --SaltoGrande
0.00263
2256096256.0
2346.0 2347.0 2348.0 2348.0 2350.0 2352.0 2353.0 2355.0 2356.0 2357.0 2359.0 2360.0 2363.0 2364.0 2366.0 2367.0 2369.0 2370.0 2372.0 2373.0 2376.0 2377.0 2379.0 2380.0 2381.0 2383.0 2384.0 2386.0 2376.0 2365.0 2355.0 2344.0 2333.0 2322.0 2311.0 2300.0 2279.0 2268.0 2257.0 2246.0 2236.0 2225.0 2214.0 2203.0 2182.0 2171.0 2160.0 2149.0 2138.0 2127.0 2117.0 2106.0 2092.0 2089.0 2086.0 2083.0 2080.0 2077.0 2074.0 2071.0 2065.0 2062.0 2059.0 2056.0 2052.0 2049.0 2046.0 2043.0 2037.0 2034.0 2031.0 2028.0 2025.0 2022.0 2019.0 2016.0 2001.0 1989.0 1977.0 1964.0 1952.0 1940.0 1928.0 1916.0 1892.0 1879.0 1867.0 1855.0 1843.0 1831.0 1819.0 1806.0 1782.0 1770.0 1758.0 1746.0 1734.0 1721.0 1709.0 1697.0 1677.0 1669.0 1661.0 1653.0 1646.0 1638.0 1630.0 1622.0 1606.0 1598.0 1590.0 1582.0 1575.0 1567.0 1559.0 1551.0 1535.0 1527.0 1519.0 1511.0 1504.0 1496.0 1488.0 1480.0 1473.0 1473.0 1474.0 1475.0 1475.0 1476.0 1477.0 1477.0 1479.0 1479.0 1480.0 1481.0 1481.0 1482.0 1483.0 1483.0 1485.0 1485.0 1486.0 1487.0 1487.0 1488.0 1489.0 1489.0 1488.0 1486.0 1483.0 1481.0 1479.0 1477.0 1475.0 1473.0 1468.0 1466.0 1464.0 1462.0 1459.0 1457.0 1455.0 1453.0 1448.0 1446.0 1444.0 1442.0 1440.0 1438.0 1435.0 1433.0 1436.0 1441.0 1446.0 1451.0 1455.0 1460.0 1465.0 1470.0 1480.0 1485.0 1490.0 1495.0 1499.0 1504.0 1509.0 1514.0 1524.0 1529.0 1534.0 1539.0 1543.0 1548.0 1553.0 1558.0 1560.0 1557.0 1554.0 1551.0 1548.0 1545.0 1542.0 1539.0 1533.0 1530.0 1527.0 1524.0 1521.0 1518.0 1515.0 1512.0 1506.0 1503.0 1500.0 1497.0 1494.0 1491.0 1488.0 1485.0 1491.0 1499.0 1508.0 1517.0 1526.0 1534.0 1543.0 1552.0 1569.0 1578.0 1586.0 1595.0 1604.0 1613.0 1621.0 1630.0 1647.0 1656.0 1665.0 1673.0 1682.0 1691.0 1700.0 1708.0 1714.0 1711.0 1709.0 1706.0 1703.0 1700.0 1698.0 1695.0 1689.0 1686.0 1684.0 1681.0 1678.0 1675.0 1673.0 1670.0 1664.0 1661.0 1659.0 1656.0 1653.0 1650.0 1648.0 1645.0 1650.0 1658.0 1667.0 1675.0 1683.0 1691.0 1699.0 1707.0 1724.0 1732.0 1740.0 1748.0 1757.0 1765.0 1773.0 1781.0 1798.0 1806.0 1814.0 1822.0 1830.0 1838.0 1847.0 1855.0 1873.0 1882.0 1892.0 1901.0 1911.0 1920.0 1930.0 1939.0 1958.0 1968.0 1977.0 1987.0 1996.0 2006.0 2015.0 2025.0 2044.0 2053.0 2063.0 2072.0 2082.0 2091.0 2101.0 2110.0 2129.0 2139.0 2148.0 2157.0 2167.0 2176.0 2185.0 2195.0 2213.0 2223.0 2232.0 2241.0 2251.0 2260.0 2269.0 2279.0 2297.0 2307.0 2316.0 2325.0 2335.0 2344.0 2353.0 2363.0 2382.0 2391.0 2401.0 2411.0 2420.0 2430.0 2440.0 2449.0 2469.0 2478.0 2488.0 2498.0 2507.0 2517.0 2527.0 2536.0 2556.0 2565.0 2575.0 2585.0
agregarAgente --UnidadTermicaSimple
200.0
100.0
agregarAgente --DemandaFija
558.6 488.4 418.2 418.2 418.2 463.8 508.8 554.4 599.4 645.0 690.6 690.6 690.6 715.8 740.4 765.0 790.2 815.4 840.0 840.0 840.0 799.2 758.4 718.2 676.8 636.6 595.2 595.2 595.2 628.2 661.2 693.6 726.6 759.0 792.0 792.0 792.0 822.6 853.2 884.4 915.0 946.2 976.8 976.8 976.8 889.8 802.8 715.2 628.2 541.2 454.2 454.2 454.2 471.0 487.2 504.0 520.8 538.2 554.4 554.4 554.4 572.4 589.8 607.8 626.4 643.8 661.8 661.8 661.8 586.2 510.6 435.0 359.4 283.8 208.8 208.8 208.8 294.6 380.4 466.2 552.0 637.8 723.6 723.6 723.6 712.8 702.0 690.6 679.8 669.0 658.8 658.8 658.8 568.8 478.8 388.8 299.4 209.4 118.8 118.8 118.8 180.6 242.4 303.6 364.8 426.6 488.4 488.4 488.4 489.0 489.6 490.2 491.4 492.0 492.6 492.6 492.6 438.0 383.4 328.8 273.6 219.0 164.4 164.4 164.4 255.0 346.2 436.8 528.0 619.2 710.4 710.4 710.4 673.8 637.8 601.8 565.8 529.2 493.8 493.8 493.8 415.2 336.6 258.0 180.0 101.4 22.8 22.8 22.8 49.2 75.6 101.4 127.8 153.6 180.0 180.0 180.0 213.0 246.0 279.0 312.6 345.6 379.2 379.2 379.2 395.4 411.0 426.6 442.8 459.0 474.6 474.6 474.6 501.6 528.6 556.2 583.2 610.2 637.8 637.8 637.8 616.2 594.0 572.4 550.8 529.2 507.6 507.6 507.6 478.8 449.4 421.2 392.4 363.0 334.8 334.8 334.8 355.8 377.4 399.0 420.0 441.0 462.6 462.6 462.6 445.8 429.0 412.8 396.0 379.2 362.4 362.4 362.4 327.6 292.8 257.4 222.6 187.2 152.4 152.4 152.4 232.2 312.0 391.8 471.6 551.4 631.2 631.2 631.2 676.2 721.8 766.8 812.4 857.4 902.4 902.4 902.4 838.8 775.2 712.2 648.0 584.4 520.8 520.8 520.8 567.6 613.8 660.6 708.0 754.2 801.0 801.0 801.0 778.2 755.4 733.2 710.4 687.6 664.8 664.8 664.8 607.8 551.4 493.8 436.8 380.4 323.4 323.4 323.4 379.2 435.0 490.8 546.6 602.4 658.2 658.2 658.2 666.6 675.0 684.0 692.4 701.4 709.8 709.8 709.8 619.2 528.0 437.4 346.8 256.2 165.6 165.6 165.6 216.6 267.0 318.6 369.6 420.0 471.6 471.6 471.6 513.0 555.6 597.6 640.2 681.6 724.2 724.2 724.2 699.0 673.2 648.0 622.8 597.0 571.8 571.8 571.8 593.4 614.4 636.0 657.6 678.6 700.2 700.2 700.2 688.8 678.0 667.2 656.4 645.6 634.8 634.8 634.8 601.2 568.2 535.8 502.2 469.2 435.6 435.6 435.6 494.4 553.2 612.0 670.8 729.6 788.4 788.4 788.4 808.8 829.2 849.6 870.6 891.0 910.8 910.8 910.8 868.8 826.2 783.6
crearDespacho --mercado --conDemandaTotal
4
0.02 0.07 0.145 1.0
370.0 600.0 2400.0 4000.0
909.79 795.46 681.12 681.12 681.12 755.39 828.68 902.95 976.25 1050.51 1124.78 1124.78 1124.78 1165.83 1205.89 1245.96 1287.0 1328.05 1368.11 1368.11 1368.11 1301.66 1235.21 1169.74 1102.31 1036.83 969.4 969.4 969.4 1023.15 1076.9 1129.67 1183.42 1236.19 1289.93 1289.93 1289.93 1339.77 1389.61 1440.43 1490.26 1541.08 1590.92 1590.92 1590.92 1449.22 1307.52 1164.85 1023.15 881.45 739.76 739.76 739.76 767.12 793.5 820.87 848.23 876.57 902.95 902.95 902.95 932.27 960.61 989.93 1020.22 1048.56 1077.88 1077.88 1077.88 954.75 831.62 708.49 585.36 462.23 340.07 340.07 340.07 479.82 619.56 759.3 899.04 1038.79 1178.53 1178.53 1178.53 1160.94 1143.35 1124.78 1107.19 1089.6 1072.99 1072.99 1072.99 926.41 779.82 633.24 487.63 341.05 193.49 193.49 193.49 294.14 394.8 494.47 594.15 694.81 795.46 795.46 795.46 796.44 797.41 798.39 800.35 801.32 802.3 802.3 802.3 713.37 624.45 535.52 445.61 356.69 267.76 267.76 267.76 415.32 563.86 711.42 859.96 1008.49 1157.03 1157.03 1157.03 1097.42 1038.79 980.15 921.52 861.91 804.25 804.25 804.25 676.24 548.22 420.21 293.17 165.15 37.13 37.13 37.13 80.13 123.13 165.15 208.15 250.17 293.17 293.17 293.17 346.91 400.66 454.41 509.13 562.88 617.6 617.6 617.6 643.99 669.4 694.81 721.19 747.58 772.98 772.98 772.98 816.96 860.93 905.89 949.86 993.84 1038.79 1038.79 1038.79 1003.61 967.45 932.27 897.09 861.91 826.73 826.73 826.73 779.82 731.94 686.01 639.1 591.22 545.29 545.29 545.29 579.49 614.67 649.85 684.06 718.26 753.44 753.44 753.44 726.08 698.71 672.33 644.97 617.6 590.24 590.24 590.24 533.56 476.88 419.23 362.55 304.89 248.21 248.21 248.21 378.19 508.16 638.13 768.1 898.07 1028.04 1028.04 1028.04 1101.33 1175.6 1248.89 1323.16 1396.45 1469.74 1469.74 1469.74 1366.16 1262.57 1159.96 1055.4 951.81 848.23 848.23 848.23 924.45 999.7 1075.92 1153.12 1228.37 1304.59 1304.59 1304.59 1267.46 1230.32 1194.17 1157.03 1119.9 1082.76 1082.76 1082.76 989.93 898.07 804.25 711.42 619.56 526.72 526.72 526.72 617.6 708.49 799.37 890.25 981.13 1072.01 1072.01 1072.01 1085.69 1099.38 1114.03 1127.71 1142.37 1156.05 1156.05 1156.05 1008.49 859.96 712.4 564.83 417.27 269.71 269.71 269.71 352.78 434.86 518.91 601.97 684.06 768.1 768.1 768.1 835.53 904.91 973.31 1042.7 1110.12 1179.51 1179.51 1179.51 1138.46 1096.44 1055.4 1014.36 972.34 931.29 931.29 931.29 966.47 1000.68 1035.86 1071.04 1105.24 1140.42 1140.42 1140.42 1121.85 1104.26 1086.67 1069.08 1051.49 1033.9 1033.9 1033.9 979.18 925.43 872.66 817.94 764.19 709.46 709.46 709.46 805.23 901.0 996.77 1092.53 1188.3 1284.07 1284.07 1284.07 1317.3 1350.52 1383.75 1417.95 1451.18 1483.42 1483.42 1483.42 1415.02 1345.64 1276.25
configurarSolver --Gurobi
resolver --noConstante ejecuciones/bancos/recombinados/v1/directo/sgtm/v1_sgtm_000433.csv
finalizar
