inicializar --t 360
agregarAgente --SaltoGrande
0.001908
1681415995.0
5942.0 5976.0 6010.0 6044.0 6077.0 6075.0 6074.0 6072.0 6071.0 6069.0 6068.0 6066.0 6063.0 6062.0 6060.0 6059.0 6057.0 6056.0 6054.0 6053.0 6050.0 6048.0 6047.0 6045.0 6044.0 6042.0 6041.0 6039.0 6020.0 6003.0 5985.0 5967.0 5949.0 5932.0 5914.0 5896.0 5861.0 5843.0 5825.0 5807.0 5790.0 5772.0 5754.0 5736.0 5701.0 5683.0 5665.0 5648.0 5630.0 5612.0 5594.0 5577.0 5528.0 5497.0 5467.0 5436.0 5405.0 5374.0 5343.0 5312.0 5251.0 5220.0 5189.0 5158.0 5128.0 5097.0 5066.0 5035.0 4974.0 4943.0 4912.0 4881.0 4850.0 4819.0 4789.0 4758.0 4701.0 4675.0 4650.0 4624.0 4598.0 4572.0 4546.0 4520.0 4469.0 4443.0 4417.0 4391.0 4366.0 4340.0 4314.0 4288.0 4237.0 4211.0 4185.0 4159.0 4133.0 4107.0 4082.0 4056.0 4016.0 4003.0 3989.0 3976.0 3962.0 3949.0 3935.0 3922.0 3894.0 3881.0 3867.0 3854.0 3840.0 3827.0 3813.0 3800.0 3772.0 3759.0 3745.0 3732.0 3718.0 3705.0 3691.0 3678.0 3644.0 3623.0 3603.0 3583.0 3562.0 3542.0 3522.0 3501.0 3461.0 3440.0 3420.0 3400.0 3379.0 3359.0 3339.0 3318.0 3278.0 3257.0 3237.0 3217.0 3196.0 3176.0 3156.0 3135.0 3094.0 3073.0 3053.0 3032.0 3011.0 2990.0 2970.0 2949.0 2907.0 2886.0 2866.0 2845.0 2824.0 2803.0 2783.0 2762.0 2720.0 2699.0 2679.0 2658.0 2637.0 2616.0 2596.0 2575.0 2541.0 2527.0 2514.0 2500.0 2487.0 2473.0 2460.0 2446.0 2419.0 2406.0 2392.0 2379.0 2365.0 2352.0 2338.0 2325.0 2298.0 2284.0 2271.0 2257.0 2244.0 2230.0 2217.0 2203.0 2183.0 2175.0 2168.0 2160.0 2153.0 2146.0 2138.0 2131.0 2116.0 2109.0 2101.0 2094.0 2086.0 2079.0 2071.0 2064.0 2049.0 2042.0 2034.0 2027.0 2020.0 2012.0 2005.0 1997.0 1985.0 1981.0 1976.0 1972.0 1967.0 1962.0 1958.0 1953.0 1944.0 1939.0 1935.0 1930.0 1926.0 1921.0 1917.0 1912.0 1903.0 1898.0 1894.0 1889.0 1884.0 1880.0 1875.0 1871.0 1864.0 1862.0 1861.0 1859.0 1857.0 1855.0 1854.0 1852.0 1848.0 1846.0 1845.0 1843.0 1841.0 1839.0 1838.0 1836.0 1832.0 1830.0 1829.0 1827.0 1825.0 1823.0 1822.0 1820.0 1820.0 1822.0 1824.0 1826.0 1829.0 1831.0 1833.0 1835.0 1839.0 1841.0 1843.0 1845.0 1848.0 1850.0 1852.0 1854.0 1858.0 1860.0 1862.0 1864.0 1867.0 1869.0 1871.0 1873.0 1878.0 1882.0 1885.0 1888.0 1892.0 1895.0 1899.0 1902.0 1909.0 1912.0 1915.0 1919.0 1922.0 1926.0 1929.0 1932.0 1939.0 1942.0 1946.0 1949.0 1953.0 1956.0 1959.0 1963.0 1969.0 1973.0 1976.0 1980.0 1983.0 1987.0 1990.0 1994.0 2000.0 2004.0 2007.0 2011.0 2014.0 2018.0 2021.0 2025.0 2031.0 2035.0 2038.0 2042.0 2045.0 2049.0 2052.0 2056.0 2055.0 2051.0 2047.0 2043.0 2039.0 2035.0 2030.0 2026.0 2018.0 2014.0 2010.0 2006.0 2002.0 1998.0 1994.0 1990.0 1982.0 1978.0 1973.0 1969.0
agregarAgente --UnidadTermicaSimple
200.0
100.0
agregarAgente --DemandaFija
465.6 450.6 435.0 426.0 419.4 437.4 455.4 472.2 490.2 508.2 526.2 528.6 534.0 544.2 553.8 564.0 574.2 584.4 594.6 597.6 595.8 582.0 568.8 555.0 541.8 527.4 514.2 508.2 496.8 493.2 489.0 486.0 481.8 478.2 474.6 468.6 468.0 474.0 480.0 484.8 491.4 496.8 503.4 508.2 511.8 506.4 502.2 497.4 493.2 489.0 483.6 481.8 483.6 490.8 497.4 505.2 511.8 519.6 526.2 529.8 535.8 541.2 547.2 552.0 558.0 563.4 569.4 572.4 568.8 563.4 558.0 552.6 547.2 542.4 537.0 531.0 531.6 541.2 551.4 561.6 571.8 582.0 592.2 598.8 610.2 625.2 640.2 655.8 671.4 687.0 702.6 707.4 712.2 699.0 685.2 672.0 658.8 644.4 631.2 631.2 627.0 625.2 624.0 622.2 621.0 619.2 617.4 612.6 606.6 615.6 624.0 632.4 640.8 649.2 657.6 656.4 658.2 648.6 639.0 630.0 619.8 610.8 601.2 604.2 609.0 607.8 606.6 605.4 604.2 603.0 601.8 604.2 608.4 601.8 594.0 586.8 579.6 572.4 565.2 567.0 568.2 567.0 566.4 565.2 564.0 562.8 562.2 561.6 562.2 565.8 570.0 573.6 577.2 582.0 585.0 585.6 586.2 586.2 587.4 588.0 588.6 589.8 591.0 589.8 585.6 576.6 567.0 558.0 549.0 540.0 530.4 526.8 521.4 518.4 515.4 513.0 509.4 506.4 502.8 501.0 499.2 505.8 511.8 518.4 525.0 531.6 538.8 538.8 535.8 511.8 487.8 463.8 439.8 415.2 391.8 388.2 382.8 380.4 378.6 376.8 374.4 372.0 370.8 367.8 369.0 375.0 380.4 387.0 393.0 398.4 404.4 408.0 407.4 401.4 394.8 388.8 382.8 376.8 370.2 366.6 369.0 375.6 381.6 387.6 394.8 400.8 407.4 414.0 418.8 418.2 417.0 416.4 415.2 414.6 414.0 412.8 408.0 405.0 402.0 399.0 395.4 393.0 389.4 385.8 385.8 385.8 385.8 385.2 385.2 385.2 384.6 388.8 393.0 397.2 400.8 405.6 409.2 413.4 417.0 417.6 411.0 406.2 400.8 395.4 390.6 385.2 379.8 373.2 370.8 391.8 412.8 433.2 454.2 474.6 495.6 499.8 505.2 513.6 522.0 530.4 538.2 546.6 555.6 557.4 547.2 520.8 495.0 468.6 442.8 416.4 390.6 379.2 371.4 380.4 389.4 398.4 408.0 417.0 426.6 429.6 437.4 448.2 459.0 469.8 480.6 492.0 502.8 508.2 504.6 489.6 474.6 460.2 445.2 430.8 415.8 407.4 403.8 409.2 415.2 420.6 426.6 432.0 438.0 442.8 449.4 453.6 457.8 462.0 465.6 469.8 474.0 475.8 468.6 455.4 442.8 429.6 416.4 403.2 390.6 381.0 372.0 376.8 381.0 385.2 389.4 393.6 398.4 398.4 400.8 405.6 409.8 414.0 418.2 422.4 427.2 430.2 427.8 414.6 400.2 386.4
crearDespacho --mercado --conDemandaTotal
4
0.02 0.07 0.145 1.0
370.0 600.0 2400.0 4000.0
649.26 628.35 606.59 594.04 584.84 609.94 635.04 658.47 683.57 708.67 733.77 737.11 744.64 758.87 772.25 786.48 800.7 814.92 829.15 833.33 830.82 811.58 793.17 773.93 755.52 735.44 717.03 708.67 692.77 687.75 681.89 677.71 671.85 666.83 661.81 653.45 652.61 660.98 669.34 676.04 685.24 692.77 701.97 708.67 713.69 706.16 700.3 693.61 687.75 681.89 674.36 671.85 674.36 684.4 693.61 704.48 713.69 724.56 733.77 738.79 747.15 754.68 763.05 769.74 778.11 785.64 794.01 798.19 793.17 785.64 778.11 770.58 763.05 756.36 748.83 740.46 741.3 754.68 768.91 783.13 797.35 811.58 825.8 835.0 850.9 871.82 892.74 914.49 936.24 958.0 979.75 986.44 993.14 974.73 955.49 937.08 918.67 898.59 880.19 880.19 874.33 871.82 870.15 867.64 865.96 863.45 860.94 854.25 845.88 858.43 870.15 881.86 893.57 905.29 917.0 915.33 917.84 904.45 891.06 878.51 864.29 851.74 838.35 842.54 849.23 847.56 845.88 844.21 842.54 840.86 839.19 842.54 848.39 839.19 828.31 818.27 808.23 798.19 788.15 790.66 792.33 790.66 789.82 788.15 786.48 784.8 783.97 783.13 783.97 788.99 794.84 799.86 804.88 811.58 815.76 816.6 817.43 817.43 819.11 819.94 820.78 822.45 824.13 822.45 816.6 804.05 790.66 778.11 765.56 753.01 739.62 734.6 727.07 722.89 718.71 715.36 710.34 706.16 701.14 698.63 696.12 705.32 713.69 722.89 732.09 741.3 751.34 751.34 747.15 713.69 680.22 646.75 613.29 578.98 546.35 541.33 533.8 530.45 527.94 525.43 522.09 518.74 517.07 512.88 514.56 522.92 530.45 539.66 548.02 555.55 563.92 568.94 568.1 559.74 550.53 542.17 533.8 525.43 516.23 511.21 514.56 523.76 532.13 540.49 550.53 558.9 568.1 577.31 584.0 583.16 581.49 580.65 578.98 578.14 577.31 575.63 568.94 564.76 560.57 556.39 551.37 548.02 543.0 537.98 537.98 537.98 537.98 537.15 537.15 537.15 536.31 542.17 548.02 553.88 558.9 565.59 570.61 576.47 581.49 582.33 573.12 566.43 558.9 551.37 544.68 537.15 529.62 520.41 517.07 546.35 575.63 604.08 633.37 661.81 691.1 696.95 704.48 716.2 727.91 739.62 750.5 762.21 774.76 777.27 763.05 726.24 690.26 653.45 617.47 580.65 544.68 528.78 517.9 530.45 543.0 555.55 568.94 581.49 594.88 599.06 609.94 625.0 640.06 655.12 670.18 686.08 701.14 708.67 703.65 682.73 661.81 641.73 620.82 600.74 579.82 568.1 563.08 570.61 578.98 586.51 594.88 602.41 610.78 617.47 626.67 632.53 638.39 644.24 649.26 655.12 660.98 663.49 653.45 635.04 617.47 599.06 580.65 562.25 544.68 531.29 518.74 525.43 531.29 537.15 543.0 548.86 555.55 555.55 558.9 565.59 571.45 577.31 583.16 589.02 595.71 599.9 596.55 578.14 558.06 538.82
configurarSolver --Gurobi
resolver --noConstante ejecuciones/bancos/recombinados/v1/directo/sgtm/v1_sgtm_000153.csv
finalizar
