inicializar --t 360
agregarAgente --SaltoGrande
0.0017
1696918051.0
2524.0 2527.0 2529.0 2532.0 2550.0 2566.0 2582.0 2598.0 2613.0 2629.0 2645.0 2661.0 2693.0 2709.0 2725.0 2741.0 2756.0 2772.0 2788.0 2804.0 2836.0 2852.0 2868.0 2884.0 2899.0 2915.0 2931.0 2947.0 2992.0 3022.0 3051.0 3080.0 3110.0 3139.0 3169.0 3198.0 3257.0 3286.0 3315.0 3345.0 3374.0 3404.0 3433.0 3462.0 3521.0 3550.0 3580.0 3609.0 3639.0 3668.0 3697.0 3727.0 3836.0 3916.0 3996.0 4076.0 4156.0 4236.0 4315.0 4395.0 4555.0 4635.0 4715.0 4795.0 4875.0 4955.0 5035.0 5115.0 5275.0 5355.0 5434.0 5514.0 5594.0 5674.0 5754.0 5834.0 5880.0 5847.0 5813.0 5780.0 5746.0 5713.0 5679.0 5646.0 5578.0 5545.0 5511.0 5478.0 5444.0 5411.0 5377.0 5344.0 5276.0 5243.0 5209.0 5176.0 5142.0 5109.0 5075.0 5042.0 5002.0 4996.0 4990.0 4984.0 4977.0 4971.0 4965.0 4959.0 4947.0 4941.0 4935.0 4929.0 4922.0 4916.0 4910.0 4904.0 4892.0 4886.0 4880.0 4874.0 4867.0 4861.0 4855.0 4849.0 4844.0 4844.0 4845.0 4846.0 4847.0 4847.0 4848.0 4849.0 4850.0 4851.0 4852.0 4853.0 4853.0 4854.0 4855.0 4856.0 4857.0 4858.0 4859.0 4859.0 4860.0 4861.0 4862.0 4862.0 4892.0 4921.0 4950.0 4979.0 5008.0 5037.0 5066.0 5095.0 5153.0 5182.0 5211.0 5240.0 5268.0 5297.0 5326.0 5355.0 5413.0 5442.0 5471.0 5500.0 5529.0 5558.0 5587.0 5616.0 5694.0 5743.0 5793.0 5842.0 5891.0 5940.0 5989.0 6038.0 6137.0 6186.0 6235.0 6284.0 6334.0 6383.0 6432.0 6481.0 6580.0 6629.0 6678.0 6727.0 6776.0 6825.0 6875.0 6924.0 7007.0 7041.0 7076.0 7110.0 7144.0 7178.0 7212.0 7246.0 7315.0 7349.0 7383.0 7417.0 7452.0 7486.0 7520.0 7554.0 7623.0 7657.0 7691.0 7725.0 7759.0 7793.0 7828.0 7862.0 7929.0 7962.0 7996.0 8029.0 8062.0 8095.0 8129.0 8162.0 8228.0 8261.0 8295.0 8328.0 8361.0 8394.0 8428.0 8461.0 8527.0 8560.0 8594.0 8627.0 8660.0 8693.0 8727.0 8760.0 8809.0 8826.0 8842.0 8858.0 8874.0 8891.0 8907.0 8923.0 8956.0 8972.0 8989.0 9005.0 9021.0 9037.0 9054.0 9070.0 9103.0 9119.0 9135.0 9152.0 9168.0 9184.0 9200.0 9217.0 9234.0 9236.0 9237.0 9239.0 9240.0 9242.0 9243.0 9245.0 9248.0 9249.0 9251.0 9252.0 9254.0 9255.0 9257.0 9258.0 9261.0 9263.0 9264.0 9266.0 9267.0 9269.0 9270.0 9272.0 9239.0 9205.0 9172.0 9138.0 9104.0 9070.0 9037.0 9003.0 8935.0 8901.0 8868.0 8834.0 8800.0 8766.0 8733.0 8699.0 8631.0 8597.0 8564.0 8530.0 8496.0 8462.0 8429.0 8395.0 8324.0 8287.0 8250.0 8213.0 8177.0 8140.0 8103.0 8066.0 7992.0 7955.0 7918.0 7881.0 7845.0 7808.0 7771.0 7734.0 7660.0 7623.0 7586.0 7549.0 7513.0 7476.0 7439.0 7402.0 7332.0 7298.0 7265.0 7231.0 7198.0 7164.0 7131.0 7097.0 7030.0 6997.0 6963.0 6930.0 6896.0 6863.0 6829.0 6796.0 6729.0 6695.0 6662.0 6628.0
agregarAgente --UnidadTermicaSimple
200.0
100.0
agregarAgente --DemandaFija
473.7 462.0 449.4 440.4 436.8 444.9 452.1 459.3 466.5 474.6 481.8 487.2 495.3 507.0 519.6 530.4 542.1 554.7 566.4 568.2 564.6 565.5 566.4 568.2 570.0 570.9 572.7 566.4 564.6 564.6 563.7 562.8 562.8 562.8 562.8 565.5 570.0 585.3 600.6 615.0 629.4 643.8 659.1 659.1 651.0 671.7 693.3 714.0 735.6 756.3 777.9 768.9 760.8 773.4 786.0 797.7 810.3 822.9 835.5 836.4 840.0 855.3 871.5 888.6 903.9 920.1 935.4 938.1 934.5 883.2 832.8 781.5 731.1 679.8 628.5 622.2 610.5 581.7 554.7 526.8 498.0 471.0 442.2 437.7 436.8 435.0 435.0 435.0 434.1 434.1 433.2 436.8 429.6 412.5 396.3 380.1 363.9 347.7 330.6 319.8 312.6 334.2 356.7 379.2 401.7 424.2 446.7 449.4 458.4 477.3 497.1 516.0 535.8 555.6 574.5 579.9 573.6 546.6 520.5 494.4 466.5 441.3 413.4 402.6 397.2 402.6 408.0 414.3 420.6 426.9 432.3 437.7 447.6 451.2 456.6 461.1 465.6 470.1 473.7 480.0 477.3 471.9 465.6 458.4 451.2 445.8 438.6 431.4 435.0 438.6 443.1 447.6 453.0 457.5 462.9 472.8 484.5 479.1 474.6 470.1 464.7 460.2 455.7 457.5 444.9 445.8 444.0 443.1 442.2 441.3 440.4 426.0 422.4 439.5 457.5 475.5 493.5 511.5 528.6 539.4 552.9 564.6 575.4 585.3 597.0 606.9 616.8 620.4 606.9 588.0 569.1 549.3 530.4 510.6 489.9 472.8 462.9 466.5 471.0 474.6 478.2 481.8 484.5 492.6 506.1 510.6 516.0 520.5 525.9 530.4 535.8 542.1 539.4 523.2 507.0 490.8 474.6 458.4 443.1 433.2 414.3 404.4 395.4 385.5 376.5 366.6 356.7 347.7 339.6 342.3 344.1 345.9 348.6 350.4 351.3 354.0 350.4 351.3 351.3 351.3 351.3 351.3 350.4 345.9 340.5 344.1 346.8 350.4 353.1 357.6 361.2 361.2 363.9 366.6 370.2 372.9 376.5 381.0 383.7 386.4 389.1 371.1 354.9 337.8 320.7 303.6 287.4 287.4 287.4 279.3 270.3 263.1 254.1 246.0 237.9 237.9 240.6 262.2 284.7 306.3 327.9 350.4 372.0 372.9 371.1 341.4 309.9 279.3 248.7 217.2 187.5 184.8 182.1 215.4 248.7 283.8 317.1 351.3 385.5 386.4 388.2 390.9 392.7 396.3 398.1 401.7 403.5 405.3 404.4 369.3 335.1 300.0 264.0 228.9 194.7 192.0 190.2 220.8 251.4 281.1 311.7 341.4 372.0 372.9 378.3 381.9 385.5 388.2 391.8 395.4 398.1 402.6 402.6 389.1 374.7 361.2 347.7 333.3 319.8 316.2 313.5 349.5 384.6 420.6 454.8 490.8 526.8 527.7 533.1 536.7 539.4 543.9 546.6 551.1 553.8 558.3 557.4 520.5 483.6 445.8
crearDespacho --mercado --conDemandaTotal
4
0.02 0.07 0.145 1.0
370.0 600.0 2400.0 4000.0
727.82 709.85 690.49 676.66 671.13 683.57 694.63 705.7 716.76 729.2 740.27 748.56 761.01 778.99 798.35 814.94 832.92 852.28 870.25 873.02 867.49 868.87 870.25 873.02 875.78 877.17 879.93 870.25 867.49 867.49 866.1 864.72 864.72 864.72 864.72 868.87 875.78 899.29 922.8 944.92 967.05 989.17 1012.68 1012.68 1000.24 1032.04 1065.23 1097.03 1130.22 1162.03 1195.21 1181.39 1168.94 1188.3 1207.66 1225.64 1245.0 1264.35 1283.71 1285.1 1290.63 1314.14 1339.03 1365.3 1388.81 1413.7 1437.21 1441.36 1435.82 1357.0 1279.57 1200.75 1123.31 1044.49 965.67 955.99 938.01 893.76 852.28 809.41 765.16 723.67 679.42 672.51 671.13 668.36 668.36 668.36 666.98 666.98 665.6 671.13 660.06 633.79 608.9 584.01 559.12 534.23 507.95 491.36 480.3 513.49 548.06 582.63 617.2 651.77 686.34 690.49 704.31 733.35 763.78 792.81 823.24 853.66 882.7 890.99 881.31 839.83 799.73 759.63 716.76 678.04 635.17 618.58 610.28 618.58 626.88 636.56 646.24 655.92 664.21 672.51 687.72 693.25 701.55 708.46 715.38 722.29 727.82 737.5 733.35 725.06 715.38 704.31 693.25 684.95 673.89 662.83 668.36 673.89 680.81 687.72 696.02 702.93 711.23 726.44 744.42 736.12 729.2 722.29 713.99 707.08 700.17 702.93 683.57 684.95 682.19 680.81 679.42 678.04 676.66 654.53 649.0 675.28 702.93 730.59 758.24 785.9 812.17 828.77 849.51 867.49 884.08 899.29 917.27 932.48 947.69 953.22 932.48 903.44 874.4 843.98 814.94 784.52 752.71 726.44 711.23 716.76 723.67 729.2 734.74 740.27 744.42 756.86 777.6 784.52 792.81 799.73 808.03 814.94 823.24 832.92 828.77 803.88 778.99 754.1 729.2 704.31 680.81 665.6 636.56 621.35 607.52 592.31 578.48 563.27 548.06 534.23 521.78 525.93 528.7 531.46 535.61 538.38 539.76 543.91 538.38 539.76 539.76 539.76 539.76 539.76 538.38 531.46 523.17 528.7 532.85 538.38 542.52 549.44 554.97 554.97 559.12 563.27 568.8 572.95 578.48 585.39 589.54 593.69 597.84 570.18 545.29 519.02 492.74 466.47 441.58 441.58 441.58 429.13 415.31 404.24 390.42 377.97 365.52 365.52 369.67 402.86 437.43 470.62 503.81 538.38 571.56 572.95 570.18 524.55 476.15 429.13 382.12 333.72 288.09 283.94 279.79 330.95 382.12 436.05 487.21 539.76 592.31 593.69 596.45 600.6 603.37 608.9 611.67 617.2 619.96 622.73 621.35 567.42 514.87 460.94 405.63 351.7 299.15 295.0 292.24 339.25 386.27 431.9 478.92 524.55 571.56 572.95 581.24 586.77 592.31 596.45 601.99 607.52 611.67 618.58 618.58 597.84 575.71 554.97 534.23 512.1 491.36 485.83 481.68 536.99 590.92 646.24 698.78 754.1 809.41 810.79 819.09 824.62 828.77 835.68 839.83 846.74 850.89 857.81 856.42 799.73 743.03 684.95
configurarSolver --Gurobi
resolver --noConstante ejecuciones/bancos/recombinados/v1/directo/sgtm/v1_sgtm_000189.csv
finalizar
