inicializar --t 360
agregarAgente --SaltoGrande
0.000124
2688826244.0
2958.0 2954.0 2950.0 2945.0 2950.0 2958.0 2967.0 2976.0 2984.0 2993.0 3001.0 3010.0 3027.0 3036.0 3045.0 3053.0 3062.0 3070.0 3079.0 3088.0 3105.0 3114.0 3122.0 3131.0 3139.0 3148.0 3157.0 3165.0 3161.0 3149.0 3136.0 3123.0 3110.0 3098.0 3085.0 3072.0 3047.0 3034.0 3022.0 3009.0 2996.0 2983.0 2971.0 2958.0 2933.0 2920.0 2907.0 2895.0 2882.0 2869.0 2856.0 2844.0 2810.0 2789.0 2769.0 2748.0 2727.0 2706.0 2686.0 2665.0 2623.0 2602.0 2582.0 2561.0 2540.0 2519.0 2499.0 2478.0 2436.0 2415.0 2395.0 2374.0 2353.0 2332.0 2312.0 2291.0 2284.0 2299.0 2313.0 2327.0 2342.0 2356.0 2370.0 2385.0 2413.0 2428.0 2442.0 2456.0 2471.0 2485.0 2499.0 2514.0 2542.0 2557.0 2571.0 2585.0 2600.0 2614.0 2628.0 2643.0 2676.0 2695.0 2714.0 2733.0 2752.0 2771.0 2790.0 2809.0 2847.0 2866.0 2885.0 2904.0 2924.0 2943.0 2962.0 2981.0 3019.0 3038.0 3057.0 3076.0 3095.0 3114.0 3133.0 3152.0 3183.0 3194.0 3206.0 3217.0 3229.0 3240.0 3252.0 3263.0 3286.0 3298.0 3309.0 3321.0 3332.0 3344.0 3355.0 3367.0 3390.0 3401.0 3413.0 3424.0 3436.0 3447.0 3459.0 3470.0 3485.0 3489.0 3492.0 3496.0 3499.0 3503.0 3506.0 3510.0 3516.0 3520.0 3523.0 3527.0 3530.0 3534.0 3537.0 3541.0 3547.0 3551.0 3554.0 3558.0 3561.0 3565.0 3568.0 3572.0 3565.0 3556.0 3546.0 3536.0 3526.0 3517.0 3507.0 3497.0 3478.0 3468.0 3458.0 3448.0 3439.0 3429.0 3419.0 3409.0 3390.0 3380.0 3370.0 3361.0 3351.0 3341.0 3331.0 3322.0 3351.0 3390.0 3428.0 3467.0 3506.0 3545.0 3583.0 3622.0 3700.0 3739.0 3777.0 3816.0 3855.0 3894.0 3932.0 3971.0 4049.0 4088.0 4126.0 4165.0 4204.0 4243.0 4281.0 4320.0 4520.0 4680.0 4841.0 5002.0 5163.0 5323.0 5484.0 5645.0 5966.0 6127.0 6288.0 6449.0 6609.0 6770.0 6931.0 7092.0 7413.0 7574.0 7735.0 7895.0 8056.0 8217.0 8378.0 8538.0 8774.0 8850.0 8925.0 9000.0 9075.0 9151.0 9226.0 9301.0 9452.0 9527.0 9602.0 9677.0 9753.0 9828.0 9903.0 9978.0 10129.0 10204.0 10279.0 10355.0 10430.0 10505.0 10580.0 10656.0 10773.0 10814.0 10856.0 10897.0 10939.0 10981.0 11022.0 11064.0 11147.0 11189.0 11230.0 11272.0 11313.0 11355.0 11396.0 11438.0 11521.0 11563.0 11604.0 11646.0 11688.0 11729.0 11771.0 11812.0 11871.0 11888.0 11904.0 11921.0 11938.0 11955.0 11971.0 11988.0 12022.0 12039.0 12055.0 12072.0 12089.0 12106.0 12122.0 12139.0 12173.0 12190.0 12206.0 12223.0 12240.0 12257.0 12273.0 12290.0 12308.0 12310.0 12311.0 12313.0 12314.0 12316.0 12317.0 12319.0 12321.0 12323.0 12324.0 12326.0 12327.0 12329.0 12330.0 12332.0 12334.0 12336.0 12337.0 12339.0 12340.0 12342.0 12343.0 12345.0 12357.0 12367.0 12378.0 12389.0 12399.0 12410.0 12420.0 12431.0 12452.0 12463.0 12474.0 12484.0 12495.0 12505.0 12516.0 12527.0 12548.0 12559.0 12569.0 12580.0
agregarAgente --UnidadTermicaSimple
200.0
100.0
agregarAgente --DemandaFija
442.2 422.4 402.6 399.0 396.3 389.1 381.0 372.9 365.7 357.6 349.5 349.5 353.1 349.5 346.8 344.1 340.5 337.8 335.1 337.8 338.7 341.4 345.0 349.5 353.1 356.7 360.3 358.5 360.3 364.8 369.3 373.8 379.2 383.7 388.2 390.9 400.8 412.5 423.3 433.2 444.0 454.8 465.6 473.7 471.9 453.9 435.9 417.9 399.0 381.9 363.0 354.9 347.7 359.4 371.1 383.7 395.4 408.0 419.7 420.6 417.0 412.5 408.0 403.5 399.9 396.3 390.9 386.4 380.1 354.9 330.6 305.4 280.2 255.9 230.7 228.0 231.6 230.7 228.9 228.9 227.1 226.2 224.4 230.7 245.1 254.1 262.2 271.2 280.2 290.1 299.1 308.1 300.0 311.7 323.4 336.0 348.6 360.3 372.9 355.8 343.2 343.2 342.3 342.3 342.3 341.4 340.5 345.0 357.6 363.9 370.2 376.5 381.9 388.2 394.5 401.7 399.9 406.2 412.5 418.8 426.0 431.4 437.7 427.8 417.0 417.0 417.9 417.9 417.9 417.9 417.0 416.1 426.0 404.4 382.8 361.2 338.7 318.0 296.4 306.3 306.3 314.4 321.6 328.8 336.0 343.2 351.3 340.5 333.3 341.4 348.6 356.7 364.8 372.0 380.1 383.7 390.0 393.6 397.2 400.8 404.4 408.9 412.5 416.1 414.3 403.5 391.8 381.0 370.2 358.5 347.7 342.3 348.6 346.8 346.8 345.0 344.1 343.2 342.3 353.1 363.9 362.1 360.3 359.4 358.5 356.7 356.7 355.8 343.2 363.0 382.8 401.7 421.5 441.3 462.0 449.4 444.0 483.6 522.3 561.9 601.5 641.1 679.8 686.1 689.7 712.2 733.8 755.4 776.1 797.7 819.3 816.6 805.8 782.4 759.0 736.5 713.1 690.6 667.2 659.1 659.1 677.1 695.1 712.2 731.1 749.1 767.1 775.2 785.1 786.9 787.8 790.5 792.3 794.1 795.9 795.9 787.8 750.0 714.0 677.1 640.2 603.3 566.4 556.5 555.6 592.5 628.5 663.6 699.6 736.5 772.5 779.7 790.5 786.9 784.2 780.6 776.1 774.3 770.7 773.4 768.0 751.8 735.6 719.4 704.1 687.0 670.8 663.6 660.0 677.1 692.4 708.6 725.7 741.0 757.2 761.7 769.8 755.4 741.0 725.7 711.3 696.0 681.6 686.1 685.2 675.3 664.5 654.6 643.8 633.9 623.1 617.7 613.2 632.1 651.9 670.8 689.7 709.5 728.4 730.2 736.5 733.8 730.2 726.6 723.0 720.3 716.7 721.2 721.2 687.9 654.6 621.3 588.0 554.7 522.3 517.8 515.1 495.3 475.5 455.7 435.9 416.1 397.2 398.1 410.7 427.8 444.0 461.1 477.3 493.5 509.7 521.4 521.4 497.1 473.7 450.3 426.0 402.6 377.4 366.6 361.2 354.9 348.6 342.3 335.1 328.8 322.5 327.9 338.7 360.3 381.0 402.6 423.3 445.8 466.5 471.9 466.5 468.3 471.0 473.7
crearDespacho --mercado --conDemandaTotal
4
0.02 0.07 0.145 1.0
370.0 600.0 2400.0 4000.0
693.71 662.64 631.58 625.94 621.7 610.4 597.7 584.99 573.7 560.99 548.28 548.28 553.93 548.28 544.05 539.81 534.16 529.93 525.69 529.93 531.34 535.57 541.22 548.28 553.93 559.58 565.22 562.4 565.22 572.28 579.34 586.4 594.87 601.93 608.99 613.23 628.76 647.11 664.06 679.59 696.53 713.47 730.41 743.12 740.3 712.06 683.82 655.58 625.94 599.11 569.46 556.75 545.46 563.81 582.17 601.93 620.29 640.05 658.41 659.82 654.17 647.11 640.05 632.99 627.35 621.7 613.23 606.17 596.29 556.75 518.63 479.1 439.57 401.45 361.91 357.68 363.32 361.91 359.09 359.09 356.27 354.85 352.03 361.91 384.5 398.62 411.33 425.45 439.57 455.1 469.22 483.33 470.63 488.98 507.34 527.1 546.87 565.22 584.99 558.16 538.4 538.4 536.99 536.99 536.99 535.57 534.16 541.22 560.99 570.87 580.75 590.64 599.11 608.99 618.88 630.17 627.35 637.23 647.11 657.0 668.29 676.76 686.65 671.12 654.17 654.17 655.58 655.58 655.58 655.58 654.17 652.76 668.29 634.41 600.52 566.64 531.34 498.87 464.98 480.51 480.51 493.22 504.51 515.81 527.1 538.4 551.11 534.16 522.87 535.57 546.87 559.58 572.28 583.58 596.29 601.93 611.82 617.46 623.11 628.76 634.41 641.47 647.11 652.76 649.94 632.99 614.64 597.7 580.75 562.4 545.46 536.99 546.87 544.05 544.05 541.22 539.81 538.4 536.99 553.93 570.87 568.05 565.22 563.81 562.4 559.58 559.58 558.16 538.4 569.46 600.52 630.17 661.23 692.29 724.77 705.0 696.53 758.65 819.36 881.49 943.61 1005.73 1066.44 1076.33 1081.97 1117.27 1151.16 1185.04 1217.51 1251.4 1285.28 1281.05 1264.11 1227.4 1190.69 1155.39 1118.68 1083.39 1046.68 1033.97 1033.97 1062.21 1090.44 1117.27 1146.92 1175.16 1203.4 1216.1 1231.63 1234.46 1235.87 1240.1 1242.93 1245.75 1248.58 1248.58 1235.87 1176.57 1120.09 1062.21 1004.32 946.43 888.55 873.01 871.6 929.49 985.97 1041.03 1097.5 1155.39 1211.87 1223.16 1240.1 1234.46 1230.22 1224.57 1217.51 1214.69 1209.04 1213.28 1204.81 1179.39 1153.98 1128.57 1104.56 1077.74 1052.32 1041.03 1035.38 1062.21 1086.21 1111.62 1138.45 1162.45 1187.86 1194.92 1207.63 1185.04 1162.45 1138.45 1115.86 1091.86 1069.27 1076.33 1074.91 1059.38 1042.44 1026.91 1009.97 994.44 977.49 969.02 961.96 991.61 1022.67 1052.32 1081.97 1113.03 1142.68 1145.51 1155.39 1151.16 1145.51 1139.86 1134.21 1129.98 1124.33 1131.39 1131.39 1079.15 1026.91 974.67 922.43 870.19 819.36 812.3 808.07 777.01 745.95 714.88 683.82 652.76 623.11 624.52 644.29 671.12 696.53 723.36 748.77 774.18 799.6 817.95 817.95 779.83 743.12 706.41 668.29 631.58 592.05 575.11 566.64 556.75 546.87 536.99 525.69 515.81 505.92 514.4 531.34 565.22 597.7 631.58 664.06 699.35 731.83 740.3 731.83 734.65 738.89 743.12
configurarSolver --Gurobi
resolver --noConstante ejecuciones/bancos/recombinados/v1/directo/sgtm/v1_sgtm_000411.csv
finalizar
