inicializar --t 360
agregarAgente --SaltoGrande
0.000173
2032464238.0
9542.0 9596.0 9651.0 9705.0 9773.0 9786.0 9799.0 9812.0 9826.0 9839.0 9852.0 9865.0 9891.0 9904.0 9917.0 9930.0 9944.0 9957.0 9970.0 9983.0 10009.0 10022.0 10035.0 10048.0 10062.0 10075.0 10088.0 10101.0 10110.0 10106.0 10102.0 10097.0 10093.0 10089.0 10085.0 10081.0 10073.0 10068.0 10064.0 10060.0 10056.0 10052.0 10048.0 10043.0 10035.0 10031.0 10027.0 10023.0 10019.0 10014.0 10010.0 10006.0 9993.0 9984.0 9975.0 9966.0 9957.0 9948.0 9939.0 9930.0 9912.0 9903.0 9894.0 9885.0 9876.0 9867.0 9858.0 9849.0 9831.0 9822.0 9813.0 9804.0 9795.0 9786.0 9777.0 9768.0 9705.0 9651.0 9596.0 9542.0 9488.0 9434.0 9380.0 9326.0 9217.0 9163.0 9109.0 9055.0 9000.0 8946.0 8892.0 8838.0 8729.0 8675.0 8621.0 8567.0 8513.0 8459.0 8404.0 8350.0 8257.0 8218.0 8179.0 8140.0 8101.0 8062.0 8023.0 7984.0 7906.0 7867.0 7828.0 7789.0 7751.0 7712.0 7673.0 7634.0 7556.0 7517.0 7478.0 7439.0 7400.0 7361.0 7322.0 7283.0 7210.0 7177.0 7143.0 7109.0 7075.0 7042.0 7008.0 6974.0 6907.0 6873.0 6839.0 6805.0 6772.0 6738.0 6704.0 6670.0 6603.0 6569.0 6535.0 6502.0 6468.0 6434.0 6400.0 6367.0 6302.0 6271.0 6240.0 6208.0 6177.0 6146.0 6115.0 6084.0 6022.0 5990.0 5959.0 5928.0 5897.0 5866.0 5835.0 5803.0 5741.0 5710.0 5679.0 5648.0 5617.0 5585.0 5554.0 5523.0 5481.0 5470.0 5459.0 5448.0 5437.0 5426.0 5415.0 5404.0 5382.0 5371.0 5360.0 5349.0 5339.0 5328.0 5317.0 5306.0 5284.0 5273.0 5262.0 5251.0 5240.0 5229.0 5218.0 5207.0 5196.0 5195.0 5195.0 5194.0 5194.0 5194.0 5193.0 5193.0 5192.0 5192.0 5191.0 5191.0 5190.0 5190.0 5189.0 5189.0 5188.0 5188.0 5187.0 5187.0 5187.0 5186.0 5186.0 5185.0 5187.0 5190.0 5192.0 5194.0 5197.0 5199.0 5201.0 5204.0 5208.0 5211.0 5213.0 5215.0 5218.0 5220.0 5222.0 5225.0 5229.0 5232.0 5234.0 5236.0 5239.0 5241.0 5243.0 5246.0 5252.0 5257.0 5261.0 5265.0 5269.0 5274.0 5278.0 5282.0 5291.0 5295.0 5299.0 5303.0 5308.0 5312.0 5316.0 5320.0 5329.0 5333.0 5337.0 5342.0 5346.0 5350.0 5354.0 5359.0 5354.0 5346.0 5337.0 5328.0 5319.0 5311.0 5302.0 5293.0 5276.0 5267.0 5259.0 5250.0 5241.0 5232.0 5224.0 5215.0 5198.0 5189.0 5180.0 5172.0 5163.0 5154.0 5145.0 5137.0 5126.0 5123.0 5121.0 5118.0 5116.0 5113.0 5111.0 5108.0 5103.0 5101.0 5098.0 5096.0 5093.0 5091.0 5088.0 5086.0 5081.0 5078.0 5076.0 5073.0 5071.0 5068.0 5066.0 5063.0 5058.0 5055.0 5052.0 5049.0 5047.0 5044.0 5041.0 5038.0 5032.0 5029.0 5026.0 5023.0 5021.0 5018.0 5015.0 5012.0 5006.0 5003.0 5000.0 4997.0 4995.0 4992.0 4989.0 4986.0 4984.0 4984.0 4985.0 4986.0 4986.0 4987.0 4987.0 4988.0 4989.0 4990.0 4991.0 4991.0 4992.0 4992.0 4993.0 4994.0 4995.0 4996.0 4996.0 4997.0
agregarAgente --UnidadTermicaSimple
200.0
100.0
agregarAgente --DemandaFija
258.6 190.8 122.4 122.4 122.4 146.4 169.8 193.2 217.2 240.6 264.0 264.0 264.0 265.8 267.6 269.4 271.2 273.0 274.8 274.8 274.8 232.2 189.0 146.4 103.8 61.2 18.0 18.0 18.0 47.4 76.2 105.6 135.0 163.8 192.6 192.6 192.6 206.4 220.2 233.4 246.6 259.8 273.0 273.0 273.0 232.2 190.8 150.0 108.0 67.2 25.8 25.8 25.8 58.2 90.0 121.8 154.2 186.0 218.4 218.4 218.4 257.4 297.0 336.0 375.6 414.6 454.2 454.2 454.2 417.6 381.6 344.4 308.4 271.8 235.2 235.2 235.2 283.2 331.2 379.2 426.6 475.2 522.6 522.6 522.6 559.8 596.4 633.0 669.6 706.8 743.4 743.4 743.4 694.8 646.8 597.6 549.6 501.0 453.0 453.0 453.0 505.2 558.0 610.2 663.6 716.4 768.6 768.6 768.6 780.0 791.4 802.2 813.6 824.4 835.8 835.8 835.8 794.4 751.8 710.4 668.4 627.0 585.0 585.0 585.0 612.0 640.2 667.8 694.8 723.0 750.0 750.0 750.0 775.8 802.2 827.4 853.2 879.0 904.8 904.8 904.8 846.6 789.0 730.8 672.6 613.8 556.2 556.2 556.2 557.4 558.0 558.6 559.2 559.8 561.0 561.0 561.0 538.2 514.8 492.0 469.2 446.4 423.6 423.6 423.6 365.4 308.4 250.8 193.2 135.6 78.0 78.0 78.0 111.0 145.2 178.2 212.4 245.4 279.0 279.0 279.0 305.4 331.2 357.0 383.4 409.2 435.0 435.0 435.0 402.0 367.8 334.2 300.6 266.4 233.4 233.4 233.4 273.0 313.2 352.8 393.0 432.6 472.8 472.8 472.8 472.2 471.0 469.8 469.2 468.0 467.4 467.4 467.4 415.8 364.2 313.2 261.6 210.6 159.6 159.6 159.6 230.4 301.8 372.6 443.4 514.2 585.6 585.6 585.6 556.8 528.0 499.2 471.0 441.6 413.4 413.4 413.4 369.6 325.2 280.2 236.4 192.0 148.2 148.2 148.2 207.6 266.4 325.8 385.8 444.6 504.0 504.0 504.0 552.6 600.6 649.2 697.8 745.8 794.4 794.4 794.4 715.8 637.2 558.6 480.0 401.4 322.8 322.8 322.8 340.8 359.4 378.0 396.6 414.6 433.2 433.2 433.2 472.8 511.8 552.0 591.0 630.6 669.6 669.6 669.6 637.2 604.2 571.8 539.4 506.4 474.0 474.0 474.0 486.6 499.2 511.2 523.8 537.0 549.6 549.6 549.6 500.4 450.6 401.4 352.2 303.0 253.2 253.2 253.2 214.2 174.0 135.0 94.8 55.2 15.6 15.6 15.6 59.4 102.6 146.4 189.6 233.4 276.6 276.6 276.6 330.6 384.6 438.0 492.6 546.6 600.0 600.0 600.0 570.0 540.0 509.4 479.4 448.8 418.8 418.8 418.8 469.8 520.2 570.6 621.6 672.0 723.0 723.0 723.0 742.2 761.4 781.8 801.0 820.8 840.0 840.0 840.0 769.8 699.6 629.4
crearDespacho --mercado --conDemandaTotal
4
0.02 0.07 0.145 1.0
370.0 600.0 2400.0 4000.0
525.6 387.79 248.77 248.77 248.77 297.55 345.11 392.67 441.45 489.01 536.57 536.57 536.57 540.23 543.89 547.55 551.2 554.86 558.52 558.52 558.52 471.94 384.14 297.55 210.97 124.39 36.58 36.58 36.58 96.34 154.87 214.63 274.38 332.92 391.45 391.45 391.45 419.5 447.55 474.38 501.21 528.03 554.86 554.86 554.86 471.94 387.79 304.87 219.51 136.58 52.44 52.44 52.44 118.29 182.92 247.55 313.41 378.04 443.89 443.89 443.89 523.16 603.64 682.91 763.39 842.66 923.15 923.15 923.15 848.76 775.59 699.98 626.81 552.42 478.04 478.04 478.04 575.59 673.15 770.71 867.05 965.83 1062.17 1062.17 1062.17 1137.77 1212.16 1286.55 1360.94 1436.55 1510.93 1510.93 1510.93 1412.16 1314.6 1214.6 1117.04 1018.26 920.71 920.71 920.71 1026.8 1134.12 1240.21 1348.74 1456.06 1562.15 1562.15 1562.15 1585.32 1608.49 1630.44 1653.61 1675.56 1698.73 1698.73 1698.73 1614.59 1528.01 1443.86 1358.5 1274.36 1188.99 1188.99 1188.99 1243.87 1301.18 1357.28 1412.16 1469.47 1524.35 1524.35 1524.35 1576.79 1630.44 1681.66 1734.1 1786.54 1838.97 1838.97 1838.97 1720.68 1603.61 1485.33 1367.04 1247.53 1130.46 1130.46 1130.46 1132.9 1134.12 1135.33 1136.55 1137.77 1140.21 1140.21 1140.21 1093.87 1046.31 999.97 953.63 907.29 860.95 860.95 860.95 742.66 626.81 509.74 392.67 275.6 158.53 158.53 158.53 225.6 295.11 362.19 431.7 498.77 567.06 567.06 567.06 620.71 673.15 725.59 779.25 831.68 884.12 884.12 884.12 817.05 747.54 679.25 610.96 541.45 474.38 474.38 474.38 554.86 636.57 717.05 798.76 879.24 960.95 960.95 960.95 959.73 957.29 954.85 953.63 951.19 949.97 949.97 949.97 845.1 740.22 636.57 531.69 428.04 324.38 324.38 324.38 468.28 613.4 757.3 901.19 1045.09 1190.21 1190.21 1190.21 1131.68 1073.14 1014.61 957.29 897.54 840.22 840.22 840.22 751.2 660.96 569.5 480.47 390.23 301.21 301.21 301.21 421.94 541.45 662.18 784.12 903.63 1024.36 1024.36 1024.36 1123.14 1220.7 1319.48 1418.25 1515.81 1614.59 1614.59 1614.59 1454.84 1295.09 1135.33 975.58 815.83 656.08 656.08 656.08 692.66 730.47 768.27 806.08 842.66 880.46 880.46 880.46 960.95 1040.22 1121.92 1201.19 1281.67 1360.94 1360.94 1360.94 1295.09 1228.02 1162.16 1096.31 1029.24 963.39 963.39 963.39 989.0 1014.61 1039.0 1064.61 1091.43 1117.04 1117.04 1117.04 1017.05 915.83 815.83 715.83 615.84 514.62 514.62 514.62 435.35 353.65 274.38 192.68 112.19 31.71 31.71 31.71 120.73 208.53 297.55 385.36 474.38 562.18 562.18 562.18 671.93 781.69 890.22 1001.19 1110.95 1219.48 1219.48 1219.48 1158.5 1097.53 1035.34 974.36 912.17 851.2 851.2 851.2 954.85 1057.29 1159.72 1263.38 1365.82 1469.47 1469.47 1469.47 1508.5 1547.52 1588.98 1628.0 1668.25 1707.27 1707.27 1707.27 1564.59 1421.91 1279.23
configurarSolver --Gurobi
resolver --noConstante ejecuciones/bancos/recombinados/v1/directo/sgtm/v1_sgtm_000478.csv
finalizar
