inicializar --t 360
agregarAgente --SaltoGrande
0.000893
2250689819.0
2790.0 2783.0 2776.0 2770.0 2770.0 2778.0 2785.0 2792.0 2800.0 2807.0 2814.0 2822.0 2836.0 2844.0 2851.0 2858.0 2866.0 2873.0 2880.0 2888.0 2902.0 2910.0 2917.0 2924.0 2932.0 2939.0 2946.0 2954.0 2949.0 2936.0 2924.0 2912.0 2899.0 2887.0 2875.0 2862.0 2838.0 2825.0 2813.0 2801.0 2788.0 2776.0 2764.0 2751.0 2727.0 2714.0 2702.0 2690.0 2677.0 2665.0 2653.0 2640.0 2624.0 2619.0 2615.0 2611.0 2606.0 2602.0 2597.0 2593.0 2584.0 2580.0 2576.0 2571.0 2567.0 2562.0 2558.0 2554.0 2545.0 2541.0 2536.0 2532.0 2527.0 2523.0 2519.0 2514.0 2508.0 2505.0 2503.0 2500.0 2498.0 2496.0 2493.0 2491.0 2486.0 2484.0 2481.0 2479.0 2476.0 2474.0 2471.0 2469.0 2464.0 2462.0 2459.0 2457.0 2455.0 2452.0 2450.0 2447.0 2451.0 2457.0 2464.0 2470.0 2476.0 2482.0 2488.0 2494.0 2507.0 2513.0 2519.0 2525.0 2532.0 2538.0 2544.0 2550.0 2563.0 2569.0 2575.0 2581.0 2587.0 2593.0 2600.0 2606.0 2624.0 2636.0 2647.0 2659.0 2671.0 2683.0 2694.0 2706.0 2730.0 2742.0 2753.0 2765.0 2777.0 2789.0 2800.0 2812.0 2836.0 2848.0 2859.0 2871.0 2883.0 2895.0 2906.0 2918.0 2927.0 2924.0 2920.0 2917.0 2914.0 2911.0 2908.0 2905.0 2898.0 2895.0 2892.0 2889.0 2885.0 2882.0 2879.0 2876.0 2869.0 2866.0 2863.0 2860.0 2857.0 2854.0 2850.0 2847.0 2843.0 2842.0 2841.0 2839.0 2838.0 2837.0 2836.0 2835.0 2833.0 2831.0 2830.0 2829.0 2828.0 2827.0 2826.0 2824.0 2822.0 2821.0 2820.0 2819.0 2818.0 2816.0 2815.0 2814.0 2807.0 2801.0 2796.0 2790.0 2784.0 2778.0 2772.0 2766.0 2755.0 2749.0 2743.0 2737.0 2732.0 2726.0 2720.0 2714.0 2703.0 2697.0 2691.0 2685.0 2679.0 2673.0 2668.0 2662.0 2647.0 2637.0 2628.0 2618.0 2609.0 2599.0 2590.0 2580.0 2562.0 2552.0 2543.0 2533.0 2524.0 2514.0 2505.0 2495.0 2477.0 2467.0 2458.0 2448.0 2439.0 2429.0 2420.0 2410.0 2411.0 2422.0 2432.0 2442.0 2452.0 2463.0 2473.0 2483.0 2504.0 2514.0 2524.0 2534.0 2545.0 2555.0 2565.0 2575.0 2596.0 2606.0 2616.0 2627.0 2637.0 2647.0 2657.0 2668.0 2686.0 2695.0 2703.0 2712.0 2720.0 2729.0 2737.0 2746.0 2762.0 2771.0 2779.0 2788.0 2796.0 2805.0 2813.0 2822.0 2838.0 2847.0 2855.0 2864.0 2872.0 2881.0 2889.0 2898.0 2912.0 2918.0 2924.0 2930.0 2936.0 2942.0 2948.0 2954.0 2966.0 2972.0 2978.0 2984.0 2991.0 2997.0 3003.0 3009.0 3021.0 3027.0 3033.0 3039.0 3045.0 3051.0 3057.0 3063.0 3069.0 3068.0 3068.0 3068.0 3067.0 3067.0 3066.0 3066.0 3065.0 3065.0 3065.0 3064.0 3064.0 3063.0 3063.0 3063.0 3062.0 3062.0 3061.0 3061.0 3060.0 3060.0 3060.0 3059.0 3055.0 3050.0 3046.0 3042.0 3037.0 3033.0 3028.0 3024.0 3015.0 3011.0 3007.0 3002.0 2998.0 2993.0 2989.0 2985.0 2976.0 2972.0 2967.0 2963.0
agregarAgente --UnidadTermicaSimple
200.0
100.0
agregarAgente --DemandaFija
408.9 372.0 335.1 329.7 326.1 356.7 388.2 418.8 451.2 482.7 514.2 515.1 517.8 519.6 520.5 521.4 523.2 525.0 525.9 526.8 525.9 492.6 459.3 426.0 392.7 359.4 327.0 324.3 328.8 366.6 403.5 440.4 478.2 515.1 552.9 559.2 570.9 577.2 584.4 589.8 596.1 602.4 609.6 615.9 609.6 553.8 497.1 440.4 383.7 327.9 271.2 258.6 246.0 258.6 271.2 282.9 295.5 307.2 319.8 318.9 327.0 345.9 365.7 384.6 403.5 422.4 441.3 451.2 452.1 418.8 383.7 349.5 316.2 281.1 247.8 239.7 243.3 264.0 285.6 306.3 327.9 349.5 370.2 381.9 399.0 420.6 443.1 463.8 485.4 507.9 529.5 535.8 526.8 482.7 439.5 395.4 352.2 307.2 263.1 247.8 245.1 288.3 330.6 372.9 416.1 457.5 499.8 513.3 533.1 540.3 546.6 552.0 559.2 565.5 571.8 578.1 569.1 536.7 504.3 471.9 439.5 407.1 374.7 360.3 341.4 362.1 382.8 404.4 426.0 446.7 468.3 463.8 461.1 474.6 488.1 501.6 515.1 528.6 542.1 542.1 540.3 505.2 470.1 435.9 399.9 364.8 330.6 327.9 324.3 329.7 336.0 341.4 347.7 353.1 359.4 359.4 360.3 374.7 388.2 402.6 416.1 430.5 444.9 446.7 445.8 409.8 372.9 337.8 301.8 266.7 229.8 227.1 223.5 243.3 261.3 281.1 300.0 319.8 338.7 337.8 337.8 342.3 347.7 351.3 356.7 361.2 366.6 368.4 368.4 350.4 333.3 316.2 298.2 281.1 264.0 262.2 260.4 283.8 307.2 330.6 354.0 378.3 401.7 401.7 405.3 415.2 426.0 436.8 446.7 456.6 467.4 471.0 470.1 429.6 387.3 345.9 305.4 264.0 221.7 217.2 211.8 228.0 243.3 258.6 274.8 290.1 305.4 306.3 309.0 318.0 326.1 334.2 343.2 351.3 361.2 363.9 365.7 351.3 336.9 323.4 308.1 293.7 279.3 279.3 280.2 281.1 282.9 282.9 282.9 284.7 285.6 287.4 295.5 307.2 318.0 330.6 342.3 354.0 366.6 371.1 371.1 354.0 336.0 318.0 301.8 283.8 265.8 261.3 264.0 282.9 302.7 321.6 341.4 361.2 381.0 388.2 399.9 401.7 405.3 407.1 409.8 412.5 415.2 418.8 412.5 390.0 367.5 343.2 320.7 297.3 273.9 265.8 269.4 289.2 309.9 329.7 349.5 370.2 390.0 400.8 415.2 401.7 388.2 375.6 362.1 349.5 335.1 338.7 335.1 329.7 324.3 318.9 313.5 308.1 302.7 296.4 299.1 308.1 315.3 322.5 331.5 338.7 346.8 355.8 368.4 371.1 373.8 377.4 380.1 381.9 384.6 387.3 385.5 380.1 374.7 370.2 364.8 359.4 354.0 348.6 352.2 359.4 366.6 373.8 381.9 389.1 397.2 405.3 415.2 417.9 420.6 424.2 426.9 428.7 431.4 434.1 435.9 433.2 432.3 430.5
crearDespacho --mercado --conDemandaTotal
4
0.02 0.07 0.145 1.0
370.0 600.0 2400.0 4000.0
692.59 630.09 567.59 558.44 552.35 604.18 657.53 709.36 764.24 817.59 870.95 872.47 877.04 880.09 881.62 883.14 886.19 889.24 890.76 892.29 890.76 834.36 777.96 721.55 665.15 608.75 553.87 549.3 556.92 620.94 683.44 745.95 809.97 872.47 936.5 947.17 966.99 977.66 989.85 999.0 1009.67 1020.34 1032.54 1043.21 1032.54 938.02 841.98 745.95 649.91 555.39 459.36 438.01 416.67 438.01 459.36 479.17 500.52 520.33 541.67 540.15 553.87 585.88 619.42 651.43 683.44 715.46 747.47 764.24 765.76 709.36 649.91 591.98 535.58 476.12 419.72 406.0 412.1 447.16 483.75 518.81 555.39 591.98 627.04 646.86 675.82 712.41 750.52 785.58 822.17 860.28 896.86 907.53 892.29 817.59 744.42 669.72 596.55 520.33 445.64 419.72 415.15 488.32 559.97 631.61 704.79 774.91 846.56 869.42 902.96 915.16 925.83 934.97 947.17 957.84 968.51 979.18 963.94 909.06 854.18 799.3 744.42 689.54 634.66 610.27 578.26 613.32 648.38 684.97 721.55 756.62 793.2 785.58 781.01 803.87 826.74 849.61 872.47 895.34 918.2 918.2 915.16 855.7 796.25 738.32 677.35 617.89 559.97 555.39 549.3 558.44 569.11 578.26 588.93 598.08 608.75 608.75 610.27 634.66 657.53 681.92 704.79 729.18 753.57 756.62 755.09 694.12 631.61 572.16 511.19 451.73 389.23 384.66 378.56 412.1 442.59 476.12 508.14 541.67 573.69 572.16 572.16 579.78 588.93 595.03 604.18 611.8 620.94 623.99 623.99 593.5 564.54 535.58 505.09 476.12 447.16 444.11 441.06 480.7 520.33 559.97 599.6 640.76 680.4 680.4 686.49 703.26 721.55 739.85 756.62 773.38 791.68 797.78 796.25 727.65 656.01 585.88 517.28 447.16 375.51 367.89 358.74 386.18 412.1 438.01 465.45 491.37 517.28 518.81 523.38 538.63 552.35 566.06 581.31 595.03 611.8 616.37 619.42 595.03 570.64 547.77 521.86 497.47 473.08 473.08 474.6 476.12 479.17 479.17 479.17 482.22 483.75 486.8 500.52 520.33 538.63 559.97 579.78 599.6 620.94 628.57 628.57 599.6 569.11 538.63 511.19 480.7 450.21 442.59 447.16 479.17 512.71 544.72 578.26 611.8 645.33 657.53 677.35 680.4 686.49 689.54 694.12 698.69 703.26 709.36 698.69 660.58 622.47 581.31 543.2 503.56 463.93 450.21 456.31 489.84 524.91 558.44 591.98 627.04 660.58 678.87 703.26 680.4 657.53 636.19 613.32 591.98 567.59 573.69 567.59 558.44 549.3 540.15 531.0 521.86 512.71 502.04 506.61 521.86 534.05 546.25 561.49 573.69 587.41 602.65 623.99 628.57 633.14 639.24 643.81 646.86 651.43 656.01 652.96 643.81 634.66 627.04 617.89 608.75 599.6 590.46 596.55 608.75 620.94 633.14 646.86 659.05 672.77 686.49 703.26 707.84 712.41 718.51 723.08 726.13 730.7 735.27 738.32 733.75 732.23 729.18
configurarSolver --Gurobi
resolver --noConstante ejecuciones/bancos/recombinados/v1/directo/sgtm/v1_sgtm_000064.csv
finalizar
