inicializar --t 360
agregarAgente --SaltoGrande
0.002545
2688826244.0
2958.0 2954.0 2950.0 2945.0 2950.0 2958.0 2967.0 2976.0 2984.0 2993.0 3001.0 3010.0 3027.0 3036.0 3045.0 3053.0 3062.0 3070.0 3079.0 3088.0 3105.0 3114.0 3122.0 3131.0 3139.0 3148.0 3157.0 3165.0 3161.0 3149.0 3136.0 3123.0 3110.0 3098.0 3085.0 3072.0 3047.0 3034.0 3022.0 3009.0 2996.0 2983.0 2971.0 2958.0 2933.0 2920.0 2907.0 2895.0 2882.0 2869.0 2856.0 2844.0 2810.0 2789.0 2769.0 2748.0 2727.0 2706.0 2686.0 2665.0 2623.0 2602.0 2582.0 2561.0 2540.0 2519.0 2499.0 2478.0 2436.0 2415.0 2395.0 2374.0 2353.0 2332.0 2312.0 2291.0 2284.0 2299.0 2313.0 2327.0 2342.0 2356.0 2370.0 2385.0 2413.0 2428.0 2442.0 2456.0 2471.0 2485.0 2499.0 2514.0 2542.0 2557.0 2571.0 2585.0 2600.0 2614.0 2628.0 2643.0 2676.0 2695.0 2714.0 2733.0 2752.0 2771.0 2790.0 2809.0 2847.0 2866.0 2885.0 2904.0 2924.0 2943.0 2962.0 2981.0 3019.0 3038.0 3057.0 3076.0 3095.0 3114.0 3133.0 3152.0 3183.0 3194.0 3206.0 3217.0 3229.0 3240.0 3252.0 3263.0 3286.0 3298.0 3309.0 3321.0 3332.0 3344.0 3355.0 3367.0 3390.0 3401.0 3413.0 3424.0 3436.0 3447.0 3459.0 3470.0 3485.0 3489.0 3492.0 3496.0 3499.0 3503.0 3506.0 3510.0 3516.0 3520.0 3523.0 3527.0 3530.0 3534.0 3537.0 3541.0 3547.0 3551.0 3554.0 3558.0 3561.0 3565.0 3568.0 3572.0 3565.0 3556.0 3546.0 3536.0 3526.0 3517.0 3507.0 3497.0 3478.0 3468.0 3458.0 3448.0 3439.0 3429.0 3419.0 3409.0 3390.0 3380.0 3370.0 3361.0 3351.0 3341.0 3331.0 3322.0 3351.0 3390.0 3428.0 3467.0 3506.0 3545.0 3583.0 3622.0 3700.0 3739.0 3777.0 3816.0 3855.0 3894.0 3932.0 3971.0 4049.0 4088.0 4126.0 4165.0 4204.0 4243.0 4281.0 4320.0 4520.0 4680.0 4841.0 5002.0 5163.0 5323.0 5484.0 5645.0 5966.0 6127.0 6288.0 6449.0 6609.0 6770.0 6931.0 7092.0 7413.0 7574.0 7735.0 7895.0 8056.0 8217.0 8378.0 8538.0 8774.0 8850.0 8925.0 9000.0 9075.0 9151.0 9226.0 9301.0 9452.0 9527.0 9602.0 9677.0 9753.0 9828.0 9903.0 9978.0 10129.0 10204.0 10279.0 10355.0 10430.0 10505.0 10580.0 10656.0 10773.0 10814.0 10856.0 10897.0 10939.0 10981.0 11022.0 11064.0 11147.0 11189.0 11230.0 11272.0 11313.0 11355.0 11396.0 11438.0 11521.0 11563.0 11604.0 11646.0 11688.0 11729.0 11771.0 11812.0 11871.0 11888.0 11904.0 11921.0 11938.0 11955.0 11971.0 11988.0 12022.0 12039.0 12055.0 12072.0 12089.0 12106.0 12122.0 12139.0 12173.0 12190.0 12206.0 12223.0 12240.0 12257.0 12273.0 12290.0 12308.0 12310.0 12311.0 12313.0 12314.0 12316.0 12317.0 12319.0 12321.0 12323.0 12324.0 12326.0 12327.0 12329.0 12330.0 12332.0 12334.0 12336.0 12337.0 12339.0 12340.0 12342.0 12343.0 12345.0 12357.0 12367.0 12378.0 12389.0 12399.0 12410.0 12420.0 12431.0 12452.0 12463.0 12474.0 12484.0 12495.0 12505.0 12516.0 12527.0 12548.0 12559.0 12569.0 12580.0
agregarAgente --UnidadTermicaSimple
200.0
100.0
agregarAgente --DemandaFija
192.0 171.6 151.2 147.6 147.6 172.2 196.2 219.6 243.6 267.6 291.0 295.8 302.4 283.8 265.2 246.6 228.0 209.4 190.2 192.6 196.2 196.8 197.4 198.0 198.6 199.8 200.4 201.0 204.6 209.4 213.6 218.4 222.6 227.4 232.2 234.6 240.6 241.8 243.6 245.4 247.2 249.0 251.4 253.8 246.0 234.6 223.2 212.4 201.6 190.8 179.4 169.2 154.2 150.6 147.6 144.6 141.6 138.0 134.4 129.6 125.4 129.6 135.0 139.8 144.0 149.4 153.6 154.8 154.2 151.8 149.4 147.0 144.0 141.0 138.6 137.4 135.6 167.4 198.6 231.0 262.8 294.6 326.4 326.4 324.6 318.0 311.4 305.4 299.4 292.8 286.2 284.4 283.8 258.6 232.8 207.0 181.8 156.0 130.8 131.4 133.2 160.8 187.8 216.0 243.6 271.2 298.8 299.4 300.6 295.2 289.8 284.4 278.4 273.0 267.6 268.2 268.2 248.4 228.6 209.4 189.6 169.8 150.0 149.4 150.0 165.0 180.0 194.4 210.6 225.0 240.0 240.6 243.6 255.6 268.2 280.2 292.8 304.8 317.4 318.6 316.8 295.2 274.2 252.0 230.4 208.8 187.8 184.2 181.2 168.0 154.2 141.6 128.4 115.8 102.6 102.6 104.4 118.2 133.2 147.0 161.4 175.2 189.6 190.8 190.2 183.0 176.4 168.6 161.4 154.2 147.0 145.8 150.0 153.0 154.8 157.2 159.6 161.4 163.8 169.8 174.6 180.6 186.6 193.2 199.2 205.2 211.8 211.2 205.8 191.4 177.0 162.0 148.2 133.2 119.4 113.4 111.6 133.8 156.6 179.4 202.2 225.0 247.8 252.0 257.4 265.2 273.0 281.4 289.2 297.0 305.4 305.4 301.8 270.6 240.0 209.4 178.2 147.0 117.0 112.2 108.6 133.8 159.6 185.4 211.2 235.8 262.2 263.4 264.0 263.4 262.8 262.8 262.8 262.2 262.2 261.0 258.6 232.2 207.0 181.2 155.4 129.6 103.8 102.6 100.2 123.6 147.6 171.6 195.0 218.4 243.0 241.8 241.8 243.0 243.6 244.8 246.6 246.6 248.4 249.0 248.4 224.4 200.4 177.0 152.4 128.4 104.4 103.8 103.8 124.2 145.2 166.2 187.2 207.6 228.6 229.8 231.6 240.0 247.8 256.2 264.0 271.8 279.6 280.2 279.0 246.0 214.2 181.8 149.4 117.0 84.6 82.2 81.6 96.6 112.2 127.8 142.8 157.8 173.4 174.6 175.8 183.6 192.0 200.4 208.8 216.6 225.6 225.6 223.8 204.0 184.2 164.4 144.6 124.8 105.6 103.8 102.0 116.4 131.4 145.8 160.8 175.8 190.2 190.2 190.2 204.0 218.4 231.6 245.4 259.2 272.4 273.0 273.0 249.0 225.0 201.6 177.6 153.6 130.2 129.6 129.0 131.4 133.2 135.6 137.4 140.4 142.2 142.2 141.0 162.6 183.0 203.4 223.8 244.8 265.2 264.0 264.6 241.8 219.0 196.8
crearDespacho --mercado --conDemandaTotal
4
0.02 0.07 0.145 1.0
370.0 600.0 2400.0 4000.0
674.35 602.7 531.05 518.41 518.41 604.81 689.1 771.29 855.58 939.87 1022.06 1038.92 1062.1 996.77 931.44 866.12 800.79 735.46 668.03 676.46 689.1 691.21 693.31 695.42 697.53 701.74 703.85 705.96 718.6 735.46 750.21 767.07 781.82 798.68 815.54 823.97 845.04 849.26 855.58 861.9 868.22 874.55 882.98 891.4 864.01 823.97 783.93 746.0 708.07 670.13 630.09 594.27 541.59 528.94 518.41 507.87 497.33 484.69 472.04 455.19 440.43 455.19 474.15 491.01 505.76 524.73 539.48 543.69 541.59 533.16 524.73 516.3 505.76 495.22 486.8 482.58 476.26 587.95 697.53 811.33 923.01 1034.7 1146.39 1146.39 1140.07 1116.89 1093.71 1072.64 1051.56 1028.38 1005.2 998.88 996.77 908.26 817.65 727.03 638.52 547.91 459.4 461.51 467.83 564.77 659.6 758.64 855.58 952.52 1049.46 1051.56 1055.78 1036.81 1017.85 998.88 977.81 958.84 939.87 941.98 941.98 872.44 802.9 735.46 665.92 596.38 526.84 524.73 526.84 579.52 632.2 682.78 739.68 790.25 842.94 845.04 855.58 897.73 941.98 984.13 1028.38 1070.53 1114.78 1119.0 1112.68 1036.81 963.05 885.08 809.22 733.35 659.6 646.95 636.42 590.06 541.59 497.33 450.97 406.72 360.36 360.36 366.68 415.15 467.83 516.3 566.87 615.34 665.92 670.13 668.03 642.74 619.56 592.16 566.87 541.59 516.3 512.08 526.84 537.37 543.69 552.12 560.55 566.87 575.3 596.38 613.24 634.31 655.38 678.56 699.64 720.71 743.89 741.78 722.82 672.24 621.67 568.98 520.51 467.83 419.36 398.29 391.97 469.94 550.02 630.09 710.17 790.25 870.33 885.08 904.05 931.44 958.84 988.34 1015.74 1043.13 1072.64 1072.64 1059.99 950.41 842.94 735.46 625.88 516.3 410.93 394.07 381.43 469.94 560.55 651.17 741.78 828.18 920.91 925.12 927.23 925.12 923.01 923.01 923.01 920.91 920.91 916.69 908.26 815.54 727.03 636.42 545.8 455.19 364.57 360.36 351.93 434.11 518.41 602.7 684.89 767.07 853.47 849.26 849.26 853.47 855.58 859.79 866.12 866.12 872.44 874.55 872.44 788.15 703.85 621.67 535.26 450.97 366.68 364.57 364.57 436.22 509.98 583.73 657.49 729.14 802.9 807.11 813.43 842.94 870.33 899.83 927.23 954.63 982.02 984.13 979.91 864.01 752.32 638.52 524.73 410.93 297.13 288.71 286.6 339.28 394.07 448.86 501.55 554.23 609.02 613.24 617.45 644.85 674.35 703.85 733.35 760.75 792.36 792.36 786.04 716.5 646.95 577.41 507.87 438.33 370.89 364.57 358.25 408.82 461.51 512.08 564.77 617.45 668.03 668.03 668.03 716.5 767.07 813.43 861.9 910.37 956.73 958.84 958.84 874.55 790.25 708.07 623.77 539.48 457.29 455.19 453.08 461.51 467.83 476.26 482.58 493.12 499.44 499.44 495.22 571.09 642.74 714.39 786.04 859.79 931.44 927.23 929.34 849.26 769.18 691.21
configurarSolver --Gurobi
resolver --noConstante ejecuciones/bancos/recombinados/v1/directo/sgtm/v1_sgtm_000442.csv
finalizar
