inicializar --t 360
agregarAgente --SaltoGrande
0.00076
2509064937.0
6595.0 6561.0 6528.0 6494.0 6421.0 6381.0 6341.0 6301.0 6261.0 6221.0 6181.0 6141.0 6061.0 6021.0 5981.0 5941.0 5900.0 5860.0 5820.0 5780.0 5700.0 5660.0 5620.0 5580.0 5540.0 5500.0 5460.0 5420.0 5353.0 5326.0 5299.0 5272.0 5244.0 5217.0 5190.0 5163.0 5109.0 5082.0 5055.0 5028.0 5000.0 4973.0 4946.0 4919.0 4865.0 4838.0 4811.0 4784.0 4756.0 4729.0 4702.0 4675.0 4622.0 4596.0 4570.0 4544.0 4519.0 4493.0 4467.0 4441.0 4389.0 4363.0 4337.0 4311.0 4286.0 4260.0 4234.0 4208.0 4156.0 4130.0 4104.0 4078.0 4053.0 4027.0 4001.0 3975.0 3933.0 3918.0 3902.0 3887.0 3871.0 3856.0 3840.0 3825.0 3794.0 3778.0 3763.0 3747.0 3732.0 3716.0 3701.0 3685.0 3654.0 3639.0 3623.0 3608.0 3592.0 3577.0 3561.0 3546.0 3519.0 3508.0 3497.0 3486.0 3475.0 3464.0 3454.0 3443.0 3421.0 3410.0 3399.0 3388.0 3377.0 3366.0 3355.0 3344.0 3322.0 3311.0 3301.0 3290.0 3279.0 3268.0 3257.0 3246.0 3237.0 3239.0 3241.0 3243.0 3245.0 3247.0 3248.0 3250.0 3254.0 3256.0 3258.0 3260.0 3262.0 3264.0 3266.0 3268.0 3272.0 3274.0 3275.0 3277.0 3279.0 3281.0 3283.0 3285.0 3285.0 3284.0 3282.0 3281.0 3279.0 3277.0 3276.0 3274.0 3271.0 3269.0 3268.0 3266.0 3265.0 3263.0 3262.0 3260.0 3257.0 3255.0 3254.0 3252.0 3250.0 3249.0 3247.0 3246.0 3241.0 3239.0 3236.0 3234.0 3231.0 3229.0 3226.0 3224.0 3218.0 3216.0 3213.0 3211.0 3208.0 3206.0 3203.0 3201.0 3195.0 3193.0 3190.0 3188.0 3185.0 3183.0 3180.0 3178.0 3175.0 3174.0 3174.0 3173.0 3173.0 3173.0 3172.0 3172.0 3171.0 3171.0 3170.0 3170.0 3169.0 3169.0 3168.0 3168.0 3167.0 3167.0 3166.0 3166.0 3166.0 3165.0 3165.0 3164.0 3170.0 3175.0 3181.0 3186.0 3192.0 3198.0 3203.0 3209.0 3220.0 3226.0 3231.0 3237.0 3242.0 3248.0 3253.0 3259.0 3270.0 3276.0 3281.0 3287.0 3293.0 3298.0 3304.0 3309.0 3319.0 3322.0 3326.0 3330.0 3334.0 3337.0 3341.0 3345.0 3352.0 3356.0 3359.0 3363.0 3367.0 3371.0 3374.0 3378.0 3385.0 3389.0 3393.0 3396.0 3400.0 3404.0 3408.0 3411.0 3430.0 3445.0 3459.0 3474.0 3489.0 3504.0 3518.0 3533.0 3563.0 3578.0 3592.0 3607.0 3622.0 3637.0 3651.0 3666.0 3696.0 3711.0 3725.0 3740.0 3755.0 3770.0 3784.0 3799.0 3818.0 3822.0 3825.0 3829.0 3833.0 3837.0 3841.0 3845.0 3852.0 3856.0 3860.0 3864.0 3867.0 3871.0 3875.0 3879.0 3886.0 3890.0 3894.0 3898.0 3902.0 3906.0 3909.0 3913.0 3945.0 3973.0 4001.0 4029.0 4057.0 4085.0 4113.0 4141.0 4197.0 4225.0 4253.0 4281.0 4310.0 4338.0 4366.0 4394.0 4450.0 4478.0 4506.0 4534.0 4562.0 4590.0 4618.0 4646.0 4666.0 4658.0 4649.0 4641.0 4633.0 4625.0 4617.0 4609.0 4592.0 4584.0 4576.0 4568.0 4559.0 4551.0 4543.0 4535.0 4518.0 4510.0 4502.0 4494.0
agregarAgente --UnidadTermicaSimple
200.0
100.0
agregarAgente --DemandaFija
375.0 346.2 318.0 318.0 318.0 322.2 326.4 330.0 334.2 338.4 342.6 342.6 342.6 331.8 321.0 309.6 298.8 288.0 276.6 276.6 276.6 241.8 207.6 172.2 137.4 102.0 67.8 67.8 67.8 107.4 148.2 187.8 228.6 268.2 309.0 309.0 309.0 336.6 364.2 391.8 419.4 447.0 475.2 475.2 475.2 410.4 345.6 281.4 217.2 152.4 88.2 88.2 88.2 130.8 173.4 216.6 258.6 301.8 344.4 344.4 344.4 380.4 415.8 451.8 487.2 522.6 558.6 558.6 558.6 559.2 559.2 559.8 559.8 560.4 560.4 560.4 560.4 570.0 579.6 589.2 598.8 607.8 618.0 618.0 618.0 604.8 591.6 579.0 565.8 553.2 540.0 540.0 540.0 480.6 420.6 361.2 301.8 242.4 183.0 183.0 183.0 240.6 298.8 356.4 414.6 472.8 530.4 530.4 530.4 556.2 582.0 607.8 633.6 659.4 685.2 685.2 685.2 620.4 555.0 489.6 424.8 359.4 294.6 294.6 294.6 297.0 299.4 302.4 304.8 307.2 309.6 309.6 309.6 307.8 305.4 303.6 301.8 299.4 297.6 297.6 297.6 252.6 208.2 163.2 118.2 73.8 28.8 28.8 28.8 47.4 66.0 84.0 102.6 120.6 139.8 139.8 139.8 208.2 276.0 344.4 413.4 481.8 550.2 550.2 550.2 501.0 451.8 402.6 353.4 304.2 255.0 255.0 255.0 297.6 340.2 382.8 425.4 468.0 510.6 510.6 510.6 575.4 640.2 705.0 769.8 834.6 899.4 899.4 899.4 794.4 688.2 583.2 478.2 372.6 267.0 267.0 267.0 292.2 316.8 342.0 366.6 391.8 417.0 417.0 417.0 468.6 520.2 571.8 624.0 675.0 727.2 727.2 727.2 670.2 612.6 556.2 499.2 441.6 385.2 385.2 385.2 411.6 438.0 465.0 490.8 517.2 544.2 544.2 544.2 557.4 570.0 583.2 595.8 609.0 622.2 622.2 622.2 556.8 491.4 426.0 360.6 295.8 230.4 230.4 230.4 270.6 311.4 351.6 393.0 433.2 474.0 474.0 474.0 486.0 497.4 509.4 521.4 532.8 545.4 545.4 545.4 500.4 456.6 411.6 366.6 322.8 277.8 277.8 277.8 364.8 452.4 539.4 626.4 712.8 799.8 799.8 799.8 825.6 851.4 877.2 903.0 928.2 954.6 954.6 954.6 900.6 846.0 792.6 738.0 684.0 630.0 630.0 630.0 664.8 700.8 735.6 770.4 805.8 841.2 841.2 841.2 864.6 887.4 910.2 933.0 956.4 979.2 979.2 979.2 925.8 873.0 820.2 766.8 714.0 660.6 660.6 660.6 675.0 688.8 703.2 717.0 730.8 744.6 744.6 744.6 734.4 724.2 714.0 703.2 692.4 682.2 682.2 682.2 585.0 487.8 390.6 293.4 195.6 98.4 98.4 98.4 99.6 100.8 102.0 103.2 104.4 106.2 106.2 106.2 178.2 250.8 323.4 395.4 468.0 540.0 540.0 540.0 528.0 517.2 505.8
crearDespacho --mercado --conDemandaTotal
4
0.02 0.07 0.145 1.0
370.0 600.0 2400.0 4000.0
723.17 667.63 613.25 613.25 613.25 621.35 629.45 636.39 644.49 652.59 660.69 660.69 660.69 639.87 619.04 597.05 576.23 555.4 533.41 533.41 533.41 466.3 400.35 332.08 264.97 196.7 130.75 130.75 130.75 207.12 285.8 362.17 440.85 517.21 595.9 595.9 595.9 649.12 702.35 755.57 808.8 862.02 916.41 916.41 916.41 791.44 666.48 542.67 418.86 293.9 170.09 170.09 170.09 252.24 334.4 417.71 498.7 582.01 664.16 664.16 664.16 733.59 801.86 871.28 939.55 1007.82 1077.24 1077.24 1077.24 1078.4 1078.4 1079.56 1079.56 1080.71 1080.71 1080.71 1080.71 1099.23 1117.74 1136.25 1154.77 1172.12 1191.79 1191.79 1191.79 1166.34 1140.88 1116.58 1091.13 1066.83 1041.37 1041.37 1041.37 926.82 811.11 696.56 582.01 467.46 352.91 352.91 352.91 463.99 576.23 687.31 799.54 911.78 1022.86 1022.86 1022.86 1072.61 1122.37 1172.12 1221.88 1271.63 1321.38 1321.38 1321.38 1196.42 1070.3 944.18 819.21 693.09 568.13 568.13 568.13 572.75 577.38 583.17 587.8 592.42 597.05 597.05 597.05 593.58 588.95 585.48 582.01 577.38 573.91 573.91 573.91 487.13 401.51 314.73 227.94 142.32 55.54 55.54 55.54 91.41 127.28 161.99 197.86 232.57 269.6 269.6 269.6 401.51 532.26 664.16 797.23 929.13 1061.04 1061.04 1061.04 966.16 871.28 776.4 681.52 586.64 491.76 491.76 491.76 573.91 656.06 738.22 820.37 902.52 984.67 984.67 984.67 1109.64 1234.6 1359.57 1484.53 1609.5 1734.46 1734.46 1734.46 1531.97 1327.17 1124.68 922.19 718.55 514.9 514.9 514.9 563.5 610.94 659.54 706.98 755.57 804.17 804.17 804.17 903.68 1003.19 1102.7 1203.36 1301.71 1402.38 1402.38 1402.38 1292.46 1181.38 1072.61 962.69 851.61 742.85 742.85 742.85 793.76 844.67 896.74 946.49 997.4 1049.47 1049.47 1049.47 1074.93 1099.23 1124.68 1148.98 1174.44 1199.89 1199.89 1199.89 1073.77 947.65 821.53 695.4 570.44 444.32 444.32 444.32 521.84 600.52 678.05 757.89 835.41 914.09 914.09 914.09 937.23 959.22 982.36 1005.5 1027.49 1051.79 1051.79 1051.79 965.0 880.54 793.76 706.98 622.51 535.73 535.73 535.73 703.5 872.44 1040.21 1207.99 1374.61 1542.39 1542.39 1542.39 1592.14 1641.9 1691.65 1741.4 1790.0 1840.91 1840.91 1840.91 1736.78 1631.48 1528.5 1423.21 1319.07 1214.93 1214.93 1214.93 1282.04 1351.47 1418.58 1485.69 1553.96 1622.23 1622.23 1622.23 1667.35 1711.32 1755.29 1799.26 1844.38 1888.35 1888.35 1888.35 1785.37 1683.55 1581.73 1478.75 1376.92 1273.94 1273.94 1273.94 1301.71 1328.33 1356.1 1382.71 1409.32 1435.94 1435.94 1435.94 1416.27 1396.6 1376.92 1356.1 1335.27 1315.6 1315.6 1315.6 1128.15 940.71 753.26 565.81 377.21 189.76 189.76 189.76 192.08 194.39 196.7 199.02 201.33 204.8 204.8 204.8 343.65 483.66 623.67 762.52 902.52 1041.37 1041.37 1041.37 1018.23 997.4 975.42
configurarSolver --Gurobi
resolver --noConstante ejecuciones/bancos/recombinados/v1/directo/sgtm/v1_sgtm_000028.csv
finalizar
