inicializar --t 360
agregarAgente --SaltoGrande
0.000127
2509064937.0
6595.0 6561.0 6528.0 6494.0 6421.0 6381.0 6341.0 6301.0 6261.0 6221.0 6181.0 6141.0 6061.0 6021.0 5981.0 5941.0 5900.0 5860.0 5820.0 5780.0 5700.0 5660.0 5620.0 5580.0 5540.0 5500.0 5460.0 5420.0 5353.0 5326.0 5299.0 5272.0 5244.0 5217.0 5190.0 5163.0 5109.0 5082.0 5055.0 5028.0 5000.0 4973.0 4946.0 4919.0 4865.0 4838.0 4811.0 4784.0 4756.0 4729.0 4702.0 4675.0 4622.0 4596.0 4570.0 4544.0 4519.0 4493.0 4467.0 4441.0 4389.0 4363.0 4337.0 4311.0 4286.0 4260.0 4234.0 4208.0 4156.0 4130.0 4104.0 4078.0 4053.0 4027.0 4001.0 3975.0 3933.0 3918.0 3902.0 3887.0 3871.0 3856.0 3840.0 3825.0 3794.0 3778.0 3763.0 3747.0 3732.0 3716.0 3701.0 3685.0 3654.0 3639.0 3623.0 3608.0 3592.0 3577.0 3561.0 3546.0 3519.0 3508.0 3497.0 3486.0 3475.0 3464.0 3454.0 3443.0 3421.0 3410.0 3399.0 3388.0 3377.0 3366.0 3355.0 3344.0 3322.0 3311.0 3301.0 3290.0 3279.0 3268.0 3257.0 3246.0 3237.0 3239.0 3241.0 3243.0 3245.0 3247.0 3248.0 3250.0 3254.0 3256.0 3258.0 3260.0 3262.0 3264.0 3266.0 3268.0 3272.0 3274.0 3275.0 3277.0 3279.0 3281.0 3283.0 3285.0 3285.0 3284.0 3282.0 3281.0 3279.0 3277.0 3276.0 3274.0 3271.0 3269.0 3268.0 3266.0 3265.0 3263.0 3262.0 3260.0 3257.0 3255.0 3254.0 3252.0 3250.0 3249.0 3247.0 3246.0 3241.0 3239.0 3236.0 3234.0 3231.0 3229.0 3226.0 3224.0 3218.0 3216.0 3213.0 3211.0 3208.0 3206.0 3203.0 3201.0 3195.0 3193.0 3190.0 3188.0 3185.0 3183.0 3180.0 3178.0 3175.0 3174.0 3174.0 3173.0 3173.0 3173.0 3172.0 3172.0 3171.0 3171.0 3170.0 3170.0 3169.0 3169.0 3168.0 3168.0 3167.0 3167.0 3166.0 3166.0 3166.0 3165.0 3165.0 3164.0 3170.0 3175.0 3181.0 3186.0 3192.0 3198.0 3203.0 3209.0 3220.0 3226.0 3231.0 3237.0 3242.0 3248.0 3253.0 3259.0 3270.0 3276.0 3281.0 3287.0 3293.0 3298.0 3304.0 3309.0 3319.0 3322.0 3326.0 3330.0 3334.0 3337.0 3341.0 3345.0 3352.0 3356.0 3359.0 3363.0 3367.0 3371.0 3374.0 3378.0 3385.0 3389.0 3393.0 3396.0 3400.0 3404.0 3408.0 3411.0 3430.0 3445.0 3459.0 3474.0 3489.0 3504.0 3518.0 3533.0 3563.0 3578.0 3592.0 3607.0 3622.0 3637.0 3651.0 3666.0 3696.0 3711.0 3725.0 3740.0 3755.0 3770.0 3784.0 3799.0 3818.0 3822.0 3825.0 3829.0 3833.0 3837.0 3841.0 3845.0 3852.0 3856.0 3860.0 3864.0 3867.0 3871.0 3875.0 3879.0 3886.0 3890.0 3894.0 3898.0 3902.0 3906.0 3909.0 3913.0 3945.0 3973.0 4001.0 4029.0 4057.0 4085.0 4113.0 4141.0 4197.0 4225.0 4253.0 4281.0 4310.0 4338.0 4366.0 4394.0 4450.0 4478.0 4506.0 4534.0 4562.0 4590.0 4618.0 4646.0 4666.0 4658.0 4649.0 4641.0 4633.0 4625.0 4617.0 4609.0 4592.0 4584.0 4576.0 4568.0 4559.0 4551.0 4543.0 4535.0 4518.0 4510.0 4502.0 4494.0
agregarAgente --UnidadTermicaSimple
200.0
100.0
agregarAgente --DemandaFija
452.4 425.4 397.2 387.6 384.6 390.6 397.8 404.4 411.0 418.2 424.8 431.4 438.0 448.2 457.8 468.0 478.2 487.8 498.6 498.6 499.8 501.0 502.2 503.4 505.2 506.4 508.2 508.8 509.4 510.0 511.2 511.8 512.4 513.0 514.2 513.6 514.2 527.4 540.0 553.8 567.0 579.0 592.8 594.0 586.8 532.8 477.6 423.6 369.0 315.0 260.4 252.6 244.8 270.0 295.2 320.4 345.0 370.8 396.0 396.6 399.0 405.6 412.2 418.8 424.8 430.8 437.4 439.8 436.8 417.6 399.0 379.2 360.6 341.4 322.2 317.4 310.2 309.6 308.4 307.8 307.2 306.0 304.8 303.6 305.4 318.6 332.4 345.6 359.4 373.2 387.0 390.0 391.2 376.8 361.8 348.0 333.6 319.2 304.8 303.0 307.2 313.2 319.8 326.4 332.4 339.6 346.2 352.2 360.6 373.8 387.6 400.8 414.6 428.4 441.6 444.0 444.0 421.8 399.0 376.8 354.0 331.8 309.6 307.2 308.4 339.6 370.2 401.4 432.0 462.6 493.8 497.4 502.2 513.6 526.2 538.8 550.2 562.8 574.8 575.4 576.0 535.2 494.4 453.6 412.2 371.4 330.6 330.0 328.8 365.4 402.0 438.6 475.2 511.8 549.0 547.8 547.2 545.4 543.0 540.6 538.2 536.4 534.0 534.0 534.0 505.8 477.6 449.4 421.2 393.0 365.4 364.8 364.8 384.6 403.8 424.2 444.0 463.2 483.0 483.0 485.4 484.2 483.0 481.2 480.0 478.8 477.0 479.4 480.0 457.8 436.2 414.0 392.4 370.8 348.6 348.0 348.0 360.6 372.6 384.6 397.2 409.2 421.2 422.4 425.4 441.6 457.8 474.0 490.8 507.0 523.2 525.0 525.0 501.6 478.2 455.4 432.0 409.2 385.8 384.6 383.4 416.4 449.4 482.4 515.4 548.4 581.4 582.0 585.0 587.4 589.8 591.6 594.0 596.4 598.8 600.6 600.6 561.6 522.0 482.4 443.4 404.4 365.4 363.0 357.0 358.8 361.2 363.6 365.4 367.2 369.6 366.0 366.0 385.2 403.8 422.4 441.0 460.2 478.8 481.8 480.6 457.8 434.4 412.2 389.4 366.0 343.2 338.4 331.8 330.6 328.8 327.6 325.8 324.6 322.8 321.6 322.2 330.0 337.8 346.2 354.0 362.4 370.8 372.0 370.2 361.8 352.8 344.4 335.4 327.0 318.6 314.4 316.8 345.0 372.6 400.8 429.0 457.2 484.8 490.8 496.2 510.0 524.4 538.8 553.2 567.6 582.0 580.2 573.6 567.6 561.6 556.2 550.8 544.8 540.0 534.0 534.0 547.8 561.0 575.4 588.6 601.8 615.6 621.6 632.4 634.8 637.2 639.6 642.6 645.0 647.4 652.2 648.0 627.6 608.4 588.6 568.2 548.4 528.0 520.2 516.0 530.4 544.8 559.2 573.6 588.6 603.0 607.2 615.0 619.8 625.8 631.2 636.6 641.4 647.4 650.4 654.6 653.4 651.0 648.6
crearDespacho --mercado --conDemandaTotal
4
0.02 0.07 0.145 1.0
370.0 600.0 2400.0 4000.0
718.58 675.7 630.9 615.65 610.89 620.42 631.86 642.34 652.82 664.26 674.74 685.23 695.71 711.91 727.16 743.36 759.56 774.81 791.96 791.96 793.87 795.78 797.68 799.59 802.45 804.35 807.21 808.17 809.12 810.07 811.98 812.93 813.88 814.84 816.74 815.79 816.74 837.71 857.72 879.64 900.61 919.67 941.59 943.5 932.06 846.29 758.61 672.84 586.11 500.34 413.61 401.22 388.83 428.86 468.89 508.92 547.99 588.97 629.0 629.95 633.76 644.25 654.73 665.21 674.74 684.27 694.76 698.57 693.8 663.31 633.76 602.31 572.77 542.27 511.77 504.15 492.71 491.76 489.86 488.9 487.95 486.04 484.14 482.23 485.09 506.06 527.98 548.94 570.86 592.78 614.7 619.47 621.37 598.5 574.67 552.75 529.88 507.01 484.14 481.28 487.95 497.48 507.96 518.45 527.98 539.41 549.9 559.43 572.77 593.73 615.65 636.62 658.54 680.46 701.43 705.24 705.24 669.98 633.76 598.5 562.29 527.02 491.76 487.95 489.86 539.41 588.02 637.57 686.18 734.78 784.34 790.06 797.68 815.79 835.8 855.82 873.92 893.94 913.0 913.95 914.9 850.1 785.29 720.49 654.73 589.92 525.12 524.16 522.26 580.39 638.53 696.66 754.8 812.93 872.02 870.11 869.16 866.3 862.49 858.68 854.86 852.0 848.19 848.19 848.19 803.4 758.61 713.82 669.02 624.23 580.39 579.44 579.44 610.89 641.39 673.79 705.24 735.74 767.19 767.19 771.0 769.09 767.19 764.33 762.42 760.51 757.66 761.47 762.42 727.16 692.85 657.59 623.28 588.97 553.71 552.75 552.75 572.77 591.83 610.89 630.9 649.96 669.02 670.93 675.7 701.43 727.16 752.89 779.57 805.31 831.04 833.9 833.9 796.73 759.56 723.35 686.18 649.96 612.8 610.89 608.98 661.4 713.82 766.23 818.65 871.07 923.48 924.43 929.2 933.01 936.82 939.68 943.5 947.31 951.12 953.98 953.98 892.03 829.13 766.23 704.29 642.34 580.39 576.58 567.05 569.91 573.72 577.53 580.39 583.25 587.06 581.35 581.35 611.84 641.39 670.93 700.47 730.97 760.51 765.28 763.37 727.16 689.99 654.73 618.51 581.35 545.13 537.51 527.02 525.12 522.26 520.35 517.49 515.59 512.73 510.82 511.77 524.16 536.55 549.9 562.29 575.63 588.97 590.88 588.02 574.67 560.38 547.04 532.74 519.4 506.06 499.39 503.2 547.99 591.83 636.62 681.41 726.21 770.04 779.57 788.15 810.07 832.94 855.82 878.69 901.56 924.43 921.58 911.09 901.56 892.03 883.45 874.88 865.35 857.72 848.19 848.19 870.11 891.08 913.95 934.92 955.88 977.8 987.33 1004.49 1008.3 1012.11 1015.93 1020.69 1024.5 1028.31 1035.94 1029.27 996.86 966.37 934.92 902.52 871.07 838.66 826.27 819.6 842.47 865.35 888.22 911.09 934.92 957.79 964.46 976.85 984.48 994.01 1002.58 1011.16 1018.78 1028.31 1033.08 1039.75 1037.84 1034.03 1030.22
configurarSolver --Gurobi
resolver --noConstante ejecuciones/bancos/recombinados/v1/directo/sgtm/v1_sgtm_000013.csv
finalizar
