inicializar --t 360
agregarAgente --SaltoGrande
0.000543
1681415995.0
5942.0 5976.0 6010.0 6044.0 6077.0 6075.0 6074.0 6072.0 6071.0 6069.0 6068.0 6066.0 6063.0 6062.0 6060.0 6059.0 6057.0 6056.0 6054.0 6053.0 6050.0 6048.0 6047.0 6045.0 6044.0 6042.0 6041.0 6039.0 6020.0 6003.0 5985.0 5967.0 5949.0 5932.0 5914.0 5896.0 5861.0 5843.0 5825.0 5807.0 5790.0 5772.0 5754.0 5736.0 5701.0 5683.0 5665.0 5648.0 5630.0 5612.0 5594.0 5577.0 5528.0 5497.0 5467.0 5436.0 5405.0 5374.0 5343.0 5312.0 5251.0 5220.0 5189.0 5158.0 5128.0 5097.0 5066.0 5035.0 4974.0 4943.0 4912.0 4881.0 4850.0 4819.0 4789.0 4758.0 4701.0 4675.0 4650.0 4624.0 4598.0 4572.0 4546.0 4520.0 4469.0 4443.0 4417.0 4391.0 4366.0 4340.0 4314.0 4288.0 4237.0 4211.0 4185.0 4159.0 4133.0 4107.0 4082.0 4056.0 4016.0 4003.0 3989.0 3976.0 3962.0 3949.0 3935.0 3922.0 3894.0 3881.0 3867.0 3854.0 3840.0 3827.0 3813.0 3800.0 3772.0 3759.0 3745.0 3732.0 3718.0 3705.0 3691.0 3678.0 3644.0 3623.0 3603.0 3583.0 3562.0 3542.0 3522.0 3501.0 3461.0 3440.0 3420.0 3400.0 3379.0 3359.0 3339.0 3318.0 3278.0 3257.0 3237.0 3217.0 3196.0 3176.0 3156.0 3135.0 3094.0 3073.0 3053.0 3032.0 3011.0 2990.0 2970.0 2949.0 2907.0 2886.0 2866.0 2845.0 2824.0 2803.0 2783.0 2762.0 2720.0 2699.0 2679.0 2658.0 2637.0 2616.0 2596.0 2575.0 2541.0 2527.0 2514.0 2500.0 2487.0 2473.0 2460.0 2446.0 2419.0 2406.0 2392.0 2379.0 2365.0 2352.0 2338.0 2325.0 2298.0 2284.0 2271.0 2257.0 2244.0 2230.0 2217.0 2203.0 2183.0 2175.0 2168.0 2160.0 2153.0 2146.0 2138.0 2131.0 2116.0 2109.0 2101.0 2094.0 2086.0 2079.0 2071.0 2064.0 2049.0 2042.0 2034.0 2027.0 2020.0 2012.0 2005.0 1997.0 1985.0 1981.0 1976.0 1972.0 1967.0 1962.0 1958.0 1953.0 1944.0 1939.0 1935.0 1930.0 1926.0 1921.0 1917.0 1912.0 1903.0 1898.0 1894.0 1889.0 1884.0 1880.0 1875.0 1871.0 1864.0 1862.0 1861.0 1859.0 1857.0 1855.0 1854.0 1852.0 1848.0 1846.0 1845.0 1843.0 1841.0 1839.0 1838.0 1836.0 1832.0 1830.0 1829.0 1827.0 1825.0 1823.0 1822.0 1820.0 1820.0 1822.0 1824.0 1826.0 1829.0 1831.0 1833.0 1835.0 1839.0 1841.0 1843.0 1845.0 1848.0 1850.0 1852.0 1854.0 1858.0 1860.0 1862.0 1864.0 1867.0 1869.0 1871.0 1873.0 1878.0 1882.0 1885.0 1888.0 1892.0 1895.0 1899.0 1902.0 1909.0 1912.0 1915.0 1919.0 1922.0 1926.0 1929.0 1932.0 1939.0 1942.0 1946.0 1949.0 1953.0 1956.0 1959.0 1963.0 1969.0 1973.0 1976.0 1980.0 1983.0 1987.0 1990.0 1994.0 2000.0 2004.0 2007.0 2011.0 2014.0 2018.0 2021.0 2025.0 2031.0 2035.0 2038.0 2042.0 2045.0 2049.0 2052.0 2056.0 2055.0 2051.0 2047.0 2043.0 2039.0 2035.0 2030.0 2026.0 2018.0 2014.0 2010.0 2006.0 2002.0 1998.0 1994.0 1990.0 1982.0 1978.0 1973.0 1969.0
agregarAgente --UnidadTermicaSimple
200.0
100.0
agregarAgente --DemandaFija
312.6 230.7 148.8 148.8 148.8 255.9 362.1 469.2 575.4 681.6 788.7 788.7 788.7 844.5 899.4 955.2 1010.1 1065.0 1120.8 1120.8 1120.8 1059.6 999.3 937.2 876.9 815.7 755.4 755.4 755.4 828.3 903.0 976.8 1050.6 1124.4 1197.3 1197.3 1197.3 1186.5 1175.7 1164.9 1154.1 1142.4 1131.6 1131.6 1131.6 1074.0 1017.3 960.6 903.9 847.2 789.6 789.6 789.6 852.6 914.7 977.7 1039.8 1102.8 1164.9 1164.9 1164.9 1187.4 1210.8 1233.3 1255.8 1278.3 1301.7 1301.7 1301.7 1131.6 962.4 792.3 622.2 452.1 282.9 282.9 282.9 327.0 372.0 416.1 460.2 505.2 550.2 550.2 550.2 547.5 544.8 542.1 539.4 536.7 534.9 534.9 534.9 473.7 411.6 350.4 288.3 227.1 165.0 165.0 165.0 244.2 323.4 402.6 482.7 561.0 641.1 641.1 641.1 723.0 804.0 885.9 968.7 1049.7 1131.6 1131.6 1131.6 1063.2 995.7 927.3 859.8 791.4 723.9 723.9 723.9 743.7 764.4 784.2 804.9 824.7 845.4 845.4 845.4 850.8 855.3 860.7 865.2 869.7 875.1 875.1 875.1 815.7 757.2 697.8 639.3 579.9 521.4 521.4 521.4 586.2 649.2 713.1 776.1 840.0 903.0 903.0 903.0 930.0 957.9 984.0 1011.0 1038.0 1065.0 1065.0 1065.0 960.6 856.2 750.9 646.5 541.2 436.8 436.8 436.8 499.8 561.9 625.8 687.9 750.9 813.0 813.0 813.0 875.1 935.4 996.6 1056.9 1118.1 1178.4 1178.4 1178.4 1071.3 965.1 858.0 750.0 642.9 535.8 535.8 535.8 622.2 709.5 795.9 882.3 969.6 1056.0 1056.0 1056.0 1114.5 1172.1 1230.6 1289.1 1347.6 1405.2 1405.2 1405.2 1318.8 1232.4 1146.0 1058.7 973.2 885.9 885.9 885.9 921.9 957.9 993.0 1028.1 1063.2 1099.2 1099.2 1099.2 1059.6 1020.9 983.1 943.5 904.8 866.1 866.1 866.1 733.8 602.4 470.1 338.7 205.5 74.1 74.1 74.1 179.4 284.7 390.0 496.2 601.5 705.9 705.9 705.9 678.0 649.2 621.3 592.5 563.7 535.8 535.8 535.8 474.6 412.5 351.3 289.2 228.0 165.9 165.9 165.9 252.3 339.6 425.1 512.4 598.8 685.2 685.2 685.2 711.3 735.6 760.8 785.1 810.3 835.5 835.5 835.5 703.2 570.9 439.5 308.1 175.8 44.4 44.4 44.4 47.1 49.8 52.5 55.2 57.9 60.6 60.6 60.6 78.6 97.5 115.5 133.5 151.5 169.5 169.5 169.5 148.8 128.1 107.4 85.8 65.1 44.4 44.4 44.4 62.4 80.4 99.3 117.3 135.3 154.2 154.2 154.2 180.3 206.4 233.4 259.5 286.5 312.6 312.6 312.6 289.2 265.8 242.4 219.0 193.8 170.4 170.4 170.4 299.1 426.9 555.6 683.4 812.1 939.9 939.9 939.9 921.0 902.1 884.1 865.2 846.3 826.5 826.5 826.5 724.8 623.1 520.5
crearDespacho --mercado --conDemandaTotal
4
0.02 0.07 0.145 1.0
370.0 600.0 2400.0 4000.0
348.78 257.4 166.02 166.02 166.02 285.52 404.01 523.5 641.99 760.48 879.98 879.98 879.98 942.24 1003.49 1065.75 1127.0 1188.25 1250.51 1250.51 1250.51 1182.23 1114.95 1045.66 978.39 910.1 842.82 842.82 842.82 924.16 1007.51 1089.85 1172.19 1254.53 1335.87 1335.87 1335.87 1323.82 1311.77 1299.72 1287.67 1274.61 1262.56 1262.56 1262.56 1198.3 1135.03 1071.77 1008.51 945.25 880.98 880.98 880.98 951.27 1020.56 1090.85 1160.14 1230.43 1299.72 1299.72 1299.72 1324.82 1350.93 1376.03 1401.14 1426.24 1452.35 1452.35 1452.35 1262.56 1073.78 883.99 694.21 504.42 315.64 315.64 315.64 364.84 415.05 464.26 513.46 563.67 613.88 613.88 613.88 610.86 607.85 604.84 601.83 598.81 596.81 596.81 596.81 528.52 459.24 390.95 321.67 253.38 184.1 184.1 184.1 272.46 360.83 449.19 538.56 625.93 715.3 715.3 715.3 806.67 897.05 988.43 1080.81 1171.18 1262.56 1262.56 1262.56 1186.25 1110.93 1034.62 959.31 882.99 807.68 807.68 807.68 829.77 852.87 874.96 898.05 920.14 943.24 943.24 943.24 949.26 954.29 960.31 965.33 970.35 976.38 976.38 976.38 910.1 844.83 778.56 713.29 647.01 581.74 581.74 581.74 654.04 724.33 795.63 865.92 937.22 1007.51 1007.51 1007.51 1037.63 1068.76 1097.88 1128.01 1158.13 1188.25 1188.25 1188.25 1071.77 955.29 837.8 721.32 603.83 487.35 487.35 487.35 557.64 626.93 698.23 767.51 837.8 907.09 907.09 907.09 976.38 1043.66 1111.94 1179.22 1247.5 1314.78 1314.78 1314.78 1195.28 1076.79 957.3 836.8 717.3 597.81 597.81 597.81 694.21 791.61 888.01 984.41 1081.81 1178.21 1178.21 1178.21 1243.48 1307.75 1373.02 1438.29 1503.56 1567.83 1567.83 1567.83 1471.43 1375.03 1278.63 1181.23 1085.83 988.43 988.43 988.43 1028.59 1068.76 1107.92 1147.08 1186.25 1226.41 1226.41 1226.41 1182.23 1139.05 1096.88 1052.69 1009.51 966.34 966.34 966.34 818.72 672.12 524.51 377.9 229.28 82.68 82.68 82.68 200.16 317.65 435.14 553.63 671.11 787.6 787.6 787.6 756.47 724.33 693.2 661.07 628.94 597.81 597.81 597.81 529.53 460.24 391.96 322.67 254.39 185.1 185.1 185.1 281.5 378.9 474.3 571.7 668.1 764.5 764.5 764.5 793.62 820.73 848.85 875.96 904.08 932.19 932.19 932.19 784.58 636.97 490.36 343.76 196.15 49.54 49.54 49.54 52.55 55.56 58.58 61.59 64.6 67.61 67.61 67.61 87.7 108.78 128.87 148.95 169.03 189.12 189.12 189.12 166.02 142.93 119.83 95.73 72.63 49.54 49.54 49.54 69.62 89.7 110.79 130.88 150.96 172.05 172.05 172.05 201.17 230.29 260.41 289.53 319.66 348.78 348.78 348.78 322.67 296.56 270.45 244.35 216.23 190.12 190.12 190.12 333.72 476.31 619.9 762.49 906.09 1048.68 1048.68 1048.68 1027.59 1006.5 986.42 965.33 944.24 922.15 922.15 922.15 808.68 695.21 580.74
configurarSolver --Gurobi
resolver --noConstante ejecuciones/bancos/recombinados/v1/directo/sgtm/v1_sgtm_000468.csv
finalizar
