inicializar --t 360
agregarAgente --SaltoGrande
0.001054
945778668.0
2594.0 2604.0 2614.0 2623.0 2646.0 2659.0 2673.0 2686.0 2699.0 2712.0 2725.0 2738.0 2765.0 2778.0 2791.0 2804.0 2818.0 2831.0 2844.0 2857.0 2884.0 2897.0 2910.0 2923.0 2936.0 2949.0 2963.0 2976.0 2996.0 3003.0 3010.0 3018.0 3025.0 3032.0 3039.0 3046.0 3060.0 3068.0 3075.0 3082.0 3089.0 3096.0 3103.0 3111.0 3125.0 3132.0 3139.0 3146.0 3153.0 3161.0 3168.0 3175.0 3183.0 3183.0 3184.0 3185.0 3185.0 3186.0 3186.0 3187.0 3188.0 3189.0 3190.0 3190.0 3191.0 3191.0 3192.0 3193.0 3194.0 3195.0 3195.0 3196.0 3196.0 3197.0 3198.0 3198.0 3207.0 3215.0 3222.0 3230.0 3238.0 3246.0 3253.0 3261.0 3277.0 3285.0 3292.0 3300.0 3308.0 3316.0 3323.0 3331.0 3347.0 3355.0 3362.0 3370.0 3378.0 3386.0 3393.0 3401.0 3412.0 3415.0 3418.0 3420.0 3423.0 3426.0 3429.0 3432.0 3438.0 3440.0 3443.0 3446.0 3449.0 3452.0 3455.0 3457.0 3463.0 3466.0 3469.0 3472.0 3475.0 3477.0 3480.0 3483.0 3512.0 3539.0 3565.0 3592.0 3618.0 3645.0 3671.0 3698.0 3751.0 3777.0 3804.0 3830.0 3857.0 3883.0 3910.0 3936.0 3989.0 4016.0 4042.0 4069.0 4095.0 4122.0 4148.0 4175.0 4218.0 4235.0 4251.0 4268.0 4285.0 4302.0 4319.0 4336.0 4369.0 4386.0 4403.0 4420.0 4436.0 4453.0 4470.0 4487.0 4520.0 4537.0 4554.0 4571.0 4588.0 4605.0 4621.0 4638.0 4657.0 4658.0 4660.0 4662.0 4663.0 4665.0 4667.0 4668.0 4672.0 4673.0 4675.0 4677.0 4678.0 4680.0 4682.0 4683.0 4687.0 4688.0 4690.0 4692.0 4693.0 4695.0 4697.0 4698.0 4695.0 4689.0 4684.0 4678.0 4673.0 4667.0 4662.0 4656.0 4645.0 4640.0 4634.0 4629.0 4623.0 4618.0 4612.0 4607.0 4596.0 4590.0 4585.0 4579.0 4574.0 4568.0 4563.0 4557.0 4567.0 4581.0 4596.0 4610.0 4625.0 4639.0 4654.0 4668.0 4698.0 4712.0 4727.0 4741.0 4756.0 4770.0 4785.0 4799.0 4829.0 4843.0 4858.0 4872.0 4887.0 4901.0 4916.0 4930.0 4949.0 4953.0 4958.0 4962.0 4966.0 4970.0 4975.0 4979.0 4987.0 4991.0 4996.0 5000.0 5004.0 5008.0 5013.0 5017.0 5025.0 5029.0 5034.0 5038.0 5042.0 5046.0 5051.0 5055.0 5059.0 5058.0 5058.0 5058.0 5057.0 5057.0 5057.0 5056.0 5056.0 5055.0 5055.0 5055.0 5054.0 5054.0 5054.0 5053.0 5053.0 5052.0 5052.0 5052.0 5051.0 5051.0 5051.0 5050.0 5057.0 5064.0 5070.0 5077.0 5084.0 5091.0 5098.0 5105.0 5118.0 5125.0 5132.0 5139.0 5145.0 5152.0 5159.0 5166.0 5179.0 5186.0 5193.0 5200.0 5207.0 5214.0 5220.0 5227.0 5236.0 5238.0 5241.0 5243.0 5245.0 5247.0 5250.0 5252.0 5256.0 5258.0 5261.0 5263.0 5265.0 5267.0 5270.0 5272.0 5276.0 5278.0 5281.0 5283.0 5285.0 5287.0 5290.0 5292.0 5318.0 5342.0 5365.0 5389.0 5413.0 5437.0 5460.0 5484.0 5532.0 5556.0 5579.0 5603.0 5627.0 5651.0 5674.0 5698.0 5746.0 5770.0 5793.0 5817.0
agregarAgente --UnidadTermicaSimple
200.0
100.0
agregarAgente --DemandaFija
253.2 164.1 74.1 74.1 74.1 102.0 128.1 155.1 182.1 208.2 236.1 236.1 236.1 252.3 268.5 283.8 300.0 316.2 331.5 331.5 331.5 316.2 300.0 283.8 267.6 251.4 236.1 236.1 236.1 301.8 368.4 435.0 501.6 567.3 634.8 634.8 634.8 631.2 628.5 625.8 622.2 619.5 616.8 616.8 616.8 611.4 606.9 602.4 597.9 593.4 588.9 588.9 588.9 616.8 645.6 674.4 702.3 732.0 760.8 760.8 760.8 750.0 739.2 728.4 717.6 705.9 696.0 696.0 696.0 702.3 709.5 715.8 722.1 728.4 734.7 734.7 734.7 760.8 787.8 814.8 841.8 868.8 895.8 895.8 895.8 883.2 870.6 857.1 844.5 831.9 818.4 818.4 818.4 772.5 726.6 678.9 633.0 586.2 539.4 539.4 539.4 465.6 390.0 315.3 241.5 165.9 92.1 92.1 92.1 93.9 95.7 97.5 99.3 102.0 103.8 103.8 103.8 94.8 84.9 75.9 66.9 57.9 48.9 48.9 48.9 72.3 96.6 120.0 143.4 166.8 190.2 190.2 190.2 275.7 362.1 447.6 534.0 620.4 705.9 705.9 705.9 655.5 605.1 553.8 503.4 453.0 402.6 402.6 402.6 393.6 384.6 375.6 366.6 357.6 348.6 348.6 348.6 369.3 390.0 411.6 432.3 453.0 474.6 474.6 474.6 443.1 411.6 381.0 350.4 318.0 287.4 287.4 287.4 293.7 300.0 306.3 312.6 318.9 325.2 325.2 325.2 353.1 379.2 405.3 432.3 458.4 486.3 486.3 486.3 489.0 491.7 494.4 497.1 499.8 502.5 502.5 502.5 526.8 550.2 574.5 599.7 623.1 647.4 647.4 647.4 633.0 617.7 603.3 588.9 572.7 558.3 558.3 558.3 516.0 474.6 431.4 389.1 347.7 304.5 304.5 304.5 308.1 311.7 314.4 318.0 321.6 324.3 324.3 324.3 356.7 389.1 420.6 452.1 484.5 516.0 516.0 516.0 506.1 497.1 487.2 478.2 468.3 458.4 458.4 458.4 520.5 582.6 645.6 707.7 769.8 831.9 831.9 831.9 862.5 893.1 923.7 955.2 984.9 1015.5 1015.5 1015.5 942.6 870.6 797.7 725.7 652.8 579.9 579.9 579.9 599.7 617.7 635.7 654.6 672.6 691.5 691.5 691.5 643.8 597.0 549.3 502.5 454.8 408.0 408.0 408.0 378.3 349.5 319.8 290.1 261.3 232.5 232.5 232.5 276.6 321.6 366.6 411.6 455.7 501.6 501.6 501.6 528.6 555.6 582.6 610.5 637.5 665.4 665.4 665.4 651.9 638.4 625.8 612.3 598.8 586.2 586.2 586.2 669.9 755.4 840.0 924.6 1009.2 1094.7 1094.7 1094.7 1065.0 1036.2 1007.4 978.6 949.8 921.0 921.0 921.0 782.4 644.7 507.0 369.3 231.6 93.9 93.9 93.9 169.5 246.9 322.5 399.9 476.4 552.9 552.9 552.9 552.0 551.1 550.2 549.3 548.4 547.5 547.5 547.5 561.9 577.2 593.4
crearDespacho --mercado --conDemandaTotal
4
0.02 0.07 0.145 1.0
370.0 600.0 2400.0 4000.0
339.92 220.3 99.48 99.48 99.48 136.94 171.97 208.22 244.47 279.51 316.96 316.96 316.96 338.71 360.46 381.0 402.75 424.5 445.04 445.04 445.04 424.5 402.75 381.0 359.25 337.51 316.96 316.96 316.96 405.17 494.58 583.99 673.4 761.6 852.22 852.22 852.22 847.39 843.76 840.14 835.3 831.68 828.06 828.06 828.06 820.81 814.76 808.72 802.68 796.64 790.6 790.6 790.6 828.06 866.72 905.38 942.84 982.71 1021.38 1021.38 1021.38 1006.88 992.38 977.88 963.38 947.67 934.38 934.38 934.38 942.84 952.51 960.96 969.42 977.88 986.34 986.34 986.34 1021.38 1057.62 1093.87 1130.12 1166.37 1202.61 1202.61 1202.61 1185.7 1168.78 1150.66 1133.74 1116.83 1098.7 1098.7 1098.7 1037.08 975.46 911.42 849.8 786.97 724.15 724.15 724.15 625.07 523.58 423.29 324.21 222.72 123.64 123.64 123.64 126.06 128.48 130.89 133.31 136.94 139.35 139.35 139.35 127.27 113.98 101.9 89.81 77.73 65.65 65.65 65.65 97.06 129.69 161.1 192.51 223.93 255.34 255.34 255.34 370.13 486.12 600.9 716.9 832.89 947.67 947.67 947.67 880.01 812.35 743.48 675.82 608.15 540.49 540.49 540.49 528.41 516.33 504.24 492.16 480.08 468.0 468.0 468.0 495.79 523.58 552.57 580.36 608.15 637.15 637.15 637.15 594.86 552.57 511.49 470.41 426.92 385.84 385.84 385.84 394.29 402.75 411.21 419.67 428.12 436.58 436.58 436.58 474.04 509.08 544.12 580.36 615.4 652.86 652.86 652.86 656.48 660.11 663.73 667.36 670.98 674.61 674.61 674.61 707.23 738.64 771.27 805.1 836.51 869.14 869.14 869.14 849.8 829.26 809.93 790.6 768.85 749.52 749.52 749.52 692.73 637.15 579.16 522.37 466.79 408.79 408.79 408.79 413.62 418.46 422.08 426.92 431.75 435.37 435.37 435.37 478.87 522.37 564.66 606.95 650.44 692.73 692.73 692.73 679.44 667.36 654.07 641.98 628.69 615.4 615.4 615.4 698.77 782.14 866.72 950.09 1033.46 1116.83 1116.83 1116.83 1157.91 1198.99 1240.07 1282.36 1322.23 1363.31 1363.31 1363.31 1265.44 1168.78 1070.91 974.25 876.39 778.52 778.52 778.52 805.1 829.26 853.43 878.8 902.97 928.34 928.34 928.34 864.3 801.47 737.44 674.61 610.57 547.74 547.74 547.74 507.87 469.2 429.33 389.46 350.8 312.13 312.13 312.13 371.34 431.75 492.16 552.57 611.78 673.4 673.4 673.4 709.65 745.89 782.14 819.6 855.85 893.3 893.3 893.3 875.18 857.05 840.14 822.01 803.89 786.97 786.97 786.97 899.34 1014.13 1127.7 1241.28 1354.85 1469.64 1469.64 1469.64 1429.76 1391.1 1352.44 1313.77 1275.11 1236.44 1236.44 1236.44 1050.37 865.51 680.65 495.79 310.92 126.06 126.06 126.06 227.55 331.46 432.96 536.87 639.57 742.27 742.27 742.27 741.06 739.85 738.64 737.44 736.23 735.02 735.02 735.02 754.35 774.89 796.64
configurarSolver --Gurobi
resolver --noConstante ejecuciones/bancos/recombinados/v1/directo/sgtm/v1_sgtm_000293.csv
finalizar
