inicializar --t 360
agregarAgente --SaltoGrande
0.001054
2625516646.0
2912.0 2908.0 2904.0 2901.0 2914.0 2931.0 2948.0 2964.0 2981.0 2998.0 3015.0 3032.0 3066.0 3082.0 3099.0 3116.0 3133.0 3150.0 3167.0 3183.0 3217.0 3234.0 3251.0 3268.0 3285.0 3301.0 3318.0 3335.0 3339.0 3326.0 3313.0 3300.0 3287.0 3274.0 3261.0 3248.0 3222.0 3209.0 3196.0 3183.0 3170.0 3157.0 3144.0 3131.0 3105.0 3092.0 3079.0 3066.0 3053.0 3040.0 3027.0 3014.0 2998.0 2994.0 2991.0 2987.0 2984.0 2980.0 2977.0 2973.0 2966.0 2963.0 2959.0 2956.0 2952.0 2949.0 2945.0 2942.0 2935.0 2931.0 2928.0 2924.0 2921.0 2917.0 2914.0 2910.0 2899.0 2891.0 2883.0 2875.0 2866.0 2858.0 2850.0 2842.0 2826.0 2818.0 2810.0 2802.0 2793.0 2785.0 2777.0 2769.0 2753.0 2745.0 2737.0 2729.0 2720.0 2712.0 2704.0 2696.0 2686.0 2684.0 2683.0 2681.0 2679.0 2677.0 2675.0 2673.0 2670.0 2668.0 2666.0 2664.0 2663.0 2661.0 2659.0 2657.0 2654.0 2652.0 2650.0 2648.0 2646.0 2644.0 2643.0 2641.0 2629.0 2620.0 2610.0 2601.0 2591.0 2582.0 2572.0 2563.0 2544.0 2534.0 2525.0 2515.0 2506.0 2496.0 2487.0 2477.0 2458.0 2449.0 2439.0 2430.0 2420.0 2411.0 2401.0 2392.0 2384.0 2386.0 2389.0 2391.0 2393.0 2395.0 2398.0 2400.0 2404.0 2406.0 2409.0 2411.0 2413.0 2415.0 2418.0 2420.0 2424.0 2426.0 2429.0 2431.0 2433.0 2435.0 2438.0 2440.0 2453.0 2464.0 2475.0 2486.0 2496.0 2507.0 2518.0 2529.0 2551.0 2562.0 2573.0 2584.0 2594.0 2605.0 2616.0 2627.0 2649.0 2660.0 2671.0 2682.0 2692.0 2703.0 2714.0 2725.0 2739.0 2742.0 2745.0 2748.0 2751.0 2754.0 2757.0 2760.0 2766.0 2769.0 2772.0 2775.0 2778.0 2781.0 2784.0 2787.0 2793.0 2796.0 2799.0 2802.0 2805.0 2808.0 2811.0 2814.0 2817.0 2818.0 2818.0 2818.0 2819.0 2819.0 2819.0 2820.0 2820.0 2821.0 2821.0 2821.0 2822.0 2822.0 2822.0 2823.0 2823.0 2824.0 2824.0 2824.0 2825.0 2825.0 2825.0 2826.0 2821.0 2817.0 2812.0 2807.0 2802.0 2798.0 2793.0 2788.0 2779.0 2774.0 2770.0 2765.0 2760.0 2755.0 2751.0 2746.0 2737.0 2732.0 2727.0 2723.0 2718.0 2713.0 2708.0 2704.0 2689.0 2679.0 2670.0 2660.0 2650.0 2640.0 2630.0 2620.0 2601.0 2591.0 2581.0 2571.0 2562.0 2552.0 2542.0 2532.0 2513.0 2503.0 2493.0 2483.0 2473.0 2463.0 2454.0 2444.0 2431.0 2429.0 2426.0 2423.0 2421.0 2418.0 2415.0 2413.0 2407.0 2405.0 2402.0 2399.0 2397.0 2394.0 2391.0 2389.0 2383.0 2381.0 2378.0 2375.0 2373.0 2370.0 2367.0 2365.0 2361.0 2360.0 2359.0 2357.0 2356.0 2355.0 2354.0 2353.0 2351.0 2349.0 2348.0 2347.0 2346.0 2345.0 2344.0 2342.0 2340.0 2339.0 2338.0 2337.0 2336.0 2334.0 2333.0 2332.0 2332.0 2332.0 2333.0 2334.0 2334.0 2335.0 2336.0 2336.0 2338.0 2338.0 2339.0 2340.0 2340.0 2341.0 2342.0 2342.0 2344.0 2344.0 2345.0 2346.0
agregarAgente --UnidadTermicaSimple
200.0
100.0
agregarAgente --DemandaFija
174.6 166.2 157.2 150.6 140.4 136.8 133.2 129.6 125.4 121.2 117.6 115.2 121.2 128.4 136.2 144.0 151.8 158.4 166.8 174.0 177.0 177.0 176.4 175.8 175.8 175.2 174.6 169.8 174.6 185.4 196.8 207.6 218.4 229.8 241.2 250.2 259.8 255.0 251.4 247.2 243.0 239.4 234.6 234.6 232.2 229.2 226.2 223.8 220.8 218.4 215.4 212.4 217.8 223.2 228.6 234.6 240.6 246.0 252.0 259.8 267.6 268.8 270.0 270.6 271.8 272.4 273.6 273.6 274.2 274.2 274.8 274.2 274.2 273.6 273.6 273.6 276.0 278.4 280.2 282.0 284.4 286.2 288.0 289.8 289.8 289.2 289.2 288.6 288.6 288.6 288.0 285.0 283.2 282.6 282.0 281.4 281.4 280.8 280.8 280.8 282.6 291.0 299.4 307.8 316.2 325.2 334.2 335.4 337.2 346.2 355.8 364.2 373.2 382.2 391.2 391.2 384.0 366.0 347.4 329.4 310.8 292.2 273.6 265.8 257.4 252.0 246.6 240.6 236.4 230.4 225.0 223.8 226.2 244.2 262.2 280.2 298.2 316.2 333.6 337.8 339.0 323.4 307.2 291.0 275.4 259.2 243.0 241.2 237.0 240.0 243.6 247.8 250.8 254.4 257.4 256.8 259.8 272.4 285.0 297.0 309.6 321.6 334.2 339.0 340.2 332.4 324.0 315.0 307.8 299.4 291.6 288.6 285.0 275.4 265.8 256.2 247.2 237.6 228.6 228.0 234.0 255.0 276.0 297.0 318.0 339.0 360.0 366.0 373.2 365.4 358.8 351.0 343.8 336.0 330.0 330.6 337.8 348.0 358.2 367.8 378.0 387.6 397.2 403.8 410.4 403.2 396.0 388.2 381.0 372.6 365.4 366.0 366.6 363.6 360.6 358.8 355.2 352.2 349.2 349.8 352.8 355.8 358.2 360.6 363.0 365.4 368.4 370.8 373.8 379.2 384.6 389.4 394.2 399.0 405.0 405.6 404.4 397.2 391.2 384.6 378.6 371.4 365.4 363.0 364.2 369.0 373.8 378.6 383.4 388.2 393.0 396.0 399.6 403.8 409.2 413.4 418.2 421.8 426.6 427.8 426.6 418.2 411.0 403.8 396.0 388.2 380.4 378.6 378.6 382.2 386.4 389.4 393.0 396.0 399.6 402.0 403.8 405.6 407.4 409.2 411.0 412.8 414.6 414.6 413.4 409.8 405.6 400.8 396.6 393.0 388.2 387.6 387.6 390.6 394.2 397.8 400.8 404.4 408.0 409.2 409.8 409.2 408.0 407.4 406.2 405.6 404.4 404.4 402.6 399.0 396.0 393.0 388.8 385.8 382.2 381.0 378.6 378.0 376.8 376.8 376.2 375.0 375.0 374.4 373.2 375.6 378.6 381.0 383.4 385.2 387.6 387.6 378.0 365.4 353.4 340.8 328.8 316.2 303.6 294.0 283.2 282.6 282.0 281.4 280.8 279.6 279.6 278.4 281.4 285.6 290.4 294.6 298.8 303.0 307.8 311.4 309.6 305.4 301.8 297.6
crearDespacho --mercado --conDemandaTotal
4
0.02 0.07 0.145 1.0
370.0 600.0 2400.0 4000.0
402.53 383.17 362.42 347.2 323.69 315.39 307.09 298.79 289.1 279.42 271.12 265.59 279.42 296.02 314.0 331.99 349.97 365.19 384.55 401.15 408.07 408.07 406.68 405.3 405.3 403.92 402.53 391.47 402.53 427.43 453.71 478.61 503.51 529.79 556.08 576.83 598.96 587.89 579.59 569.91 560.23 551.93 540.86 540.86 535.33 528.41 521.5 515.96 509.05 503.51 496.6 489.68 502.13 514.58 527.03 540.86 554.69 567.14 580.98 598.96 616.94 619.71 622.47 623.86 626.62 628.01 630.77 630.77 632.16 632.16 633.54 632.16 632.16 630.77 630.77 630.77 636.31 641.84 645.99 650.14 655.67 659.82 663.97 668.12 668.12 666.74 666.74 665.36 665.36 665.36 663.97 657.06 652.91 651.52 650.14 648.76 648.76 647.37 647.37 647.37 651.52 670.89 690.26 709.62 728.99 749.74 770.49 773.25 777.4 798.15 820.28 839.65 860.4 881.15 901.9 901.9 885.3 843.8 800.92 759.42 716.54 673.66 630.77 612.79 593.43 580.98 568.53 554.69 545.01 531.18 518.73 515.96 521.5 562.99 604.49 645.99 687.49 728.99 769.1 778.78 781.55 745.59 708.24 670.89 634.92 597.58 560.23 556.08 546.39 553.31 561.61 571.29 578.21 586.51 593.43 592.04 598.96 628.01 657.06 684.72 713.77 741.44 770.49 781.55 784.32 766.34 746.97 726.22 709.62 690.26 672.27 665.36 657.06 634.92 612.79 590.66 569.91 547.78 527.03 525.65 539.48 587.89 636.31 684.72 733.14 781.55 829.97 843.8 860.4 842.42 827.2 809.22 792.62 774.63 760.8 762.19 778.78 802.3 825.82 847.95 871.46 893.6 915.73 930.95 946.16 929.56 912.96 894.98 878.38 859.01 842.42 843.8 845.18 838.27 831.35 827.2 818.9 811.98 805.07 806.45 813.37 820.28 825.82 831.35 836.88 842.42 849.33 854.87 861.78 874.23 886.68 897.75 908.81 919.88 933.71 935.1 932.33 915.73 901.9 886.68 872.85 856.25 842.42 836.88 839.65 850.72 861.78 872.85 883.91 894.98 906.05 912.96 921.26 930.95 943.39 953.08 964.14 972.44 983.51 986.28 983.51 964.14 947.54 930.95 912.96 894.98 877.0 872.85 872.85 881.15 890.83 897.75 906.05 912.96 921.26 926.8 930.95 935.1 939.24 943.39 947.54 951.69 955.84 955.84 953.08 944.78 935.1 924.03 914.35 906.05 894.98 893.6 893.6 900.51 908.81 917.11 924.03 932.33 940.63 943.39 944.78 943.39 940.63 939.24 936.48 935.1 932.33 932.33 928.18 919.88 912.96 906.05 896.36 889.45 881.15 878.38 872.85 871.46 868.7 868.7 867.31 864.55 864.55 863.16 860.4 865.93 872.85 878.38 883.91 888.06 893.6 893.6 871.46 842.42 814.75 785.7 758.04 728.99 699.94 677.81 652.91 651.52 650.14 648.76 647.37 644.61 644.61 641.84 648.76 658.44 669.51 679.19 688.87 698.55 709.62 717.92 713.77 704.09 695.79 686.11
configurarSolver --Gurobi
resolver --noConstante ejecuciones/bancos/recombinados/v1/directo/sgtm/v1_sgtm_000249.csv
finalizar
