inicializar --t 360
agregarAgente --SaltoGrande
0.000173
1115367887.0
4429.0 4465.0 4500.0 4536.0 4639.0 4705.0 4772.0 4839.0 4906.0 4972.0 5039.0 5106.0 5239.0 5306.0 5373.0 5440.0 5506.0 5573.0 5640.0 5707.0 5840.0 5907.0 5974.0 6040.0 6107.0 6174.0 6241.0 6307.0 6456.0 6537.0 6619.0 6701.0 6783.0 6864.0 6946.0 7028.0 7191.0 7273.0 7355.0 7437.0 7518.0 7600.0 7682.0 7764.0 7927.0 8009.0 8091.0 8172.0 8254.0 8336.0 8418.0 8499.0 8609.0 8636.0 8664.0 8692.0 8719.0 8747.0 8775.0 8802.0 8858.0 8885.0 8913.0 8941.0 8968.0 8996.0 9024.0 9051.0 9107.0 9134.0 9162.0 9190.0 9217.0 9245.0 9273.0 9300.0 9337.0 9347.0 9356.0 9365.0 9374.0 9384.0 9393.0 9402.0 9421.0 9430.0 9439.0 9448.0 9458.0 9467.0 9476.0 9485.0 9504.0 9513.0 9522.0 9532.0 9541.0 9550.0 9559.0 9569.0 9563.0 9548.0 9533.0 9519.0 9504.0 9489.0 9474.0 9459.0 9429.0 9415.0 9400.0 9385.0 9370.0 9355.0 9340.0 9326.0 9296.0 9281.0 9266.0 9251.0 9236.0 9222.0 9207.0 9192.0 9139.0 9102.0 9064.0 9026.0 8989.0 8951.0 8913.0 8876.0 8800.0 8763.0 8725.0 8687.0 8650.0 8612.0 8574.0 8537.0 8461.0 8424.0 8386.0 8348.0 8311.0 8273.0 8235.0 8198.0 8103.0 8046.0 7988.0 7931.0 7874.0 7817.0 7760.0 7703.0 7588.0 7531.0 7474.0 7417.0 7359.0 7302.0 7245.0 7188.0 7073.0 7016.0 6959.0 6902.0 6845.0 6788.0 6730.0 6673.0 6584.0 6553.0 6521.0 6490.0 6458.0 6427.0 6395.0 6364.0 6301.0 6269.0 6238.0 6206.0 6175.0 6143.0 6112.0 6080.0 6017.0 5986.0 5954.0 5923.0 5891.0 5860.0 5828.0 5797.0 5725.0 5684.0 5644.0 5603.0 5563.0 5523.0 5482.0 5442.0 5361.0 5321.0 5280.0 5240.0 5199.0 5159.0 5118.0 5078.0 4997.0 4957.0 4916.0 4876.0 4836.0 4795.0 4755.0 4714.0 4648.0 4623.0 4597.0 4571.0 4545.0 4520.0 4494.0 4468.0 4417.0 4391.0 4366.0 4340.0 4314.0 4288.0 4263.0 4237.0 4186.0 4160.0 4134.0 4109.0 4083.0 4057.0 4031.0 4006.0 3950.0 3920.0 3891.0 3861.0 3831.0 3801.0 3772.0 3742.0 3682.0 3652.0 3623.0 3593.0 3563.0 3533.0 3504.0 3474.0 3414.0 3384.0 3355.0 3325.0 3295.0 3265.0 3236.0 3206.0 3161.0 3145.0 3130.0 3114.0 3099.0 3083.0 3068.0 3052.0 3021.0 3006.0 2990.0 2975.0 2959.0 2944.0 2928.0 2913.0 2882.0 2866.0 2851.0 2835.0 2820.0 2804.0 2789.0 2773.0 2755.0 2753.0 2750.0 2747.0 2744.0 2742.0 2739.0 2736.0 2731.0 2728.0 2726.0 2723.0 2720.0 2717.0 2715.0 2712.0 2707.0 2704.0 2701.0 2699.0 2696.0 2693.0 2690.0 2688.0 2677.0 2669.0 2661.0 2653.0 2645.0 2637.0 2629.0 2621.0 2605.0 2597.0 2589.0 2581.0 2573.0 2565.0 2557.0 2549.0 2533.0 2525.0 2517.0 2509.0 2501.0 2493.0 2485.0 2477.0 2471.0 2474.0 2476.0 2479.0 2481.0 2483.0 2486.0 2488.0 2493.0 2495.0 2498.0 2500.0 2503.0 2505.0 2508.0 2510.0 2515.0 2517.0 2520.0 2522.0
agregarAgente --UnidadTermicaSimple
200.0
100.0
agregarAgente --DemandaFija
349.5 303.6 259.5 259.5 259.5 324.3 390.9 456.6 522.3 588.9 653.7 653.7 653.7 638.4 623.1 607.8 593.4 577.2 561.9 561.9 561.9 497.1 432.3 368.4 303.6 238.8 174.0 174.0 174.0 217.2 259.5 301.8 345.0 387.3 428.7 428.7 428.7 473.7 517.8 561.9 606.9 651.0 696.0 696.0 696.0 595.2 494.4 392.7 291.9 190.2 89.4 89.4 89.4 82.2 74.1 66.9 58.8 51.6 44.4 44.4 44.4 79.5 115.5 151.5 186.6 222.6 258.6 258.6 258.6 239.7 221.7 201.9 183.9 165.0 147.0 147.0 147.0 219.0 291.0 363.0 434.1 507.0 578.1 578.1 578.1 613.2 647.4 681.6 716.7 750.9 785.1 785.1 785.1 693.3 603.3 511.5 419.7 328.8 237.9 237.9 237.9 289.2 342.3 393.6 444.9 497.1 548.4 548.4 548.4 498.9 447.6 397.2 347.7 296.4 246.0 246.0 246.0 211.8 178.5 145.2 111.9 77.7 44.4 44.4 44.4 66.9 90.3 113.7 137.1 159.6 183.0 183.0 183.0 258.6 333.3 408.9 484.5 559.2 635.7 635.7 635.7 540.3 444.9 350.4 255.0 159.6 64.2 64.2 64.2 63.3 62.4 62.4 61.5 60.6 60.6 60.6 60.6 167.7 275.7 383.7 491.7 599.7 705.9 705.9 705.9 660.0 614.1 567.3 521.4 474.6 427.8 427.8 427.8 480.0 531.3 582.6 634.8 685.2 737.4 737.4 737.4 741.9 745.5 750.0 753.6 758.1 761.7 761.7 761.7 676.2 592.5 507.0 421.5 336.0 252.3 252.3 252.3 345.9 439.5 534.0 628.5 723.0 816.6 816.6 816.6 789.6 762.6 736.5 709.5 681.6 655.5 655.5 655.5 568.2 481.8 395.4 308.1 221.7 135.3 135.3 135.3 228.9 321.6 415.2 509.7 603.3 696.0 696.0 696.0 721.2 744.6 768.9 792.3 816.6 840.9 840.9 840.9 750.0 659.1 568.2 478.2 387.3 296.4 296.4 296.4 417.0 536.7 657.3 777.9 897.6 1018.2 1018.2 1018.2 960.6 901.2 843.6 785.1 727.5 669.0 669.0 669.0 602.4 534.9 468.3 400.8 333.3 266.7 266.7 266.7 284.7 303.6 321.6 340.5 359.4 377.4 377.4 377.4 395.4 413.4 431.4 449.4 468.3 486.3 486.3 486.3 462.9 437.7 414.3 390.0 366.6 342.3 342.3 342.3 314.4 286.5 258.6 231.6 202.8 174.9 174.9 174.9 201.0 227.1 252.3 277.5 302.7 327.9 327.9 327.9 330.6 333.3 336.0 339.6 342.3 345.0 345.0 345.0 386.4 426.9 469.2 510.6 551.1 593.4 593.4 593.4 644.7 695.1 747.3 797.7 849.9 900.3 900.3 900.3 813.0 725.7 637.5 549.3 462.0 373.8 373.8 373.8 448.5 523.2 598.8 672.6 748.2 822.0 822.0 822.0 786.9 751.8 717.6 681.6 646.5 611.4 611.4 611.4 521.4 432.3 343.2
crearDespacho --mercado --conDemandaTotal
4
0.02 0.07 0.145 1.0
370.0 600.0 2400.0 4000.0
533.01 463.01 395.75 395.75 395.75 494.58 596.15 696.34 796.54 898.11 996.93 996.93 996.93 973.6 950.26 926.93 904.97 880.26 856.93 856.93 856.93 758.11 659.28 561.83 463.01 364.18 265.36 265.36 265.36 331.24 395.75 460.26 526.15 590.66 653.79 653.79 653.79 722.42 789.68 856.93 925.56 992.81 1061.44 1061.44 1061.44 907.72 753.99 598.89 445.16 290.07 136.34 136.34 136.34 125.36 113.01 102.03 89.67 78.69 67.71 67.71 67.71 121.24 176.14 231.05 284.58 339.48 394.38 394.38 394.38 365.56 338.11 307.91 280.46 251.63 224.18 224.18 224.18 333.99 443.79 553.6 662.03 773.2 881.64 881.64 881.64 935.17 987.32 1039.48 1093.01 1145.17 1197.32 1197.32 1197.32 1057.32 920.07 780.07 640.07 501.44 362.81 362.81 362.81 441.05 522.03 600.26 678.5 758.11 836.34 836.34 836.34 760.85 682.62 605.75 530.26 452.03 375.16 375.16 375.16 323.01 272.22 221.44 170.65 118.5 67.71 67.71 67.71 102.03 137.71 173.4 209.09 243.4 279.09 279.09 279.09 394.38 508.3 623.6 738.89 852.81 969.48 969.48 969.48 823.99 678.5 534.38 388.89 243.4 97.91 97.91 97.91 96.54 95.16 95.16 93.79 92.42 92.42 92.42 92.42 255.75 420.46 585.17 749.87 914.58 1076.54 1076.54 1076.54 1006.54 936.54 865.17 795.17 723.79 652.42 652.42 652.42 732.03 810.26 888.5 968.11 1044.97 1124.58 1124.58 1124.58 1131.44 1136.93 1143.79 1149.28 1156.15 1161.64 1161.64 1161.64 1031.24 903.6 773.2 642.81 512.42 384.77 384.77 384.77 527.52 670.26 814.38 958.5 1102.62 1245.36 1245.36 1245.36 1204.19 1163.01 1123.21 1082.03 1039.48 999.68 999.68 999.68 866.54 734.77 603.01 469.87 338.11 206.34 206.34 206.34 349.09 490.46 633.2 777.32 920.07 1061.44 1061.44 1061.44 1099.87 1135.56 1172.62 1208.3 1245.36 1282.42 1282.42 1282.42 1143.79 1005.17 866.54 729.28 590.66 452.03 452.03 452.03 635.95 818.5 1002.42 1186.34 1368.89 1552.82 1552.82 1552.82 1464.97 1374.38 1286.54 1197.32 1109.48 1020.26 1020.26 1020.26 918.7 815.75 714.19 611.24 508.3 406.73 406.73 406.73 434.18 463.01 490.46 519.28 548.11 575.56 575.56 575.56 603.01 630.46 657.91 685.36 714.19 741.64 741.64 741.64 705.95 667.52 631.83 594.77 559.09 522.03 522.03 522.03 479.48 436.93 394.38 353.2 309.28 266.73 266.73 266.73 306.54 346.34 384.77 423.2 461.64 500.07 500.07 500.07 504.18 508.3 512.42 517.91 522.03 526.15 526.15 526.15 589.28 651.05 715.56 778.7 840.46 904.97 904.97 904.97 983.21 1060.07 1139.68 1216.54 1296.15 1373.01 1373.01 1373.01 1239.87 1106.74 972.23 837.71 704.58 570.07 570.07 570.07 683.99 797.91 913.21 1025.75 1141.05 1253.6 1253.6 1253.6 1200.07 1146.54 1094.38 1039.48 985.95 932.42 932.42 932.42 795.17 659.28 523.4
configurarSolver --Gurobi
resolver --noConstante ejecuciones/bancos/recombinados/v1/directo/sgtm/v1_sgtm_000330.csv
finalizar
