inicializar --t 360
agregarAgente --SaltoGrande
0.000834
1696918051.0
2524.0 2527.0 2529.0 2532.0 2550.0 2566.0 2582.0 2598.0 2613.0 2629.0 2645.0 2661.0 2693.0 2709.0 2725.0 2741.0 2756.0 2772.0 2788.0 2804.0 2836.0 2852.0 2868.0 2884.0 2899.0 2915.0 2931.0 2947.0 2992.0 3022.0 3051.0 3080.0 3110.0 3139.0 3169.0 3198.0 3257.0 3286.0 3315.0 3345.0 3374.0 3404.0 3433.0 3462.0 3521.0 3550.0 3580.0 3609.0 3639.0 3668.0 3697.0 3727.0 3836.0 3916.0 3996.0 4076.0 4156.0 4236.0 4315.0 4395.0 4555.0 4635.0 4715.0 4795.0 4875.0 4955.0 5035.0 5115.0 5275.0 5355.0 5434.0 5514.0 5594.0 5674.0 5754.0 5834.0 5880.0 5847.0 5813.0 5780.0 5746.0 5713.0 5679.0 5646.0 5578.0 5545.0 5511.0 5478.0 5444.0 5411.0 5377.0 5344.0 5276.0 5243.0 5209.0 5176.0 5142.0 5109.0 5075.0 5042.0 5002.0 4996.0 4990.0 4984.0 4977.0 4971.0 4965.0 4959.0 4947.0 4941.0 4935.0 4929.0 4922.0 4916.0 4910.0 4904.0 4892.0 4886.0 4880.0 4874.0 4867.0 4861.0 4855.0 4849.0 4844.0 4844.0 4845.0 4846.0 4847.0 4847.0 4848.0 4849.0 4850.0 4851.0 4852.0 4853.0 4853.0 4854.0 4855.0 4856.0 4857.0 4858.0 4859.0 4859.0 4860.0 4861.0 4862.0 4862.0 4892.0 4921.0 4950.0 4979.0 5008.0 5037.0 5066.0 5095.0 5153.0 5182.0 5211.0 5240.0 5268.0 5297.0 5326.0 5355.0 5413.0 5442.0 5471.0 5500.0 5529.0 5558.0 5587.0 5616.0 5694.0 5743.0 5793.0 5842.0 5891.0 5940.0 5989.0 6038.0 6137.0 6186.0 6235.0 6284.0 6334.0 6383.0 6432.0 6481.0 6580.0 6629.0 6678.0 6727.0 6776.0 6825.0 6875.0 6924.0 7007.0 7041.0 7076.0 7110.0 7144.0 7178.0 7212.0 7246.0 7315.0 7349.0 7383.0 7417.0 7452.0 7486.0 7520.0 7554.0 7623.0 7657.0 7691.0 7725.0 7759.0 7793.0 7828.0 7862.0 7929.0 7962.0 7996.0 8029.0 8062.0 8095.0 8129.0 8162.0 8228.0 8261.0 8295.0 8328.0 8361.0 8394.0 8428.0 8461.0 8527.0 8560.0 8594.0 8627.0 8660.0 8693.0 8727.0 8760.0 8809.0 8826.0 8842.0 8858.0 8874.0 8891.0 8907.0 8923.0 8956.0 8972.0 8989.0 9005.0 9021.0 9037.0 9054.0 9070.0 9103.0 9119.0 9135.0 9152.0 9168.0 9184.0 9200.0 9217.0 9234.0 9236.0 9237.0 9239.0 9240.0 9242.0 9243.0 9245.0 9248.0 9249.0 9251.0 9252.0 9254.0 9255.0 9257.0 9258.0 9261.0 9263.0 9264.0 9266.0 9267.0 9269.0 9270.0 9272.0 9239.0 9205.0 9172.0 9138.0 9104.0 9070.0 9037.0 9003.0 8935.0 8901.0 8868.0 8834.0 8800.0 8766.0 8733.0 8699.0 8631.0 8597.0 8564.0 8530.0 8496.0 8462.0 8429.0 8395.0 8324.0 8287.0 8250.0 8213.0 8177.0 8140.0 8103.0 8066.0 7992.0 7955.0 7918.0 7881.0 7845.0 7808.0 7771.0 7734.0 7660.0 7623.0 7586.0 7549.0 7513.0 7476.0 7439.0 7402.0 7332.0 7298.0 7265.0 7231.0 7198.0 7164.0 7131.0 7097.0 7030.0 6997.0 6963.0 6930.0 6896.0 6863.0 6829.0 6796.0 6729.0 6695.0 6662.0 6628.0
agregarAgente --UnidadTermicaSimple
200.0
100.0
agregarAgente --DemandaFija
871.5 827.4 785.1 785.1 785.1 856.2 926.4 997.5 1067.7 1139.7 1210.8 1210.8 1210.8 1158.6 1108.2 1056.0 1005.6 955.2 903.0 903.0 903.0 848.1 791.4 735.6 679.8 624.0 567.3 567.3 567.3 640.2 713.1 785.1 857.1 929.1 1002.0 1002.0 1002.0 958.8 914.7 871.5 827.4 784.2 741.0 741.0 741.0 711.3 680.7 651.0 621.3 591.6 561.0 561.0 561.0 619.5 677.1 736.5 794.1 852.6 910.2 910.2 910.2 913.8 916.5 920.1 922.8 925.5 929.1 929.1 929.1 885.0 841.8 797.7 753.6 710.4 666.3 666.3 666.3 719.4 770.7 822.9 876.0 928.2 981.3 981.3 981.3 878.7 777.0 675.3 573.6 472.8 371.1 371.1 371.1 363.9 355.8 348.6 341.4 332.4 325.2 325.2 325.2 345.0 363.9 382.8 401.7 420.6 439.5 439.5 439.5 444.0 448.5 453.0 457.5 462.0 466.5 466.5 466.5 500.7 534.9 570.0 605.1 639.3 673.5 673.5 673.5 711.3 749.1 786.0 823.8 861.6 899.4 899.4 899.4 900.3 901.2 903.0 903.9 905.7 906.6 906.6 906.6 858.9 810.3 762.6 714.9 666.3 618.6 618.6 618.6 676.2 734.7 793.2 851.7 909.3 968.7 968.7 968.7 937.2 907.5 876.9 846.3 815.7 785.1 785.1 785.1 701.4 618.6 534.0 450.3 367.5 283.8 283.8 283.8 402.6 521.4 640.2 759.9 878.7 997.5 997.5 997.5 978.6 959.7 940.8 921.9 903.0 884.1 884.1 884.1 772.5 661.8 550.2 438.6 327.9 217.2 217.2 217.2 322.5 427.8 534.0 639.3 745.5 850.8 850.8 850.8 885.0 920.1 955.2 989.4 1023.6 1057.8 1057.8 1057.8 936.3 814.8 694.2 572.7 451.2 329.7 329.7 329.7 294.6 259.5 224.4 188.4 154.2 119.1 119.1 119.1 152.4 185.7 219.9 253.2 286.5 320.7 320.7 320.7 348.6 375.6 403.5 430.5 457.5 486.3 486.3 486.3 556.5 628.5 699.6 770.7 842.7 913.8 913.8 913.8 915.6 918.3 920.1 922.8 924.6 927.3 927.3 927.3 850.8 773.4 696.0 619.5 541.2 464.7 464.7 464.7 498.9 533.1 567.3 602.4 636.6 670.8 670.8 670.8 695.1 720.3 745.5 769.8 794.1 818.4 818.4 818.4 756.3 692.4 630.3 566.4 504.3 440.4 440.4 440.4 521.4 601.5 681.6 761.7 842.7 922.8 922.8 922.8 853.5 783.3 714.0 644.7 574.5 505.2 505.2 505.2 464.7 422.4 381.0 340.5 298.2 256.8 256.8 256.8 221.7 185.7 150.6 115.5 79.5 44.4 44.4 44.4 140.7 236.1 331.5 427.8 524.1 620.4 620.4 620.4 616.8 614.1 610.5 607.8 604.2 601.5 601.5 601.5 651.9 703.2 754.5 804.9 857.1 907.5 907.5 907.5 882.3 857.1 831.9 805.8 779.7 754.5 754.5 754.5 639.3 524.1 408.0
crearDespacho --mercado --conDemandaTotal
4
0.02 0.07 0.145 1.0
370.0 600.0 2400.0 4000.0
943.48 895.74 849.94 849.94 849.94 926.91 1002.91 1079.88 1155.88 1233.83 1310.8 1310.8 1310.8 1254.29 1199.73 1143.22 1088.65 1034.09 977.58 977.58 977.58 918.14 856.76 796.35 735.94 675.54 614.15 614.15 614.15 693.07 772.0 849.94 927.89 1005.83 1084.76 1084.76 1084.76 1037.99 990.25 943.48 895.74 848.97 802.2 802.2 802.2 770.05 736.92 704.77 672.61 640.46 607.33 607.33 607.33 670.66 733.02 797.33 859.69 923.02 985.37 985.37 985.37 989.27 992.19 996.09 999.01 1001.94 1005.83 1005.83 1005.83 958.09 911.32 863.58 815.84 769.07 721.33 721.33 721.33 778.82 834.35 890.86 948.35 1004.86 1062.35 1062.35 1062.35 951.27 841.17 731.07 620.97 511.85 401.75 401.75 401.75 393.95 385.19 377.39 369.6 359.85 352.06 352.06 352.06 373.49 393.95 414.42 434.88 455.34 475.8 475.8 475.8 480.67 485.54 490.41 495.29 500.16 505.03 505.03 505.03 542.05 579.08 617.08 655.08 692.1 729.12 729.12 729.12 770.05 810.97 850.92 891.84 932.76 973.68 973.68 973.68 974.66 975.63 977.58 978.55 980.5 981.48 981.48 981.48 929.84 877.22 825.58 773.94 721.33 669.69 669.69 669.69 732.05 795.38 858.71 922.04 984.4 1048.71 1048.71 1048.71 1014.6 982.45 949.32 916.2 883.07 849.94 849.94 849.94 759.33 669.69 578.1 487.49 397.85 307.24 307.24 307.24 435.85 564.46 693.07 822.66 951.27 1079.88 1079.88 1079.88 1059.42 1038.96 1018.5 998.04 977.58 957.12 957.12 957.12 836.3 716.46 595.64 474.82 354.98 235.14 235.14 235.14 349.14 463.13 578.1 692.1 807.07 921.07 921.07 921.07 958.09 996.09 1034.09 1071.11 1108.14 1145.16 1145.16 1145.16 1013.63 882.09 751.53 620.0 488.46 356.93 356.93 356.93 318.93 280.93 242.93 203.96 166.94 128.94 128.94 128.94 164.99 201.04 238.06 274.11 310.16 347.19 347.19 347.19 377.39 406.62 436.83 466.06 495.29 526.46 526.46 526.46 602.46 680.41 757.38 834.35 912.3 989.27 989.27 989.27 991.22 994.14 996.09 999.01 1000.96 1003.89 1003.89 1003.89 921.07 837.28 753.48 670.66 585.9 503.08 503.08 503.08 540.1 577.13 614.15 652.15 689.18 726.2 726.2 726.2 752.51 779.79 807.07 833.38 859.69 885.99 885.99 885.99 818.76 749.59 682.36 613.18 545.95 476.77 476.77 476.77 564.46 651.18 737.89 824.61 912.3 999.01 999.01 999.01 923.99 847.99 772.97 697.95 621.95 546.92 546.92 546.92 503.08 457.29 412.47 368.62 322.83 278.01 278.01 278.01 240.01 201.04 163.04 125.04 86.07 48.07 48.07 48.07 152.32 255.6 358.88 463.13 567.39 671.64 671.64 671.64 667.74 664.82 660.92 658.0 654.1 651.18 651.18 651.18 705.74 761.28 816.81 871.38 927.89 982.45 982.45 982.45 955.17 927.89 900.61 872.35 844.1 816.81 816.81 816.81 692.1 567.39 441.7
configurarSolver --Gurobi
resolver --noConstante ejecuciones/bancos/recombinados/v1/directo/sgtm/v1_sgtm_000273.csv
finalizar
