inicializar --t 360
agregarAgente --SaltoGrande
0.00323
2618270994.0
4997.0 4998.0 4999.0 4999.0 4991.0 4982.0 4973.0 4964.0 4955.0 4946.0 4938.0 4929.0 4911.0 4902.0 4893.0 4884.0 4875.0 4866.0 4857.0 4848.0 4830.0 4821.0 4813.0 4804.0 4795.0 4786.0 4777.0 4768.0 4755.0 4752.0 4748.0 4745.0 4741.0 4737.0 4734.0 4730.0 4723.0 4719.0 4716.0 4712.0 4709.0 4705.0 4702.0 4698.0 4691.0 4687.0 4684.0 4680.0 4676.0 4673.0 4669.0 4666.0 4676.0 4690.0 4704.0 4718.0 4732.0 4746.0 4760.0 4774.0 4802.0 4816.0 4830.0 4844.0 4859.0 4873.0 4887.0 4901.0 4929.0 4943.0 4957.0 4971.0 4985.0 4999.0 5013.0 5027.0 5037.0 5033.0 5028.0 5024.0 5020.0 5016.0 5011.0 5007.0 4999.0 4995.0 4990.0 4986.0 4982.0 4978.0 4973.0 4969.0 4961.0 4957.0 4952.0 4948.0 4944.0 4940.0 4935.0 4931.0 4931.0 4936.0 4940.0 4944.0 4948.0 4953.0 4957.0 4961.0 4970.0 4974.0 4979.0 4983.0 4987.0 4991.0 4996.0 5000.0 5009.0 5013.0 5017.0 5022.0 5026.0 5030.0 5034.0 5039.0 5032.0 5022.0 5011.0 5001.0 4990.0 4979.0 4969.0 4958.0 4937.0 4926.0 4916.0 4905.0 4895.0 4884.0 4874.0 4863.0 4842.0 4831.0 4821.0 4810.0 4799.0 4789.0 4778.0 4768.0 4746.0 4734.0 4723.0 4711.0 4700.0 4688.0 4677.0 4665.0 4643.0 4631.0 4620.0 4608.0 4597.0 4585.0 4574.0 4562.0 4540.0 4528.0 4517.0 4505.0 4494.0 4482.0 4471.0 4459.0 4473.0 4499.0 4524.0 4550.0 4575.0 4601.0 4626.0 4652.0 4703.0 4728.0 4754.0 4779.0 4805.0 4830.0 4856.0 4881.0 4932.0 4958.0 4983.0 5009.0 5034.0 5060.0 5085.0 5111.0 5168.0 5199.0 5231.0 5262.0 5294.0 5325.0 5357.0 5388.0 5451.0 5483.0 5514.0 5546.0 5577.0 5609.0 5640.0 5672.0 5735.0 5766.0 5798.0 5829.0 5861.0 5892.0 5924.0 5955.0 5983.0 5979.0 5976.0 5972.0 5968.0 5964.0 5960.0 5956.0 5949.0 5945.0 5941.0 5937.0 5934.0 5930.0 5926.0 5922.0 5915.0 5911.0 5907.0 5903.0 5899.0 5895.0 5892.0 5888.0 5877.0 5871.0 5864.0 5857.0 5851.0 5844.0 5837.0 5831.0 5817.0 5811.0 5804.0 5797.0 5791.0 5784.0 5777.0 5771.0 5757.0 5751.0 5744.0 5737.0 5731.0 5724.0 5717.0 5711.0 5695.0 5686.0 5677.0 5668.0 5659.0 5650.0 5641.0 5632.0 5614.0 5605.0 5596.0 5587.0 5578.0 5569.0 5560.0 5551.0 5533.0 5524.0 5515.0 5506.0 5497.0 5488.0 5479.0 5470.0 5459.0 5456.0 5454.0 5452.0 5449.0 5447.0 5444.0 5442.0 5437.0 5435.0 5433.0 5430.0 5428.0 5425.0 5423.0 5421.0 5416.0 5414.0 5411.0 5409.0 5406.0 5404.0 5402.0 5399.0 5452.0 5507.0 5562.0 5617.0 5671.0 5726.0 5781.0 5836.0 5946.0 6001.0 6056.0 6111.0 6165.0 6220.0 6275.0 6330.0 6440.0 6495.0 6550.0 6605.0 6659.0 6714.0 6769.0 6824.0 6861.0 6844.0 6826.0 6809.0 6791.0 6773.0 6756.0 6738.0 6703.0 6685.0 6668.0 6650.0 6633.0 6615.0 6598.0 6580.0 6545.0 6527.0 6510.0 6492.0
agregarAgente --UnidadTermicaSimple
200.0
100.0
agregarAgente --DemandaFija
318.0 287.4 256.8 251.4 251.4 288.3 324.3 359.4 395.4 431.4 466.5 473.7 483.6 455.7 427.8 399.9 372.0 344.1 315.3 318.9 324.3 325.2 326.1 327.0 327.9 329.7 330.6 331.5 336.9 344.1 350.4 357.6 363.9 371.1 378.3 381.9 390.9 392.7 395.4 398.1 400.8 403.5 407.1 410.7 399.0 381.9 364.8 348.6 332.4 316.2 299.1 283.8 261.3 255.9 251.4 246.9 242.4 237.0 231.6 224.4 218.1 224.4 232.5 239.7 246.0 254.1 260.4 262.2 261.3 257.7 254.1 250.5 246.0 241.5 237.9 236.1 233.4 281.1 327.9 376.5 424.2 471.9 519.6 519.6 516.9 507.0 497.1 488.1 479.1 469.2 459.3 456.6 455.7 417.9 379.2 340.5 302.7 264.0 226.2 227.1 229.8 271.2 311.7 354.0 395.4 436.8 478.2 479.1 480.9 472.8 464.7 456.6 447.6 439.5 431.4 432.3 432.3 402.6 372.9 344.1 314.4 284.7 255.0 254.1 255.0 277.5 300.0 321.6 345.9 367.5 390.0 390.9 395.4 413.4 432.3 450.3 469.2 487.2 506.1 507.9 505.2 472.8 441.3 408.0 375.6 343.2 311.7 306.3 301.8 282.0 261.3 242.4 222.6 203.7 183.9 183.9 186.6 207.3 229.8 250.5 272.1 292.8 314.4 316.2 315.3 304.5 294.6 282.9 272.1 261.3 250.5 248.7 255.0 259.5 262.2 265.8 269.4 272.1 275.7 284.7 291.9 300.9 309.9 319.8 328.8 337.8 347.7 346.8 338.7 317.1 295.5 273.0 252.3 229.8 209.1 200.1 197.4 230.7 264.9 299.1 333.3 367.5 401.7 408.0 416.1 427.8 439.5 452.1 463.8 475.5 488.1 488.1 482.7 435.9 390.0 344.1 297.3 250.5 205.5 198.3 192.9 230.7 269.4 308.1 346.8 383.7 423.3 425.1 426.0 425.1 424.2 424.2 424.2 423.3 423.3 421.5 417.9 378.3 340.5 301.8 263.1 224.4 185.7 183.9 180.3 215.4 251.4 287.4 322.5 357.6 394.5 392.7 392.7 394.5 395.4 397.2 399.9 399.9 402.6 403.5 402.6 366.6 330.6 295.5 258.6 222.6 186.6 185.7 185.7 216.3 247.8 279.3 310.8 341.4 372.9 374.7 377.4 390.0 401.7 414.3 426.0 437.7 449.4 450.3 448.5 399.0 351.3 302.7 254.1 205.5 156.9 153.3 152.4 174.9 198.3 221.7 244.2 266.7 290.1 291.9 293.7 305.4 318.0 330.6 343.2 354.9 368.4 368.4 365.7 336.0 306.3 276.6 246.9 217.2 188.4 185.7 183.0 204.6 227.1 248.7 271.2 293.7 315.3 315.3 315.3 336.0 357.6 377.4 398.1 418.8 438.6 439.5 439.5 403.5 367.5 332.4 296.4 260.4 225.3 224.4 223.5 227.1 229.8 233.4 236.1 240.6 243.3 243.3 241.5 273.9 304.5 335.1 365.7 397.2 427.8 426.0 426.9 392.7 358.5 325.2
crearDespacho --mercado --conDemandaTotal
4
0.02 0.07 0.145 1.0
370.0 600.0 2400.0 4000.0
638.67 577.21 515.75 504.91 504.91 579.02 651.32 721.81 794.11 866.42 936.91 951.37 971.25 915.22 859.19 803.15 747.12 691.08 633.24 640.47 651.32 653.13 654.93 656.74 658.55 662.16 663.97 665.78 676.62 691.08 703.74 718.2 730.85 745.31 759.77 767.0 785.08 788.69 794.11 799.54 804.96 810.38 817.61 824.84 801.34 767.0 732.66 700.12 667.59 635.05 600.71 569.98 524.79 513.94 504.91 495.87 486.83 475.99 465.14 450.68 438.03 450.68 466.95 481.41 494.06 510.33 522.98 526.6 524.79 517.56 510.33 503.1 494.06 485.02 477.79 474.18 468.76 564.56 658.55 756.16 851.96 947.75 1043.55 1043.55 1038.13 1018.25 998.37 980.29 962.22 942.33 922.45 917.03 915.22 839.3 761.58 683.85 607.94 530.21 454.3 456.1 461.53 544.67 626.01 710.97 794.11 877.26 960.41 962.22 965.83 949.56 933.29 917.03 898.95 882.68 866.42 868.22 868.22 808.57 748.93 691.08 631.43 571.79 512.14 510.33 512.14 557.33 602.51 645.9 694.7 738.08 783.27 785.08 794.11 830.26 868.22 904.37 942.33 978.48 1016.44 1020.06 1014.63 949.56 886.3 819.42 754.35 689.28 626.01 615.17 606.13 566.36 524.79 486.83 447.07 409.11 369.34 369.34 374.76 416.34 461.53 503.1 546.48 588.05 631.43 635.05 633.24 611.55 591.67 568.17 546.48 524.79 503.1 499.48 512.14 521.17 526.6 533.83 541.06 546.48 553.71 571.79 586.25 604.32 622.4 642.28 660.36 678.43 698.31 696.51 680.24 636.86 593.48 548.29 506.71 461.53 419.95 401.88 396.45 463.33 532.02 600.71 669.39 738.08 806.77 819.42 835.69 859.19 882.68 907.99 931.49 954.98 980.29 980.29 969.45 875.45 783.27 691.08 597.09 503.1 412.72 398.26 387.42 463.33 541.06 618.78 696.51 770.62 850.15 853.76 855.57 853.76 851.96 851.96 851.96 850.15 850.15 846.53 839.3 759.77 683.85 606.13 528.4 450.68 372.96 369.34 362.11 432.61 504.91 577.21 647.7 718.2 792.31 788.69 788.69 792.31 794.11 797.73 803.15 803.15 808.57 810.38 808.57 736.27 663.97 593.48 519.37 447.07 374.76 372.96 372.96 434.41 497.68 560.94 624.2 685.66 748.93 752.54 757.96 783.27 806.77 832.07 855.57 879.07 902.57 904.37 900.76 801.34 705.54 607.94 510.33 412.72 315.11 307.88 306.08 351.27 398.26 445.26 490.45 535.64 582.63 586.25 589.86 613.36 638.67 663.97 689.28 712.77 739.89 739.89 734.46 674.82 615.17 555.52 495.87 436.22 378.38 372.96 367.53 410.91 456.1 499.48 544.67 589.86 633.24 633.24 633.24 674.82 718.2 757.96 799.54 841.11 880.88 882.68 882.68 810.38 738.08 667.59 595.28 522.98 452.49 450.68 448.87 456.1 461.53 468.76 474.18 483.22 488.64 488.64 485.02 550.1 611.55 673.01 734.46 797.73 859.19 855.57 857.38 788.69 720.0 653.13
configurarSolver --Gurobi
resolver --noConstante ejecuciones/bancos/recombinados/v1/directo/sgtm/v1_sgtm_000100.csv
finalizar
