inicializar --t 360
agregarAgente --SaltoGrande
0.001162
2688826244.0
2958.0 2954.0 2950.0 2945.0 2950.0 2958.0 2967.0 2976.0 2984.0 2993.0 3001.0 3010.0 3027.0 3036.0 3045.0 3053.0 3062.0 3070.0 3079.0 3088.0 3105.0 3114.0 3122.0 3131.0 3139.0 3148.0 3157.0 3165.0 3161.0 3149.0 3136.0 3123.0 3110.0 3098.0 3085.0 3072.0 3047.0 3034.0 3022.0 3009.0 2996.0 2983.0 2971.0 2958.0 2933.0 2920.0 2907.0 2895.0 2882.0 2869.0 2856.0 2844.0 2810.0 2789.0 2769.0 2748.0 2727.0 2706.0 2686.0 2665.0 2623.0 2602.0 2582.0 2561.0 2540.0 2519.0 2499.0 2478.0 2436.0 2415.0 2395.0 2374.0 2353.0 2332.0 2312.0 2291.0 2284.0 2299.0 2313.0 2327.0 2342.0 2356.0 2370.0 2385.0 2413.0 2428.0 2442.0 2456.0 2471.0 2485.0 2499.0 2514.0 2542.0 2557.0 2571.0 2585.0 2600.0 2614.0 2628.0 2643.0 2676.0 2695.0 2714.0 2733.0 2752.0 2771.0 2790.0 2809.0 2847.0 2866.0 2885.0 2904.0 2924.0 2943.0 2962.0 2981.0 3019.0 3038.0 3057.0 3076.0 3095.0 3114.0 3133.0 3152.0 3183.0 3194.0 3206.0 3217.0 3229.0 3240.0 3252.0 3263.0 3286.0 3298.0 3309.0 3321.0 3332.0 3344.0 3355.0 3367.0 3390.0 3401.0 3413.0 3424.0 3436.0 3447.0 3459.0 3470.0 3485.0 3489.0 3492.0 3496.0 3499.0 3503.0 3506.0 3510.0 3516.0 3520.0 3523.0 3527.0 3530.0 3534.0 3537.0 3541.0 3547.0 3551.0 3554.0 3558.0 3561.0 3565.0 3568.0 3572.0 3565.0 3556.0 3546.0 3536.0 3526.0 3517.0 3507.0 3497.0 3478.0 3468.0 3458.0 3448.0 3439.0 3429.0 3419.0 3409.0 3390.0 3380.0 3370.0 3361.0 3351.0 3341.0 3331.0 3322.0 3351.0 3390.0 3428.0 3467.0 3506.0 3545.0 3583.0 3622.0 3700.0 3739.0 3777.0 3816.0 3855.0 3894.0 3932.0 3971.0 4049.0 4088.0 4126.0 4165.0 4204.0 4243.0 4281.0 4320.0 4520.0 4680.0 4841.0 5002.0 5163.0 5323.0 5484.0 5645.0 5966.0 6127.0 6288.0 6449.0 6609.0 6770.0 6931.0 7092.0 7413.0 7574.0 7735.0 7895.0 8056.0 8217.0 8378.0 8538.0 8774.0 8850.0 8925.0 9000.0 9075.0 9151.0 9226.0 9301.0 9452.0 9527.0 9602.0 9677.0 9753.0 9828.0 9903.0 9978.0 10129.0 10204.0 10279.0 10355.0 10430.0 10505.0 10580.0 10656.0 10773.0 10814.0 10856.0 10897.0 10939.0 10981.0 11022.0 11064.0 11147.0 11189.0 11230.0 11272.0 11313.0 11355.0 11396.0 11438.0 11521.0 11563.0 11604.0 11646.0 11688.0 11729.0 11771.0 11812.0 11871.0 11888.0 11904.0 11921.0 11938.0 11955.0 11971.0 11988.0 12022.0 12039.0 12055.0 12072.0 12089.0 12106.0 12122.0 12139.0 12173.0 12190.0 12206.0 12223.0 12240.0 12257.0 12273.0 12290.0 12308.0 12310.0 12311.0 12313.0 12314.0 12316.0 12317.0 12319.0 12321.0 12323.0 12324.0 12326.0 12327.0 12329.0 12330.0 12332.0 12334.0 12336.0 12337.0 12339.0 12340.0 12342.0 12343.0 12345.0 12357.0 12367.0 12378.0 12389.0 12399.0 12410.0 12420.0 12431.0 12452.0 12463.0 12474.0 12484.0 12495.0 12505.0 12516.0 12527.0 12548.0 12559.0 12569.0 12580.0
agregarAgente --UnidadTermicaSimple
200.0
100.0
agregarAgente --DemandaFija
162.0 162.6 163.8 164.4 165.6 172.2 179.4 186.6 193.2 200.4 207.6 207.6 209.4 207.0 204.0 201.6 198.0 194.4 192.0 194.4 196.2 192.0 187.8 183.6 179.4 175.2 171.0 169.8 168.0 168.0 168.0 167.4 168.0 168.6 168.0 166.8 166.2 164.4 163.8 162.0 160.8 159.0 157.8 158.4 164.4 187.2 209.4 232.2 254.4 277.2 299.4 304.8 309.0 322.8 337.8 352.2 366.0 381.0 394.8 394.2 390.0 385.8 382.2 378.0 374.4 370.2 366.6 363.0 354.6 333.6 312.0 290.4 268.8 247.8 226.2 221.4 220.2 232.2 244.2 256.8 268.2 280.2 292.2 295.2 302.4 302.4 302.4 302.4 303.0 302.4 303.0 306.6 304.2 292.2 279.6 267.0 255.0 242.4 230.4 225.0 217.2 217.8 218.4 218.4 219.0 219.6 220.2 217.8 224.4 232.2 240.0 248.4 256.8 265.2 273.0 280.2 279.0 255.0 231.0 206.4 182.4 157.8 133.8 124.8 121.8 125.4 129.6 133.2 138.0 142.2 145.8 151.8 162.6 168.0 173.4 178.8 183.6 189.6 194.4 199.8 196.2 187.8 179.4 170.4 162.0 153.0 144.6 135.6 125.4 123.0 121.2 119.4 117.6 115.8 114.0 112.2 114.6 120.0 124.8 129.6 135.0 139.8 144.6 149.4 150.6 147.0 144.0 139.8 136.2 133.2 129.6 125.4 118.8 114.6 111.0 107.4 103.8 100.2 96.0 92.4 94.2 99.0 104.4 109.2 114.6 119.4 124.2 129.6 133.8 135.6 136.2 137.4 139.2 139.8 141.0 139.8 145.2 151.8 158.4 165.0 171.6 178.2 184.8 190.8 198.6 197.4 196.8 196.2 195.6 194.4 193.8 195.6 190.2 184.8 178.2 173.4 166.8 160.8 154.8 147.6 144.6 148.2 151.2 154.2 156.6 159.6 163.2 167.4 173.4 174.6 175.8 177.0 178.2 179.4 180.6 181.8 175.8 169.2 162.0 154.2 147.6 140.4 133.8 126.6 127.2 135.6 144.0 152.4 160.8 169.2 177.0 185.4 197.4 201.6 205.2 209.4 213.0 217.2 221.4 225.0 219.6 211.2 202.8 193.8 184.8 176.4 167.4 157.8 153.6 158.4 163.2 168.6 173.4 178.2 183.0 189.0 197.4 203.4 209.4 215.4 221.4 227.4 233.4 235.8 229.8 225.0 219.0 214.2 208.8 202.8 198.0 189.0 181.2 190.2 199.2 208.2 217.2 225.6 234.6 235.2 242.4 251.4 261.0 270.0 278.4 288.0 297.0 302.4 303.6 315.6 328.8 341.4 354.0 366.0 378.6 373.8 370.2 372.0 373.2 374.4 376.2 378.0 379.2 381.0 386.4 389.4 393.6 397.2 400.8 405.0 408.0 412.2 416.4 386.4 355.8 325.2 294.6 264.6 233.4 233.4 222.6 219.6 216.6 213.6 210.6 207.6 204.0 193.2 186.0 208.8 231.6 253.8 276.6 298.8 321.0 324.6 326.4 313.2 300.6 288.0
crearDespacho --mercado --conDemandaTotal
4
0.02 0.07 0.145 1.0
370.0 600.0 2400.0 4000.0
601.99 604.22 608.67 610.9 615.36 639.89 666.64 693.4 717.92 744.68 771.43 771.43 778.12 769.2 758.06 749.14 735.76 722.38 713.46 722.38 729.07 713.46 697.86 682.25 666.64 651.04 635.43 630.97 624.28 624.28 624.28 622.05 624.28 626.51 624.28 619.82 617.59 610.9 608.67 601.99 597.53 590.84 586.38 588.61 610.9 695.63 778.12 862.85 945.34 1030.06 1112.56 1132.63 1148.23 1199.51 1255.25 1308.76 1360.04 1415.78 1467.06 1464.83 1449.22 1433.62 1420.24 1404.63 1391.26 1375.65 1362.27 1348.89 1317.68 1239.64 1159.38 1079.12 998.85 920.82 840.55 822.71 818.25 862.85 907.44 954.26 996.62 1041.21 1085.8 1096.95 1123.71 1123.71 1123.71 1123.71 1125.94 1123.71 1125.94 1139.31 1130.4 1085.8 1038.98 992.16 947.57 900.75 856.16 836.09 807.11 809.34 811.57 811.57 813.8 816.03 818.25 809.34 833.86 862.85 891.83 923.04 954.26 985.47 1014.46 1041.21 1036.75 947.57 858.39 766.97 677.79 586.38 497.2 463.75 452.6 465.98 481.59 494.97 512.8 528.41 541.79 564.08 604.22 624.28 644.35 664.41 682.25 704.55 722.38 742.45 729.07 697.86 666.64 633.2 601.99 568.54 537.33 503.88 465.98 457.06 450.37 443.69 437.0 430.31 423.62 416.93 425.85 445.92 463.75 481.59 501.65 519.49 537.33 555.16 559.62 546.25 535.1 519.49 506.11 494.97 481.59 465.98 441.46 425.85 412.47 399.09 385.72 372.34 356.73 343.35 350.04 367.88 387.95 405.78 425.85 443.69 461.52 481.59 497.2 503.88 506.11 510.57 517.26 519.49 523.95 519.49 539.56 564.08 588.61 613.13 637.66 662.18 686.71 709.01 737.99 733.53 731.3 729.07 726.84 722.38 720.15 726.84 706.78 686.71 662.18 644.35 619.82 597.53 575.23 548.48 537.33 550.71 561.85 573.0 581.92 593.07 606.44 622.05 644.35 648.81 653.27 657.73 662.18 666.64 671.1 675.56 653.27 628.74 601.99 573.0 548.48 521.72 497.2 470.44 472.67 503.88 535.1 566.31 597.53 628.74 657.73 688.94 733.53 749.14 762.52 778.12 791.5 807.11 822.71 836.09 816.03 784.81 753.6 720.15 686.71 655.5 622.05 586.38 570.77 588.61 606.44 626.51 644.35 662.18 680.02 702.32 733.53 755.83 778.12 800.42 822.71 845.01 867.31 876.22 853.93 836.09 813.8 795.96 775.89 753.6 735.76 702.32 673.33 706.78 740.22 773.66 807.11 838.32 871.76 873.99 900.75 934.19 969.87 1003.31 1034.52 1070.2 1103.64 1123.71 1128.17 1172.76 1221.81 1268.63 1315.45 1360.04 1406.86 1389.03 1375.65 1382.34 1386.8 1391.26 1397.94 1404.63 1409.09 1415.78 1435.85 1447.0 1462.6 1475.98 1489.36 1504.96 1516.11 1531.72 1547.33 1435.85 1322.14 1208.43 1094.72 983.24 867.31 867.31 827.17 816.03 804.88 793.73 782.58 771.43 758.06 717.92 691.17 775.89 860.62 943.11 1027.83 1110.33 1192.82 1206.2 1212.89 1163.84 1117.02 1070.2
configurarSolver --Gurobi
resolver --noConstante ejecuciones/bancos/recombinados/v1/directo/sgtm/v1_sgtm_000392.csv
finalizar
