inicializar --t 360
agregarAgente --SaltoGrande
0.003012
2200464102.0
5841.0 5865.0 5888.0 5912.0 5953.0 5970.0 5987.0 6004.0 6021.0 6038.0 6055.0 6072.0 6106.0 6123.0 6140.0 6157.0 6174.0 6191.0 6208.0 6225.0 6259.0 6276.0 6293.0 6310.0 6327.0 6344.0 6361.0 6378.0 6406.0 6417.0 6428.0 6439.0 6450.0 6461.0 6471.0 6482.0 6504.0 6515.0 6526.0 6537.0 6548.0 6559.0 6570.0 6581.0 6603.0 6614.0 6624.0 6635.0 6646.0 6657.0 6668.0 6679.0 6698.0 6705.0 6713.0 6721.0 6728.0 6736.0 6743.0 6751.0 6766.0 6774.0 6782.0 6789.0 6797.0 6804.0 6812.0 6820.0 6835.0 6843.0 6850.0 6858.0 6865.0 6873.0 6881.0 6888.0 6869.0 6842.0 6815.0 6788.0 6761.0 6734.0 6707.0 6680.0 6626.0 6599.0 6572.0 6545.0 6519.0 6492.0 6465.0 6438.0 6384.0 6357.0 6330.0 6303.0 6276.0 6249.0 6222.0 6195.0 6142.0 6117.0 6091.0 6065.0 6040.0 6014.0 5988.0 5963.0 5911.0 5886.0 5860.0 5834.0 5809.0 5783.0 5757.0 5732.0 5680.0 5655.0 5629.0 5603.0 5578.0 5552.0 5526.0 5501.0 5452.0 5429.0 5405.0 5382.0 5359.0 5336.0 5313.0 5290.0 5243.0 5220.0 5197.0 5174.0 5150.0 5127.0 5104.0 5081.0 5034.0 5011.0 4988.0 4965.0 4942.0 4919.0 4895.0 4872.0 4818.0 4786.0 4755.0 4723.0 4692.0 4661.0 4629.0 4598.0 4535.0 4504.0 4472.0 4441.0 4409.0 4378.0 4346.0 4315.0 4252.0 4221.0 4189.0 4158.0 4127.0 4095.0 4064.0 4032.0 4003.0 4006.0 4008.0 4011.0 4013.0 4016.0 4018.0 4021.0 4025.0 4028.0 4030.0 4033.0 4035.0 4038.0 4040.0 4043.0 4047.0 4050.0 4052.0 4055.0 4057.0 4060.0 4062.0 4065.0 4065.0 4062.0 4060.0 4057.0 4055.0 4052.0 4050.0 4047.0 4042.0 4040.0 4037.0 4035.0 4032.0 4030.0 4027.0 4025.0 4020.0 4017.0 4015.0 4012.0 4010.0 4007.0 4005.0 4002.0 4002.0 4005.0 4007.0 4009.0 4012.0 4014.0 4017.0 4019.0 4024.0 4026.0 4028.0 4031.0 4033.0 4036.0 4038.0 4040.0 4045.0 4047.0 4050.0 4052.0 4055.0 4057.0 4059.0 4062.0 4071.0 4078.0 4085.0 4092.0 4099.0 4106.0 4113.0 4120.0 4134.0 4141.0 4148.0 4155.0 4163.0 4170.0 4177.0 4184.0 4198.0 4205.0 4212.0 4219.0 4226.0 4233.0 4240.0 4247.0 4265.0 4276.0 4287.0 4299.0 4310.0 4321.0 4332.0 4343.0 4365.0 4377.0 4388.0 4399.0 4410.0 4421.0 4432.0 4444.0 4466.0 4477.0 4488.0 4499.0 4510.0 4522.0 4533.0 4544.0 4567.0 4578.0 4590.0 4601.0 4613.0 4625.0 4636.0 4648.0 4671.0 4683.0 4694.0 4706.0 4717.0 4729.0 4740.0 4752.0 4775.0 4787.0 4798.0 4810.0 4822.0 4833.0 4845.0 4856.0 4879.0 4889.0 4900.0 4911.0 4922.0 4932.0 4943.0 4954.0 4975.0 4986.0 4997.0 5008.0 5018.0 5029.0 5040.0 5051.0 5072.0 5083.0 5094.0 5104.0 5115.0 5126.0 5137.0 5147.0 5192.0 5226.0 5260.0 5294.0 5328.0 5362.0 5397.0 5431.0 5499.0 5533.0 5567.0 5601.0 5635.0 5669.0 5703.0 5737.0 5805.0 5839.0 5874.0 5908.0
agregarAgente --UnidadTermicaSimple
200.0
100.0
agregarAgente --DemandaFija
291.0 255.9 222.6 223.5 223.5 258.6 294.6 329.7 365.7 401.7 436.8 435.9 433.2 431.4 431.4 429.6 427.8 426.9 426.0 425.1 426.0 385.5 344.1 303.6 262.2 221.7 181.2 183.0 181.2 211.8 241.5 270.3 300.0 330.6 360.3 355.8 352.2 345.0 338.7 330.6 324.3 316.2 309.9 309.9 311.7 289.2 266.7 244.2 220.8 199.2 175.8 177.6 176.7 217.2 257.7 298.2 338.7 380.1 420.6 417.9 415.2 419.7 425.1 430.5 435.9 441.3 446.7 446.7 449.4 416.1 383.7 351.3 318.9 285.6 255.0 255.9 255.9 262.2 268.5 274.8 282.0 288.3 294.6 293.7 291.9 296.4 301.8 307.2 312.6 318.0 324.3 324.3 324.3 296.4 270.3 242.4 214.5 187.5 160.5 160.5 162.3 188.4 214.5 239.7 264.9 291.0 317.1 317.1 316.2 285.6 255.9 226.2 195.6 165.9 136.2 134.4 135.3 131.7 128.1 123.6 119.1 114.6 111.0 112.8 117.3 120.0 121.8 124.5 126.3 128.1 130.8 132.6 133.5 134.4 135.3 135.3 135.3 137.1 137.1 136.2 131.7 133.5 136.2 138.9 140.7 143.4 145.2 141.6 139.8 138.0 136.2 133.5 131.7 129.9 128.1 129.0 130.8 132.6 135.3 138.0 140.7 143.4 145.2 147.0 148.8 164.1 178.5 192.9 207.3 223.5 237.0 237.9 239.7 309.0 379.2 447.6 516.9 586.2 656.4 657.3 654.6 657.3 660.0 662.7 665.4 667.2 669.9 668.1 669.0 614.1 558.3 502.5 446.7 391.8 336.0 339.6 341.4 400.8 459.3 518.7 578.1 636.6 695.1 694.2 696.9 707.7 716.7 726.6 736.5 746.4 756.3 759.0 759.9 698.7 640.2 579.0 519.6 458.4 399.9 398.1 396.3 454.8 514.2 572.7 631.2 689.7 749.1 749.1 747.3 750.9 754.5 757.2 760.8 765.3 768.0 767.1 768.0 705.0 643.8 581.7 519.6 458.4 395.4 399.0 404.4 458.4 512.4 565.5 620.4 674.4 727.5 729.3 732.9 739.2 745.5 751.8 759.0 764.4 771.6 772.5 778.8 728.4 678.0 627.6 577.2 526.8 476.4 481.8 488.1 537.6 588.0 638.4 688.8 739.2 790.5 790.5 793.2 775.2 756.3 738.3 719.4 700.5 682.5 685.2 689.7 625.8 561.0 498.0 435.0 372.0 307.2 308.1 309.9 302.7 295.5 288.3 282.0 274.8 267.6 267.6 268.5 284.7 300.0 315.3 330.6 345.9 361.2 362.1 361.2 345.0 328.8 313.5 296.4 281.1 265.8 263.1 265.8 268.5 272.1 274.8 277.5 280.2 283.8 288.3 294.6 297.3 299.1 301.8 303.6 306.3 308.1 310.8 303.6 295.5 286.5 277.5 267.6 258.6 250.5 241.5 236.1 239.7 243.3 246.0 249.6 253.2 256.8 260.4 266.7 270.3 273.9 277.5 280.2 283.8 287.4 291.0 284.7 274.8 264.9 255.0
crearDespacho --mercado --conDemandaTotal
4
0.02 0.07 0.145 1.0
370.0 600.0 2400.0 4000.0
526.17 462.71 402.5 404.12 404.12 467.59 532.68 596.15 661.24 726.34 789.8 788.17 783.29 780.04 780.04 776.78 773.53 771.9 770.27 768.65 770.27 697.04 622.19 548.96 474.1 400.87 327.64 330.89 327.64 382.97 436.67 488.74 542.45 597.78 651.48 643.34 636.83 623.81 612.42 597.78 586.38 571.74 560.35 560.35 563.6 522.92 482.24 441.55 399.24 360.18 317.87 321.13 319.5 392.73 465.96 539.19 612.42 687.28 760.51 755.63 750.75 758.88 768.65 778.41 788.17 797.94 807.7 807.7 812.59 752.37 693.79 635.2 576.62 516.41 461.08 462.71 462.71 474.1 485.49 496.88 509.9 521.29 532.68 531.06 527.8 535.94 545.7 555.47 565.23 574.99 586.38 586.38 586.38 535.94 488.74 438.3 387.85 339.03 290.21 290.21 293.46 340.66 387.85 433.41 478.98 526.17 573.37 573.37 571.74 516.41 462.71 409.0 353.68 299.97 246.27 243.02 244.64 238.13 231.62 223.49 215.35 207.21 200.71 203.96 212.1 216.98 220.23 225.12 228.37 231.62 236.51 239.76 241.39 243.02 244.64 244.64 244.64 247.9 247.9 246.27 238.13 241.39 246.27 251.15 254.41 259.29 262.54 256.03 252.78 249.53 246.27 241.39 238.13 234.88 231.62 233.25 236.51 239.76 244.64 249.53 254.41 259.29 262.54 265.8 269.05 296.72 322.76 348.79 374.83 404.12 428.53 430.16 433.41 558.72 685.65 809.33 934.64 1059.94 1186.87 1188.5 1183.62 1188.5 1193.38 1198.26 1203.15 1206.4 1211.28 1208.03 1209.66 1110.39 1009.49 908.6 807.7 708.44 607.54 614.05 617.3 724.71 830.49 937.89 1045.29 1151.07 1256.85 1255.22 1260.1 1279.63 1295.9 1313.81 1331.71 1349.61 1367.51 1372.39 1374.02 1263.36 1157.58 1046.92 939.52 828.86 723.08 719.83 716.57 822.35 929.75 1035.53 1141.31 1247.08 1354.49 1354.49 1351.23 1357.74 1364.25 1369.14 1375.64 1383.78 1388.66 1387.04 1388.66 1274.75 1164.09 1051.8 939.52 828.86 714.94 721.45 731.22 828.86 926.5 1022.51 1121.78 1219.42 1315.43 1318.69 1325.2 1336.59 1347.98 1359.37 1372.39 1382.15 1395.17 1396.8 1408.19 1317.06 1225.93 1134.8 1043.67 952.54 861.41 871.17 882.56 972.06 1063.2 1154.33 1245.46 1336.59 1429.35 1429.35 1434.23 1401.68 1367.51 1334.96 1300.79 1266.61 1234.07 1238.95 1247.08 1131.54 1014.38 900.46 786.55 672.63 555.47 557.09 560.35 547.33 534.31 521.29 509.9 496.88 483.86 483.86 485.49 514.78 542.45 570.11 597.78 625.44 653.11 654.73 653.11 623.81 594.52 566.86 535.94 508.27 480.61 475.73 480.61 485.49 492.0 496.88 501.76 506.65 513.15 521.29 532.68 537.56 540.82 545.7 548.96 553.84 557.09 561.97 548.96 534.31 518.04 501.76 483.86 467.59 452.94 436.67 426.91 433.41 439.92 444.81 451.32 457.82 464.33 470.84 482.24 488.74 495.25 501.76 506.65 513.15 519.66 526.17 514.78 496.88 478.98 461.08
configurarSolver --Gurobi
resolver --noConstante ejecuciones/bancos/recombinados/v1/directo/sgtm/v1_sgtm_000218.csv
finalizar
