inicializar --t 360
agregarAgente --SaltoGrande
0.000144
2688826244.0
2958.0 2954.0 2950.0 2945.0 2950.0 2958.0 2967.0 2976.0 2984.0 2993.0 3001.0 3010.0 3027.0 3036.0 3045.0 3053.0 3062.0 3070.0 3079.0 3088.0 3105.0 3114.0 3122.0 3131.0 3139.0 3148.0 3157.0 3165.0 3161.0 3149.0 3136.0 3123.0 3110.0 3098.0 3085.0 3072.0 3047.0 3034.0 3022.0 3009.0 2996.0 2983.0 2971.0 2958.0 2933.0 2920.0 2907.0 2895.0 2882.0 2869.0 2856.0 2844.0 2810.0 2789.0 2769.0 2748.0 2727.0 2706.0 2686.0 2665.0 2623.0 2602.0 2582.0 2561.0 2540.0 2519.0 2499.0 2478.0 2436.0 2415.0 2395.0 2374.0 2353.0 2332.0 2312.0 2291.0 2284.0 2299.0 2313.0 2327.0 2342.0 2356.0 2370.0 2385.0 2413.0 2428.0 2442.0 2456.0 2471.0 2485.0 2499.0 2514.0 2542.0 2557.0 2571.0 2585.0 2600.0 2614.0 2628.0 2643.0 2676.0 2695.0 2714.0 2733.0 2752.0 2771.0 2790.0 2809.0 2847.0 2866.0 2885.0 2904.0 2924.0 2943.0 2962.0 2981.0 3019.0 3038.0 3057.0 3076.0 3095.0 3114.0 3133.0 3152.0 3183.0 3194.0 3206.0 3217.0 3229.0 3240.0 3252.0 3263.0 3286.0 3298.0 3309.0 3321.0 3332.0 3344.0 3355.0 3367.0 3390.0 3401.0 3413.0 3424.0 3436.0 3447.0 3459.0 3470.0 3485.0 3489.0 3492.0 3496.0 3499.0 3503.0 3506.0 3510.0 3516.0 3520.0 3523.0 3527.0 3530.0 3534.0 3537.0 3541.0 3547.0 3551.0 3554.0 3558.0 3561.0 3565.0 3568.0 3572.0 3565.0 3556.0 3546.0 3536.0 3526.0 3517.0 3507.0 3497.0 3478.0 3468.0 3458.0 3448.0 3439.0 3429.0 3419.0 3409.0 3390.0 3380.0 3370.0 3361.0 3351.0 3341.0 3331.0 3322.0 3351.0 3390.0 3428.0 3467.0 3506.0 3545.0 3583.0 3622.0 3700.0 3739.0 3777.0 3816.0 3855.0 3894.0 3932.0 3971.0 4049.0 4088.0 4126.0 4165.0 4204.0 4243.0 4281.0 4320.0 4520.0 4680.0 4841.0 5002.0 5163.0 5323.0 5484.0 5645.0 5966.0 6127.0 6288.0 6449.0 6609.0 6770.0 6931.0 7092.0 7413.0 7574.0 7735.0 7895.0 8056.0 8217.0 8378.0 8538.0 8774.0 8850.0 8925.0 9000.0 9075.0 9151.0 9226.0 9301.0 9452.0 9527.0 9602.0 9677.0 9753.0 9828.0 9903.0 9978.0 10129.0 10204.0 10279.0 10355.0 10430.0 10505.0 10580.0 10656.0 10773.0 10814.0 10856.0 10897.0 10939.0 10981.0 11022.0 11064.0 11147.0 11189.0 11230.0 11272.0 11313.0 11355.0 11396.0 11438.0 11521.0 11563.0 11604.0 11646.0 11688.0 11729.0 11771.0 11812.0 11871.0 11888.0 11904.0 11921.0 11938.0 11955.0 11971.0 11988.0 12022.0 12039.0 12055.0 12072.0 12089.0 12106.0 12122.0 12139.0 12173.0 12190.0 12206.0 12223.0 12240.0 12257.0 12273.0 12290.0 12308.0 12310.0 12311.0 12313.0 12314.0 12316.0 12317.0 12319.0 12321.0 12323.0 12324.0 12326.0 12327.0 12329.0 12330.0 12332.0 12334.0 12336.0 12337.0 12339.0 12340.0 12342.0 12343.0 12345.0 12357.0 12367.0 12378.0 12389.0 12399.0 12410.0 12420.0 12431.0 12452.0 12463.0 12474.0 12484.0 12495.0 12505.0 12516.0 12527.0 12548.0 12559.0 12569.0 12580.0
agregarAgente --UnidadTermicaSimple
200.0
100.0
agregarAgente --DemandaFija
416.4 405.6 394.2 394.2 394.2 444.6 495.6 547.2 597.6 648.6 699.6 699.6 699.6 665.4 631.8 597.0 563.4 529.2 495.6 495.6 495.6 454.2 412.8 371.4 330.0 289.2 247.2 247.2 247.2 318.0 389.4 460.2 530.4 601.2 672.6 672.6 672.6 644.4 616.2 587.4 559.2 530.4 502.2 502.2 502.2 488.4 474.6 461.4 447.0 433.2 419.4 419.4 419.4 438.6 457.8 477.0 495.6 514.2 534.0 534.0 534.0 567.0 599.4 633.0 666.0 699.6 732.0 732.0 732.0 685.8 639.6 593.4 547.8 501.0 455.4 455.4 455.4 468.6 481.8 495.6 508.8 522.0 536.4 536.4 536.4 547.2 558.0 569.4 580.2 591.6 602.4 602.4 602.4 588.0 574.2 559.8 545.4 531.0 516.6 516.6 516.6 545.4 573.6 601.8 630.6 658.2 686.4 686.4 686.4 673.8 660.6 647.4 634.8 621.6 608.4 608.4 608.4 573.6 538.2 502.8 468.0 432.6 397.8 397.8 397.8 427.2 456.6 486.0 515.4 544.8 574.2 574.2 574.2 565.8 556.8 548.4 540.0 530.4 522.0 522.0 522.0 536.4 550.2 564.0 577.8 591.6 605.4 605.4 605.4 640.8 675.6 710.4 745.2 780.6 814.8 814.8 814.8 822.6 831.0 838.8 846.6 854.4 863.4 863.4 863.4 826.2 790.2 753.6 717.6 681.0 644.4 644.4 644.4 667.8 691.2 715.2 738.0 761.4 785.4 785.4 785.4 767.4 750.0 732.6 715.2 697.8 679.8 679.8 679.8 652.8 625.8 598.8 571.8 544.8 517.2 517.2 517.2 486.6 455.4 423.6 392.4 360.6 329.4 329.4 329.4 307.2 283.8 261.6 238.8 216.6 193.2 193.2 193.2 195.0 196.8 198.6 200.4 202.2 204.0 204.0 204.0 239.4 274.8 310.2 345.6 381.0 416.4 416.4 416.4 392.4 367.8 343.8 319.8 295.8 271.2 271.2 271.2 253.8 236.4 219.0 201.6 184.2 166.8 166.8 166.8 179.4 191.4 204.0 216.6 229.2 241.8 241.8 241.8 226.8 211.8 196.8 181.8 167.4 152.4 152.4 152.4 135.0 117.6 100.8 83.4 66.6 49.8 49.8 49.8 101.4 153.0 204.6 256.8 309.0 360.6 360.6 360.6 397.8 434.4 472.2 508.8 546.0 582.6 582.6 582.6 564.6 546.6 528.0 510.6 492.6 474.6 474.6 474.6 452.4 429.0 406.8 384.0 361.2 338.4 338.4 338.4 310.8 282.6 255.0 227.4 199.2 171.6 171.6 171.6 186.0 200.4 215.4 229.8 243.6 258.0 258.0 258.0 298.2 337.2 377.4 416.4 456.0 495.6 495.6 495.6 454.8 413.4 372.6 331.2 290.4 249.0 249.0 249.0 232.8 216.6 199.8 183.6 167.4 151.2 151.2 151.2 202.8 255.6 307.8 359.4 412.2 464.4 464.4 464.4 475.8 487.2 498.6 510.0 521.4 532.8 532.8 532.8 481.2 428.4 376.2
crearDespacho --mercado --conDemandaTotal
4
0.02 0.07 0.145 1.0
370.0 600.0 2400.0 4000.0
719.52 700.85 681.16 681.16 681.16 768.24 856.37 945.53 1032.62 1120.75 1208.87 1208.87 1208.87 1149.78 1091.72 1031.58 973.52 914.43 856.37 856.37 856.37 784.83 713.3 641.76 570.22 499.72 427.15 427.15 427.15 549.49 672.86 795.2 916.5 1038.84 1162.22 1162.22 1162.22 1113.49 1064.76 1015.0 966.27 916.5 867.77 867.77 867.77 843.93 820.08 797.27 772.39 748.55 724.7 724.7 724.7 757.88 791.05 824.23 856.37 888.51 922.72 922.72 922.72 979.75 1035.73 1093.79 1150.81 1208.87 1264.86 1264.86 1264.86 1185.03 1105.19 1025.36 946.57 865.7 786.91 786.91 786.91 809.72 832.52 856.37 879.18 901.99 926.87 926.87 926.87 945.53 964.19 983.89 1002.55 1022.25 1040.91 1040.91 1040.91 1016.03 992.19 967.3 942.42 917.54 892.66 892.66 892.66 942.42 991.15 1039.88 1089.64 1137.33 1186.06 1186.06 1186.06 1164.29 1141.48 1118.67 1096.9 1074.09 1051.28 1051.28 1051.28 991.15 929.98 868.81 808.68 747.51 687.38 687.38 687.38 738.18 788.98 839.78 890.58 941.39 992.19 992.19 992.19 977.67 962.12 947.61 933.09 916.5 901.99 901.99 901.99 926.87 950.72 974.56 998.41 1022.25 1046.1 1046.1 1046.1 1107.27 1167.4 1227.53 1287.67 1348.83 1407.93 1407.93 1407.93 1421.41 1435.92 1449.4 1462.88 1476.36 1491.91 1491.91 1491.91 1427.63 1365.42 1302.18 1239.97 1176.73 1113.49 1113.49 1113.49 1153.92 1194.36 1235.83 1275.22 1315.66 1357.13 1357.13 1357.13 1326.03 1295.96 1265.89 1235.83 1205.76 1174.66 1174.66 1174.66 1128.0 1081.35 1034.69 988.04 941.39 893.69 893.69 893.69 840.82 786.91 731.96 678.05 623.1 569.19 569.19 569.19 530.83 490.39 452.03 412.63 374.27 333.84 333.84 333.84 336.95 340.06 343.17 346.28 349.39 352.5 352.5 352.5 413.67 474.84 536.01 597.18 658.35 719.52 719.52 719.52 678.05 635.54 594.07 552.6 511.13 468.62 468.62 468.62 438.55 408.49 378.42 348.35 318.29 288.22 288.22 288.22 309.99 330.73 352.5 374.27 396.05 417.82 417.82 417.82 391.9 365.98 340.06 314.14 289.26 263.34 263.34 263.34 233.27 203.21 174.18 144.11 115.08 86.05 86.05 86.05 175.21 264.38 353.54 443.74 533.94 623.1 623.1 623.1 687.38 750.62 815.94 879.18 943.46 1006.7 1006.7 1006.7 975.6 944.5 912.36 882.29 851.19 820.08 820.08 820.08 781.72 741.29 702.93 663.53 624.13 584.74 584.74 584.74 537.05 488.32 440.63 392.93 344.21 296.52 296.52 296.52 321.4 346.28 372.2 397.08 420.93 445.81 445.81 445.81 515.27 582.66 652.13 719.52 787.94 856.37 856.37 856.37 785.87 714.33 643.83 572.3 501.8 430.26 430.26 430.26 402.27 374.27 345.24 317.25 289.26 261.27 261.27 261.27 350.43 441.66 531.86 621.02 712.26 802.46 802.46 802.46 822.16 841.86 861.55 881.25 900.95 920.65 920.65 920.65 831.49 740.25 650.05
configurarSolver --Gurobi
resolver --noConstante ejecuciones/bancos/recombinados/v1/directo/sgtm/v1_sgtm_000204.csv
finalizar
