inicializar --t 360
agregarAgente --SaltoGrande
0.010011
1696918051.0
2524.0 2527.0 2529.0 2532.0 2550.0 2566.0 2582.0 2598.0 2613.0 2629.0 2645.0 2661.0 2693.0 2709.0 2725.0 2741.0 2756.0 2772.0 2788.0 2804.0 2836.0 2852.0 2868.0 2884.0 2899.0 2915.0 2931.0 2947.0 2992.0 3022.0 3051.0 3080.0 3110.0 3139.0 3169.0 3198.0 3257.0 3286.0 3315.0 3345.0 3374.0 3404.0 3433.0 3462.0 3521.0 3550.0 3580.0 3609.0 3639.0 3668.0 3697.0 3727.0 3836.0 3916.0 3996.0 4076.0 4156.0 4236.0 4315.0 4395.0 4555.0 4635.0 4715.0 4795.0 4875.0 4955.0 5035.0 5115.0 5275.0 5355.0 5434.0 5514.0 5594.0 5674.0 5754.0 5834.0 5880.0 5847.0 5813.0 5780.0 5746.0 5713.0 5679.0 5646.0 5578.0 5545.0 5511.0 5478.0 5444.0 5411.0 5377.0 5344.0 5276.0 5243.0 5209.0 5176.0 5142.0 5109.0 5075.0 5042.0 5002.0 4996.0 4990.0 4984.0 4977.0 4971.0 4965.0 4959.0 4947.0 4941.0 4935.0 4929.0 4922.0 4916.0 4910.0 4904.0 4892.0 4886.0 4880.0 4874.0 4867.0 4861.0 4855.0 4849.0 4844.0 4844.0 4845.0 4846.0 4847.0 4847.0 4848.0 4849.0 4850.0 4851.0 4852.0 4853.0 4853.0 4854.0 4855.0 4856.0 4857.0 4858.0 4859.0 4859.0 4860.0 4861.0 4862.0 4862.0 4892.0 4921.0 4950.0 4979.0 5008.0 5037.0 5066.0 5095.0 5153.0 5182.0 5211.0 5240.0 5268.0 5297.0 5326.0 5355.0 5413.0 5442.0 5471.0 5500.0 5529.0 5558.0 5587.0 5616.0 5694.0 5743.0 5793.0 5842.0 5891.0 5940.0 5989.0 6038.0 6137.0 6186.0 6235.0 6284.0 6334.0 6383.0 6432.0 6481.0 6580.0 6629.0 6678.0 6727.0 6776.0 6825.0 6875.0 6924.0 7007.0 7041.0 7076.0 7110.0 7144.0 7178.0 7212.0 7246.0 7315.0 7349.0 7383.0 7417.0 7452.0 7486.0 7520.0 7554.0 7623.0 7657.0 7691.0 7725.0 7759.0 7793.0 7828.0 7862.0 7929.0 7962.0 7996.0 8029.0 8062.0 8095.0 8129.0 8162.0 8228.0 8261.0 8295.0 8328.0 8361.0 8394.0 8428.0 8461.0 8527.0 8560.0 8594.0 8627.0 8660.0 8693.0 8727.0 8760.0 8809.0 8826.0 8842.0 8858.0 8874.0 8891.0 8907.0 8923.0 8956.0 8972.0 8989.0 9005.0 9021.0 9037.0 9054.0 9070.0 9103.0 9119.0 9135.0 9152.0 9168.0 9184.0 9200.0 9217.0 9234.0 9236.0 9237.0 9239.0 9240.0 9242.0 9243.0 9245.0 9248.0 9249.0 9251.0 9252.0 9254.0 9255.0 9257.0 9258.0 9261.0 9263.0 9264.0 9266.0 9267.0 9269.0 9270.0 9272.0 9239.0 9205.0 9172.0 9138.0 9104.0 9070.0 9037.0 9003.0 8935.0 8901.0 8868.0 8834.0 8800.0 8766.0 8733.0 8699.0 8631.0 8597.0 8564.0 8530.0 8496.0 8462.0 8429.0 8395.0 8324.0 8287.0 8250.0 8213.0 8177.0 8140.0 8103.0 8066.0 7992.0 7955.0 7918.0 7881.0 7845.0 7808.0 7771.0 7734.0 7660.0 7623.0 7586.0 7549.0 7513.0 7476.0 7439.0 7402.0 7332.0 7298.0 7265.0 7231.0 7198.0 7164.0 7131.0 7097.0 7030.0 6997.0 6963.0 6930.0 6896.0 6863.0 6829.0 6796.0 6729.0 6695.0 6662.0 6628.0
agregarAgente --UnidadTermicaSimple
200.0
100.0
agregarAgente --DemandaFija
465.6 450.6 435.0 426.0 419.4 437.4 455.4 472.2 490.2 508.2 526.2 528.6 534.0 544.2 553.8 564.0 574.2 584.4 594.6 597.6 595.8 582.0 568.8 555.0 541.8 527.4 514.2 508.2 496.8 493.2 489.0 486.0 481.8 478.2 474.6 468.6 468.0 474.0 480.0 484.8 491.4 496.8 503.4 508.2 511.8 506.4 502.2 497.4 493.2 489.0 483.6 481.8 483.6 490.8 497.4 505.2 511.8 519.6 526.2 529.8 535.8 541.2 547.2 552.0 558.0 563.4 569.4 572.4 568.8 563.4 558.0 552.6 547.2 542.4 537.0 531.0 531.6 541.2 551.4 561.6 571.8 582.0 592.2 598.8 610.2 625.2 640.2 655.8 671.4 687.0 702.6 707.4 712.2 699.0 685.2 672.0 658.8 644.4 631.2 631.2 627.0 625.2 624.0 622.2 621.0 619.2 617.4 612.6 606.6 615.6 624.0 632.4 640.8 649.2 657.6 656.4 658.2 648.6 639.0 630.0 619.8 610.8 601.2 604.2 609.0 607.8 606.6 605.4 604.2 603.0 601.8 604.2 608.4 601.8 594.0 586.8 579.6 572.4 565.2 567.0 568.2 567.0 566.4 565.2 564.0 562.8 562.2 561.6 562.2 565.8 570.0 573.6 577.2 582.0 585.0 585.6 586.2 586.2 587.4 588.0 588.6 589.8 591.0 589.8 585.6 576.6 567.0 558.0 549.0 540.0 530.4 526.8 521.4 518.4 515.4 513.0 509.4 506.4 502.8 501.0 499.2 505.8 511.8 518.4 525.0 531.6 538.8 538.8 535.8 511.8 487.8 463.8 439.8 415.2 391.8 388.2 382.8 380.4 378.6 376.8 374.4 372.0 370.8 367.8 369.0 375.0 380.4 387.0 393.0 398.4 404.4 408.0 407.4 401.4 394.8 388.8 382.8 376.8 370.2 366.6 369.0 375.6 381.6 387.6 394.8 400.8 407.4 414.0 418.8 418.2 417.0 416.4 415.2 414.6 414.0 412.8 408.0 405.0 402.0 399.0 395.4 393.0 389.4 385.8 385.8 385.8 385.8 385.2 385.2 385.2 384.6 388.8 393.0 397.2 400.8 405.6 409.2 413.4 417.0 417.6 411.0 406.2 400.8 395.4 390.6 385.2 379.8 373.2 370.8 391.8 412.8 433.2 454.2 474.6 495.6 499.8 505.2 513.6 522.0 530.4 538.2 546.6 555.6 557.4 547.2 520.8 495.0 468.6 442.8 416.4 390.6 379.2 371.4 380.4 389.4 398.4 408.0 417.0 426.6 429.6 437.4 448.2 459.0 469.8 480.6 492.0 502.8 508.2 504.6 489.6 474.6 460.2 445.2 430.8 415.8 407.4 403.8 409.2 415.2 420.6 426.6 432.0 438.0 442.8 449.4 453.6 457.8 462.0 465.6 469.8 474.0 475.8 468.6 455.4 442.8 429.6 416.4 403.2 390.6 381.0 372.0 376.8 381.0 385.2 389.4 393.6 398.4 398.4 400.8 405.6 409.8 414.0 418.2 422.4 427.2 430.2 427.8 414.6 400.2 386.4
crearDespacho --mercado --conDemandaTotal
4
0.02 0.07 0.145 1.0
370.0 600.0 2400.0 4000.0
649.26 628.35 606.59 594.04 584.84 609.94 635.04 658.47 683.57 708.67 733.77 737.11 744.64 758.87 772.25 786.48 800.7 814.92 829.15 833.33 830.82 811.58 793.17 773.93 755.52 735.44 717.03 708.67 692.77 687.75 681.89 677.71 671.85 666.83 661.81 653.45 652.61 660.98 669.34 676.04 685.24 692.77 701.97 708.67 713.69 706.16 700.3 693.61 687.75 681.89 674.36 671.85 674.36 684.4 693.61 704.48 713.69 724.56 733.77 738.79 747.15 754.68 763.05 769.74 778.11 785.64 794.01 798.19 793.17 785.64 778.11 770.58 763.05 756.36 748.83 740.46 741.3 754.68 768.91 783.13 797.35 811.58 825.8 835.0 850.9 871.82 892.74 914.49 936.24 958.0 979.75 986.44 993.14 974.73 955.49 937.08 918.67 898.59 880.19 880.19 874.33 871.82 870.15 867.64 865.96 863.45 860.94 854.25 845.88 858.43 870.15 881.86 893.57 905.29 917.0 915.33 917.84 904.45 891.06 878.51 864.29 851.74 838.35 842.54 849.23 847.56 845.88 844.21 842.54 840.86 839.19 842.54 848.39 839.19 828.31 818.27 808.23 798.19 788.15 790.66 792.33 790.66 789.82 788.15 786.48 784.8 783.97 783.13 783.97 788.99 794.84 799.86 804.88 811.58 815.76 816.6 817.43 817.43 819.11 819.94 820.78 822.45 824.13 822.45 816.6 804.05 790.66 778.11 765.56 753.01 739.62 734.6 727.07 722.89 718.71 715.36 710.34 706.16 701.14 698.63 696.12 705.32 713.69 722.89 732.09 741.3 751.34 751.34 747.15 713.69 680.22 646.75 613.29 578.98 546.35 541.33 533.8 530.45 527.94 525.43 522.09 518.74 517.07 512.88 514.56 522.92 530.45 539.66 548.02 555.55 563.92 568.94 568.1 559.74 550.53 542.17 533.8 525.43 516.23 511.21 514.56 523.76 532.13 540.49 550.53 558.9 568.1 577.31 584.0 583.16 581.49 580.65 578.98 578.14 577.31 575.63 568.94 564.76 560.57 556.39 551.37 548.02 543.0 537.98 537.98 537.98 537.98 537.15 537.15 537.15 536.31 542.17 548.02 553.88 558.9 565.59 570.61 576.47 581.49 582.33 573.12 566.43 558.9 551.37 544.68 537.15 529.62 520.41 517.07 546.35 575.63 604.08 633.37 661.81 691.1 696.95 704.48 716.2 727.91 739.62 750.5 762.21 774.76 777.27 763.05 726.24 690.26 653.45 617.47 580.65 544.68 528.78 517.9 530.45 543.0 555.55 568.94 581.49 594.88 599.06 609.94 625.0 640.06 655.12 670.18 686.08 701.14 708.67 703.65 682.73 661.81 641.73 620.82 600.74 579.82 568.1 563.08 570.61 578.98 586.51 594.88 602.41 610.78 617.47 626.67 632.53 638.39 644.24 649.26 655.12 660.98 663.49 653.45 635.04 617.47 599.06 580.65 562.25 544.68 531.29 518.74 525.43 531.29 537.15 543.0 548.86 555.55 555.55 558.9 565.59 571.45 577.31 583.16 589.02 595.71 599.9 596.55 578.14 558.06 538.82
configurarSolver --Gurobi
resolver --noConstante ejecuciones/bancos/recombinados/v1/directo/sgtm/v1_sgtm_000125.csv
finalizar
