inicializar --t 360
agregarAgente --SaltoGrande
0.000893
1731181336.0
1965.0 1961.0 1957.0 1953.0 1947.0 1946.0 1944.0 1943.0 1941.0 1939.0 1938.0 1936.0 1933.0 1931.0 1930.0 1928.0 1927.0 1925.0 1924.0 1922.0 1919.0 1917.0 1916.0 1914.0 1912.0 1911.0 1909.0 1908.0 1908.0 1909.0 1911.0 1913.0 1915.0 1916.0 1918.0 1920.0 1923.0 1925.0 1926.0 1928.0 1930.0 1932.0 1933.0 1935.0 1938.0 1940.0 1942.0 1943.0 1945.0 1947.0 1949.0 1950.0 1961.0 1971.0 1980.0 1989.0 1999.0 2008.0 2018.0 2027.0 2046.0 2055.0 2064.0 2074.0 2083.0 2093.0 2102.0 2111.0 2130.0 2139.0 2149.0 2158.0 2168.0 2177.0 2186.0 2196.0 2212.0 2219.0 2226.0 2233.0 2240.0 2247.0 2255.0 2262.0 2276.0 2283.0 2290.0 2297.0 2304.0 2311.0 2318.0 2325.0 2339.0 2346.0 2354.0 2361.0 2368.0 2375.0 2382.0 2389.0 2395.0 2393.0 2392.0 2391.0 2389.0 2388.0 2387.0 2385.0 2383.0 2381.0 2380.0 2379.0 2377.0 2376.0 2375.0 2373.0 2371.0 2369.0 2368.0 2367.0 2365.0 2364.0 2363.0 2361.0 2358.0 2356.0 2354.0 2351.0 2349.0 2347.0 2345.0 2343.0 2339.0 2336.0 2334.0 2332.0 2330.0 2328.0 2326.0 2323.0 2319.0 2317.0 2315.0 2313.0 2311.0 2308.0 2306.0 2304.0 2308.0 2314.0 2320.0 2326.0 2331.0 2337.0 2343.0 2349.0 2361.0 2367.0 2373.0 2379.0 2384.0 2390.0 2396.0 2402.0 2414.0 2420.0 2426.0 2432.0 2437.0 2443.0 2449.0 2455.0 2449.0 2437.0 2425.0 2413.0 2401.0 2389.0 2378.0 2366.0 2342.0 2330.0 2318.0 2306.0 2294.0 2282.0 2270.0 2258.0 2234.0 2222.0 2211.0 2199.0 2187.0 2175.0 2163.0 2151.0 2134.0 2128.0 2123.0 2117.0 2112.0 2106.0 2101.0 2095.0 2084.0 2079.0 2073.0 2068.0 2062.0 2057.0 2051.0 2046.0 2035.0 2029.0 2024.0 2018.0 2013.0 2007.0 2002.0 1996.0 1993.0 1995.0 1998.0 2000.0 2002.0 2004.0 2006.0 2008.0 2013.0 2015.0 2017.0 2019.0 2022.0 2024.0 2026.0 2028.0 2033.0 2035.0 2037.0 2039.0 2041.0 2043.0 2046.0 2048.0 2063.0 2076.0 2088.0 2101.0 2114.0 2127.0 2140.0 2153.0 2178.0 2191.0 2204.0 2217.0 2229.0 2242.0 2255.0 2268.0 2293.0 2306.0 2319.0 2332.0 2345.0 2358.0 2370.0 2383.0 2402.0 2407.0 2413.0 2419.0 2425.0 2430.0 2436.0 2442.0 2453.0 2459.0 2464.0 2470.0 2476.0 2482.0 2487.0 2493.0 2504.0 2510.0 2516.0 2521.0 2527.0 2533.0 2539.0 2544.0 2569.0 2588.0 2607.0 2627.0 2646.0 2665.0 2684.0 2703.0 2741.0 2761.0 2780.0 2799.0 2818.0 2837.0 2856.0 2876.0 2914.0 2933.0 2952.0 2971.0 2990.0 3010.0 3029.0 3048.0 3087.0 3107.0 3127.0 3147.0 3167.0 3187.0 3206.0 3226.0 3266.0 3286.0 3306.0 3326.0 3346.0 3366.0 3386.0 3406.0 3446.0 3466.0 3485.0 3505.0 3525.0 3545.0 3565.0 3585.0 3641.0 3677.0 3712.0 3748.0 3784.0 3820.0 3856.0 3892.0 3963.0 3999.0 4035.0 4071.0 4106.0 4142.0 4178.0 4214.0 4285.0 4321.0 4357.0 4393.0
agregarAgente --UnidadTermicaSimple
200.0
100.0
agregarAgente --DemandaFija
265.8 264.6 263.4 262.8 258.6 256.2 253.8 251.4 249.6 247.2 244.2 241.2 242.4 254.4 266.4 278.4 290.4 302.4 314.4 318.0 322.2 313.2 303.6 294.6 286.2 277.8 268.2 267.6 262.8 259.2 255.0 251.4 247.2 243.6 239.4 235.2 239.4 251.4 263.4 275.4 286.8 299.4 311.4 318.6 327.6 326.4 325.8 324.0 323.4 322.2 321.0 322.8 328.8 334.8 340.8 348.0 354.0 360.0 366.0 370.8 376.8 377.4 378.0 378.0 379.2 379.8 379.8 380.4 379.8 381.6 382.8 384.0 385.8 386.4 387.6 386.4 388.8 388.2 387.6 387.0 385.8 384.0 384.0 387.6 391.8 398.4 405.0 412.2 418.8 425.4 432.0 432.0 430.2 420.0 409.2 399.0 388.8 378.6 368.4 366.0 366.0 369.6 373.2 376.8 381.0 384.0 387.6 390.0 393.0 399.6 405.0 411.6 417.6 423.0 429.6 430.2 429.0 420.0 411.6 403.8 394.8 386.4 377.4 376.2 375.6 376.8 378.6 379.8 381.0 382.2 383.4 385.2 385.2 390.0 394.8 399.6 403.8 408.6 412.8 411.6 408.6 401.4 393.6 385.2 377.4 369.6 361.8 359.4 357.0 358.2 358.2 358.8 359.4 360.0 360.0 361.2 360.0 363.6 367.2 370.8 374.4 377.4 381.0 379.8 373.8 365.4 357.0 348.0 339.0 330.6 321.0 317.4 312.6 310.8 309.6 308.4 306.6 305.4 304.2 303.0 302.4 307.2 310.8 314.4 318.6 322.8 326.4 327.0 322.8 314.4 305.4 295.8 287.4 279.0 270.0 264.0 251.4 244.2 237.6 231.6 224.4 217.8 210.6 204.0 200.4 202.2 205.8 208.2 211.2 213.0 216.0 218.4 223.2 227.4 231.0 234.6 238.2 242.4 246.0 248.4 255.0 265.2 274.8 285.6 295.2 304.8 315.0 319.2 324.0 318.6 313.8 309.6 304.8 299.4 295.2 295.2 292.8 288.6 283.8 279.0 274.8 270.0 265.2 263.4 262.8 263.4 264.6 266.4 267.0 268.8 270.0 271.2 271.2 273.6 274.8 276.6 278.4 280.8 281.4 280.8 276.6 270.6 264.6 258.6 253.2 246.6 240.6 237.6 234.6 234.6 234.6 234.0 234.0 234.0 234.0 234.0 234.6 238.2 241.2 244.2 247.8 251.4 254.4 254.4 248.4 239.4 229.2 219.0 210.0 199.8 190.2 183.6 178.8 181.2 183.6 185.4 188.4 190.8 193.2 195.6 200.4 208.8 217.8 226.2 235.2 244.2 253.2 255.6 249.0 233.4 217.8 201.6 186.6 171.0 156.0 145.8 141.0 144.6 148.8 152.4 156.6 160.8 165.0 168.6 173.4 178.8 182.4 186.6 191.4 195.6 200.4 201.0 196.8 187.2 178.2 168.0 159.0 150.0 140.4 134.4 130.8 135.0 139.2 143.4 147.0 151.2 155.4 157.8 165.0 172.2 178.8 185.4 192.0 198.0 205.2 210.6 208.8 200.4 191.4 183.6
crearDespacho --mercado --conDemandaTotal
4
0.02 0.07 0.145 1.0
370.0 600.0 2400.0 4000.0
650.88 647.94 645.0 643.53 633.25 627.37 621.5 615.62 611.21 605.33 597.99 590.64 593.58 622.96 652.35 681.73 711.12 740.51 769.89 778.71 788.99 766.95 743.44 721.4 700.84 680.27 656.76 655.29 643.53 634.72 624.43 615.62 605.33 596.52 586.23 575.95 586.23 615.62 645.0 674.39 702.3 733.16 762.54 780.18 802.21 799.28 797.81 793.4 791.93 788.99 786.05 790.46 805.15 819.85 834.54 852.17 866.86 881.55 896.25 908.0 922.69 924.16 925.63 925.63 928.57 930.04 930.04 931.51 930.04 934.45 937.39 940.32 944.73 946.2 949.14 946.2 952.08 950.61 949.14 947.67 944.73 940.32 940.32 949.14 959.42 975.59 991.75 1009.38 1025.54 1041.7 1057.86 1057.86 1053.46 1028.48 1002.03 977.06 952.08 927.1 902.12 896.25 896.25 905.06 913.88 922.69 932.98 940.32 949.14 955.02 962.36 978.52 991.75 1007.91 1022.6 1035.83 1051.99 1053.46 1050.52 1028.48 1007.91 988.81 966.77 946.2 924.16 921.22 919.75 922.69 927.1 930.04 932.98 935.92 938.85 943.26 943.26 955.02 966.77 978.52 988.81 1000.56 1010.85 1007.91 1000.56 982.93 963.83 943.26 924.16 905.06 885.96 880.08 874.21 877.15 877.15 878.62 880.08 881.55 881.55 884.49 881.55 890.37 899.18 908.0 916.82 924.16 932.98 930.04 915.35 894.78 874.21 852.17 830.13 809.56 786.05 777.24 765.48 761.07 758.14 755.2 750.79 747.85 744.91 741.97 740.51 752.26 761.07 769.89 780.18 790.46 799.28 800.74 790.46 769.89 747.85 724.34 703.77 683.2 661.17 646.47 615.62 597.99 581.83 567.13 549.5 533.34 515.71 499.55 490.73 495.14 503.95 509.83 517.18 521.59 528.93 534.81 546.56 556.85 565.66 574.48 583.29 593.58 602.4 608.27 624.43 649.41 672.92 699.37 722.87 746.38 771.36 781.64 793.4 780.18 768.42 758.14 746.38 733.16 722.87 722.87 717.0 706.71 694.96 683.2 672.92 661.17 649.41 645.0 643.53 645.0 647.94 652.35 653.82 658.23 661.17 664.1 664.1 669.98 672.92 677.33 681.73 687.61 689.08 687.61 677.33 662.63 647.94 633.25 620.03 603.86 589.17 581.83 574.48 574.48 574.48 573.01 573.01 573.01 573.01 573.01 574.48 583.29 590.64 597.99 606.8 615.62 622.96 622.96 608.27 586.23 561.26 536.28 514.24 489.26 465.75 449.59 437.84 443.72 449.59 454.0 461.35 467.22 473.1 478.98 490.73 511.3 533.34 553.91 575.95 597.99 620.03 625.9 609.74 571.54 533.34 493.67 456.94 418.74 382.01 357.03 345.28 354.09 364.38 373.19 383.48 393.76 404.05 412.86 424.62 437.84 446.65 456.94 468.69 478.98 490.73 492.2 481.92 458.41 436.37 411.39 389.35 367.31 343.81 329.11 320.3 330.58 340.87 351.15 359.97 370.25 380.54 386.41 404.05 421.68 437.84 454.0 470.16 484.85 502.49 515.71 511.3 490.73 468.69 449.59
configurarSolver --Gurobi
resolver --noConstante ejecuciones/bancos/recombinados/v1/directo/sgtm/v1_sgtm_000212.csv
finalizar
