inicializar --t 360
agregarAgente --SaltoGrande
0.000296
945778668.0
2594.0 2604.0 2614.0 2623.0 2646.0 2659.0 2673.0 2686.0 2699.0 2712.0 2725.0 2738.0 2765.0 2778.0 2791.0 2804.0 2818.0 2831.0 2844.0 2857.0 2884.0 2897.0 2910.0 2923.0 2936.0 2949.0 2963.0 2976.0 2996.0 3003.0 3010.0 3018.0 3025.0 3032.0 3039.0 3046.0 3060.0 3068.0 3075.0 3082.0 3089.0 3096.0 3103.0 3111.0 3125.0 3132.0 3139.0 3146.0 3153.0 3161.0 3168.0 3175.0 3183.0 3183.0 3184.0 3185.0 3185.0 3186.0 3186.0 3187.0 3188.0 3189.0 3190.0 3190.0 3191.0 3191.0 3192.0 3193.0 3194.0 3195.0 3195.0 3196.0 3196.0 3197.0 3198.0 3198.0 3207.0 3215.0 3222.0 3230.0 3238.0 3246.0 3253.0 3261.0 3277.0 3285.0 3292.0 3300.0 3308.0 3316.0 3323.0 3331.0 3347.0 3355.0 3362.0 3370.0 3378.0 3386.0 3393.0 3401.0 3412.0 3415.0 3418.0 3420.0 3423.0 3426.0 3429.0 3432.0 3438.0 3440.0 3443.0 3446.0 3449.0 3452.0 3455.0 3457.0 3463.0 3466.0 3469.0 3472.0 3475.0 3477.0 3480.0 3483.0 3512.0 3539.0 3565.0 3592.0 3618.0 3645.0 3671.0 3698.0 3751.0 3777.0 3804.0 3830.0 3857.0 3883.0 3910.0 3936.0 3989.0 4016.0 4042.0 4069.0 4095.0 4122.0 4148.0 4175.0 4218.0 4235.0 4251.0 4268.0 4285.0 4302.0 4319.0 4336.0 4369.0 4386.0 4403.0 4420.0 4436.0 4453.0 4470.0 4487.0 4520.0 4537.0 4554.0 4571.0 4588.0 4605.0 4621.0 4638.0 4657.0 4658.0 4660.0 4662.0 4663.0 4665.0 4667.0 4668.0 4672.0 4673.0 4675.0 4677.0 4678.0 4680.0 4682.0 4683.0 4687.0 4688.0 4690.0 4692.0 4693.0 4695.0 4697.0 4698.0 4695.0 4689.0 4684.0 4678.0 4673.0 4667.0 4662.0 4656.0 4645.0 4640.0 4634.0 4629.0 4623.0 4618.0 4612.0 4607.0 4596.0 4590.0 4585.0 4579.0 4574.0 4568.0 4563.0 4557.0 4567.0 4581.0 4596.0 4610.0 4625.0 4639.0 4654.0 4668.0 4698.0 4712.0 4727.0 4741.0 4756.0 4770.0 4785.0 4799.0 4829.0 4843.0 4858.0 4872.0 4887.0 4901.0 4916.0 4930.0 4949.0 4953.0 4958.0 4962.0 4966.0 4970.0 4975.0 4979.0 4987.0 4991.0 4996.0 5000.0 5004.0 5008.0 5013.0 5017.0 5025.0 5029.0 5034.0 5038.0 5042.0 5046.0 5051.0 5055.0 5059.0 5058.0 5058.0 5058.0 5057.0 5057.0 5057.0 5056.0 5056.0 5055.0 5055.0 5055.0 5054.0 5054.0 5054.0 5053.0 5053.0 5052.0 5052.0 5052.0 5051.0 5051.0 5051.0 5050.0 5057.0 5064.0 5070.0 5077.0 5084.0 5091.0 5098.0 5105.0 5118.0 5125.0 5132.0 5139.0 5145.0 5152.0 5159.0 5166.0 5179.0 5186.0 5193.0 5200.0 5207.0 5214.0 5220.0 5227.0 5236.0 5238.0 5241.0 5243.0 5245.0 5247.0 5250.0 5252.0 5256.0 5258.0 5261.0 5263.0 5265.0 5267.0 5270.0 5272.0 5276.0 5278.0 5281.0 5283.0 5285.0 5287.0 5290.0 5292.0 5318.0 5342.0 5365.0 5389.0 5413.0 5437.0 5460.0 5484.0 5532.0 5556.0 5579.0 5603.0 5627.0 5651.0 5674.0 5698.0 5746.0 5770.0 5793.0 5817.0
agregarAgente --UnidadTermicaSimple
200.0
100.0
agregarAgente --DemandaFija
323.4 271.2 219.0 219.0 219.0 299.4 380.4 461.4 541.8 622.8 703.8 703.8 703.8 684.0 665.4 646.8 628.2 609.0 590.4 590.4 590.4 563.4 536.4 508.8 481.8 454.2 426.6 426.6 426.6 492.0 556.8 622.2 686.4 751.8 816.6 816.6 816.6 813.0 809.4 805.8 802.2 798.6 795.0 795.0 795.0 741.6 687.6 634.2 580.8 526.8 474.0 474.0 474.0 503.4 534.0 563.4 593.4 624.0 653.4 653.4 653.4 609.6 566.4 522.6 479.4 435.6 392.4 392.4 392.4 390.6 388.2 386.4 384.6 382.8 381.0 381.0 381.0 414.6 448.8 483.0 517.2 551.4 585.6 585.6 585.6 546.6 507.0 468.6 429.0 390.6 351.0 351.0 351.0 307.2 263.4 219.6 175.8 132.0 88.2 88.2 88.2 133.8 178.8 224.4 269.4 315.0 360.0 360.0 360.0 357.6 355.2 352.8 350.4 348.0 345.6 345.6 345.6 316.8 288.0 258.6 229.8 200.4 171.6 171.6 171.6 265.2 358.2 451.8 545.4 638.4 732.0 732.0 732.0 718.8 706.2 692.4 679.8 666.6 654.0 654.0 654.0 605.4 558.0 509.4 462.0 414.0 365.4 365.4 365.4 438.0 510.6 583.2 655.8 729.0 801.6 801.6 801.6 762.0 723.6 684.6 645.6 606.6 567.6 567.6 567.6 523.2 480.0 435.6 391.8 347.4 303.6 303.6 303.6 391.8 480.0 568.2 656.4 744.6 832.8 832.8 832.8 802.2 770.4 739.2 708.0 676.2 645.6 645.6 645.6 580.2 515.4 450.6 385.8 321.0 256.2 256.2 256.2 338.4 420.6 503.4 585.6 667.8 750.6 750.6 750.6 724.2 697.8 670.8 644.4 618.0 591.6 591.6 591.6 537.0 482.4 427.8 373.8 319.2 264.6 264.6 264.6 294.6 324.0 353.4 383.4 413.4 442.8 442.8 442.8 492.0 541.2 589.8 639.0 687.6 736.8 736.8 736.8 678.6 621.0 562.8 504.6 445.8 388.2 388.2 388.2 423.0 458.4 493.2 528.0 563.4 598.2 598.2 598.2 586.2 573.6 561.6 549.6 537.0 524.4 524.4 524.4 477.6 430.8 384.6 337.2 291.0 243.6 243.6 243.6 230.4 217.2 203.4 190.2 176.4 163.2 163.2 163.2 153.6 144.0 134.4 124.8 114.6 105.0 105.0 105.0 106.2 107.4 109.2 110.4 111.6 112.8 112.8 112.8 151.8 189.6 228.0 266.4 304.8 342.6 342.6 342.6 380.4 417.6 455.4 492.6 529.8 568.2 568.2 568.2 532.8 498.6 464.4 429.6 395.4 360.6 360.6 360.6 394.2 427.2 460.8 494.4 527.4 561.0 561.0 561.0 553.2 545.4 537.6 529.2 521.4 513.6 513.6 513.6 445.8 378.0 310.2 242.4 174.0 106.2 106.2 106.2 177.6 249.0 320.4 391.8 463.2 534.6 534.6 534.6 493.2 451.8 410.4 369.6 328.2 286.8 286.8 286.8 252.0 217.8 182.4
crearDespacho --mercado --conDemandaTotal
4
0.02 0.07 0.145 1.0
370.0 600.0 2400.0 4000.0
566.62 475.16 383.7 383.7 383.7 524.57 666.49 808.41 949.27 1091.19 1233.11 1233.11 1233.11 1198.42 1165.83 1133.24 1100.65 1067.01 1034.42 1034.42 1034.42 987.12 939.81 891.46 844.15 795.79 747.43 747.43 747.43 862.02 975.55 1090.14 1202.62 1317.21 1430.74 1430.74 1430.74 1424.44 1418.13 1411.82 1405.51 1399.21 1392.9 1392.9 1392.9 1299.34 1204.73 1111.17 1017.6 922.99 830.48 830.48 830.48 881.99 935.61 987.12 1039.68 1093.29 1144.8 1144.8 1144.8 1068.06 992.37 915.63 839.94 763.2 687.51 687.51 687.51 684.36 680.16 677.0 673.85 670.69 667.54 667.54 667.54 726.41 786.33 846.25 906.17 966.09 1026.01 1026.01 1026.01 957.68 888.3 821.02 751.64 684.36 614.98 614.98 614.98 538.24 461.5 384.76 308.01 231.27 154.53 154.53 154.53 234.43 313.27 393.17 472.01 551.9 630.75 630.75 630.75 626.54 622.34 618.13 613.93 609.72 605.52 605.52 605.52 555.06 504.6 453.09 402.63 351.12 300.66 300.66 300.66 464.65 627.59 791.59 955.58 1118.52 1282.52 1282.52 1282.52 1259.39 1237.31 1213.14 1191.06 1167.93 1145.86 1145.86 1145.86 1060.71 977.66 892.51 809.46 725.36 640.21 640.21 640.21 767.41 894.61 1021.81 1149.01 1277.26 1404.46 1404.46 1404.46 1335.08 1267.8 1199.47 1131.14 1062.81 994.48 994.48 994.48 916.68 841.0 763.2 686.46 608.67 531.93 531.93 531.93 686.46 841.0 995.53 1150.06 1304.59 1459.13 1459.13 1459.13 1405.51 1349.8 1295.13 1240.47 1184.75 1131.14 1131.14 1131.14 1016.55 903.02 789.48 675.95 562.42 448.88 448.88 448.88 592.9 736.92 881.99 1026.01 1170.03 1315.11 1315.11 1315.11 1268.85 1222.6 1175.29 1129.04 1082.78 1036.53 1036.53 1036.53 940.86 845.2 749.54 654.93 559.26 463.6 463.6 463.6 516.16 567.67 619.18 671.75 724.31 775.82 775.82 775.82 862.02 948.22 1033.37 1119.58 1204.73 1290.93 1290.93 1290.93 1188.96 1088.04 986.07 884.1 781.07 680.16 680.16 680.16 741.13 803.15 864.12 925.09 987.12 1048.09 1048.09 1048.09 1027.07 1004.99 983.96 962.94 940.86 918.79 918.79 918.79 836.79 754.79 673.85 590.8 509.85 426.81 426.81 426.81 403.68 380.55 356.37 333.24 309.07 285.94 285.94 285.94 269.12 252.3 235.48 218.66 200.79 183.97 183.97 183.97 186.07 188.17 191.33 193.43 195.53 197.63 197.63 197.63 265.96 332.19 399.47 466.75 534.03 600.26 600.26 600.26 666.49 731.67 797.89 863.07 928.25 995.53 995.53 995.53 933.5 873.58 813.66 752.69 692.77 631.8 631.8 631.8 690.67 748.49 807.36 866.23 924.04 982.91 982.91 982.91 969.25 955.58 941.91 927.2 913.53 899.87 899.87 899.87 781.07 662.28 543.49 424.7 304.86 186.07 186.07 186.07 311.17 436.27 561.36 686.46 811.56 936.66 936.66 936.66 864.12 791.59 719.05 647.57 575.03 502.49 502.49 502.49 441.52 381.6 319.58
configurarSolver --Gurobi
resolver --noConstante ejecuciones/bancos/recombinados/v1/directo/sgtm/v1_sgtm_000091.csv
finalizar
