inicializar --t 360
agregarAgente --SaltoGrande
0.002545
1696918051.0
2524.0 2527.0 2529.0 2532.0 2550.0 2566.0 2582.0 2598.0 2613.0 2629.0 2645.0 2661.0 2693.0 2709.0 2725.0 2741.0 2756.0 2772.0 2788.0 2804.0 2836.0 2852.0 2868.0 2884.0 2899.0 2915.0 2931.0 2947.0 2992.0 3022.0 3051.0 3080.0 3110.0 3139.0 3169.0 3198.0 3257.0 3286.0 3315.0 3345.0 3374.0 3404.0 3433.0 3462.0 3521.0 3550.0 3580.0 3609.0 3639.0 3668.0 3697.0 3727.0 3836.0 3916.0 3996.0 4076.0 4156.0 4236.0 4315.0 4395.0 4555.0 4635.0 4715.0 4795.0 4875.0 4955.0 5035.0 5115.0 5275.0 5355.0 5434.0 5514.0 5594.0 5674.0 5754.0 5834.0 5880.0 5847.0 5813.0 5780.0 5746.0 5713.0 5679.0 5646.0 5578.0 5545.0 5511.0 5478.0 5444.0 5411.0 5377.0 5344.0 5276.0 5243.0 5209.0 5176.0 5142.0 5109.0 5075.0 5042.0 5002.0 4996.0 4990.0 4984.0 4977.0 4971.0 4965.0 4959.0 4947.0 4941.0 4935.0 4929.0 4922.0 4916.0 4910.0 4904.0 4892.0 4886.0 4880.0 4874.0 4867.0 4861.0 4855.0 4849.0 4844.0 4844.0 4845.0 4846.0 4847.0 4847.0 4848.0 4849.0 4850.0 4851.0 4852.0 4853.0 4853.0 4854.0 4855.0 4856.0 4857.0 4858.0 4859.0 4859.0 4860.0 4861.0 4862.0 4862.0 4892.0 4921.0 4950.0 4979.0 5008.0 5037.0 5066.0 5095.0 5153.0 5182.0 5211.0 5240.0 5268.0 5297.0 5326.0 5355.0 5413.0 5442.0 5471.0 5500.0 5529.0 5558.0 5587.0 5616.0 5694.0 5743.0 5793.0 5842.0 5891.0 5940.0 5989.0 6038.0 6137.0 6186.0 6235.0 6284.0 6334.0 6383.0 6432.0 6481.0 6580.0 6629.0 6678.0 6727.0 6776.0 6825.0 6875.0 6924.0 7007.0 7041.0 7076.0 7110.0 7144.0 7178.0 7212.0 7246.0 7315.0 7349.0 7383.0 7417.0 7452.0 7486.0 7520.0 7554.0 7623.0 7657.0 7691.0 7725.0 7759.0 7793.0 7828.0 7862.0 7929.0 7962.0 7996.0 8029.0 8062.0 8095.0 8129.0 8162.0 8228.0 8261.0 8295.0 8328.0 8361.0 8394.0 8428.0 8461.0 8527.0 8560.0 8594.0 8627.0 8660.0 8693.0 8727.0 8760.0 8809.0 8826.0 8842.0 8858.0 8874.0 8891.0 8907.0 8923.0 8956.0 8972.0 8989.0 9005.0 9021.0 9037.0 9054.0 9070.0 9103.0 9119.0 9135.0 9152.0 9168.0 9184.0 9200.0 9217.0 9234.0 9236.0 9237.0 9239.0 9240.0 9242.0 9243.0 9245.0 9248.0 9249.0 9251.0 9252.0 9254.0 9255.0 9257.0 9258.0 9261.0 9263.0 9264.0 9266.0 9267.0 9269.0 9270.0 9272.0 9239.0 9205.0 9172.0 9138.0 9104.0 9070.0 9037.0 9003.0 8935.0 8901.0 8868.0 8834.0 8800.0 8766.0 8733.0 8699.0 8631.0 8597.0 8564.0 8530.0 8496.0 8462.0 8429.0 8395.0 8324.0 8287.0 8250.0 8213.0 8177.0 8140.0 8103.0 8066.0 7992.0 7955.0 7918.0 7881.0 7845.0 7808.0 7771.0 7734.0 7660.0 7623.0 7586.0 7549.0 7513.0 7476.0 7439.0 7402.0 7332.0 7298.0 7265.0 7231.0 7198.0 7164.0 7131.0 7097.0 7030.0 6997.0 6963.0 6930.0 6896.0 6863.0 6829.0 6796.0 6729.0 6695.0 6662.0 6628.0
agregarAgente --UnidadTermicaSimple
200.0
100.0
agregarAgente --DemandaFija
588.9 568.2 546.6 538.5 529.5 552.0 572.7 595.2 617.7 639.3 660.9 660.0 661.8 678.0 694.2 710.4 726.6 741.9 759.0 762.6 763.5 711.3 659.1 606.0 553.8 501.6 449.4 447.6 448.5 464.7 483.6 499.8 518.7 535.8 552.9 555.6 558.3 583.5 609.6 635.7 660.9 687.0 712.2 713.1 714.0 683.4 654.6 624.9 594.3 565.5 534.9 533.1 535.8 554.7 575.4 595.2 615.9 635.7 656.4 659.1 662.7 696.9 732.9 767.1 802.2 837.3 872.4 873.3 867.9 812.1 756.3 700.5 644.7 588.9 532.2 526.8 534.9 562.8 589.8 618.6 646.5 673.5 701.4 714.9 729.3 749.1 768.9 788.7 808.5 829.2 848.1 849.0 837.3 786.0 737.4 687.0 636.6 586.2 537.6 524.1 525.9 549.3 572.7 597.0 619.5 643.8 668.1 683.4 699.6 725.7 750.9 776.1 801.3 826.5 852.6 853.5 840.0 788.7 736.5 685.2 633.0 582.6 530.4 514.2 507.9 519.6 531.3 542.1 553.8 565.5 577.2 587.1 602.4 634.8 667.2 699.6 731.1 764.4 796.8 801.3 793.2 748.2 704.1 659.1 615.0 569.1 524.1 511.5 508.8 522.3 536.7 551.1 565.5 579.0 593.4 603.3 614.1 644.7 676.2 708.6 740.1 770.7 801.3 802.2 792.3 726.6 660.9 596.1 530.4 465.6 399.9 388.2 374.7 351.3 326.1 300.9 276.6 251.4 226.2 224.4 228.0 231.6 235.2 238.8 243.3 246.9 250.5 255.0 255.9 263.1 271.2 277.5 284.7 291.9 299.1 295.5 298.2 329.7 361.2 392.7 425.1 456.6 489.0 495.3 503.4 472.8 439.5 408.9 377.4 345.9 314.4 317.1 310.8 315.3 319.8 324.3 329.7 333.3 338.7 330.6 329.7 320.7 310.8 302.7 293.7 284.7 277.5 283.8 291.9 292.8 294.6 296.4 298.2 300.0 301.8 303.6 296.4 294.6 291.9 290.1 288.3 284.7 282.9 274.8 267.6 261.3 255.0 248.7 242.4 237.0 230.7 230.7 236.1 240.6 245.1 249.6 254.1 258.6 263.1 267.6 265.8 271.2 276.6 281.1 286.5 291.0 295.5 290.1 299.1 341.4 383.7 425.1 467.4 510.6 552.9 567.3 586.2 579.9 572.7 564.6 558.3 551.1 543.9 547.5 539.4 504.3 470.1 435.0 399.9 365.7 330.6 318.9 314.4 318.9 322.5 325.2 328.8 332.4 336.0 344.1 356.7 378.3 399.9 420.6 442.2 463.8 485.4 489.0 477.3 446.7 416.1 384.6 354.9 324.3 293.7 278.4 261.3 278.4 296.4 313.5 331.5 350.4 367.5 364.8 368.4 380.1 392.7 404.4 415.2 427.8 440.4 444.9 445.8 417.9 389.1 361.2 333.3 305.4 277.5 273.0 266.7 340.5 417.0 491.7 567.3 642.0 717.6 715.8 721.2 673.5 624.9 576.3 528.6 479.1 432.3 440.4 441.3 410.7 380.1 348.6
crearDespacho --mercado --conDemandaTotal
4
0.02 0.07 0.145 1.0
370.0 600.0 2400.0 4000.0
816.07 787.39 757.45 746.23 733.76 764.94 793.62 824.8 855.98 885.91 915.85 914.6 917.09 939.54 961.99 984.44 1006.89 1028.09 1051.79 1056.78 1058.02 985.69 913.35 839.77 767.43 695.09 622.76 620.26 621.51 643.96 670.15 692.6 718.79 742.49 766.18 769.93 773.67 808.59 844.76 880.92 915.85 952.01 986.93 988.18 989.43 947.03 907.12 865.96 823.55 783.64 741.24 738.75 742.49 768.68 797.36 824.8 853.49 880.92 909.61 913.35 918.34 965.73 1015.62 1063.01 1111.65 1160.29 1208.93 1210.18 1202.7 1125.37 1048.05 970.72 893.4 816.07 737.5 730.02 741.24 779.9 817.32 857.23 895.89 933.31 971.97 990.68 1010.63 1038.07 1065.51 1092.95 1120.38 1149.07 1175.26 1176.51 1160.29 1089.2 1021.86 952.01 882.17 812.33 744.98 726.27 728.77 761.2 793.62 827.3 858.48 892.15 925.82 947.03 969.47 1005.64 1040.56 1075.48 1110.41 1145.33 1181.5 1182.74 1164.03 1092.95 1020.61 949.52 877.18 807.34 735.0 712.56 703.83 720.04 736.25 751.22 767.43 783.64 799.86 813.58 834.78 879.68 924.58 969.47 1013.13 1059.27 1104.17 1110.41 1099.18 1036.82 975.71 913.35 852.24 788.63 726.27 708.81 705.07 723.78 743.73 763.69 783.64 802.35 822.31 836.03 850.99 893.4 937.05 981.95 1025.6 1068.0 1110.41 1111.65 1097.93 1006.89 915.85 826.05 735.0 645.21 554.16 537.95 519.24 486.82 451.89 416.97 383.3 348.38 313.46 310.96 315.95 320.94 325.93 330.92 337.15 342.14 347.13 353.37 354.61 364.59 375.82 384.55 394.52 404.5 414.48 409.49 413.23 456.88 500.53 544.19 589.08 632.74 677.63 686.36 697.59 655.19 609.04 566.64 522.98 479.33 435.68 439.42 430.69 436.93 443.16 449.4 456.88 461.87 469.36 458.13 456.88 444.41 430.69 419.47 407.0 394.52 384.55 393.28 404.5 405.75 408.24 410.74 413.23 415.73 418.22 420.72 410.74 408.24 404.5 402.01 399.51 394.52 392.03 380.81 370.83 362.1 353.37 344.64 335.91 328.42 319.69 319.69 327.18 333.41 339.65 345.88 352.12 358.36 364.59 370.83 368.33 375.82 383.3 389.54 397.02 403.25 409.49 402.01 414.48 473.1 531.71 589.08 647.7 707.57 766.18 786.14 812.33 803.6 793.62 782.4 773.67 763.69 753.71 758.7 747.48 698.84 651.44 602.8 554.16 506.77 458.13 441.92 435.68 441.92 446.91 450.65 455.64 460.63 465.61 476.84 494.3 524.23 554.16 582.85 612.78 642.71 672.65 677.63 661.42 619.02 576.61 532.96 491.8 449.4 407.0 385.79 362.1 385.79 410.74 434.43 459.38 485.57 509.27 505.52 510.51 526.73 544.19 560.4 575.37 592.83 610.29 616.52 617.77 579.11 539.2 500.53 461.87 423.21 384.55 378.31 369.58 471.85 577.86 681.38 786.14 889.65 994.42 991.92 999.41 933.31 865.96 798.61 732.51 663.92 599.06 610.29 611.53 569.13 526.73 483.07
configurarSolver --Gurobi
resolver --noConstante ejecuciones/bancos/recombinados/v1/directo/sgtm/v1_sgtm_000283.csv
finalizar
