inicializar --t 360
agregarAgente --SaltoGrande
0.000867
2104235473.0
1017.0 1019.0 1021.0 1022.0 1027.0 1030.0 1033.0 1036.0 1040.0 1043.0 1046.0 1049.0 1055.0 1058.0 1061.0 1064.0 1068.0 1071.0 1074.0 1077.0 1083.0 1086.0 1089.0 1092.0 1096.0 1099.0 1102.0 1105.0 1100.0 1093.0 1085.0 1077.0 1069.0 1062.0 1054.0 1046.0 1031.0 1023.0 1016.0 1008.0 1000.0 992.0 985.0 977.0 962.0 954.0 946.0 939.0 931.0 923.0 915.0 908.0 900.0 901.0 901.0 901.0 901.0 902.0 902.0 902.0 903.0 903.0 904.0 904.0 904.0 904.0 905.0 905.0 906.0 906.0 906.0 907.0 907.0 907.0 907.0 908.0 907.0 905.0 904.0 903.0 901.0 900.0 899.0 897.0 895.0 893.0 892.0 891.0 889.0 888.0 887.0 885.0 883.0 881.0 880.0 879.0 877.0 876.0 875.0 873.0 871.0 870.0 869.0 868.0 867.0 866.0 866.0 865.0 863.0 862.0 861.0 860.0 859.0 858.0 857.0 856.0 854.0 853.0 853.0 852.0 851.0 850.0 849.0 848.0 850.0 853.0 856.0 859.0 862.0 865.0 868.0 871.0 877.0 880.0 883.0 886.0 889.0 892.0 895.0 898.0 904.0 907.0 910.0 913.0 916.0 919.0 922.0 925.0 930.0 933.0 935.0 937.0 939.0 942.0 944.0 946.0 951.0 953.0 956.0 958.0 960.0 962.0 965.0 967.0 972.0 974.0 976.0 979.0 981.0 983.0 985.0 988.0 992.0 994.0 995.0 997.0 999.0 1001.0 1002.0 1004.0 1008.0 1010.0 1011.0 1013.0 1015.0 1017.0 1018.0 1020.0 1024.0 1026.0 1027.0 1029.0 1031.0 1033.0 1034.0 1036.0 1052.0 1067.0 1081.0 1096.0 1110.0 1125.0 1139.0 1154.0 1183.0 1197.0 1212.0 1226.0 1241.0 1255.0 1270.0 1284.0 1313.0 1328.0 1342.0 1357.0 1371.0 1386.0 1400.0 1415.0 1429.0 1429.0 1428.0 1428.0 1428.0 1428.0 1427.0 1427.0 1427.0 1427.0 1426.0 1426.0 1426.0 1426.0 1425.0 1425.0 1425.0 1425.0 1424.0 1424.0 1424.0 1424.0 1423.0 1423.0 1491.0 1558.0 1626.0 1693.0 1761.0 1829.0 1896.0 1964.0 2099.0 2167.0 2234.0 2302.0 2369.0 2437.0 2504.0 2572.0 2707.0 2775.0 2842.0 2910.0 2978.0 3045.0 3113.0 3180.0 3294.0 3340.0 3385.0 3431.0 3477.0 3523.0 3569.0 3615.0 3706.0 3752.0 3798.0 3844.0 3889.0 3935.0 3981.0 4027.0 4118.0 4164.0 4210.0 4256.0 4302.0 4348.0 4393.0 4439.0 4466.0 4446.0 4427.0 4407.0 4388.0 4368.0 4349.0 4329.0 4291.0 4271.0 4252.0 4232.0 4213.0 4193.0 4174.0 4154.0 4116.0 4096.0 4077.0 4057.0 4038.0 4018.0 3999.0 3979.0 3929.0 3898.0 3867.0 3836.0 3805.0 3774.0 3743.0 3712.0 3650.0 3619.0 3588.0 3557.0 3526.0 3495.0 3464.0 3433.0 3371.0 3340.0 3309.0 3278.0 3247.0 3216.0 3185.0 3154.0 3097.0 3072.0 3046.0 3020.0 2994.0 2969.0 2943.0 2917.0 2866.0 2840.0 2815.0 2789.0 2763.0 2737.0 2712.0 2686.0 2635.0 2609.0 2583.0 2558.0
agregarAgente --UnidadTermicaSimple
200.0
100.0
agregarAgente --DemandaFija
728.4 705.9 682.5 669.0 659.1 686.1 713.1 738.3 765.3 792.3 819.3 822.9 831.0 846.3 860.7 876.0 891.3 906.6 921.9 926.4 923.7 903.0 883.2 862.5 842.7 821.1 801.3 792.3 775.2 769.8 763.5 759.0 752.7 747.3 741.9 732.9 732.0 741.0 750.0 757.2 767.1 775.2 785.1 792.3 797.7 789.6 783.3 776.1 769.8 763.5 755.4 752.7 755.4 766.2 776.1 787.8 797.7 809.4 819.3 824.7 833.7 841.8 850.8 858.0 867.0 875.1 884.1 888.6 883.2 875.1 867.0 858.9 850.8 843.6 835.5 826.5 827.4 841.8 857.1 872.4 887.7 903.0 918.3 928.2 945.3 967.8 990.3 1013.7 1037.1 1060.5 1083.9 1091.1 1098.3 1078.5 1057.8 1038.0 1018.2 996.6 976.8 976.8 970.5 967.8 966.0 963.3 961.5 958.8 956.1 948.9 939.9 953.4 966.0 978.6 991.2 1003.8 1016.4 1014.6 1017.3 1002.9 988.5 975.0 959.7 946.2 931.8 936.3 943.5 941.7 939.9 938.1 936.3 934.5 932.7 936.3 942.6 932.7 921.0 910.2 899.4 888.6 877.8 880.5 882.3 880.5 879.6 877.8 876.0 874.2 873.3 872.4 873.3 878.7 885.0 890.4 895.8 903.0 907.5 908.4 909.3 909.3 911.1 912.0 912.9 914.7 916.5 914.7 908.4 894.9 880.5 867.0 853.5 840.0 825.6 820.2 812.1 807.6 803.1 799.5 794.1 789.6 784.2 781.5 778.8 788.7 797.7 807.6 817.5 827.4 838.2 838.2 833.7 797.7 761.7 725.7 689.7 652.8 617.7 612.3 604.2 600.6 597.9 595.2 591.6 588.0 586.2 581.7 583.5 592.5 600.6 610.5 619.5 627.6 636.6 642.0 641.1 632.1 622.2 613.2 604.2 595.2 585.3 579.9 583.5 593.4 602.4 611.4 622.2 631.2 641.1 651.0 658.2 657.3 655.5 654.6 652.8 651.9 651.0 649.2 642.0 637.5 633.0 628.5 623.1 619.5 614.1 608.7 608.7 608.7 608.7 607.8 607.8 607.8 606.9 613.2 619.5 625.8 631.2 638.4 643.8 650.1 655.5 656.4 646.5 639.3 631.2 623.1 615.9 607.8 599.7 589.8 586.2 617.7 649.2 679.8 711.3 741.9 773.4 779.7 787.8 800.4 813.0 825.6 837.3 849.9 863.4 866.1 850.8 811.2 772.5 732.9 694.2 654.6 615.9 598.8 587.1 600.6 614.1 627.6 642.0 655.5 669.9 674.4 686.1 702.3 718.5 734.7 750.9 768.0 784.2 792.3 786.9 764.4 741.9 720.3 697.8 676.2 653.7 641.1 635.7 643.8 652.8 660.9 669.9 678.0 687.0 694.2 704.1 710.4 716.7 723.0 728.4 734.7 741.0 743.7 732.9 713.1 694.2 674.4 654.6 634.8 615.9 601.5 588.0 595.2 601.5 607.8 614.1 620.4 627.6 627.6 631.2 638.4 644.7 651.0 657.3 663.6 670.8 675.3 671.7 651.9 630.3 609.6
crearDespacho --mercado --conDemandaTotal
4
0.02 0.07 0.145 1.0
370.0 600.0 2400.0 4000.0
728.4 705.9 682.5 669.0 659.1 686.1 713.1 738.3 765.3 792.3 819.3 822.9 831.0 846.3 860.7 876.0 891.3 906.6 921.9 926.4 923.7 903.0 883.2 862.5 842.7 821.1 801.3 792.3 775.2 769.8 763.5 759.0 752.7 747.3 741.9 732.9 732.0 741.0 750.0 757.2 767.1 775.2 785.1 792.3 797.7 789.6 783.3 776.1 769.8 763.5 755.4 752.7 755.4 766.2 776.1 787.8 797.7 809.4 819.3 824.7 833.7 841.8 850.8 858.0 867.0 875.1 884.1 888.6 883.2 875.1 867.0 858.9 850.8 843.6 835.5 826.5 827.4 841.8 857.1 872.4 887.7 903.0 918.3 928.2 945.3 967.8 990.3 1013.7 1037.1 1060.5 1083.9 1091.1 1098.3 1078.5 1057.8 1038.0 1018.2 996.6 976.8 976.8 970.5 967.8 966.0 963.3 961.5 958.8 956.1 948.9 939.9 953.4 966.0 978.6 991.2 1003.8 1016.4 1014.6 1017.3 1002.9 988.5 975.0 959.7 946.2 931.8 936.3 943.5 941.7 939.9 938.1 936.3 934.5 932.7 936.3 942.6 932.7 921.0 910.2 899.4 888.6 877.8 880.5 882.3 880.5 879.6 877.8 876.0 874.2 873.3 872.4 873.3 878.7 885.0 890.4 895.8 903.0 907.5 908.4 909.3 909.3 911.1 912.0 912.9 914.7 916.5 914.7 908.4 894.9 880.5 867.0 853.5 840.0 825.6 820.2 812.1 807.6 803.1 799.5 794.1 789.6 784.2 781.5 778.8 788.7 797.7 807.6 817.5 827.4 838.2 838.2 833.7 797.7 761.7 725.7 689.7 652.8 617.7 612.3 604.2 600.6 597.9 595.2 591.6 588.0 586.2 581.7 583.5 592.5 600.6 610.5 619.5 627.6 636.6 642.0 641.1 632.1 622.2 613.2 604.2 595.2 585.3 579.9 583.5 593.4 602.4 611.4 622.2 631.2 641.1 651.0 658.2 657.3 655.5 654.6 652.8 651.9 651.0 649.2 642.0 637.5 633.0 628.5 623.1 619.5 614.1 608.7 608.7 608.7 608.7 607.8 607.8 607.8 606.9 613.2 619.5 625.8 631.2 638.4 643.8 650.1 655.5 656.4 646.5 639.3 631.2 623.1 615.9 607.8 599.7 589.8 586.2 617.7 649.2 679.8 711.3 741.9 773.4 779.7 787.8 800.4 813.0 825.6 837.3 849.9 863.4 866.1 850.8 811.2 772.5 732.9 694.2 654.6 615.9 598.8 587.1 600.6 614.1 627.6 642.0 655.5 669.9 674.4 686.1 702.3 718.5 734.7 750.9 768.0 784.2 792.3 786.9 764.4 741.9 720.3 697.8 676.2 653.7 641.1 635.7 643.8 652.8 660.9 669.9 678.0 687.0 694.2 704.1 710.4 716.7 723.0 728.4 734.7 741.0 743.7 732.9 713.1 694.2 674.4 654.6 634.8 615.9 601.5 588.0 595.2 601.5 607.8 614.1 620.4 627.6 627.6 631.2 638.4 644.7 651.0 657.3 663.6 670.8 675.3 671.7 651.9 630.3 609.6
configurarSolver --Gurobi
resolver --noConstante ejecuciones/bancos/recombinados/v1/directo/sgtm/v1_sgtm_000369.csv
finalizar
