inicializar --t 360
agregarAgente --SaltoGrande
0.001209
2250689819.0
2790.0 2783.0 2776.0 2770.0 2770.0 2778.0 2785.0 2792.0 2800.0 2807.0 2814.0 2822.0 2836.0 2844.0 2851.0 2858.0 2866.0 2873.0 2880.0 2888.0 2902.0 2910.0 2917.0 2924.0 2932.0 2939.0 2946.0 2954.0 2949.0 2936.0 2924.0 2912.0 2899.0 2887.0 2875.0 2862.0 2838.0 2825.0 2813.0 2801.0 2788.0 2776.0 2764.0 2751.0 2727.0 2714.0 2702.0 2690.0 2677.0 2665.0 2653.0 2640.0 2624.0 2619.0 2615.0 2611.0 2606.0 2602.0 2597.0 2593.0 2584.0 2580.0 2576.0 2571.0 2567.0 2562.0 2558.0 2554.0 2545.0 2541.0 2536.0 2532.0 2527.0 2523.0 2519.0 2514.0 2508.0 2505.0 2503.0 2500.0 2498.0 2496.0 2493.0 2491.0 2486.0 2484.0 2481.0 2479.0 2476.0 2474.0 2471.0 2469.0 2464.0 2462.0 2459.0 2457.0 2455.0 2452.0 2450.0 2447.0 2451.0 2457.0 2464.0 2470.0 2476.0 2482.0 2488.0 2494.0 2507.0 2513.0 2519.0 2525.0 2532.0 2538.0 2544.0 2550.0 2563.0 2569.0 2575.0 2581.0 2587.0 2593.0 2600.0 2606.0 2624.0 2636.0 2647.0 2659.0 2671.0 2683.0 2694.0 2706.0 2730.0 2742.0 2753.0 2765.0 2777.0 2789.0 2800.0 2812.0 2836.0 2848.0 2859.0 2871.0 2883.0 2895.0 2906.0 2918.0 2927.0 2924.0 2920.0 2917.0 2914.0 2911.0 2908.0 2905.0 2898.0 2895.0 2892.0 2889.0 2885.0 2882.0 2879.0 2876.0 2869.0 2866.0 2863.0 2860.0 2857.0 2854.0 2850.0 2847.0 2843.0 2842.0 2841.0 2839.0 2838.0 2837.0 2836.0 2835.0 2833.0 2831.0 2830.0 2829.0 2828.0 2827.0 2826.0 2824.0 2822.0 2821.0 2820.0 2819.0 2818.0 2816.0 2815.0 2814.0 2807.0 2801.0 2796.0 2790.0 2784.0 2778.0 2772.0 2766.0 2755.0 2749.0 2743.0 2737.0 2732.0 2726.0 2720.0 2714.0 2703.0 2697.0 2691.0 2685.0 2679.0 2673.0 2668.0 2662.0 2647.0 2637.0 2628.0 2618.0 2609.0 2599.0 2590.0 2580.0 2562.0 2552.0 2543.0 2533.0 2524.0 2514.0 2505.0 2495.0 2477.0 2467.0 2458.0 2448.0 2439.0 2429.0 2420.0 2410.0 2411.0 2422.0 2432.0 2442.0 2452.0 2463.0 2473.0 2483.0 2504.0 2514.0 2524.0 2534.0 2545.0 2555.0 2565.0 2575.0 2596.0 2606.0 2616.0 2627.0 2637.0 2647.0 2657.0 2668.0 2686.0 2695.0 2703.0 2712.0 2720.0 2729.0 2737.0 2746.0 2762.0 2771.0 2779.0 2788.0 2796.0 2805.0 2813.0 2822.0 2838.0 2847.0 2855.0 2864.0 2872.0 2881.0 2889.0 2898.0 2912.0 2918.0 2924.0 2930.0 2936.0 2942.0 2948.0 2954.0 2966.0 2972.0 2978.0 2984.0 2991.0 2997.0 3003.0 3009.0 3021.0 3027.0 3033.0 3039.0 3045.0 3051.0 3057.0 3063.0 3069.0 3068.0 3068.0 3068.0 3067.0 3067.0 3066.0 3066.0 3065.0 3065.0 3065.0 3064.0 3064.0 3063.0 3063.0 3063.0 3062.0 3062.0 3061.0 3061.0 3060.0 3060.0 3060.0 3059.0 3055.0 3050.0 3046.0 3042.0 3037.0 3033.0 3028.0 3024.0 3015.0 3011.0 3007.0 3002.0 2998.0 2993.0 2989.0 2985.0 2976.0 2972.0 2967.0 2963.0
agregarAgente --UnidadTermicaSimple
200.0
100.0
agregarAgente --DemandaFija
312.6 230.7 148.8 148.8 148.8 255.9 362.1 469.2 575.4 681.6 788.7 788.7 788.7 844.5 899.4 955.2 1010.1 1065.0 1120.8 1120.8 1120.8 1059.6 999.3 937.2 876.9 815.7 755.4 755.4 755.4 828.3 903.0 976.8 1050.6 1124.4 1197.3 1197.3 1197.3 1186.5 1175.7 1164.9 1154.1 1142.4 1131.6 1131.6 1131.6 1074.0 1017.3 960.6 903.9 847.2 789.6 789.6 789.6 852.6 914.7 977.7 1039.8 1102.8 1164.9 1164.9 1164.9 1187.4 1210.8 1233.3 1255.8 1278.3 1301.7 1301.7 1301.7 1131.6 962.4 792.3 622.2 452.1 282.9 282.9 282.9 327.0 372.0 416.1 460.2 505.2 550.2 550.2 550.2 547.5 544.8 542.1 539.4 536.7 534.9 534.9 534.9 473.7 411.6 350.4 288.3 227.1 165.0 165.0 165.0 244.2 323.4 402.6 482.7 561.0 641.1 641.1 641.1 723.0 804.0 885.9 968.7 1049.7 1131.6 1131.6 1131.6 1063.2 995.7 927.3 859.8 791.4 723.9 723.9 723.9 743.7 764.4 784.2 804.9 824.7 845.4 845.4 845.4 850.8 855.3 860.7 865.2 869.7 875.1 875.1 875.1 815.7 757.2 697.8 639.3 579.9 521.4 521.4 521.4 586.2 649.2 713.1 776.1 840.0 903.0 903.0 903.0 930.0 957.9 984.0 1011.0 1038.0 1065.0 1065.0 1065.0 960.6 856.2 750.9 646.5 541.2 436.8 436.8 436.8 499.8 561.9 625.8 687.9 750.9 813.0 813.0 813.0 875.1 935.4 996.6 1056.9 1118.1 1178.4 1178.4 1178.4 1071.3 965.1 858.0 750.0 642.9 535.8 535.8 535.8 622.2 709.5 795.9 882.3 969.6 1056.0 1056.0 1056.0 1114.5 1172.1 1230.6 1289.1 1347.6 1405.2 1405.2 1405.2 1318.8 1232.4 1146.0 1058.7 973.2 885.9 885.9 885.9 921.9 957.9 993.0 1028.1 1063.2 1099.2 1099.2 1099.2 1059.6 1020.9 983.1 943.5 904.8 866.1 866.1 866.1 733.8 602.4 470.1 338.7 205.5 74.1 74.1 74.1 179.4 284.7 390.0 496.2 601.5 705.9 705.9 705.9 678.0 649.2 621.3 592.5 563.7 535.8 535.8 535.8 474.6 412.5 351.3 289.2 228.0 165.9 165.9 165.9 252.3 339.6 425.1 512.4 598.8 685.2 685.2 685.2 711.3 735.6 760.8 785.1 810.3 835.5 835.5 835.5 703.2 570.9 439.5 308.1 175.8 44.4 44.4 44.4 47.1 49.8 52.5 55.2 57.9 60.6 60.6 60.6 78.6 97.5 115.5 133.5 151.5 169.5 169.5 169.5 148.8 128.1 107.4 85.8 65.1 44.4 44.4 44.4 62.4 80.4 99.3 117.3 135.3 154.2 154.2 154.2 180.3 206.4 233.4 259.5 286.5 312.6 312.6 312.6 289.2 265.8 242.4 219.0 193.8 170.4 170.4 170.4 299.1 426.9 555.6 683.4 812.1 939.9 939.9 939.9 921.0 902.1 884.1 865.2 846.3 826.5 826.5 826.5 724.8 623.1 520.5
crearDespacho --mercado --conDemandaTotal
4
0.02 0.07 0.145 1.0
370.0 600.0 2400.0 4000.0
348.78 257.4 166.02 166.02 166.02 285.52 404.01 523.5 641.99 760.48 879.98 879.98 879.98 942.24 1003.49 1065.75 1127.0 1188.25 1250.51 1250.51 1250.51 1182.23 1114.95 1045.66 978.39 910.1 842.82 842.82 842.82 924.16 1007.51 1089.85 1172.19 1254.53 1335.87 1335.87 1335.87 1323.82 1311.77 1299.72 1287.67 1274.61 1262.56 1262.56 1262.56 1198.3 1135.03 1071.77 1008.51 945.25 880.98 880.98 880.98 951.27 1020.56 1090.85 1160.14 1230.43 1299.72 1299.72 1299.72 1324.82 1350.93 1376.03 1401.14 1426.24 1452.35 1452.35 1452.35 1262.56 1073.78 883.99 694.21 504.42 315.64 315.64 315.64 364.84 415.05 464.26 513.46 563.67 613.88 613.88 613.88 610.86 607.85 604.84 601.83 598.81 596.81 596.81 596.81 528.52 459.24 390.95 321.67 253.38 184.1 184.1 184.1 272.46 360.83 449.19 538.56 625.93 715.3 715.3 715.3 806.67 897.05 988.43 1080.81 1171.18 1262.56 1262.56 1262.56 1186.25 1110.93 1034.62 959.31 882.99 807.68 807.68 807.68 829.77 852.87 874.96 898.05 920.14 943.24 943.24 943.24 949.26 954.29 960.31 965.33 970.35 976.38 976.38 976.38 910.1 844.83 778.56 713.29 647.01 581.74 581.74 581.74 654.04 724.33 795.63 865.92 937.22 1007.51 1007.51 1007.51 1037.63 1068.76 1097.88 1128.01 1158.13 1188.25 1188.25 1188.25 1071.77 955.29 837.8 721.32 603.83 487.35 487.35 487.35 557.64 626.93 698.23 767.51 837.8 907.09 907.09 907.09 976.38 1043.66 1111.94 1179.22 1247.5 1314.78 1314.78 1314.78 1195.28 1076.79 957.3 836.8 717.3 597.81 597.81 597.81 694.21 791.61 888.01 984.41 1081.81 1178.21 1178.21 1178.21 1243.48 1307.75 1373.02 1438.29 1503.56 1567.83 1567.83 1567.83 1471.43 1375.03 1278.63 1181.23 1085.83 988.43 988.43 988.43 1028.59 1068.76 1107.92 1147.08 1186.25 1226.41 1226.41 1226.41 1182.23 1139.05 1096.88 1052.69 1009.51 966.34 966.34 966.34 818.72 672.12 524.51 377.9 229.28 82.68 82.68 82.68 200.16 317.65 435.14 553.63 671.11 787.6 787.6 787.6 756.47 724.33 693.2 661.07 628.94 597.81 597.81 597.81 529.53 460.24 391.96 322.67 254.39 185.1 185.1 185.1 281.5 378.9 474.3 571.7 668.1 764.5 764.5 764.5 793.62 820.73 848.85 875.96 904.08 932.19 932.19 932.19 784.58 636.97 490.36 343.76 196.15 49.54 49.54 49.54 52.55 55.56 58.58 61.59 64.6 67.61 67.61 67.61 87.7 108.78 128.87 148.95 169.03 189.12 189.12 189.12 166.02 142.93 119.83 95.73 72.63 49.54 49.54 49.54 69.62 89.7 110.79 130.88 150.96 172.05 172.05 172.05 201.17 230.29 260.41 289.53 319.66 348.78 348.78 348.78 322.67 296.56 270.45 244.35 216.23 190.12 190.12 190.12 333.72 476.31 619.9 762.49 906.09 1048.68 1048.68 1048.68 1027.59 1006.5 986.42 965.33 944.24 922.15 922.15 922.15 808.68 695.21 580.74
configurarSolver --Gurobi
resolver --noConstante ejecuciones/bancos/recombinados/v1/directo/sgtm/v1_sgtm_000363.csv
finalizar
