inicializar --t 360
agregarAgente --SaltoGrande
0.000419
2256096256.0
2346.0 2347.0 2348.0 2348.0 2350.0 2352.0 2353.0 2355.0 2356.0 2357.0 2359.0 2360.0 2363.0 2364.0 2366.0 2367.0 2369.0 2370.0 2372.0 2373.0 2376.0 2377.0 2379.0 2380.0 2381.0 2383.0 2384.0 2386.0 2376.0 2365.0 2355.0 2344.0 2333.0 2322.0 2311.0 2300.0 2279.0 2268.0 2257.0 2246.0 2236.0 2225.0 2214.0 2203.0 2182.0 2171.0 2160.0 2149.0 2138.0 2127.0 2117.0 2106.0 2092.0 2089.0 2086.0 2083.0 2080.0 2077.0 2074.0 2071.0 2065.0 2062.0 2059.0 2056.0 2052.0 2049.0 2046.0 2043.0 2037.0 2034.0 2031.0 2028.0 2025.0 2022.0 2019.0 2016.0 2001.0 1989.0 1977.0 1964.0 1952.0 1940.0 1928.0 1916.0 1892.0 1879.0 1867.0 1855.0 1843.0 1831.0 1819.0 1806.0 1782.0 1770.0 1758.0 1746.0 1734.0 1721.0 1709.0 1697.0 1677.0 1669.0 1661.0 1653.0 1646.0 1638.0 1630.0 1622.0 1606.0 1598.0 1590.0 1582.0 1575.0 1567.0 1559.0 1551.0 1535.0 1527.0 1519.0 1511.0 1504.0 1496.0 1488.0 1480.0 1473.0 1473.0 1474.0 1475.0 1475.0 1476.0 1477.0 1477.0 1479.0 1479.0 1480.0 1481.0 1481.0 1482.0 1483.0 1483.0 1485.0 1485.0 1486.0 1487.0 1487.0 1488.0 1489.0 1489.0 1488.0 1486.0 1483.0 1481.0 1479.0 1477.0 1475.0 1473.0 1468.0 1466.0 1464.0 1462.0 1459.0 1457.0 1455.0 1453.0 1448.0 1446.0 1444.0 1442.0 1440.0 1438.0 1435.0 1433.0 1436.0 1441.0 1446.0 1451.0 1455.0 1460.0 1465.0 1470.0 1480.0 1485.0 1490.0 1495.0 1499.0 1504.0 1509.0 1514.0 1524.0 1529.0 1534.0 1539.0 1543.0 1548.0 1553.0 1558.0 1560.0 1557.0 1554.0 1551.0 1548.0 1545.0 1542.0 1539.0 1533.0 1530.0 1527.0 1524.0 1521.0 1518.0 1515.0 1512.0 1506.0 1503.0 1500.0 1497.0 1494.0 1491.0 1488.0 1485.0 1491.0 1499.0 1508.0 1517.0 1526.0 1534.0 1543.0 1552.0 1569.0 1578.0 1586.0 1595.0 1604.0 1613.0 1621.0 1630.0 1647.0 1656.0 1665.0 1673.0 1682.0 1691.0 1700.0 1708.0 1714.0 1711.0 1709.0 1706.0 1703.0 1700.0 1698.0 1695.0 1689.0 1686.0 1684.0 1681.0 1678.0 1675.0 1673.0 1670.0 1664.0 1661.0 1659.0 1656.0 1653.0 1650.0 1648.0 1645.0 1650.0 1658.0 1667.0 1675.0 1683.0 1691.0 1699.0 1707.0 1724.0 1732.0 1740.0 1748.0 1757.0 1765.0 1773.0 1781.0 1798.0 1806.0 1814.0 1822.0 1830.0 1838.0 1847.0 1855.0 1873.0 1882.0 1892.0 1901.0 1911.0 1920.0 1930.0 1939.0 1958.0 1968.0 1977.0 1987.0 1996.0 2006.0 2015.0 2025.0 2044.0 2053.0 2063.0 2072.0 2082.0 2091.0 2101.0 2110.0 2129.0 2139.0 2148.0 2157.0 2167.0 2176.0 2185.0 2195.0 2213.0 2223.0 2232.0 2241.0 2251.0 2260.0 2269.0 2279.0 2297.0 2307.0 2316.0 2325.0 2335.0 2344.0 2353.0 2363.0 2382.0 2391.0 2401.0 2411.0 2420.0 2430.0 2440.0 2449.0 2469.0 2478.0 2488.0 2498.0 2507.0 2517.0 2527.0 2536.0 2556.0 2565.0 2575.0 2585.0
agregarAgente --UnidadTermicaSimple
200.0
100.0
agregarAgente --DemandaFija
223.8 220.8 216.6 213.6 214.2 217.8 221.4 225.0 229.2 232.2 235.8 239.4 246.6 249.6 252.0 255.6 258.6 261.0 264.0 267.0 259.8 250.2 239.4 229.2 219.6 209.4 199.2 189.6 178.2 177.0 175.2 174.6 173.4 171.6 171.0 169.2 175.8 183.6 192.0 199.8 207.6 214.8 223.2 231.0 232.8 226.8 221.4 216.0 210.6 205.2 199.2 192.6 192.0 197.4 202.8 207.6 212.4 217.2 222.6 228.0 235.2 237.6 239.4 241.8 243.6 246.0 248.4 250.2 241.8 230.4 219.6 208.2 197.4 186.6 175.2 165.0 156.6 160.2 163.8 166.8 170.4 174.0 177.0 180.6 188.4 192.6 196.8 201.6 205.8 210.0 214.8 219.0 220.8 217.8 214.8 212.4 210.0 207.6 204.6 202.2 202.8 206.4 210.0 213.6 216.6 220.8 223.8 227.4 231.6 233.4 235.2 236.4 238.2 240.0 241.8 241.8 233.4 223.2 213.0 202.8 193.2 182.4 172.2 163.2 153.6 152.4 150.6 148.8 147.6 145.8 144.6 143.4 150.0 158.4 166.2 174.6 182.4 190.8 198.6 207.0 211.8 208.8 205.8 202.2 199.8 196.2 193.2 190.2 193.8 202.2 208.8 216.0 224.4 231.0 238.2 245.4 253.8 255.6 256.8 257.4 259.2 260.4 261.0 262.8 258.0 252.0 246.0 240.0 234.0 228.0 222.6 216.6 214.8 219.0 223.2 227.4 231.6 235.2 239.4 243.6 252.0 255.0 258.6 261.6 264.6 268.8 271.8 274.8 273.0 268.2 262.8 258.0 252.6 247.8 241.8 237.0 230.4 228.6 226.8 225.6 223.8 222.0 220.8 219.0 218.4 238.8 259.2 280.2 300.0 321.0 342.0 343.2 339.6 342.0 345.6 348.0 351.0 353.4 357.0 351.6 351.6 381.6 412.8 443.4 474.0 505.2 535.8 541.2 547.2 547.8 548.4 549.0 549.6 550.2 551.4 551.4 543.6 537.6 531.0 524.4 517.8 511.8 505.2 497.4 492.0 494.4 497.4 499.8 502.8 505.2 508.2 510.6 516.6 517.8 519.0 520.2 522.0 523.2 524.4 528.6 525.0 507.0 490.2 472.2 454.2 436.8 419.4 411.6 402.0 399.6 397.2 395.4 393.0 390.6 388.8 386.4 390.0 396.0 401.4 407.4 412.2 418.2 423.6 429.6 428.4 442.2 456.0 469.8 483.0 496.8 510.0 503.4 497.4 504.0 510.6 517.8 525.0 531.0 538.2 538.8 540.6 542.4 544.8 547.2 549.0 551.4 553.2 555.0 554.4 540.0 526.2 511.8 498.0 483.6 469.8 467.4 469.8 479.4 489.0 498.6 507.6 517.2 527.4 531.6 537.6 544.8 552.6 561.0 568.8 576.0 584.4 586.2 583.2 570.6 559.2 547.2 534.6 522.6 510.6 505.8 501.6 510.6 519.6 528.6 537.0 546.0 554.4 555.6 557.4 556.8 556.2 555.6 555.0 555.0 554.4 554.4 551.4 541.8 532.8 523.8
crearDespacho --mercado --conDemandaTotal
4
0.02 0.07 0.145 1.0
370.0 600.0 2400.0 4000.0
525.67 518.62 508.76 501.71 503.12 511.58 520.03 528.49 538.35 545.4 553.86 562.31 579.22 586.27 591.91 600.36 607.41 613.05 620.09 627.14 610.23 587.68 562.31 538.35 515.81 491.85 467.89 445.34 418.56 415.75 411.52 410.11 407.29 403.06 401.65 397.42 412.93 431.25 450.98 469.3 487.62 504.53 524.26 542.58 546.81 532.72 520.03 507.35 494.67 481.98 467.89 452.39 450.98 463.66 476.35 487.62 498.89 510.17 522.85 535.54 552.45 558.08 562.31 567.95 572.18 577.82 583.45 587.68 567.95 541.17 515.81 489.03 463.66 438.29 411.52 387.56 367.83 376.28 384.74 391.79 400.24 408.7 415.75 424.2 442.52 452.39 462.25 473.53 483.39 493.26 504.53 514.4 518.62 511.58 504.53 498.89 493.26 487.62 480.57 474.94 476.35 484.8 493.26 501.71 508.76 518.62 525.67 534.13 543.99 548.22 552.45 555.27 559.49 563.72 567.95 567.95 548.22 524.26 500.3 476.35 453.8 428.43 404.47 383.33 360.78 357.96 353.74 349.51 346.69 342.46 339.64 336.82 352.33 372.06 390.38 410.11 428.43 448.16 466.48 486.21 497.48 490.44 483.39 474.94 469.3 460.84 453.8 446.75 455.21 474.94 490.44 507.35 527.08 542.58 559.49 576.41 596.14 600.36 603.18 604.59 608.82 611.64 613.05 617.28 606.0 591.91 577.82 563.72 549.63 535.54 522.85 508.76 504.53 514.4 524.26 534.13 543.99 552.45 562.31 572.18 591.91 598.95 607.41 614.46 621.5 631.37 638.42 645.46 641.23 629.96 617.28 606.0 593.32 582.04 567.95 556.68 541.17 536.95 532.72 529.9 525.67 521.44 518.62 514.4 512.99 560.9 608.82 658.15 704.65 753.98 803.3 806.12 797.67 803.3 811.76 817.4 824.44 830.08 838.54 825.85 825.85 896.32 969.6 1041.48 1113.35 1186.64 1258.51 1271.19 1285.29 1286.7 1288.11 1289.51 1290.92 1292.33 1295.15 1295.15 1276.83 1262.74 1247.24 1231.73 1216.23 1202.14 1186.64 1168.31 1155.63 1161.27 1168.31 1173.95 1181.0 1186.64 1193.68 1199.32 1213.41 1216.23 1219.05 1221.87 1226.1 1228.91 1231.73 1241.6 1233.14 1190.86 1151.4 1109.12 1066.84 1025.97 985.1 966.78 944.23 938.6 932.96 928.73 923.1 917.46 913.23 907.59 916.05 930.14 942.83 956.92 968.19 982.29 994.97 1009.06 1006.24 1038.66 1071.07 1103.49 1134.49 1166.9 1197.91 1182.41 1168.31 1183.82 1199.32 1216.23 1233.14 1247.24 1264.15 1265.56 1269.78 1274.01 1279.65 1285.29 1289.51 1295.15 1299.38 1303.61 1302.2 1268.37 1235.96 1202.14 1169.72 1135.9 1103.49 1097.85 1103.49 1126.04 1148.58 1171.13 1192.27 1214.82 1238.78 1248.64 1262.74 1279.65 1297.97 1317.7 1336.02 1352.93 1372.66 1376.89 1369.84 1340.25 1313.47 1285.29 1255.69 1227.51 1199.32 1188.04 1178.18 1199.32 1220.46 1241.6 1261.33 1282.47 1302.2 1305.02 1309.24 1307.84 1306.43 1305.02 1303.61 1303.61 1302.2 1302.2 1295.15 1272.6 1251.46 1230.32
configurarSolver --Gurobi
resolver --noConstante ejecuciones/bancos/recombinados/v1/directo/sgtm/v1_sgtm_000418.csv
finalizar
