inicializar --t 360
agregarAgente --SaltoGrande
0.002298
2309268442.0
2861.0 2866.0 2871.0 2876.0 2885.0 2889.0 2893.0 2897.0 2902.0 2906.0 2910.0 2914.0 2922.0 2926.0 2930.0 2934.0 2939.0 2943.0 2947.0 2951.0 2959.0 2963.0 2967.0 2971.0 2976.0 2980.0 2984.0 2988.0 2984.0 2977.0 2969.0 2961.0 2954.0 2946.0 2938.0 2931.0 2915.0 2908.0 2900.0 2892.0 2885.0 2877.0 2869.0 2862.0 2846.0 2839.0 2831.0 2823.0 2816.0 2808.0 2800.0 2793.0 2778.0 2771.0 2764.0 2758.0 2751.0 2744.0 2737.0 2730.0 2716.0 2710.0 2703.0 2696.0 2689.0 2682.0 2675.0 2669.0 2655.0 2648.0 2641.0 2634.0 2627.0 2621.0 2614.0 2607.0 2590.0 2581.0 2571.0 2561.0 2552.0 2542.0 2533.0 2523.0 2504.0 2494.0 2484.0 2475.0 2465.0 2456.0 2446.0 2436.0 2417.0 2407.0 2398.0 2388.0 2379.0 2369.0 2359.0 2350.0 2338.0 2336.0 2334.0 2332.0 2330.0 2328.0 2326.0 2324.0 2320.0 2318.0 2316.0 2314.0 2312.0 2310.0 2308.0 2306.0 2302.0 2300.0 2298.0 2296.0 2294.0 2292.0 2290.0 2288.0 2280.0 2274.0 2268.0 2261.0 2255.0 2249.0 2243.0 2237.0 2225.0 2218.0 2212.0 2206.0 2200.0 2194.0 2188.0 2181.0 2169.0 2163.0 2157.0 2151.0 2145.0 2138.0 2132.0 2126.0 2119.0 2118.0 2117.0 2116.0 2115.0 2114.0 2114.0 2113.0 2111.0 2110.0 2109.0 2108.0 2107.0 2106.0 2105.0 2104.0 2102.0 2101.0 2101.0 2100.0 2099.0 2098.0 2097.0 2096.0 2089.0 2083.0 2077.0 2072.0 2066.0 2060.0 2054.0 2048.0 2036.0 2031.0 2025.0 2019.0 2013.0 2007.0 2001.0 1996.0 1984.0 1978.0 1972.0 1966.0 1960.0 1955.0 1949.0 1943.0 1932.0 1927.0 1922.0 1917.0 1912.0 1907.0 1901.0 1896.0 1886.0 1881.0 1876.0 1871.0 1866.0 1861.0 1856.0 1851.0 1841.0 1836.0 1830.0 1825.0 1820.0 1815.0 1810.0 1805.0 1787.0 1774.0 1761.0 1748.0 1735.0 1722.0 1710.0 1697.0 1671.0 1658.0 1645.0 1632.0 1619.0 1606.0 1593.0 1580.0 1554.0 1541.0 1529.0 1516.0 1503.0 1490.0 1477.0 1464.0 1448.0 1445.0 1442.0 1439.0 1436.0 1433.0 1430.0 1427.0 1421.0 1418.0 1415.0 1412.0 1410.0 1407.0 1404.0 1401.0 1395.0 1392.0 1389.0 1386.0 1383.0 1380.0 1377.0 1374.0 1361.0 1351.0 1341.0 1331.0 1322.0 1312.0 1302.0 1292.0 1272.0 1262.0 1252.0 1242.0 1233.0 1223.0 1213.0 1203.0 1183.0 1173.0 1163.0 1153.0 1144.0 1134.0 1124.0 1114.0 1100.0 1095.0 1091.0 1087.0 1083.0 1078.0 1074.0 1070.0 1061.0 1057.0 1053.0 1049.0 1044.0 1040.0 1036.0 1032.0 1023.0 1019.0 1015.0 1010.0 1006.0 1002.0 998.0 993.0 989.0 988.0 988.0 988.0 987.0 987.0 986.0 986.0 985.0 985.0 985.0 984.0 984.0 983.0 983.0 983.0 982.0 982.0 981.0 981.0 980.0 980.0 980.0 979.0 981.0 982.0 984.0 986.0 987.0 989.0 991.0 992.0 996.0 997.0 999.0 1001.0 1002.0 1004.0 1006.0 1007.0 1011.0 1012.0 1014.0 1016.0
agregarAgente --UnidadTermicaSimple
200.0
100.0
agregarAgente --DemandaFija
999.3 996.6 993.0 995.7 992.1 996.6 1001.1 1004.7 1009.2 1012.8 1017.3 1011.9 1007.4 1007.4 1007.4 1008.3 1008.3 1009.2 1009.2 1010.1 1009.2 1001.1 993.0 984.9 975.9 967.8 961.5 959.7 961.5 971.4 980.4 990.3 999.3 1009.2 1018.2 1020.9 1026.3 1029.9 1032.6 1034.4 1037.1 1038.9 1041.6 1044.3 1046.1 1038.9 1031.7 1024.5 1018.2 1011.0 1004.7 1002.9 995.7 992.1 989.4 985.8 983.1 980.4 977.7 971.4 972.3 978.6 984.9 992.1 998.4 1004.7 1011.9 1018.2 1032.6 1022.7 1012.8 1003.8 993.0 984.0 973.2 981.3 990.3 1005.6 1020.0 1034.4 1049.7 1063.2 1079.4 1080.3 1071.3 1064.1 1056.0 1047.9 1040.7 1032.6 1024.5 1014.6 1009.2 999.3 989.4 979.5 969.6 959.7 949.8 954.3 966.9 984.0 1002.9 1020.0 1038.9 1056.0 1074.9 1081.2 1089.3 1094.7 1101.9 1107.3 1114.5 1120.8 1127.1 1129.8 1122.6 1086.6 1050.6 1014.6 978.6 941.7 906.6 898.5 895.8 901.2 907.5 912.9 917.4 922.8 928.2 935.4 941.7 953.4 963.3 973.2 984.0 994.8 1004.7 1005.6 997.5 977.7 957.9 937.2 917.4 897.6 877.8 868.8 864.3 865.2 866.1 866.1 867.0 867.0 867.0 870.6 874.2 884.1 894.0 903.0 912.9 922.8 932.7 933.6 924.6 911.1 897.6 883.2 870.6 857.1 842.7 833.7 828.3 827.4 826.5 825.6 825.6 824.7 824.7 827.4 830.1 839.1 847.2 856.2 865.2 873.3 882.3 881.4 872.4 856.2 839.1 822.0 804.0 787.8 770.7 761.7 757.2 759.9 761.7 764.4 767.1 768.0 770.7 775.2 782.4 795.0 806.7 818.4 831.0 841.8 853.5 857.1 852.6 836.4 820.2 804.0 787.8 771.6 756.3 747.3 730.2 722.1 714.0 706.8 700.5 692.4 685.2 677.1 677.1 701.4 726.6 750.9 776.1 800.4 825.6 832.8 841.8 846.3 850.8 856.2 860.7 866.1 870.6 870.6 878.7 885.9 892.2 899.4 907.5 914.7 921.9 929.1 943.5 956.1 968.7 983.1 995.7 1008.3 1021.8 1029.0 1029.9 1018.2 1005.6 993.0 980.4 967.8 956.1 949.8 942.6 949.8 957.9 966.0 974.1 981.3 989.4 987.6 989.4 993.0 996.6 999.3 1002.9 1006.5 1010.1 1013.7 1003.8 977.7 950.7 925.5 899.4 873.3 847.2 834.6 831.9 856.2 879.6 903.0 927.3 950.7 974.1 986.7 1002.0 1011.9 1021.8 1031.7 1040.7 1050.6 1060.5 1065.0 1064.1 1049.7 1036.2 1020.9 1007.4 993.0 979.5 973.2 971.4 968.7 966.0 963.3 960.6 957.9 955.2 960.6 964.2 964.2 965.1 964.2 966.0 965.1 966.0 966.0 950.7 921.9 892.2 863.4 833.7 804.9 776.1 763.5 758.1 768.0 779.7 789.6 800.4 811.2 821.1 830.1 842.7 839.1 836.4 832.8 830.1 827.4 823.8 828.3 819.3 795.9 773.4 751.8
crearDespacho --mercado --conDemandaTotal
4
0.02 0.07 0.145 1.0
370.0 600.0 2400.0 4000.0
999.3 996.6 993.0 995.7 992.1 996.6 1001.1 1004.7 1009.2 1012.8 1017.3 1011.9 1007.4 1007.4 1007.4 1008.3 1008.3 1009.2 1009.2 1010.1 1009.2 1001.1 993.0 984.9 975.9 967.8 961.5 959.7 961.5 971.4 980.4 990.3 999.3 1009.2 1018.2 1020.9 1026.3 1029.9 1032.6 1034.4 1037.1 1038.9 1041.6 1044.3 1046.1 1038.9 1031.7 1024.5 1018.2 1011.0 1004.7 1002.9 995.7 992.1 989.4 985.8 983.1 980.4 977.7 971.4 972.3 978.6 984.9 992.1 998.4 1004.7 1011.9 1018.2 1032.6 1022.7 1012.8 1003.8 993.0 984.0 973.2 981.3 990.3 1005.6 1020.0 1034.4 1049.7 1063.2 1079.4 1080.3 1071.3 1064.1 1056.0 1047.9 1040.7 1032.6 1024.5 1014.6 1009.2 999.3 989.4 979.5 969.6 959.7 949.8 954.3 966.9 984.0 1002.9 1020.0 1038.9 1056.0 1074.9 1081.2 1089.3 1094.7 1101.9 1107.3 1114.5 1120.8 1127.1 1129.8 1122.6 1086.6 1050.6 1014.6 978.6 941.7 906.6 898.5 895.8 901.2 907.5 912.9 917.4 922.8 928.2 935.4 941.7 953.4 963.3 973.2 984.0 994.8 1004.7 1005.6 997.5 977.7 957.9 937.2 917.4 897.6 877.8 868.8 864.3 865.2 866.1 866.1 867.0 867.0 867.0 870.6 874.2 884.1 894.0 903.0 912.9 922.8 932.7 933.6 924.6 911.1 897.6 883.2 870.6 857.1 842.7 833.7 828.3 827.4 826.5 825.6 825.6 824.7 824.7 827.4 830.1 839.1 847.2 856.2 865.2 873.3 882.3 881.4 872.4 856.2 839.1 822.0 804.0 787.8 770.7 761.7 757.2 759.9 761.7 764.4 767.1 768.0 770.7 775.2 782.4 795.0 806.7 818.4 831.0 841.8 853.5 857.1 852.6 836.4 820.2 804.0 787.8 771.6 756.3 747.3 730.2 722.1 714.0 706.8 700.5 692.4 685.2 677.1 677.1 701.4 726.6 750.9 776.1 800.4 825.6 832.8 841.8 846.3 850.8 856.2 860.7 866.1 870.6 870.6 878.7 885.9 892.2 899.4 907.5 914.7 921.9 929.1 943.5 956.1 968.7 983.1 995.7 1008.3 1021.8 1029.0 1029.9 1018.2 1005.6 993.0 980.4 967.8 956.1 949.8 942.6 949.8 957.9 966.0 974.1 981.3 989.4 987.6 989.4 993.0 996.6 999.3 1002.9 1006.5 1010.1 1013.7 1003.8 977.7 950.7 925.5 899.4 873.3 847.2 834.6 831.9 856.2 879.6 903.0 927.3 950.7 974.1 986.7 1002.0 1011.9 1021.8 1031.7 1040.7 1050.6 1060.5 1065.0 1064.1 1049.7 1036.2 1020.9 1007.4 993.0 979.5 973.2 971.4 968.7 966.0 963.3 960.6 957.9 955.2 960.6 964.2 964.2 965.1 964.2 966.0 965.1 966.0 966.0 950.7 921.9 892.2 863.4 833.7 804.9 776.1 763.5 758.1 768.0 779.7 789.6 800.4 811.2 821.1 830.1 842.7 839.1 836.4 832.8 830.1 827.4 823.8 828.3 819.3 795.9 773.4 751.8
configurarSolver --Gurobi
resolver --noConstante ejecuciones/bancos/recombinados/v1/directo/sgtm/v1_sgtm_000068.csv
finalizar
