inicializar --t 360
agregarAgente --SaltoGrande
0.000834
2688826244.0
2958.0 2954.0 2950.0 2945.0 2950.0 2958.0 2967.0 2976.0 2984.0 2993.0 3001.0 3010.0 3027.0 3036.0 3045.0 3053.0 3062.0 3070.0 3079.0 3088.0 3105.0 3114.0 3122.0 3131.0 3139.0 3148.0 3157.0 3165.0 3161.0 3149.0 3136.0 3123.0 3110.0 3098.0 3085.0 3072.0 3047.0 3034.0 3022.0 3009.0 2996.0 2983.0 2971.0 2958.0 2933.0 2920.0 2907.0 2895.0 2882.0 2869.0 2856.0 2844.0 2810.0 2789.0 2769.0 2748.0 2727.0 2706.0 2686.0 2665.0 2623.0 2602.0 2582.0 2561.0 2540.0 2519.0 2499.0 2478.0 2436.0 2415.0 2395.0 2374.0 2353.0 2332.0 2312.0 2291.0 2284.0 2299.0 2313.0 2327.0 2342.0 2356.0 2370.0 2385.0 2413.0 2428.0 2442.0 2456.0 2471.0 2485.0 2499.0 2514.0 2542.0 2557.0 2571.0 2585.0 2600.0 2614.0 2628.0 2643.0 2676.0 2695.0 2714.0 2733.0 2752.0 2771.0 2790.0 2809.0 2847.0 2866.0 2885.0 2904.0 2924.0 2943.0 2962.0 2981.0 3019.0 3038.0 3057.0 3076.0 3095.0 3114.0 3133.0 3152.0 3183.0 3194.0 3206.0 3217.0 3229.0 3240.0 3252.0 3263.0 3286.0 3298.0 3309.0 3321.0 3332.0 3344.0 3355.0 3367.0 3390.0 3401.0 3413.0 3424.0 3436.0 3447.0 3459.0 3470.0 3485.0 3489.0 3492.0 3496.0 3499.0 3503.0 3506.0 3510.0 3516.0 3520.0 3523.0 3527.0 3530.0 3534.0 3537.0 3541.0 3547.0 3551.0 3554.0 3558.0 3561.0 3565.0 3568.0 3572.0 3565.0 3556.0 3546.0 3536.0 3526.0 3517.0 3507.0 3497.0 3478.0 3468.0 3458.0 3448.0 3439.0 3429.0 3419.0 3409.0 3390.0 3380.0 3370.0 3361.0 3351.0 3341.0 3331.0 3322.0 3351.0 3390.0 3428.0 3467.0 3506.0 3545.0 3583.0 3622.0 3700.0 3739.0 3777.0 3816.0 3855.0 3894.0 3932.0 3971.0 4049.0 4088.0 4126.0 4165.0 4204.0 4243.0 4281.0 4320.0 4520.0 4680.0 4841.0 5002.0 5163.0 5323.0 5484.0 5645.0 5966.0 6127.0 6288.0 6449.0 6609.0 6770.0 6931.0 7092.0 7413.0 7574.0 7735.0 7895.0 8056.0 8217.0 8378.0 8538.0 8774.0 8850.0 8925.0 9000.0 9075.0 9151.0 9226.0 9301.0 9452.0 9527.0 9602.0 9677.0 9753.0 9828.0 9903.0 9978.0 10129.0 10204.0 10279.0 10355.0 10430.0 10505.0 10580.0 10656.0 10773.0 10814.0 10856.0 10897.0 10939.0 10981.0 11022.0 11064.0 11147.0 11189.0 11230.0 11272.0 11313.0 11355.0 11396.0 11438.0 11521.0 11563.0 11604.0 11646.0 11688.0 11729.0 11771.0 11812.0 11871.0 11888.0 11904.0 11921.0 11938.0 11955.0 11971.0 11988.0 12022.0 12039.0 12055.0 12072.0 12089.0 12106.0 12122.0 12139.0 12173.0 12190.0 12206.0 12223.0 12240.0 12257.0 12273.0 12290.0 12308.0 12310.0 12311.0 12313.0 12314.0 12316.0 12317.0 12319.0 12321.0 12323.0 12324.0 12326.0 12327.0 12329.0 12330.0 12332.0 12334.0 12336.0 12337.0 12339.0 12340.0 12342.0 12343.0 12345.0 12357.0 12367.0 12378.0 12389.0 12399.0 12410.0 12420.0 12431.0 12452.0 12463.0 12474.0 12484.0 12495.0 12505.0 12516.0 12527.0 12548.0 12559.0 12569.0 12580.0
agregarAgente --UnidadTermicaSimple
200.0
100.0
agregarAgente --DemandaFija
646.2 644.4 642.0 643.8 641.4 644.4 647.4 649.8 652.8 655.2 658.2 654.6 651.6 651.6 651.6 652.2 652.2 652.8 652.8 653.4 652.8 647.4 642.0 636.6 630.6 625.2 621.0 619.8 621.0 627.6 633.6 640.2 646.2 652.8 658.8 660.6 664.2 666.6 668.4 669.6 671.4 672.6 674.4 676.2 677.4 672.6 667.8 663.0 658.8 654.0 649.8 648.6 643.8 641.4 639.6 637.2 635.4 633.6 631.8 627.6 628.2 632.4 636.6 641.4 645.6 649.8 654.6 658.8 668.4 661.8 655.2 649.2 642.0 636.0 628.8 634.2 640.2 650.4 660.0 669.6 679.8 688.8 699.6 700.2 694.2 689.4 684.0 678.6 673.8 668.4 663.0 656.4 652.8 646.2 639.6 633.0 626.4 619.8 613.2 616.2 624.6 636.0 648.6 660.0 672.6 684.0 696.6 700.8 706.2 709.8 714.6 718.2 723.0 727.2 731.4 733.2 728.4 704.4 680.4 656.4 632.4 607.8 584.4 579.0 577.2 580.8 585.0 588.6 591.6 595.2 598.8 603.6 607.8 615.6 622.2 628.8 636.0 643.2 649.8 650.4 645.0 631.8 618.6 604.8 591.6 578.4 565.2 559.2 556.2 556.8 557.4 557.4 558.0 558.0 558.0 560.4 562.8 569.4 576.0 582.0 588.6 595.2 601.8 602.4 596.4 587.4 578.4 568.8 560.4 551.4 541.8 535.8 532.2 531.6 531.0 530.4 530.4 529.8 529.8 531.6 533.4 539.4 544.8 550.8 556.8 562.2 568.2 567.6 561.6 550.8 539.4 528.0 516.0 505.2 493.8 487.8 484.8 486.6 487.8 489.6 491.4 492.0 493.8 496.8 501.6 510.0 517.8 525.6 534.0 541.2 549.0 551.4 548.4 537.6 526.8 516.0 505.2 494.4 484.2 478.2 466.8 461.4 456.0 451.2 447.0 441.6 436.8 431.4 431.4 447.6 464.4 480.6 497.4 513.6 530.4 535.2 541.2 544.2 547.2 550.8 553.8 557.4 560.4 560.4 565.8 570.6 574.8 579.6 585.0 589.8 594.6 599.4 609.0 617.4 625.8 635.4 643.8 652.2 661.2 666.0 666.6 658.8 650.4 642.0 633.6 625.2 617.4 613.2 608.4 613.2 618.6 624.0 629.4 634.2 639.6 638.4 639.6 642.0 644.4 646.2 648.6 651.0 653.4 655.8 649.2 631.8 613.8 597.0 579.6 562.2 544.8 536.4 534.6 550.8 566.4 582.0 598.2 613.8 629.4 637.8 648.0 654.6 661.2 667.8 673.8 680.4 687.0 690.0 689.4 679.8 670.8 660.6 651.6 642.0 633.0 628.8 627.6 625.8 624.0 622.2 620.4 618.6 616.8 620.4 622.8 622.8 623.4 622.8 624.0 623.4 624.0 624.0 613.8 594.6 574.8 555.6 535.8 516.6 497.4 489.0 485.4 492.0 499.8 506.4 513.6 520.8 527.4 533.4 541.8 539.4 537.6 535.2 533.4 531.6 529.2 532.2 526.2 510.6 495.6 481.2
crearDespacho --mercado --conDemandaTotal
4
0.02 0.07 0.145 1.0
370.0 600.0 2400.0 4000.0
730.62 728.59 725.87 727.91 725.19 728.59 731.98 734.69 738.08 740.8 744.19 740.12 736.73 736.73 736.73 737.4 737.4 738.08 738.08 738.76 738.08 731.98 725.87 719.77 712.98 706.88 702.13 700.77 702.13 709.59 716.37 723.84 730.62 738.08 744.87 746.9 750.97 753.69 755.72 757.08 759.11 760.47 762.5 764.54 765.9 760.47 755.04 749.62 744.87 739.44 734.69 733.33 727.91 725.19 723.16 720.44 718.41 716.37 714.34 709.59 710.27 715.02 719.77 725.19 729.94 734.69 740.12 744.87 755.72 748.26 740.8 734.01 725.87 719.09 710.95 717.05 723.84 735.37 746.22 757.08 768.61 778.79 791.0 791.67 784.89 779.46 773.36 767.25 761.83 755.72 749.62 742.15 738.08 730.62 723.16 715.7 708.23 700.77 693.31 696.7 706.2 719.09 733.33 746.22 760.47 773.36 787.6 792.35 798.46 802.53 807.96 812.03 817.45 822.2 826.95 828.99 823.56 796.42 769.29 742.15 715.02 687.2 660.75 654.64 652.61 656.68 661.43 665.5 668.89 672.96 677.03 682.45 687.2 696.02 703.48 710.95 719.09 727.23 734.69 735.37 729.26 714.34 699.41 683.81 668.89 653.96 639.04 632.25 628.86 629.54 630.22 630.22 630.9 630.9 630.9 633.61 636.32 643.79 651.25 658.03 665.5 672.96 680.42 681.1 674.31 664.14 653.96 643.11 633.61 623.44 612.58 605.8 601.73 601.05 600.37 599.69 599.69 599.01 599.01 601.05 603.08 609.87 615.97 622.76 629.54 635.65 642.43 641.75 634.97 622.76 609.87 596.98 583.41 571.2 558.31 551.53 548.13 550.17 551.53 553.56 555.6 556.28 558.31 561.7 567.13 576.63 585.45 594.26 603.76 611.9 620.72 623.44 620.04 607.83 595.62 583.41 571.2 558.99 547.46 540.67 527.78 521.68 515.57 510.15 505.4 499.29 493.86 487.76 487.76 506.07 525.07 543.39 562.38 580.7 599.69 605.12 611.9 615.29 618.69 622.76 626.15 630.22 633.61 633.61 639.72 645.14 649.89 655.32 661.43 666.85 672.28 677.71 688.56 698.06 707.56 718.41 727.91 737.4 747.58 753.01 753.69 744.87 735.37 725.87 716.37 706.88 698.06 693.31 687.88 693.31 699.41 705.52 711.63 717.05 723.16 721.8 723.16 725.87 728.59 730.62 733.33 736.05 738.76 741.47 734.01 714.34 693.99 674.99 655.32 635.65 615.97 606.48 604.44 622.76 640.4 658.03 676.35 693.99 711.63 721.12 732.66 740.12 747.58 755.04 761.83 769.29 776.75 780.14 779.46 768.61 758.43 746.9 736.73 725.87 715.7 710.95 709.59 707.56 705.52 703.48 701.45 699.41 697.38 701.45 704.16 704.16 704.84 704.16 705.52 704.84 705.52 705.52 693.99 672.28 649.89 628.18 605.8 584.09 562.38 552.88 548.81 556.28 565.09 572.56 580.7 588.84 596.3 603.08 612.58 609.87 607.83 605.12 603.08 601.05 598.34 601.73 594.94 577.31 560.35 544.06
configurarSolver --Gurobi
resolver --noConstante ejecuciones/bancos/recombinados/v1/directo/sgtm/v1_sgtm_000041.csv
finalizar
