inicializar --t 360
agregarAgente --SaltoGrande
0.000296
1696918051.0
2524.0 2527.0 2529.0 2532.0 2550.0 2566.0 2582.0 2598.0 2613.0 2629.0 2645.0 2661.0 2693.0 2709.0 2725.0 2741.0 2756.0 2772.0 2788.0 2804.0 2836.0 2852.0 2868.0 2884.0 2899.0 2915.0 2931.0 2947.0 2992.0 3022.0 3051.0 3080.0 3110.0 3139.0 3169.0 3198.0 3257.0 3286.0 3315.0 3345.0 3374.0 3404.0 3433.0 3462.0 3521.0 3550.0 3580.0 3609.0 3639.0 3668.0 3697.0 3727.0 3836.0 3916.0 3996.0 4076.0 4156.0 4236.0 4315.0 4395.0 4555.0 4635.0 4715.0 4795.0 4875.0 4955.0 5035.0 5115.0 5275.0 5355.0 5434.0 5514.0 5594.0 5674.0 5754.0 5834.0 5880.0 5847.0 5813.0 5780.0 5746.0 5713.0 5679.0 5646.0 5578.0 5545.0 5511.0 5478.0 5444.0 5411.0 5377.0 5344.0 5276.0 5243.0 5209.0 5176.0 5142.0 5109.0 5075.0 5042.0 5002.0 4996.0 4990.0 4984.0 4977.0 4971.0 4965.0 4959.0 4947.0 4941.0 4935.0 4929.0 4922.0 4916.0 4910.0 4904.0 4892.0 4886.0 4880.0 4874.0 4867.0 4861.0 4855.0 4849.0 4844.0 4844.0 4845.0 4846.0 4847.0 4847.0 4848.0 4849.0 4850.0 4851.0 4852.0 4853.0 4853.0 4854.0 4855.0 4856.0 4857.0 4858.0 4859.0 4859.0 4860.0 4861.0 4862.0 4862.0 4892.0 4921.0 4950.0 4979.0 5008.0 5037.0 5066.0 5095.0 5153.0 5182.0 5211.0 5240.0 5268.0 5297.0 5326.0 5355.0 5413.0 5442.0 5471.0 5500.0 5529.0 5558.0 5587.0 5616.0 5694.0 5743.0 5793.0 5842.0 5891.0 5940.0 5989.0 6038.0 6137.0 6186.0 6235.0 6284.0 6334.0 6383.0 6432.0 6481.0 6580.0 6629.0 6678.0 6727.0 6776.0 6825.0 6875.0 6924.0 7007.0 7041.0 7076.0 7110.0 7144.0 7178.0 7212.0 7246.0 7315.0 7349.0 7383.0 7417.0 7452.0 7486.0 7520.0 7554.0 7623.0 7657.0 7691.0 7725.0 7759.0 7793.0 7828.0 7862.0 7929.0 7962.0 7996.0 8029.0 8062.0 8095.0 8129.0 8162.0 8228.0 8261.0 8295.0 8328.0 8361.0 8394.0 8428.0 8461.0 8527.0 8560.0 8594.0 8627.0 8660.0 8693.0 8727.0 8760.0 8809.0 8826.0 8842.0 8858.0 8874.0 8891.0 8907.0 8923.0 8956.0 8972.0 8989.0 9005.0 9021.0 9037.0 9054.0 9070.0 9103.0 9119.0 9135.0 9152.0 9168.0 9184.0 9200.0 9217.0 9234.0 9236.0 9237.0 9239.0 9240.0 9242.0 9243.0 9245.0 9248.0 9249.0 9251.0 9252.0 9254.0 9255.0 9257.0 9258.0 9261.0 9263.0 9264.0 9266.0 9267.0 9269.0 9270.0 9272.0 9239.0 9205.0 9172.0 9138.0 9104.0 9070.0 9037.0 9003.0 8935.0 8901.0 8868.0 8834.0 8800.0 8766.0 8733.0 8699.0 8631.0 8597.0 8564.0 8530.0 8496.0 8462.0 8429.0 8395.0 8324.0 8287.0 8250.0 8213.0 8177.0 8140.0 8103.0 8066.0 7992.0 7955.0 7918.0 7881.0 7845.0 7808.0 7771.0 7734.0 7660.0 7623.0 7586.0 7549.0 7513.0 7476.0 7439.0 7402.0 7332.0 7298.0 7265.0 7231.0 7198.0 7164.0 7131.0 7097.0 7030.0 6997.0 6963.0 6930.0 6896.0 6863.0 6829.0 6796.0 6729.0 6695.0 6662.0 6628.0
agregarAgente --UnidadTermicaSimple
200.0
100.0
agregarAgente --DemandaFija
192.0 171.6 151.2 147.6 147.6 172.2 196.2 219.6 243.6 267.6 291.0 295.8 302.4 283.8 265.2 246.6 228.0 209.4 190.2 192.6 196.2 196.8 197.4 198.0 198.6 199.8 200.4 201.0 204.6 209.4 213.6 218.4 222.6 227.4 232.2 234.6 240.6 241.8 243.6 245.4 247.2 249.0 251.4 253.8 246.0 234.6 223.2 212.4 201.6 190.8 179.4 169.2 154.2 150.6 147.6 144.6 141.6 138.0 134.4 129.6 125.4 129.6 135.0 139.8 144.0 149.4 153.6 154.8 154.2 151.8 149.4 147.0 144.0 141.0 138.6 137.4 135.6 167.4 198.6 231.0 262.8 294.6 326.4 326.4 324.6 318.0 311.4 305.4 299.4 292.8 286.2 284.4 283.8 258.6 232.8 207.0 181.8 156.0 130.8 131.4 133.2 160.8 187.8 216.0 243.6 271.2 298.8 299.4 300.6 295.2 289.8 284.4 278.4 273.0 267.6 268.2 268.2 248.4 228.6 209.4 189.6 169.8 150.0 149.4 150.0 165.0 180.0 194.4 210.6 225.0 240.0 240.6 243.6 255.6 268.2 280.2 292.8 304.8 317.4 318.6 316.8 295.2 274.2 252.0 230.4 208.8 187.8 184.2 181.2 168.0 154.2 141.6 128.4 115.8 102.6 102.6 104.4 118.2 133.2 147.0 161.4 175.2 189.6 190.8 190.2 183.0 176.4 168.6 161.4 154.2 147.0 145.8 150.0 153.0 154.8 157.2 159.6 161.4 163.8 169.8 174.6 180.6 186.6 193.2 199.2 205.2 211.8 211.2 205.8 191.4 177.0 162.0 148.2 133.2 119.4 113.4 111.6 133.8 156.6 179.4 202.2 225.0 247.8 252.0 257.4 265.2 273.0 281.4 289.2 297.0 305.4 305.4 301.8 270.6 240.0 209.4 178.2 147.0 117.0 112.2 108.6 133.8 159.6 185.4 211.2 235.8 262.2 263.4 264.0 263.4 262.8 262.8 262.8 262.2 262.2 261.0 258.6 232.2 207.0 181.2 155.4 129.6 103.8 102.6 100.2 123.6 147.6 171.6 195.0 218.4 243.0 241.8 241.8 243.0 243.6 244.8 246.6 246.6 248.4 249.0 248.4 224.4 200.4 177.0 152.4 128.4 104.4 103.8 103.8 124.2 145.2 166.2 187.2 207.6 228.6 229.8 231.6 240.0 247.8 256.2 264.0 271.8 279.6 280.2 279.0 246.0 214.2 181.8 149.4 117.0 84.6 82.2 81.6 96.6 112.2 127.8 142.8 157.8 173.4 174.6 175.8 183.6 192.0 200.4 208.8 216.6 225.6 225.6 223.8 204.0 184.2 164.4 144.6 124.8 105.6 103.8 102.0 116.4 131.4 145.8 160.8 175.8 190.2 190.2 190.2 204.0 218.4 231.6 245.4 259.2 272.4 273.0 273.0 249.0 225.0 201.6 177.6 153.6 130.2 129.6 129.0 131.4 133.2 135.6 137.4 140.4 142.2 142.2 141.0 162.6 183.0 203.4 223.8 244.8 265.2 264.0 264.6 241.8 219.0 196.8
crearDespacho --mercado --conDemandaTotal
4
0.02 0.07 0.145 1.0
370.0 600.0 2400.0 4000.0
674.35 602.7 531.05 518.41 518.41 604.81 689.1 771.29 855.58 939.87 1022.06 1038.92 1062.1 996.77 931.44 866.12 800.79 735.46 668.03 676.46 689.1 691.21 693.31 695.42 697.53 701.74 703.85 705.96 718.6 735.46 750.21 767.07 781.82 798.68 815.54 823.97 845.04 849.26 855.58 861.9 868.22 874.55 882.98 891.4 864.01 823.97 783.93 746.0 708.07 670.13 630.09 594.27 541.59 528.94 518.41 507.87 497.33 484.69 472.04 455.19 440.43 455.19 474.15 491.01 505.76 524.73 539.48 543.69 541.59 533.16 524.73 516.3 505.76 495.22 486.8 482.58 476.26 587.95 697.53 811.33 923.01 1034.7 1146.39 1146.39 1140.07 1116.89 1093.71 1072.64 1051.56 1028.38 1005.2 998.88 996.77 908.26 817.65 727.03 638.52 547.91 459.4 461.51 467.83 564.77 659.6 758.64 855.58 952.52 1049.46 1051.56 1055.78 1036.81 1017.85 998.88 977.81 958.84 939.87 941.98 941.98 872.44 802.9 735.46 665.92 596.38 526.84 524.73 526.84 579.52 632.2 682.78 739.68 790.25 842.94 845.04 855.58 897.73 941.98 984.13 1028.38 1070.53 1114.78 1119.0 1112.68 1036.81 963.05 885.08 809.22 733.35 659.6 646.95 636.42 590.06 541.59 497.33 450.97 406.72 360.36 360.36 366.68 415.15 467.83 516.3 566.87 615.34 665.92 670.13 668.03 642.74 619.56 592.16 566.87 541.59 516.3 512.08 526.84 537.37 543.69 552.12 560.55 566.87 575.3 596.38 613.24 634.31 655.38 678.56 699.64 720.71 743.89 741.78 722.82 672.24 621.67 568.98 520.51 467.83 419.36 398.29 391.97 469.94 550.02 630.09 710.17 790.25 870.33 885.08 904.05 931.44 958.84 988.34 1015.74 1043.13 1072.64 1072.64 1059.99 950.41 842.94 735.46 625.88 516.3 410.93 394.07 381.43 469.94 560.55 651.17 741.78 828.18 920.91 925.12 927.23 925.12 923.01 923.01 923.01 920.91 920.91 916.69 908.26 815.54 727.03 636.42 545.8 455.19 364.57 360.36 351.93 434.11 518.41 602.7 684.89 767.07 853.47 849.26 849.26 853.47 855.58 859.79 866.12 866.12 872.44 874.55 872.44 788.15 703.85 621.67 535.26 450.97 366.68 364.57 364.57 436.22 509.98 583.73 657.49 729.14 802.9 807.11 813.43 842.94 870.33 899.83 927.23 954.63 982.02 984.13 979.91 864.01 752.32 638.52 524.73 410.93 297.13 288.71 286.6 339.28 394.07 448.86 501.55 554.23 609.02 613.24 617.45 644.85 674.35 703.85 733.35 760.75 792.36 792.36 786.04 716.5 646.95 577.41 507.87 438.33 370.89 364.57 358.25 408.82 461.51 512.08 564.77 617.45 668.03 668.03 668.03 716.5 767.07 813.43 861.9 910.37 956.73 958.84 958.84 874.55 790.25 708.07 623.77 539.48 457.29 455.19 453.08 461.51 467.83 476.26 482.58 493.12 499.44 499.44 495.22 571.09 642.74 714.39 786.04 859.79 931.44 927.23 929.34 849.26 769.18 691.21
configurarSolver --Gurobi
resolver --noConstante ejecuciones/bancos/recombinados/v1/directo/sgtm/v1_sgtm_000120.csv
finalizar
