inicializar --t 360
agregarAgente --SaltoGrande
0.00323
2133902914.0
4486.0 4478.0 4469.0 4461.0 4450.0 4446.0 4443.0 4439.0 4436.0 4433.0 4429.0 4426.0 4419.0 4416.0 4412.0 4409.0 4405.0 4402.0 4398.0 4395.0 4388.0 4385.0 4381.0 4378.0 4375.0 4371.0 4368.0 4364.0 4356.0 4351.0 4345.0 4340.0 4335.0 4330.0 4324.0 4319.0 4309.0 4304.0 4298.0 4293.0 4288.0 4283.0 4277.0 4272.0 4262.0 4257.0 4251.0 4246.0 4241.0 4236.0 4230.0 4225.0 4213.0 4206.0 4198.0 4191.0 4184.0 4177.0 4170.0 4163.0 4148.0 4141.0 4134.0 4127.0 4119.0 4112.0 4105.0 4098.0 4083.0 4076.0 4069.0 4062.0 4055.0 4048.0 4040.0 4033.0 4013.0 4000.0 3986.0 3973.0 3960.0 3947.0 3933.0 3920.0 3894.0 3881.0 3867.0 3854.0 3841.0 3828.0 3814.0 3801.0 3775.0 3762.0 3748.0 3735.0 3722.0 3709.0 3695.0 3682.0 3661.0 3653.0 3645.0 3637.0 3629.0 3621.0 3613.0 3605.0 3589.0 3581.0 3573.0 3565.0 3556.0 3548.0 3540.0 3532.0 3516.0 3508.0 3500.0 3492.0 3484.0 3476.0 3468.0 3460.0 3446.0 3440.0 3434.0 3428.0 3422.0 3416.0 3410.0 3404.0 3392.0 3386.0 3380.0 3374.0 3368.0 3362.0 3356.0 3350.0 3338.0 3332.0 3326.0 3320.0 3314.0 3308.0 3302.0 3296.0 3314.0 3339.0 3363.0 3388.0 3412.0 3437.0 3461.0 3486.0 3535.0 3559.0 3584.0 3608.0 3633.0 3657.0 3682.0 3706.0 3755.0 3780.0 3804.0 3829.0 3853.0 3878.0 3902.0 3927.0 3983.0 4015.0 4046.0 4078.0 4110.0 4142.0 4174.0 4206.0 4269.0 4301.0 4333.0 4365.0 4396.0 4428.0 4460.0 4492.0 4555.0 4587.0 4619.0 4651.0 4683.0 4715.0 4746.0 4778.0 4787.0 4765.0 4742.0 4720.0 4697.0 4675.0 4652.0 4630.0 4585.0 4562.0 4540.0 4517.0 4495.0 4472.0 4450.0 4427.0 4382.0 4360.0 4337.0 4315.0 4292.0 4270.0 4247.0 4225.0 4182.0 4162.0 4142.0 4122.0 4103.0 4083.0 4063.0 4043.0 4003.0 3983.0 3963.0 3943.0 3924.0 3904.0 3884.0 3864.0 3824.0 3804.0 3784.0 3764.0 3745.0 3725.0 3705.0 3685.0 3649.0 3633.0 3617.0 3601.0 3585.0 3569.0 3553.0 3537.0 3505.0 3489.0 3473.0 3457.0 3441.0 3425.0 3409.0 3393.0 3361.0 3345.0 3329.0 3313.0 3297.0 3281.0 3265.0 3249.0 3225.0 3218.0 3210.0 3202.0 3195.0 3187.0 3180.0 3172.0 3157.0 3149.0 3141.0 3134.0 3126.0 3119.0 3111.0 3103.0 3088.0 3080.0 3073.0 3065.0 3058.0 3050.0 3042.0 3035.0 3024.0 3022.0 3019.0 3017.0 3014.0 3012.0 3009.0 3007.0 3002.0 2999.0 2997.0 2994.0 2992.0 2989.0 2987.0 2984.0 2979.0 2977.0 2974.0 2972.0 2969.0 2967.0 2964.0 2962.0 2958.0 2958.0 2957.0 2957.0 2956.0 2956.0 2955.0 2955.0 2954.0 2953.0 2953.0 2952.0 2952.0 2951.0 2951.0 2950.0 2949.0 2949.0 2948.0 2948.0 2947.0 2947.0 2946.0 2946.0 2938.0 2932.0 2925.0 2918.0 2911.0 2905.0 2898.0 2891.0 2878.0 2871.0 2864.0 2857.0 2851.0 2844.0 2837.0 2830.0 2817.0 2810.0 2803.0 2797.0
agregarAgente --UnidadTermicaSimple
200.0
100.0
agregarAgente --DemandaFija
252.3 199.2 147.0 147.0 147.0 243.3 339.6 435.0 531.3 626.7 723.0 723.0 723.0 686.1 651.0 615.0 578.1 542.1 506.1 506.1 506.1 448.5 390.9 333.3 275.7 219.0 160.5 160.5 160.5 257.7 355.8 452.1 549.3 646.5 743.7 743.7 743.7 723.9 702.3 681.6 660.9 640.2 619.5 619.5 619.5 561.0 502.5 443.1 385.5 326.1 268.5 268.5 268.5 366.6 464.7 561.9 660.0 758.1 856.2 856.2 856.2 831.0 804.9 778.8 753.6 728.4 701.4 701.4 701.4 633.0 562.8 494.4 424.2 355.8 285.6 285.6 285.6 362.1 437.7 513.3 589.8 665.4 741.0 741.0 741.0 770.7 800.4 831.0 860.7 889.5 919.2 919.2 919.2 851.7 783.3 715.8 647.4 579.0 512.4 512.4 512.4 623.1 734.7 845.4 957.0 1066.8 1178.4 1178.4 1178.4 1162.2 1145.1 1128.9 1112.7 1096.5 1080.3 1080.3 1080.3 1056.9 1035.3 1013.7 991.2 969.6 947.1 947.1 947.1 948.9 950.7 951.6 954.3 956.1 957.9 957.9 957.9 930.0 903.9 876.9 849.9 822.9 795.9 795.9 795.9 765.3 734.7 702.3 671.7 641.1 610.5 610.5 610.5 566.4 523.2 480.0 435.9 392.7 349.5 349.5 349.5 354.0 358.5 363.0 367.5 372.0 376.5 376.5 376.5 383.7 390.9 399.0 406.2 414.3 421.5 421.5 421.5 491.7 561.0 631.2 700.5 770.7 840.9 840.9 840.9 848.1 856.2 863.4 871.5 878.7 886.8 886.8 886.8 847.2 807.6 768.0 728.4 687.9 649.2 649.2 649.2 702.3 756.3 809.4 864.3 917.4 971.4 971.4 971.4 937.2 903.9 869.7 836.4 801.3 768.0 768.0 768.0 740.1 713.1 684.3 656.4 628.5 601.5 601.5 601.5 639.3 676.2 714.9 752.7 790.5 827.4 827.4 827.4 771.6 714.9 657.3 600.6 543.9 487.2 487.2 487.2 479.1 471.0 463.8 454.8 446.7 439.5 439.5 439.5 472.8 505.2 537.6 570.0 603.3 636.6 636.6 636.6 602.4 568.2 534.0 500.7 466.5 432.3 432.3 432.3 429.6 426.9 424.2 421.5 418.8 416.1 416.1 416.1 510.6 606.0 699.6 795.0 889.5 984.9 984.9 984.9 930.0 875.1 820.2 766.2 711.3 656.4 656.4 656.4 616.8 576.3 536.7 497.1 456.6 417.9 417.9 417.9 523.2 628.5 733.8 839.1 943.5 1048.8 1048.8 1048.8 1003.8 957.9 912.0 867.0 821.1 776.1 776.1 776.1 743.7 711.3 678.0 645.6 613.2 579.9 579.9 579.9 648.3 715.8 783.3 851.7 918.3 986.7 986.7 986.7 965.1 943.5 921.9 900.3 879.6 858.0 858.0 858.0 819.3 781.5 744.6 705.9 668.1 631.2 631.2 631.2 726.6 821.1 916.5 1012.8 1108.2 1203.6 1203.6 1203.6 1176.6 1149.6 1122.6 1096.5 1068.6 1042.5 1042.5 1042.5 999.3 957.0 913.8
crearDespacho --mercado --conDemandaTotal
4
0.02 0.07 0.145 1.0
370.0 600.0 2400.0 4000.0
277.14 218.81 161.47 161.47 161.47 267.25 373.04 477.83 583.61 688.4 794.19 794.19 794.19 753.65 715.1 675.55 635.02 595.47 555.93 555.93 555.93 492.66 429.39 366.12 302.84 240.56 176.3 176.3 176.3 283.07 390.83 496.61 603.38 710.15 816.92 816.92 816.92 795.17 771.45 748.71 725.97 703.23 680.49 680.49 680.49 616.23 551.98 486.73 423.46 358.21 294.94 294.94 294.94 402.69 510.45 617.22 724.98 832.74 940.5 940.5 940.5 912.82 884.15 855.48 827.8 800.12 770.46 770.46 770.46 695.32 618.21 543.08 465.97 390.83 313.72 313.72 313.72 397.75 480.79 563.84 647.87 730.91 813.96 813.96 813.96 846.58 879.21 912.82 945.44 977.08 1009.7 1009.7 1009.7 935.56 860.42 786.28 711.14 636.01 562.85 562.85 562.85 684.45 807.04 928.64 1051.22 1171.83 1294.42 1294.42 1294.42 1276.63 1257.84 1240.05 1222.25 1204.46 1186.66 1186.66 1186.66 1160.96 1137.23 1113.51 1088.79 1065.06 1040.35 1040.35 1040.35 1042.33 1044.3 1045.29 1048.26 1050.24 1052.21 1052.21 1052.21 1021.57 992.9 963.24 933.58 903.92 874.26 874.26 874.26 840.65 807.04 771.45 737.83 704.22 670.61 670.61 670.61 622.17 574.71 527.26 478.82 431.36 383.91 383.91 383.91 388.85 393.8 398.74 403.68 408.63 413.57 413.57 413.57 421.48 429.39 438.28 446.19 455.09 463.0 463.0 463.0 540.11 616.23 693.35 769.47 846.58 923.69 923.69 923.69 931.6 940.5 948.41 957.31 965.21 974.11 974.11 974.11 930.61 887.11 843.62 800.12 755.63 713.12 713.12 713.12 771.45 830.76 889.09 949.4 1007.73 1067.04 1067.04 1067.04 1029.47 992.9 955.33 918.75 880.19 843.62 843.62 843.62 812.97 783.31 751.67 721.03 690.38 660.72 660.72 660.72 702.24 742.78 785.29 826.81 868.33 908.86 908.86 908.86 847.57 785.29 722.02 659.73 597.45 535.17 535.17 535.17 526.27 517.37 509.46 499.58 490.68 482.77 482.77 482.77 519.35 554.94 590.53 626.12 662.7 699.28 699.28 699.28 661.71 624.14 586.58 550.0 512.43 474.86 474.86 474.86 471.9 468.93 465.97 463.0 460.03 457.07 457.07 457.07 560.87 665.67 768.48 873.27 977.08 1081.87 1081.87 1081.87 1021.57 961.26 900.96 841.64 781.33 721.03 721.03 721.03 677.53 633.04 589.54 546.04 501.56 459.05 459.05 459.05 574.71 690.38 806.05 921.72 1036.39 1152.06 1152.06 1152.06 1102.63 1052.21 1001.79 952.36 901.94 852.51 852.51 852.51 816.92 781.33 744.75 709.16 673.57 637.0 637.0 637.0 712.13 786.28 860.42 935.56 1008.71 1083.85 1083.85 1083.85 1060.12 1036.39 1012.67 988.94 966.2 942.48 942.48 942.48 899.97 858.44 817.91 775.4 733.88 693.35 693.35 693.35 798.14 901.94 1006.74 1112.52 1217.31 1322.1 1322.1 1322.1 1292.45 1262.79 1233.13 1204.46 1173.81 1145.14 1145.14 1145.14 1097.69 1051.22 1003.77
configurarSolver --Gurobi
resolver --noConstante ejecuciones/bancos/recombinados/v1/directo/sgtm/v1_sgtm_000177.csv
finalizar
