inicializar --t 360
agregarAgente --SaltoGrande
0.002103
2133902914.0
4486.0 4478.0 4469.0 4461.0 4450.0 4446.0 4443.0 4439.0 4436.0 4433.0 4429.0 4426.0 4419.0 4416.0 4412.0 4409.0 4405.0 4402.0 4398.0 4395.0 4388.0 4385.0 4381.0 4378.0 4375.0 4371.0 4368.0 4364.0 4356.0 4351.0 4345.0 4340.0 4335.0 4330.0 4324.0 4319.0 4309.0 4304.0 4298.0 4293.0 4288.0 4283.0 4277.0 4272.0 4262.0 4257.0 4251.0 4246.0 4241.0 4236.0 4230.0 4225.0 4213.0 4206.0 4198.0 4191.0 4184.0 4177.0 4170.0 4163.0 4148.0 4141.0 4134.0 4127.0 4119.0 4112.0 4105.0 4098.0 4083.0 4076.0 4069.0 4062.0 4055.0 4048.0 4040.0 4033.0 4013.0 4000.0 3986.0 3973.0 3960.0 3947.0 3933.0 3920.0 3894.0 3881.0 3867.0 3854.0 3841.0 3828.0 3814.0 3801.0 3775.0 3762.0 3748.0 3735.0 3722.0 3709.0 3695.0 3682.0 3661.0 3653.0 3645.0 3637.0 3629.0 3621.0 3613.0 3605.0 3589.0 3581.0 3573.0 3565.0 3556.0 3548.0 3540.0 3532.0 3516.0 3508.0 3500.0 3492.0 3484.0 3476.0 3468.0 3460.0 3446.0 3440.0 3434.0 3428.0 3422.0 3416.0 3410.0 3404.0 3392.0 3386.0 3380.0 3374.0 3368.0 3362.0 3356.0 3350.0 3338.0 3332.0 3326.0 3320.0 3314.0 3308.0 3302.0 3296.0 3314.0 3339.0 3363.0 3388.0 3412.0 3437.0 3461.0 3486.0 3535.0 3559.0 3584.0 3608.0 3633.0 3657.0 3682.0 3706.0 3755.0 3780.0 3804.0 3829.0 3853.0 3878.0 3902.0 3927.0 3983.0 4015.0 4046.0 4078.0 4110.0 4142.0 4174.0 4206.0 4269.0 4301.0 4333.0 4365.0 4396.0 4428.0 4460.0 4492.0 4555.0 4587.0 4619.0 4651.0 4683.0 4715.0 4746.0 4778.0 4787.0 4765.0 4742.0 4720.0 4697.0 4675.0 4652.0 4630.0 4585.0 4562.0 4540.0 4517.0 4495.0 4472.0 4450.0 4427.0 4382.0 4360.0 4337.0 4315.0 4292.0 4270.0 4247.0 4225.0 4182.0 4162.0 4142.0 4122.0 4103.0 4083.0 4063.0 4043.0 4003.0 3983.0 3963.0 3943.0 3924.0 3904.0 3884.0 3864.0 3824.0 3804.0 3784.0 3764.0 3745.0 3725.0 3705.0 3685.0 3649.0 3633.0 3617.0 3601.0 3585.0 3569.0 3553.0 3537.0 3505.0 3489.0 3473.0 3457.0 3441.0 3425.0 3409.0 3393.0 3361.0 3345.0 3329.0 3313.0 3297.0 3281.0 3265.0 3249.0 3225.0 3218.0 3210.0 3202.0 3195.0 3187.0 3180.0 3172.0 3157.0 3149.0 3141.0 3134.0 3126.0 3119.0 3111.0 3103.0 3088.0 3080.0 3073.0 3065.0 3058.0 3050.0 3042.0 3035.0 3024.0 3022.0 3019.0 3017.0 3014.0 3012.0 3009.0 3007.0 3002.0 2999.0 2997.0 2994.0 2992.0 2989.0 2987.0 2984.0 2979.0 2977.0 2974.0 2972.0 2969.0 2967.0 2964.0 2962.0 2958.0 2958.0 2957.0 2957.0 2956.0 2956.0 2955.0 2955.0 2954.0 2953.0 2953.0 2952.0 2952.0 2951.0 2951.0 2950.0 2949.0 2949.0 2948.0 2948.0 2947.0 2947.0 2946.0 2946.0 2938.0 2932.0 2925.0 2918.0 2911.0 2905.0 2898.0 2891.0 2878.0 2871.0 2864.0 2857.0 2851.0 2844.0 2837.0 2830.0 2817.0 2810.0 2803.0 2797.0
agregarAgente --UnidadTermicaSimple
200.0
100.0
agregarAgente --DemandaFija
385.2 395.4 405.6 405.6 405.6 453.6 501.0 548.4 595.8 643.8 691.2 691.2 691.2 648.0 604.2 560.4 516.6 472.8 429.0 429.0 429.0 360.6 292.8 224.4 156.0 87.6 19.2 19.2 19.2 26.4 33.6 42.0 49.2 56.4 63.6 63.6 63.6 71.4 79.2 87.0 95.4 103.2 111.0 111.0 111.0 101.4 91.2 81.6 72.0 61.8 52.2 52.2 52.2 100.2 148.2 196.2 244.8 292.8 340.8 340.8 340.8 347.4 353.4 360.0 366.6 373.2 379.8 379.8 379.8 354.0 328.8 303.0 277.2 252.0 226.8 226.8 226.8 281.4 337.2 392.4 447.6 503.4 558.6 558.6 558.6 558.6 559.2 559.2 559.2 559.8 559.8 559.8 559.8 477.6 394.8 312.6 229.8 147.6 64.8 64.8 64.8 129.6 193.2 258.0 322.8 387.0 451.8 451.8 451.8 466.2 481.2 496.2 510.6 525.6 540.6 540.6 540.6 479.4 417.6 355.8 294.6 233.4 171.6 171.6 171.6 208.2 244.2 280.2 316.8 353.4 390.0 390.0 390.0 388.8 387.0 385.8 384.6 383.4 382.2 382.2 382.2 349.8 318.0 285.0 253.2 221.4 189.0 189.0 189.0 234.0 279.0 324.6 369.6 414.6 459.6 459.6 459.6 472.2 484.8 497.4 510.0 522.0 535.2 535.2 535.2 516.6 498.6 480.6 462.6 444.0 425.4 425.4 425.4 454.2 481.8 509.4 537.6 565.8 593.4 593.4 593.4 598.8 604.2 609.6 616.2 621.6 627.0 627.0 627.0 612.6 599.4 585.6 572.4 558.6 545.4 545.4 545.4 573.6 601.8 630.0 658.2 686.4 715.2 715.2 715.2 702.6 689.4 676.8 664.2 651.6 639.0 639.0 639.0 619.8 600.6 581.4 562.8 544.2 524.4 524.4 524.4 530.4 536.4 542.4 547.8 553.2 559.2 559.2 559.2 547.2 535.2 522.6 511.2 499.2 487.2 487.2 487.2 474.6 461.4 447.6 435.0 421.8 409.2 409.2 409.2 408.6 408.0 407.4 406.2 405.6 405.0 405.0 405.0 418.8 432.6 446.4 460.8 474.6 488.4 488.4 488.4 487.2 486.6 485.4 484.2 483.0 481.8 481.8 481.8 489.6 497.4 504.6 512.4 519.6 527.4 527.4 527.4 527.4 526.8 526.8 526.2 526.2 526.2 526.2 526.2 486.0 445.2 405.0 363.6 323.4 282.6 282.6 282.6 332.4 382.2 430.8 480.6 529.8 579.0 579.0 579.0 546.0 512.4 478.8 445.2 412.2 379.2 379.2 379.2 330.0 280.8 232.8 183.6 135.0 86.4 86.4 86.4 112.8 140.4 166.8 193.8 220.8 247.2 247.2 247.2 244.2 240.6 237.6 234.0 230.4 227.4 227.4 227.4 222.6 217.8 213.0 208.2 202.8 198.0 198.0 198.0 274.2 350.4 426.6 502.8 579.0 655.2 655.2 655.2 618.6 582.0 546.0 508.8 472.8 435.6 435.6 435.6 402.6 370.2 336.6
crearDespacho --mercado --conDemandaTotal
4
0.02 0.07 0.145 1.0
370.0 600.0 2400.0 4000.0
690.83 709.12 727.41 727.41 727.41 813.5 898.5 983.51 1068.52 1154.6 1239.61 1239.61 1239.61 1162.14 1083.58 1005.03 926.48 847.93 769.38 769.38 769.38 646.71 525.11 402.44 279.77 157.1 34.43 34.43 34.43 47.35 60.26 75.32 88.24 101.15 114.06 114.06 114.06 128.05 142.04 156.03 171.09 185.08 199.07 199.07 199.07 181.85 163.56 146.34 129.13 110.83 93.62 93.62 93.62 179.7 265.78 351.87 439.03 525.11 611.2 611.2 611.2 623.03 633.79 645.63 657.47 669.3 681.14 681.14 681.14 634.87 589.68 543.41 497.14 451.94 406.75 406.75 406.75 504.67 604.74 703.74 802.73 902.81 1001.8 1001.8 1001.8 1001.8 1002.88 1002.88 1002.88 1003.96 1003.96 1003.96 1003.96 856.54 708.04 560.62 412.13 264.71 116.21 116.21 116.21 232.43 346.49 462.7 578.92 694.05 810.27 810.27 810.27 836.09 862.99 889.89 915.72 942.62 969.52 969.52 969.52 859.77 748.93 638.1 528.34 418.58 307.75 307.75 307.75 373.39 437.95 502.52 568.16 633.79 699.43 699.43 699.43 697.28 694.05 691.9 689.75 687.6 685.45 685.45 685.45 627.34 570.31 511.12 454.09 397.06 338.96 338.96 338.96 419.66 500.36 582.14 662.85 743.55 824.26 824.26 824.26 846.85 869.45 892.05 914.64 936.17 959.84 959.84 959.84 926.48 894.2 861.92 829.64 796.28 762.92 762.92 762.92 814.57 864.07 913.57 964.14 1014.72 1064.22 1064.22 1064.22 1073.9 1083.58 1093.27 1105.11 1114.79 1124.47 1124.47 1124.47 1098.65 1074.98 1050.23 1026.55 1001.8 978.13 978.13 978.13 1028.71 1079.28 1129.85 1180.43 1231.0 1282.65 1282.65 1282.65 1260.06 1236.38 1213.79 1191.19 1168.59 1146.0 1146.0 1146.0 1111.56 1077.13 1042.69 1009.34 975.98 940.47 940.47 940.47 951.23 961.99 972.75 982.44 992.12 1002.88 1002.88 1002.88 981.36 959.84 937.24 916.8 895.28 873.75 873.75 873.75 851.16 827.48 802.73 780.14 756.46 733.87 733.87 733.87 732.79 731.72 730.64 728.49 727.41 726.33 726.33 726.33 751.08 775.83 800.58 826.41 851.16 875.91 875.91 875.91 873.75 872.68 870.53 868.37 866.22 864.07 864.07 864.07 878.06 892.05 904.96 918.95 931.86 945.85 945.85 945.85 945.85 944.77 944.77 943.7 943.7 943.7 943.7 943.7 871.6 798.43 726.33 652.09 579.99 506.82 506.82 506.82 596.13 685.45 772.61 861.92 950.15 1038.39 1038.39 1038.39 979.21 918.95 858.69 798.43 739.25 680.06 680.06 680.06 591.83 503.59 417.51 329.27 242.11 154.95 154.95 154.95 202.3 251.8 299.14 347.56 395.99 443.33 443.33 443.33 437.95 431.5 426.12 419.66 413.2 407.82 407.82 407.82 399.22 390.61 382.0 373.39 363.71 355.1 355.1 355.1 491.76 628.41 765.07 901.73 1038.39 1175.05 1175.05 1175.05 1109.41 1043.77 979.21 912.49 847.93 781.21 781.21 781.21 722.03 663.92 603.67
configurarSolver --Gurobi
resolver --noConstante ejecuciones/bancos/recombinados/v1/directo/sgtm/v1_sgtm_000193.csv
finalizar
