inicializar --t 360
agregarAgente --SaltoGrande
0.000527
2625516646.0
2912.0 2908.0 2904.0 2901.0 2914.0 2931.0 2948.0 2964.0 2981.0 2998.0 3015.0 3032.0 3066.0 3082.0 3099.0 3116.0 3133.0 3150.0 3167.0 3183.0 3217.0 3234.0 3251.0 3268.0 3285.0 3301.0 3318.0 3335.0 3339.0 3326.0 3313.0 3300.0 3287.0 3274.0 3261.0 3248.0 3222.0 3209.0 3196.0 3183.0 3170.0 3157.0 3144.0 3131.0 3105.0 3092.0 3079.0 3066.0 3053.0 3040.0 3027.0 3014.0 2998.0 2994.0 2991.0 2987.0 2984.0 2980.0 2977.0 2973.0 2966.0 2963.0 2959.0 2956.0 2952.0 2949.0 2945.0 2942.0 2935.0 2931.0 2928.0 2924.0 2921.0 2917.0 2914.0 2910.0 2899.0 2891.0 2883.0 2875.0 2866.0 2858.0 2850.0 2842.0 2826.0 2818.0 2810.0 2802.0 2793.0 2785.0 2777.0 2769.0 2753.0 2745.0 2737.0 2729.0 2720.0 2712.0 2704.0 2696.0 2686.0 2684.0 2683.0 2681.0 2679.0 2677.0 2675.0 2673.0 2670.0 2668.0 2666.0 2664.0 2663.0 2661.0 2659.0 2657.0 2654.0 2652.0 2650.0 2648.0 2646.0 2644.0 2643.0 2641.0 2629.0 2620.0 2610.0 2601.0 2591.0 2582.0 2572.0 2563.0 2544.0 2534.0 2525.0 2515.0 2506.0 2496.0 2487.0 2477.0 2458.0 2449.0 2439.0 2430.0 2420.0 2411.0 2401.0 2392.0 2384.0 2386.0 2389.0 2391.0 2393.0 2395.0 2398.0 2400.0 2404.0 2406.0 2409.0 2411.0 2413.0 2415.0 2418.0 2420.0 2424.0 2426.0 2429.0 2431.0 2433.0 2435.0 2438.0 2440.0 2453.0 2464.0 2475.0 2486.0 2496.0 2507.0 2518.0 2529.0 2551.0 2562.0 2573.0 2584.0 2594.0 2605.0 2616.0 2627.0 2649.0 2660.0 2671.0 2682.0 2692.0 2703.0 2714.0 2725.0 2739.0 2742.0 2745.0 2748.0 2751.0 2754.0 2757.0 2760.0 2766.0 2769.0 2772.0 2775.0 2778.0 2781.0 2784.0 2787.0 2793.0 2796.0 2799.0 2802.0 2805.0 2808.0 2811.0 2814.0 2817.0 2818.0 2818.0 2818.0 2819.0 2819.0 2819.0 2820.0 2820.0 2821.0 2821.0 2821.0 2822.0 2822.0 2822.0 2823.0 2823.0 2824.0 2824.0 2824.0 2825.0 2825.0 2825.0 2826.0 2821.0 2817.0 2812.0 2807.0 2802.0 2798.0 2793.0 2788.0 2779.0 2774.0 2770.0 2765.0 2760.0 2755.0 2751.0 2746.0 2737.0 2732.0 2727.0 2723.0 2718.0 2713.0 2708.0 2704.0 2689.0 2679.0 2670.0 2660.0 2650.0 2640.0 2630.0 2620.0 2601.0 2591.0 2581.0 2571.0 2562.0 2552.0 2542.0 2532.0 2513.0 2503.0 2493.0 2483.0 2473.0 2463.0 2454.0 2444.0 2431.0 2429.0 2426.0 2423.0 2421.0 2418.0 2415.0 2413.0 2407.0 2405.0 2402.0 2399.0 2397.0 2394.0 2391.0 2389.0 2383.0 2381.0 2378.0 2375.0 2373.0 2370.0 2367.0 2365.0 2361.0 2360.0 2359.0 2357.0 2356.0 2355.0 2354.0 2353.0 2351.0 2349.0 2348.0 2347.0 2346.0 2345.0 2344.0 2342.0 2340.0 2339.0 2338.0 2337.0 2336.0 2334.0 2333.0 2332.0 2332.0 2332.0 2333.0 2334.0 2334.0 2335.0 2336.0 2336.0 2338.0 2338.0 2339.0 2340.0 2340.0 2341.0 2342.0 2342.0 2344.0 2344.0 2345.0 2346.0
agregarAgente --UnidadTermicaSimple
200.0
100.0
agregarAgente --DemandaFija
728.4 705.9 682.5 669.0 659.1 686.1 713.1 738.3 765.3 792.3 819.3 822.9 831.0 846.3 860.7 876.0 891.3 906.6 921.9 926.4 923.7 903.0 883.2 862.5 842.7 821.1 801.3 792.3 775.2 769.8 763.5 759.0 752.7 747.3 741.9 732.9 732.0 741.0 750.0 757.2 767.1 775.2 785.1 792.3 797.7 789.6 783.3 776.1 769.8 763.5 755.4 752.7 755.4 766.2 776.1 787.8 797.7 809.4 819.3 824.7 833.7 841.8 850.8 858.0 867.0 875.1 884.1 888.6 883.2 875.1 867.0 858.9 850.8 843.6 835.5 826.5 827.4 841.8 857.1 872.4 887.7 903.0 918.3 928.2 945.3 967.8 990.3 1013.7 1037.1 1060.5 1083.9 1091.1 1098.3 1078.5 1057.8 1038.0 1018.2 996.6 976.8 976.8 970.5 967.8 966.0 963.3 961.5 958.8 956.1 948.9 939.9 953.4 966.0 978.6 991.2 1003.8 1016.4 1014.6 1017.3 1002.9 988.5 975.0 959.7 946.2 931.8 936.3 943.5 941.7 939.9 938.1 936.3 934.5 932.7 936.3 942.6 932.7 921.0 910.2 899.4 888.6 877.8 880.5 882.3 880.5 879.6 877.8 876.0 874.2 873.3 872.4 873.3 878.7 885.0 890.4 895.8 903.0 907.5 908.4 909.3 909.3 911.1 912.0 912.9 914.7 916.5 914.7 908.4 894.9 880.5 867.0 853.5 840.0 825.6 820.2 812.1 807.6 803.1 799.5 794.1 789.6 784.2 781.5 778.8 788.7 797.7 807.6 817.5 827.4 838.2 838.2 833.7 797.7 761.7 725.7 689.7 652.8 617.7 612.3 604.2 600.6 597.9 595.2 591.6 588.0 586.2 581.7 583.5 592.5 600.6 610.5 619.5 627.6 636.6 642.0 641.1 632.1 622.2 613.2 604.2 595.2 585.3 579.9 583.5 593.4 602.4 611.4 622.2 631.2 641.1 651.0 658.2 657.3 655.5 654.6 652.8 651.9 651.0 649.2 642.0 637.5 633.0 628.5 623.1 619.5 614.1 608.7 608.7 608.7 608.7 607.8 607.8 607.8 606.9 613.2 619.5 625.8 631.2 638.4 643.8 650.1 655.5 656.4 646.5 639.3 631.2 623.1 615.9 607.8 599.7 589.8 586.2 617.7 649.2 679.8 711.3 741.9 773.4 779.7 787.8 800.4 813.0 825.6 837.3 849.9 863.4 866.1 850.8 811.2 772.5 732.9 694.2 654.6 615.9 598.8 587.1 600.6 614.1 627.6 642.0 655.5 669.9 674.4 686.1 702.3 718.5 734.7 750.9 768.0 784.2 792.3 786.9 764.4 741.9 720.3 697.8 676.2 653.7 641.1 635.7 643.8 652.8 660.9 669.9 678.0 687.0 694.2 704.1 710.4 716.7 723.0 728.4 734.7 741.0 743.7 732.9 713.1 694.2 674.4 654.6 634.8 615.9 601.5 588.0 595.2 601.5 607.8 614.1 620.4 627.6 627.6 631.2 638.4 644.7 651.0 657.3 663.6 670.8 675.3 671.7 651.9 630.3 609.6
crearDespacho --mercado --conDemandaTotal
4
0.02 0.07 0.145 1.0
370.0 600.0 2400.0 4000.0
728.4 705.9 682.5 669.0 659.1 686.1 713.1 738.3 765.3 792.3 819.3 822.9 831.0 846.3 860.7 876.0 891.3 906.6 921.9 926.4 923.7 903.0 883.2 862.5 842.7 821.1 801.3 792.3 775.2 769.8 763.5 759.0 752.7 747.3 741.9 732.9 732.0 741.0 750.0 757.2 767.1 775.2 785.1 792.3 797.7 789.6 783.3 776.1 769.8 763.5 755.4 752.7 755.4 766.2 776.1 787.8 797.7 809.4 819.3 824.7 833.7 841.8 850.8 858.0 867.0 875.1 884.1 888.6 883.2 875.1 867.0 858.9 850.8 843.6 835.5 826.5 827.4 841.8 857.1 872.4 887.7 903.0 918.3 928.2 945.3 967.8 990.3 1013.7 1037.1 1060.5 1083.9 1091.1 1098.3 1078.5 1057.8 1038.0 1018.2 996.6 976.8 976.8 970.5 967.8 966.0 963.3 961.5 958.8 956.1 948.9 939.9 953.4 966.0 978.6 991.2 1003.8 1016.4 1014.6 1017.3 1002.9 988.5 975.0 959.7 946.2 931.8 936.3 943.5 941.7 939.9 938.1 936.3 934.5 932.7 936.3 942.6 932.7 921.0 910.2 899.4 888.6 877.8 880.5 882.3 880.5 879.6 877.8 876.0 874.2 873.3 872.4 873.3 878.7 885.0 890.4 895.8 903.0 907.5 908.4 909.3 909.3 911.1 912.0 912.9 914.7 916.5 914.7 908.4 894.9 880.5 867.0 853.5 840.0 825.6 820.2 812.1 807.6 803.1 799.5 794.1 789.6 784.2 781.5 778.8 788.7 797.7 807.6 817.5 827.4 838.2 838.2 833.7 797.7 761.7 725.7 689.7 652.8 617.7 612.3 604.2 600.6 597.9 595.2 591.6 588.0 586.2 581.7 583.5 592.5 600.6 610.5 619.5 627.6 636.6 642.0 641.1 632.1 622.2 613.2 604.2 595.2 585.3 579.9 583.5 593.4 602.4 611.4 622.2 631.2 641.1 651.0 658.2 657.3 655.5 654.6 652.8 651.9 651.0 649.2 642.0 637.5 633.0 628.5 623.1 619.5 614.1 608.7 608.7 608.7 608.7 607.8 607.8 607.8 606.9 613.2 619.5 625.8 631.2 638.4 643.8 650.1 655.5 656.4 646.5 639.3 631.2 623.1 615.9 607.8 599.7 589.8 586.2 617.7 649.2 679.8 711.3 741.9 773.4 779.7 787.8 800.4 813.0 825.6 837.3 849.9 863.4 866.1 850.8 811.2 772.5 732.9 694.2 654.6 615.9 598.8 587.1 600.6 614.1 627.6 642.0 655.5 669.9 674.4 686.1 702.3 718.5 734.7 750.9 768.0 784.2 792.3 786.9 764.4 741.9 720.3 697.8 676.2 653.7 641.1 635.7 643.8 652.8 660.9 669.9 678.0 687.0 694.2 704.1 710.4 716.7 723.0 728.4 734.7 741.0 743.7 732.9 713.1 694.2 674.4 654.6 634.8 615.9 601.5 588.0 595.2 601.5 607.8 614.1 620.4 627.6 627.6 631.2 638.4 644.7 651.0 657.3 663.6 670.8 675.3 671.7 651.9 630.3 609.6
configurarSolver --Gurobi
resolver --noConstante ejecuciones/bancos/recombinados/v1/directo/sgtm/v1_sgtm_000094.csv
finalizar
