inicializar --t 360
agregarAgente --SaltoGrande
0.003012
1681415995.0
5942.0 5976.0 6010.0 6044.0 6077.0 6075.0 6074.0 6072.0 6071.0 6069.0 6068.0 6066.0 6063.0 6062.0 6060.0 6059.0 6057.0 6056.0 6054.0 6053.0 6050.0 6048.0 6047.0 6045.0 6044.0 6042.0 6041.0 6039.0 6020.0 6003.0 5985.0 5967.0 5949.0 5932.0 5914.0 5896.0 5861.0 5843.0 5825.0 5807.0 5790.0 5772.0 5754.0 5736.0 5701.0 5683.0 5665.0 5648.0 5630.0 5612.0 5594.0 5577.0 5528.0 5497.0 5467.0 5436.0 5405.0 5374.0 5343.0 5312.0 5251.0 5220.0 5189.0 5158.0 5128.0 5097.0 5066.0 5035.0 4974.0 4943.0 4912.0 4881.0 4850.0 4819.0 4789.0 4758.0 4701.0 4675.0 4650.0 4624.0 4598.0 4572.0 4546.0 4520.0 4469.0 4443.0 4417.0 4391.0 4366.0 4340.0 4314.0 4288.0 4237.0 4211.0 4185.0 4159.0 4133.0 4107.0 4082.0 4056.0 4016.0 4003.0 3989.0 3976.0 3962.0 3949.0 3935.0 3922.0 3894.0 3881.0 3867.0 3854.0 3840.0 3827.0 3813.0 3800.0 3772.0 3759.0 3745.0 3732.0 3718.0 3705.0 3691.0 3678.0 3644.0 3623.0 3603.0 3583.0 3562.0 3542.0 3522.0 3501.0 3461.0 3440.0 3420.0 3400.0 3379.0 3359.0 3339.0 3318.0 3278.0 3257.0 3237.0 3217.0 3196.0 3176.0 3156.0 3135.0 3094.0 3073.0 3053.0 3032.0 3011.0 2990.0 2970.0 2949.0 2907.0 2886.0 2866.0 2845.0 2824.0 2803.0 2783.0 2762.0 2720.0 2699.0 2679.0 2658.0 2637.0 2616.0 2596.0 2575.0 2541.0 2527.0 2514.0 2500.0 2487.0 2473.0 2460.0 2446.0 2419.0 2406.0 2392.0 2379.0 2365.0 2352.0 2338.0 2325.0 2298.0 2284.0 2271.0 2257.0 2244.0 2230.0 2217.0 2203.0 2183.0 2175.0 2168.0 2160.0 2153.0 2146.0 2138.0 2131.0 2116.0 2109.0 2101.0 2094.0 2086.0 2079.0 2071.0 2064.0 2049.0 2042.0 2034.0 2027.0 2020.0 2012.0 2005.0 1997.0 1985.0 1981.0 1976.0 1972.0 1967.0 1962.0 1958.0 1953.0 1944.0 1939.0 1935.0 1930.0 1926.0 1921.0 1917.0 1912.0 1903.0 1898.0 1894.0 1889.0 1884.0 1880.0 1875.0 1871.0 1864.0 1862.0 1861.0 1859.0 1857.0 1855.0 1854.0 1852.0 1848.0 1846.0 1845.0 1843.0 1841.0 1839.0 1838.0 1836.0 1832.0 1830.0 1829.0 1827.0 1825.0 1823.0 1822.0 1820.0 1820.0 1822.0 1824.0 1826.0 1829.0 1831.0 1833.0 1835.0 1839.0 1841.0 1843.0 1845.0 1848.0 1850.0 1852.0 1854.0 1858.0 1860.0 1862.0 1864.0 1867.0 1869.0 1871.0 1873.0 1878.0 1882.0 1885.0 1888.0 1892.0 1895.0 1899.0 1902.0 1909.0 1912.0 1915.0 1919.0 1922.0 1926.0 1929.0 1932.0 1939.0 1942.0 1946.0 1949.0 1953.0 1956.0 1959.0 1963.0 1969.0 1973.0 1976.0 1980.0 1983.0 1987.0 1990.0 1994.0 2000.0 2004.0 2007.0 2011.0 2014.0 2018.0 2021.0 2025.0 2031.0 2035.0 2038.0 2042.0 2045.0 2049.0 2052.0 2056.0 2055.0 2051.0 2047.0 2043.0 2039.0 2035.0 2030.0 2026.0 2018.0 2014.0 2010.0 2006.0 2002.0 1998.0 1994.0 1990.0 1982.0 1978.0 1973.0 1969.0
agregarAgente --UnidadTermicaSimple
200.0
100.0
agregarAgente --DemandaFija
385.2 395.4 405.6 405.6 405.6 453.6 501.0 548.4 595.8 643.8 691.2 691.2 691.2 648.0 604.2 560.4 516.6 472.8 429.0 429.0 429.0 360.6 292.8 224.4 156.0 87.6 19.2 19.2 19.2 26.4 33.6 42.0 49.2 56.4 63.6 63.6 63.6 71.4 79.2 87.0 95.4 103.2 111.0 111.0 111.0 101.4 91.2 81.6 72.0 61.8 52.2 52.2 52.2 100.2 148.2 196.2 244.8 292.8 340.8 340.8 340.8 347.4 353.4 360.0 366.6 373.2 379.8 379.8 379.8 354.0 328.8 303.0 277.2 252.0 226.8 226.8 226.8 281.4 337.2 392.4 447.6 503.4 558.6 558.6 558.6 558.6 559.2 559.2 559.2 559.8 559.8 559.8 559.8 477.6 394.8 312.6 229.8 147.6 64.8 64.8 64.8 129.6 193.2 258.0 322.8 387.0 451.8 451.8 451.8 466.2 481.2 496.2 510.6 525.6 540.6 540.6 540.6 479.4 417.6 355.8 294.6 233.4 171.6 171.6 171.6 208.2 244.2 280.2 316.8 353.4 390.0 390.0 390.0 388.8 387.0 385.8 384.6 383.4 382.2 382.2 382.2 349.8 318.0 285.0 253.2 221.4 189.0 189.0 189.0 234.0 279.0 324.6 369.6 414.6 459.6 459.6 459.6 472.2 484.8 497.4 510.0 522.0 535.2 535.2 535.2 516.6 498.6 480.6 462.6 444.0 425.4 425.4 425.4 454.2 481.8 509.4 537.6 565.8 593.4 593.4 593.4 598.8 604.2 609.6 616.2 621.6 627.0 627.0 627.0 612.6 599.4 585.6 572.4 558.6 545.4 545.4 545.4 573.6 601.8 630.0 658.2 686.4 715.2 715.2 715.2 702.6 689.4 676.8 664.2 651.6 639.0 639.0 639.0 619.8 600.6 581.4 562.8 544.2 524.4 524.4 524.4 530.4 536.4 542.4 547.8 553.2 559.2 559.2 559.2 547.2 535.2 522.6 511.2 499.2 487.2 487.2 487.2 474.6 461.4 447.6 435.0 421.8 409.2 409.2 409.2 408.6 408.0 407.4 406.2 405.6 405.0 405.0 405.0 418.8 432.6 446.4 460.8 474.6 488.4 488.4 488.4 487.2 486.6 485.4 484.2 483.0 481.8 481.8 481.8 489.6 497.4 504.6 512.4 519.6 527.4 527.4 527.4 527.4 526.8 526.8 526.2 526.2 526.2 526.2 526.2 486.0 445.2 405.0 363.6 323.4 282.6 282.6 282.6 332.4 382.2 430.8 480.6 529.8 579.0 579.0 579.0 546.0 512.4 478.8 445.2 412.2 379.2 379.2 379.2 330.0 280.8 232.8 183.6 135.0 86.4 86.4 86.4 112.8 140.4 166.8 193.8 220.8 247.2 247.2 247.2 244.2 240.6 237.6 234.0 230.4 227.4 227.4 227.4 222.6 217.8 213.0 208.2 202.8 198.0 198.0 198.0 274.2 350.4 426.6 502.8 579.0 655.2 655.2 655.2 618.6 582.0 546.0 508.8 472.8 435.6 435.6 435.6 402.6 370.2 336.6
crearDespacho --mercado --conDemandaTotal
4
0.02 0.07 0.145 1.0
370.0 600.0 2400.0 4000.0
690.83 709.12 727.41 727.41 727.41 813.5 898.5 983.51 1068.52 1154.6 1239.61 1239.61 1239.61 1162.14 1083.58 1005.03 926.48 847.93 769.38 769.38 769.38 646.71 525.11 402.44 279.77 157.1 34.43 34.43 34.43 47.35 60.26 75.32 88.24 101.15 114.06 114.06 114.06 128.05 142.04 156.03 171.09 185.08 199.07 199.07 199.07 181.85 163.56 146.34 129.13 110.83 93.62 93.62 93.62 179.7 265.78 351.87 439.03 525.11 611.2 611.2 611.2 623.03 633.79 645.63 657.47 669.3 681.14 681.14 681.14 634.87 589.68 543.41 497.14 451.94 406.75 406.75 406.75 504.67 604.74 703.74 802.73 902.81 1001.8 1001.8 1001.8 1001.8 1002.88 1002.88 1002.88 1003.96 1003.96 1003.96 1003.96 856.54 708.04 560.62 412.13 264.71 116.21 116.21 116.21 232.43 346.49 462.7 578.92 694.05 810.27 810.27 810.27 836.09 862.99 889.89 915.72 942.62 969.52 969.52 969.52 859.77 748.93 638.1 528.34 418.58 307.75 307.75 307.75 373.39 437.95 502.52 568.16 633.79 699.43 699.43 699.43 697.28 694.05 691.9 689.75 687.6 685.45 685.45 685.45 627.34 570.31 511.12 454.09 397.06 338.96 338.96 338.96 419.66 500.36 582.14 662.85 743.55 824.26 824.26 824.26 846.85 869.45 892.05 914.64 936.17 959.84 959.84 959.84 926.48 894.2 861.92 829.64 796.28 762.92 762.92 762.92 814.57 864.07 913.57 964.14 1014.72 1064.22 1064.22 1064.22 1073.9 1083.58 1093.27 1105.11 1114.79 1124.47 1124.47 1124.47 1098.65 1074.98 1050.23 1026.55 1001.8 978.13 978.13 978.13 1028.71 1079.28 1129.85 1180.43 1231.0 1282.65 1282.65 1282.65 1260.06 1236.38 1213.79 1191.19 1168.59 1146.0 1146.0 1146.0 1111.56 1077.13 1042.69 1009.34 975.98 940.47 940.47 940.47 951.23 961.99 972.75 982.44 992.12 1002.88 1002.88 1002.88 981.36 959.84 937.24 916.8 895.28 873.75 873.75 873.75 851.16 827.48 802.73 780.14 756.46 733.87 733.87 733.87 732.79 731.72 730.64 728.49 727.41 726.33 726.33 726.33 751.08 775.83 800.58 826.41 851.16 875.91 875.91 875.91 873.75 872.68 870.53 868.37 866.22 864.07 864.07 864.07 878.06 892.05 904.96 918.95 931.86 945.85 945.85 945.85 945.85 944.77 944.77 943.7 943.7 943.7 943.7 943.7 871.6 798.43 726.33 652.09 579.99 506.82 506.82 506.82 596.13 685.45 772.61 861.92 950.15 1038.39 1038.39 1038.39 979.21 918.95 858.69 798.43 739.25 680.06 680.06 680.06 591.83 503.59 417.51 329.27 242.11 154.95 154.95 154.95 202.3 251.8 299.14 347.56 395.99 443.33 443.33 443.33 437.95 431.5 426.12 419.66 413.2 407.82 407.82 407.82 399.22 390.61 382.0 373.39 363.71 355.1 355.1 355.1 491.76 628.41 765.07 901.73 1038.39 1175.05 1175.05 1175.05 1109.41 1043.77 979.21 912.49 847.93 781.21 781.21 781.21 722.03 663.92 603.67
configurarSolver --Gurobi
resolver --noConstante ejecuciones/bancos/recombinados/v1/directo/sgtm/v1_sgtm_000107.csv
finalizar
