inicializar --t 360
agregarAgente --SaltoGrande
0.001192
2618270994.0
4997.0 4998.0 4999.0 4999.0 4991.0 4982.0 4973.0 4964.0 4955.0 4946.0 4938.0 4929.0 4911.0 4902.0 4893.0 4884.0 4875.0 4866.0 4857.0 4848.0 4830.0 4821.0 4813.0 4804.0 4795.0 4786.0 4777.0 4768.0 4755.0 4752.0 4748.0 4745.0 4741.0 4737.0 4734.0 4730.0 4723.0 4719.0 4716.0 4712.0 4709.0 4705.0 4702.0 4698.0 4691.0 4687.0 4684.0 4680.0 4676.0 4673.0 4669.0 4666.0 4676.0 4690.0 4704.0 4718.0 4732.0 4746.0 4760.0 4774.0 4802.0 4816.0 4830.0 4844.0 4859.0 4873.0 4887.0 4901.0 4929.0 4943.0 4957.0 4971.0 4985.0 4999.0 5013.0 5027.0 5037.0 5033.0 5028.0 5024.0 5020.0 5016.0 5011.0 5007.0 4999.0 4995.0 4990.0 4986.0 4982.0 4978.0 4973.0 4969.0 4961.0 4957.0 4952.0 4948.0 4944.0 4940.0 4935.0 4931.0 4931.0 4936.0 4940.0 4944.0 4948.0 4953.0 4957.0 4961.0 4970.0 4974.0 4979.0 4983.0 4987.0 4991.0 4996.0 5000.0 5009.0 5013.0 5017.0 5022.0 5026.0 5030.0 5034.0 5039.0 5032.0 5022.0 5011.0 5001.0 4990.0 4979.0 4969.0 4958.0 4937.0 4926.0 4916.0 4905.0 4895.0 4884.0 4874.0 4863.0 4842.0 4831.0 4821.0 4810.0 4799.0 4789.0 4778.0 4768.0 4746.0 4734.0 4723.0 4711.0 4700.0 4688.0 4677.0 4665.0 4643.0 4631.0 4620.0 4608.0 4597.0 4585.0 4574.0 4562.0 4540.0 4528.0 4517.0 4505.0 4494.0 4482.0 4471.0 4459.0 4473.0 4499.0 4524.0 4550.0 4575.0 4601.0 4626.0 4652.0 4703.0 4728.0 4754.0 4779.0 4805.0 4830.0 4856.0 4881.0 4932.0 4958.0 4983.0 5009.0 5034.0 5060.0 5085.0 5111.0 5168.0 5199.0 5231.0 5262.0 5294.0 5325.0 5357.0 5388.0 5451.0 5483.0 5514.0 5546.0 5577.0 5609.0 5640.0 5672.0 5735.0 5766.0 5798.0 5829.0 5861.0 5892.0 5924.0 5955.0 5983.0 5979.0 5976.0 5972.0 5968.0 5964.0 5960.0 5956.0 5949.0 5945.0 5941.0 5937.0 5934.0 5930.0 5926.0 5922.0 5915.0 5911.0 5907.0 5903.0 5899.0 5895.0 5892.0 5888.0 5877.0 5871.0 5864.0 5857.0 5851.0 5844.0 5837.0 5831.0 5817.0 5811.0 5804.0 5797.0 5791.0 5784.0 5777.0 5771.0 5757.0 5751.0 5744.0 5737.0 5731.0 5724.0 5717.0 5711.0 5695.0 5686.0 5677.0 5668.0 5659.0 5650.0 5641.0 5632.0 5614.0 5605.0 5596.0 5587.0 5578.0 5569.0 5560.0 5551.0 5533.0 5524.0 5515.0 5506.0 5497.0 5488.0 5479.0 5470.0 5459.0 5456.0 5454.0 5452.0 5449.0 5447.0 5444.0 5442.0 5437.0 5435.0 5433.0 5430.0 5428.0 5425.0 5423.0 5421.0 5416.0 5414.0 5411.0 5409.0 5406.0 5404.0 5402.0 5399.0 5452.0 5507.0 5562.0 5617.0 5671.0 5726.0 5781.0 5836.0 5946.0 6001.0 6056.0 6111.0 6165.0 6220.0 6275.0 6330.0 6440.0 6495.0 6550.0 6605.0 6659.0 6714.0 6769.0 6824.0 6861.0 6844.0 6826.0 6809.0 6791.0 6773.0 6756.0 6738.0 6703.0 6685.0 6668.0 6650.0 6633.0 6615.0 6598.0 6580.0 6545.0 6527.0 6510.0 6492.0
agregarAgente --UnidadTermicaSimple
200.0
100.0
agregarAgente --DemandaFija
295.8 295.8 295.8 295.8 295.8 311.4 327.6 343.8 359.4 376.2 392.4 392.4 392.4 379.8 367.2 355.2 342.6 330.6 318.6 318.6 318.6 338.4 358.2 378.6 398.4 418.2 438.0 438.0 438.0 470.4 501.6 532.8 564.6 595.8 628.2 628.2 628.2 624.6 621.0 617.4 613.2 609.6 606.6 606.6 606.6 577.2 547.8 517.8 489.0 459.6 429.6 429.6 429.6 436.8 444.0 452.4 459.6 466.8 474.0 474.0 474.0 478.2 482.4 486.6 490.2 494.4 498.6 498.6 498.6 469.8 439.8 411.0 381.6 352.2 322.8 322.8 322.8 339.0 354.6 370.8 386.4 402.0 417.6 417.6 417.6 424.8 431.4 438.6 445.2 453.0 459.6 459.6 459.6 408.6 357.6 307.2 256.2 205.8 154.8 154.8 154.8 187.2 220.8 253.8 286.2 319.8 352.8 352.8 352.8 380.4 408.0 435.6 463.8 491.4 518.4 518.4 518.4 495.6 472.2 448.8 426.0 402.6 379.8 379.8 379.8 360.0 340.8 321.6 302.4 282.6 263.4 263.4 263.4 278.4 294.0 308.4 323.4 337.8 352.8 352.8 352.8 302.4 250.8 199.8 149.4 97.8 47.4 47.4 47.4 97.8 148.8 199.2 250.2 301.2 351.6 351.6 351.6 393.0 433.2 474.6 515.4 556.2 597.0 597.0 597.0 520.2 444.0 367.2 291.0 214.8 138.0 138.0 138.0 208.8 279.0 350.4 421.2 492.0 562.8 562.8 562.8 531.6 501.0 470.4 439.2 408.6 378.0 378.0 378.0 329.4 280.2 232.2 183.0 135.0 86.4 86.4 86.4 146.4 207.0 266.4 326.4 387.0 446.4 446.4 446.4 416.4 387.0 356.4 326.4 296.4 265.8 265.8 265.8 247.8 230.4 212.4 193.8 176.4 158.4 158.4 158.4 255.6 352.8 450.6 548.4 645.6 742.8 742.8 742.8 722.4 701.4 680.4 659.4 638.4 618.0 618.0 618.0 593.4 569.4 545.4 520.8 496.8 472.8 472.8 472.8 543.6 613.8 684.0 754.8 825.6 896.4 896.4 896.4 841.8 788.4 734.4 680.4 626.4 572.4 572.4 572.4 529.2 486.6 444.0 401.4 358.2 315.6 315.6 315.6 385.2 454.8 523.8 592.8 662.4 732.0 732.0 732.0 708.6 684.0 660.0 636.6 612.0 588.0 588.0 588.0 571.8 555.6 540.0 523.2 507.0 490.8 490.8 490.8 524.4 558.6 592.2 626.4 660.0 693.6 693.6 693.6 671.4 649.8 628.2 605.4 583.8 562.2 562.2 562.2 554.4 547.2 540.0 532.2 524.4 517.2 517.2 517.2 509.4 501.0 493.2 485.4 477.0 469.2 469.2 469.2 417.0 364.8 313.2 261.6 210.0 157.8 157.8 157.8 141.6 125.4 108.6 92.4 76.2 60.0 60.0 60.0 91.2 121.8 153.0 184.2 215.4 246.6 246.6 246.6 282.0 318.0 354.0 390.0 425.4 462.0 462.0 462.0 450.0 439.2 427.8
crearDespacho --mercado --conDemandaTotal
4
0.02 0.07 0.145 1.0
370.0 600.0 2400.0 4000.0
561.94 561.94 561.94 561.94 561.94 591.57 622.35 653.12 682.76 714.68 745.45 745.45 745.45 721.51 697.58 674.78 650.85 628.05 605.25 605.25 605.25 642.87 680.48 719.24 756.85 794.46 832.08 832.08 832.08 893.63 952.9 1012.17 1072.58 1131.86 1193.41 1193.41 1193.41 1186.57 1179.73 1172.89 1164.91 1158.07 1152.37 1152.37 1152.37 1096.52 1040.67 983.68 928.96 873.11 816.12 816.12 816.12 829.8 843.48 859.43 873.11 886.79 900.47 900.47 900.47 908.45 916.43 924.41 931.24 939.22 947.2 947.2 947.2 892.49 835.5 780.79 724.93 669.08 613.23 613.23 613.23 644.01 673.64 704.42 734.05 763.69 793.32 793.32 793.32 807.0 819.54 833.22 845.76 860.57 873.11 873.11 873.11 776.23 679.34 583.6 486.71 390.96 294.08 294.08 294.08 355.63 419.46 482.15 543.7 607.53 670.22 670.22 670.22 722.65 775.09 827.52 881.09 933.52 984.82 984.82 984.82 941.5 897.05 852.6 809.28 764.83 721.51 721.51 721.51 683.9 647.43 610.95 574.48 536.86 500.39 500.39 500.39 528.88 558.52 585.87 614.37 641.73 670.22 670.22 670.22 574.48 476.45 379.56 283.82 185.79 90.05 90.05 90.05 185.79 282.68 378.42 475.31 572.2 667.94 667.94 667.94 746.59 822.96 901.61 979.12 1056.63 1134.13 1134.13 1134.13 988.24 843.48 697.58 552.82 408.06 262.16 262.16 262.16 396.66 530.02 665.66 800.16 934.66 1069.16 1069.16 1069.16 1009.89 951.76 893.63 834.36 776.23 718.1 718.1 718.1 625.77 532.3 441.12 347.65 256.46 164.14 164.14 164.14 278.12 393.24 506.09 620.07 735.19 848.04 848.04 848.04 791.04 735.19 677.06 620.07 563.08 504.95 504.95 504.95 470.75 437.7 403.5 368.17 335.11 300.92 300.92 300.92 485.57 670.22 856.02 1041.81 1226.46 1411.11 1411.11 1411.11 1372.36 1332.47 1292.57 1252.68 1212.78 1174.03 1174.03 1174.03 1127.3 1081.7 1036.11 989.38 943.78 898.19 898.19 898.19 1032.69 1166.05 1299.41 1433.91 1568.41 1702.91 1702.91 1702.91 1599.19 1497.74 1395.16 1292.57 1189.99 1087.4 1087.4 1087.4 1005.33 924.41 843.48 762.55 680.48 599.55 599.55 599.55 731.77 863.99 995.08 1126.16 1258.38 1390.6 1390.6 1390.6 1346.14 1299.41 1253.82 1209.36 1162.63 1117.04 1117.04 1117.04 1086.26 1055.49 1025.85 993.94 963.16 932.38 932.38 932.38 996.22 1061.19 1125.02 1189.99 1253.82 1317.65 1317.65 1317.65 1275.47 1234.44 1193.41 1150.09 1109.06 1068.02 1068.02 1068.02 1053.21 1039.53 1025.85 1011.03 996.22 982.54 982.54 982.54 967.72 951.76 936.94 922.13 906.17 891.35 891.35 891.35 792.18 693.02 594.99 496.97 398.94 299.78 299.78 299.78 269.0 238.23 206.31 175.53 144.76 113.98 113.98 113.98 173.25 231.39 290.66 349.93 409.2 468.47 468.47 468.47 535.72 604.11 672.5 740.89 808.14 877.67 877.67 877.67 854.88 834.36 812.7
configurarSolver --Gurobi
resolver --noConstante ejecuciones/bancos/recombinados/v1/directo/sgtm/v1_sgtm_000207.csv
finalizar
