inicializar --t 360
agregarAgente --SaltoGrande
0.006866
1115367887.0
4429.0 4465.0 4500.0 4536.0 4639.0 4705.0 4772.0 4839.0 4906.0 4972.0 5039.0 5106.0 5239.0 5306.0 5373.0 5440.0 5506.0 5573.0 5640.0 5707.0 5840.0 5907.0 5974.0 6040.0 6107.0 6174.0 6241.0 6307.0 6456.0 6537.0 6619.0 6701.0 6783.0 6864.0 6946.0 7028.0 7191.0 7273.0 7355.0 7437.0 7518.0 7600.0 7682.0 7764.0 7927.0 8009.0 8091.0 8172.0 8254.0 8336.0 8418.0 8499.0 8609.0 8636.0 8664.0 8692.0 8719.0 8747.0 8775.0 8802.0 8858.0 8885.0 8913.0 8941.0 8968.0 8996.0 9024.0 9051.0 9107.0 9134.0 9162.0 9190.0 9217.0 9245.0 9273.0 9300.0 9337.0 9347.0 9356.0 9365.0 9374.0 9384.0 9393.0 9402.0 9421.0 9430.0 9439.0 9448.0 9458.0 9467.0 9476.0 9485.0 9504.0 9513.0 9522.0 9532.0 9541.0 9550.0 9559.0 9569.0 9563.0 9548.0 9533.0 9519.0 9504.0 9489.0 9474.0 9459.0 9429.0 9415.0 9400.0 9385.0 9370.0 9355.0 9340.0 9326.0 9296.0 9281.0 9266.0 9251.0 9236.0 9222.0 9207.0 9192.0 9139.0 9102.0 9064.0 9026.0 8989.0 8951.0 8913.0 8876.0 8800.0 8763.0 8725.0 8687.0 8650.0 8612.0 8574.0 8537.0 8461.0 8424.0 8386.0 8348.0 8311.0 8273.0 8235.0 8198.0 8103.0 8046.0 7988.0 7931.0 7874.0 7817.0 7760.0 7703.0 7588.0 7531.0 7474.0 7417.0 7359.0 7302.0 7245.0 7188.0 7073.0 7016.0 6959.0 6902.0 6845.0 6788.0 6730.0 6673.0 6584.0 6553.0 6521.0 6490.0 6458.0 6427.0 6395.0 6364.0 6301.0 6269.0 6238.0 6206.0 6175.0 6143.0 6112.0 6080.0 6017.0 5986.0 5954.0 5923.0 5891.0 5860.0 5828.0 5797.0 5725.0 5684.0 5644.0 5603.0 5563.0 5523.0 5482.0 5442.0 5361.0 5321.0 5280.0 5240.0 5199.0 5159.0 5118.0 5078.0 4997.0 4957.0 4916.0 4876.0 4836.0 4795.0 4755.0 4714.0 4648.0 4623.0 4597.0 4571.0 4545.0 4520.0 4494.0 4468.0 4417.0 4391.0 4366.0 4340.0 4314.0 4288.0 4263.0 4237.0 4186.0 4160.0 4134.0 4109.0 4083.0 4057.0 4031.0 4006.0 3950.0 3920.0 3891.0 3861.0 3831.0 3801.0 3772.0 3742.0 3682.0 3652.0 3623.0 3593.0 3563.0 3533.0 3504.0 3474.0 3414.0 3384.0 3355.0 3325.0 3295.0 3265.0 3236.0 3206.0 3161.0 3145.0 3130.0 3114.0 3099.0 3083.0 3068.0 3052.0 3021.0 3006.0 2990.0 2975.0 2959.0 2944.0 2928.0 2913.0 2882.0 2866.0 2851.0 2835.0 2820.0 2804.0 2789.0 2773.0 2755.0 2753.0 2750.0 2747.0 2744.0 2742.0 2739.0 2736.0 2731.0 2728.0 2726.0 2723.0 2720.0 2717.0 2715.0 2712.0 2707.0 2704.0 2701.0 2699.0 2696.0 2693.0 2690.0 2688.0 2677.0 2669.0 2661.0 2653.0 2645.0 2637.0 2629.0 2621.0 2605.0 2597.0 2589.0 2581.0 2573.0 2565.0 2557.0 2549.0 2533.0 2525.0 2517.0 2509.0 2501.0 2493.0 2485.0 2477.0 2471.0 2474.0 2476.0 2479.0 2481.0 2483.0 2486.0 2488.0 2493.0 2495.0 2498.0 2500.0 2503.0 2505.0 2508.0 2510.0 2515.0 2517.0 2520.0 2522.0
agregarAgente --UnidadTermicaSimple
200.0
100.0
agregarAgente --DemandaFija
607.8 623.1 638.4 638.4 638.4 710.4 781.5 852.6 923.7 995.7 1066.8 1066.8 1066.8 1002.0 936.3 870.6 804.9 739.2 673.5 673.5 673.5 570.9 469.2 366.6 264.0 161.4 58.8 58.8 58.8 69.6 80.4 93.0 103.8 114.6 125.4 125.4 125.4 137.1 148.8 160.5 173.1 184.8 196.5 196.5 196.5 182.1 166.8 152.4 138.0 122.7 108.3 108.3 108.3 180.3 252.3 324.3 397.2 469.2 541.2 541.2 541.2 551.1 560.1 570.0 579.9 589.8 599.7 599.7 599.7 561.0 523.2 484.5 445.8 408.0 370.2 370.2 370.2 452.1 535.8 618.6 701.4 785.1 867.9 867.9 867.9 867.9 868.8 868.8 868.8 869.7 869.7 869.7 869.7 746.4 622.2 498.9 374.7 251.4 127.2 127.2 127.2 224.4 319.8 417.0 514.2 610.5 707.7 707.7 707.7 729.3 751.8 774.3 795.9 818.4 840.9 840.9 840.9 749.1 656.4 563.7 471.9 380.1 287.4 287.4 287.4 342.3 396.3 450.3 505.2 560.1 615.0 615.0 615.0 613.2 610.5 608.7 606.9 605.1 603.3 603.3 603.3 554.7 507.0 457.5 409.8 362.1 313.5 313.5 313.5 381.0 448.5 516.9 584.4 651.9 719.4 719.4 719.4 738.3 757.2 776.1 795.0 813.0 832.8 832.8 832.8 804.9 777.9 750.9 723.9 696.0 668.1 668.1 668.1 711.3 752.7 794.1 836.4 878.7 920.1 920.1 920.1 928.2 936.3 944.4 954.3 962.4 970.5 970.5 970.5 948.9 929.1 908.4 888.6 867.9 848.1 848.1 848.1 890.4 932.7 975.0 1017.3 1059.6 1102.8 1102.8 1102.8 1083.9 1064.1 1045.2 1026.3 1007.4 988.5 988.5 988.5 959.7 930.9 902.1 874.2 846.3 816.6 816.6 816.6 825.6 834.6 843.6 851.7 859.8 868.8 868.8 868.8 850.8 832.8 813.9 796.8 778.8 760.8 760.8 760.8 741.9 722.1 701.4 682.5 662.7 643.8 643.8 643.8 642.9 642.0 641.1 639.3 638.4 637.5 637.5 637.5 658.2 678.9 699.6 721.2 741.9 762.6 762.6 762.6 760.8 759.9 758.1 756.3 754.5 752.7 752.7 752.7 764.4 776.1 786.9 798.6 809.4 821.1 821.1 821.1 821.1 820.2 820.2 819.3 819.3 819.3 819.3 819.3 759.0 697.8 637.5 575.4 515.1 453.9 453.9 453.9 528.6 603.3 676.2 750.9 824.7 898.5 898.5 898.5 849.0 798.6 748.2 697.8 648.3 598.8 598.8 598.8 525.0 451.2 379.2 305.4 232.5 159.6 159.6 159.6 199.2 240.6 280.2 320.7 361.2 400.8 400.8 400.8 396.3 390.9 386.4 381.0 375.6 371.1 371.1 371.1 363.9 356.7 349.5 342.3 334.2 327.0 327.0 327.0 441.3 555.6 669.9 784.2 898.5 1012.8 1012.8 1012.8 957.9 903.0 849.0 793.2 739.2 683.4 683.4 683.4 633.9 585.3 534.9
crearDespacho --mercado --conDemandaTotal
4
0.02 0.07 0.145 1.0
370.0 600.0 2400.0 4000.0
670.96 687.85 704.74 704.74 704.74 784.23 862.71 941.2 1019.69 1099.17 1177.66 1177.66 1177.66 1106.13 1033.6 961.07 888.55 816.02 743.49 743.49 743.49 630.23 517.96 404.7 291.44 178.17 64.91 64.91 64.91 76.83 88.76 102.66 114.59 126.51 138.43 138.43 138.43 151.35 164.26 177.18 191.09 204.0 216.92 216.92 216.92 201.02 184.13 168.24 152.34 135.45 119.55 119.55 119.55 199.04 278.52 358.0 438.48 517.96 597.44 597.44 597.44 608.37 618.31 629.24 640.16 651.09 662.02 662.02 662.02 619.3 577.57 534.85 492.13 450.4 408.67 408.67 408.67 499.08 591.48 682.89 774.29 866.69 958.09 958.09 958.09 958.09 959.09 959.09 959.09 960.08 960.08 960.08 960.08 823.97 686.86 550.75 413.64 277.53 140.42 140.42 140.42 247.72 353.03 460.34 567.64 673.94 781.25 781.25 781.25 805.09 829.93 854.77 878.61 903.45 928.29 928.29 928.29 826.95 724.61 622.28 520.94 419.6 317.27 317.27 317.27 377.87 437.48 497.1 557.7 618.31 678.91 678.91 678.91 676.92 673.94 671.96 669.97 667.98 666.0 666.0 666.0 612.35 559.69 505.04 452.39 399.73 346.08 346.08 346.08 420.59 495.11 570.62 645.13 719.65 794.16 794.16 794.16 815.03 835.89 856.75 877.62 897.49 919.35 919.35 919.35 888.55 858.74 828.93 799.13 768.33 737.53 737.53 737.53 785.22 830.92 876.62 923.32 970.02 1015.72 1015.72 1015.72 1024.66 1033.6 1042.54 1053.47 1062.41 1071.36 1071.36 1071.36 1047.51 1025.65 1002.8 980.94 958.09 936.24 936.24 936.24 982.93 1029.63 1076.32 1123.02 1169.72 1217.4 1217.4 1217.4 1196.54 1174.68 1153.82 1132.95 1112.09 1091.23 1091.23 1091.23 1059.43 1027.64 995.85 965.05 934.25 901.46 901.46 901.46 911.4 921.33 931.27 940.21 949.15 959.09 959.09 959.09 939.22 919.35 898.48 879.6 859.73 839.86 839.86 839.86 819.0 797.14 774.29 753.43 731.57 710.7 710.7 710.7 709.71 708.72 707.72 705.74 704.74 703.75 703.75 703.75 726.6 749.45 772.3 796.15 819.0 841.85 841.85 841.85 839.86 838.87 836.88 834.9 832.91 830.92 830.92 830.92 843.84 856.75 868.68 881.59 893.51 906.43 906.43 906.43 906.43 905.44 905.44 904.44 904.44 904.44 904.44 904.44 837.88 770.32 703.75 635.2 568.63 501.07 501.07 501.07 583.53 666.0 746.47 828.93 910.4 991.87 991.87 991.87 937.23 881.59 825.95 770.32 715.67 661.03 661.03 661.03 579.56 498.09 418.61 337.14 256.66 176.19 176.19 176.19 219.9 265.6 309.32 354.03 398.74 442.45 442.45 442.45 437.48 431.52 426.56 420.59 414.63 409.67 409.67 409.67 401.72 393.77 385.82 377.87 368.93 360.98 360.98 360.98 487.16 613.34 739.52 865.7 991.87 1118.05 1118.05 1118.05 1057.45 996.84 937.23 875.63 816.02 754.42 754.42 754.42 699.78 646.13 590.49
configurarSolver --Gurobi
resolver --noConstante ejecuciones/bancos/recombinados/v1/directo/sgtm/v1_sgtm_000211.csv
finalizar
