inicializar --t 360
agregarAgente --SaltoGrande
0.000384
2108599337.0
3015.0 3010.0 3005.0 2999.0 2991.0 2987.0 2984.0 2980.0 2977.0 2973.0 2970.0 2966.0 2960.0 2956.0 2953.0 2949.0 2946.0 2942.0 2939.0 2935.0 2929.0 2925.0 2922.0 2918.0 2915.0 2911.0 2908.0 2904.0 2907.0 2912.0 2918.0 2924.0 2929.0 2935.0 2941.0 2946.0 2958.0 2963.0 2969.0 2975.0 2980.0 2986.0 2992.0 2997.0 3009.0 3014.0 3020.0 3026.0 3031.0 3037.0 3043.0 3048.0 3063.0 3072.0 3082.0 3091.0 3100.0 3109.0 3118.0 3127.0 3146.0 3155.0 3164.0 3173.0 3183.0 3192.0 3201.0 3210.0 3229.0 3238.0 3247.0 3256.0 3265.0 3274.0 3284.0 3293.0 3304.0 3306.0 3308.0 3310.0 3312.0 3314.0 3317.0 3319.0 3323.0 3325.0 3327.0 3329.0 3331.0 3333.0 3335.0 3337.0 3341.0 3343.0 3346.0 3348.0 3350.0 3352.0 3354.0 3356.0 3354.0 3350.0 3347.0 3343.0 3339.0 3335.0 3332.0 3328.0 3320.0 3316.0 3313.0 3309.0 3305.0 3301.0 3298.0 3294.0 3286.0 3282.0 3279.0 3275.0 3271.0 3267.0 3264.0 3260.0 3251.0 3245.0 3240.0 3234.0 3229.0 3223.0 3218.0 3212.0 3201.0 3196.0 3190.0 3185.0 3179.0 3174.0 3168.0 3163.0 3152.0 3146.0 3141.0 3135.0 3130.0 3124.0 3119.0 3113.0 3106.0 3104.0 3103.0 3101.0 3099.0 3097.0 3095.0 3093.0 3090.0 3088.0 3086.0 3084.0 3083.0 3081.0 3079.0 3077.0 3074.0 3072.0 3070.0 3068.0 3066.0 3064.0 3063.0 3061.0 3066.0 3072.0 3079.0 3086.0 3092.0 3099.0 3106.0 3112.0 3126.0 3132.0 3139.0 3146.0 3152.0 3159.0 3166.0 3172.0 3186.0 3192.0 3199.0 3206.0 3212.0 3219.0 3226.0 3232.0 3239.0 3239.0 3239.0 3239.0 3239.0 3239.0 3239.0 3239.0 3239.0 3239.0 3239.0 3239.0 3239.0 3239.0 3239.0 3239.0 3239.0 3239.0 3239.0 3239.0 3239.0 3239.0 3239.0 3239.0 3236.0 3233.0 3229.0 3226.0 3223.0 3220.0 3217.0 3214.0 3207.0 3204.0 3201.0 3198.0 3194.0 3191.0 3188.0 3185.0 3178.0 3175.0 3172.0 3169.0 3166.0 3163.0 3159.0 3156.0 3147.0 3141.0 3135.0 3130.0 3124.0 3118.0 3112.0 3106.0 3094.0 3089.0 3083.0 3077.0 3071.0 3065.0 3059.0 3054.0 3042.0 3036.0 3030.0 3024.0 3018.0 3013.0 3007.0 3001.0 2993.0 2992.0 2990.0 2988.0 2987.0 2985.0 2983.0 2982.0 2978.0 2977.0 2975.0 2973.0 2972.0 2970.0 2968.0 2967.0 2963.0 2962.0 2960.0 2958.0 2957.0 2955.0 2953.0 2952.0 2941.0 2931.0 2922.0 2913.0 2904.0 2894.0 2885.0 2876.0 2857.0 2848.0 2839.0 2830.0 2820.0 2811.0 2802.0 2793.0 2774.0 2765.0 2756.0 2746.0 2737.0 2728.0 2719.0 2709.0 2702.0 2703.0 2705.0 2707.0 2708.0 2710.0 2712.0 2713.0 2717.0 2718.0 2720.0 2722.0 2723.0 2725.0 2727.0 2728.0 2732.0 2733.0 2735.0 2737.0 2738.0 2740.0 2742.0 2743.0 2750.0 2755.0 2760.0 2765.0 2770.0 2775.0 2780.0 2785.0 2795.0 2800.0 2805.0 2810.0 2816.0 2821.0 2826.0 2831.0 2841.0 2846.0 2851.0 2856.0
agregarAgente --UnidadTermicaSimple
200.0
100.0
agregarAgente --DemandaFija
291.9 279.3 265.8 255.9 240.6 235.2 229.8 224.4 218.1 211.8 206.4 202.8 211.8 222.6 234.3 246.0 257.7 267.6 280.2 291.0 295.5 295.5 294.6 293.7 293.7 292.8 291.9 284.7 291.9 308.1 325.2 341.4 357.6 374.7 391.8 405.3 419.7 412.5 407.1 400.8 394.5 389.1 381.9 381.9 378.3 373.8 369.3 365.7 361.2 357.6 353.1 348.6 356.7 364.8 372.9 381.9 390.9 399.0 408.0 419.7 431.4 433.2 435.0 435.9 437.7 438.6 440.4 440.4 441.3 441.3 442.2 441.3 441.3 440.4 440.4 440.4 444.0 447.6 450.3 453.0 456.6 459.3 462.0 464.7 464.7 463.8 463.8 462.9 462.9 462.9 462.0 457.5 454.8 453.9 453.0 452.1 452.1 451.2 451.2 451.2 453.9 466.5 479.1 491.7 504.3 517.8 531.3 533.1 535.8 549.3 563.7 576.3 589.8 603.3 616.8 616.8 606.0 579.0 551.1 524.1 496.2 468.3 440.4 428.7 416.1 408.0 399.9 390.9 384.6 375.6 367.5 365.7 369.3 396.3 423.3 450.3 477.3 504.3 530.4 536.7 538.5 515.1 490.8 466.5 443.1 418.8 394.5 391.8 385.5 390.0 395.4 401.7 406.2 411.6 416.1 415.2 419.7 438.6 457.5 475.5 494.4 512.4 531.3 538.5 540.3 528.6 516.0 502.5 491.7 479.1 467.4 462.9 457.5 443.1 428.7 414.3 400.8 386.4 372.9 372.0 381.0 412.5 444.0 475.5 507.0 538.5 570.0 579.0 589.8 578.1 568.2 556.5 545.7 534.0 525.0 525.9 536.7 552.0 567.3 581.7 597.0 611.4 625.8 635.7 645.6 634.8 624.0 612.3 601.5 588.9 578.1 579.0 579.9 575.4 570.9 568.2 562.8 558.3 553.8 554.7 559.2 563.7 567.3 570.9 574.5 578.1 582.6 586.2 590.7 598.8 606.9 614.1 621.3 628.5 637.5 638.4 636.6 625.8 616.8 606.9 597.9 587.1 578.1 574.5 576.3 583.5 590.7 597.9 605.1 612.3 619.5 624.0 629.4 635.7 643.8 650.1 657.3 662.7 669.9 671.7 669.9 657.3 646.5 635.7 624.0 612.3 600.6 597.9 597.9 603.3 609.6 614.1 619.5 624.0 629.4 633.0 635.7 638.4 641.1 643.8 646.5 649.2 651.9 651.9 650.1 644.7 638.4 631.2 624.9 619.5 612.3 611.4 611.4 615.9 621.3 626.7 631.2 636.6 642.0 643.8 644.7 643.8 642.0 641.1 639.3 638.4 636.6 636.6 633.9 628.5 624.0 619.5 613.2 608.7 603.3 601.5 597.9 597.0 595.2 595.2 594.3 592.5 592.5 591.6 589.8 593.4 597.9 601.5 605.1 607.8 611.4 611.4 597.0 578.1 560.1 541.2 523.2 504.3 485.4 471.0 454.8 453.9 453.0 452.1 451.2 449.4 449.4 447.6 452.1 458.4 465.6 471.9 478.2 484.5 491.7 497.1 494.4 488.1 482.7 476.4
crearDespacho --mercado --conDemandaTotal
4
0.02 0.07 0.145 1.0
370.0 600.0 2400.0 4000.0
405.51 388.01 369.26 355.5 334.25 326.75 319.24 311.74 302.99 294.24 286.74 281.73 294.24 309.24 325.49 341.75 358.0 371.76 389.26 404.26 410.52 410.52 409.27 408.01 408.01 406.76 405.51 395.51 405.51 428.02 451.78 474.28 496.79 520.54 544.3 563.05 583.06 573.05 565.55 556.8 548.05 540.55 530.54 530.54 525.54 519.29 513.04 508.04 501.79 496.79 490.53 484.28 495.54 506.79 518.04 530.54 543.05 554.3 566.8 583.06 599.31 601.81 604.31 605.56 608.06 609.31 611.81 611.81 613.06 613.06 614.31 613.06 613.06 611.81 611.81 611.81 616.81 621.82 625.57 629.32 634.32 638.07 641.82 645.57 645.57 644.32 644.32 643.07 643.07 643.07 641.82 635.57 631.82 630.57 629.32 628.07 628.07 626.82 626.82 626.82 630.57 648.07 665.58 683.08 700.59 719.34 738.09 740.59 744.35 763.1 783.1 800.61 819.36 838.12 856.87 856.87 841.87 804.36 765.6 728.09 689.33 650.57 611.81 595.56 578.06 566.8 555.55 543.05 534.3 521.79 510.54 508.04 513.04 550.55 588.06 625.57 663.08 700.59 736.84 745.6 748.1 715.59 681.83 648.07 615.56 581.81 548.05 544.3 535.55 541.8 549.3 558.05 564.3 571.8 578.06 576.81 583.06 609.31 635.57 660.58 686.83 711.84 738.09 748.1 750.6 734.34 716.84 698.08 683.08 665.58 649.32 643.07 635.57 615.56 595.56 575.56 556.8 536.8 518.04 516.79 529.29 573.05 616.81 660.58 704.34 748.1 791.86 804.36 819.36 803.11 789.36 773.1 758.1 741.85 729.34 730.59 745.6 766.85 788.11 808.11 829.37 849.37 869.38 883.13 896.88 881.88 866.88 850.62 835.62 818.11 803.11 804.36 805.61 799.36 793.11 789.36 781.85 775.6 769.35 770.6 776.85 783.1 788.11 793.11 798.11 803.11 809.36 814.36 820.61 831.87 843.12 853.12 863.12 873.13 885.63 886.88 884.38 869.38 856.87 843.12 830.62 815.61 803.11 798.11 800.61 810.61 820.61 830.62 840.62 850.62 860.62 866.88 874.38 883.13 894.38 903.13 913.14 920.64 930.64 933.14 930.64 913.14 898.13 883.13 866.88 850.62 834.37 830.62 830.62 838.12 846.87 853.12 860.62 866.88 874.38 879.38 883.13 886.88 890.63 894.38 898.13 901.88 905.63 905.63 903.13 895.63 886.88 876.88 868.13 860.62 850.62 849.37 849.37 855.62 863.12 870.63 876.88 884.38 891.88 894.38 895.63 894.38 891.88 890.63 888.13 886.88 884.38 884.38 880.63 873.13 866.88 860.62 851.87 845.62 838.12 835.62 830.62 829.37 826.87 826.87 825.62 823.11 823.11 821.86 819.36 824.36 830.62 835.62 840.62 844.37 849.37 849.37 829.37 803.11 778.1 751.85 726.84 700.59 674.33 654.32 631.82 630.57 629.32 628.07 626.82 624.32 624.32 621.82 628.07 636.82 646.82 655.57 664.33 673.08 683.08 690.58 686.83 678.08 670.58 661.83
configurarSolver --Gurobi
resolver --noConstante ejecuciones/bancos/recombinados/v1/directo/sgtm/v1_sgtm_000195.csv
finalizar
