inicializar --t 360
agregarAgente --SaltoGrande
0.001841
1731181336.0
1965.0 1961.0 1957.0 1953.0 1947.0 1946.0 1944.0 1943.0 1941.0 1939.0 1938.0 1936.0 1933.0 1931.0 1930.0 1928.0 1927.0 1925.0 1924.0 1922.0 1919.0 1917.0 1916.0 1914.0 1912.0 1911.0 1909.0 1908.0 1908.0 1909.0 1911.0 1913.0 1915.0 1916.0 1918.0 1920.0 1923.0 1925.0 1926.0 1928.0 1930.0 1932.0 1933.0 1935.0 1938.0 1940.0 1942.0 1943.0 1945.0 1947.0 1949.0 1950.0 1961.0 1971.0 1980.0 1989.0 1999.0 2008.0 2018.0 2027.0 2046.0 2055.0 2064.0 2074.0 2083.0 2093.0 2102.0 2111.0 2130.0 2139.0 2149.0 2158.0 2168.0 2177.0 2186.0 2196.0 2212.0 2219.0 2226.0 2233.0 2240.0 2247.0 2255.0 2262.0 2276.0 2283.0 2290.0 2297.0 2304.0 2311.0 2318.0 2325.0 2339.0 2346.0 2354.0 2361.0 2368.0 2375.0 2382.0 2389.0 2395.0 2393.0 2392.0 2391.0 2389.0 2388.0 2387.0 2385.0 2383.0 2381.0 2380.0 2379.0 2377.0 2376.0 2375.0 2373.0 2371.0 2369.0 2368.0 2367.0 2365.0 2364.0 2363.0 2361.0 2358.0 2356.0 2354.0 2351.0 2349.0 2347.0 2345.0 2343.0 2339.0 2336.0 2334.0 2332.0 2330.0 2328.0 2326.0 2323.0 2319.0 2317.0 2315.0 2313.0 2311.0 2308.0 2306.0 2304.0 2308.0 2314.0 2320.0 2326.0 2331.0 2337.0 2343.0 2349.0 2361.0 2367.0 2373.0 2379.0 2384.0 2390.0 2396.0 2402.0 2414.0 2420.0 2426.0 2432.0 2437.0 2443.0 2449.0 2455.0 2449.0 2437.0 2425.0 2413.0 2401.0 2389.0 2378.0 2366.0 2342.0 2330.0 2318.0 2306.0 2294.0 2282.0 2270.0 2258.0 2234.0 2222.0 2211.0 2199.0 2187.0 2175.0 2163.0 2151.0 2134.0 2128.0 2123.0 2117.0 2112.0 2106.0 2101.0 2095.0 2084.0 2079.0 2073.0 2068.0 2062.0 2057.0 2051.0 2046.0 2035.0 2029.0 2024.0 2018.0 2013.0 2007.0 2002.0 1996.0 1993.0 1995.0 1998.0 2000.0 2002.0 2004.0 2006.0 2008.0 2013.0 2015.0 2017.0 2019.0 2022.0 2024.0 2026.0 2028.0 2033.0 2035.0 2037.0 2039.0 2041.0 2043.0 2046.0 2048.0 2063.0 2076.0 2088.0 2101.0 2114.0 2127.0 2140.0 2153.0 2178.0 2191.0 2204.0 2217.0 2229.0 2242.0 2255.0 2268.0 2293.0 2306.0 2319.0 2332.0 2345.0 2358.0 2370.0 2383.0 2402.0 2407.0 2413.0 2419.0 2425.0 2430.0 2436.0 2442.0 2453.0 2459.0 2464.0 2470.0 2476.0 2482.0 2487.0 2493.0 2504.0 2510.0 2516.0 2521.0 2527.0 2533.0 2539.0 2544.0 2569.0 2588.0 2607.0 2627.0 2646.0 2665.0 2684.0 2703.0 2741.0 2761.0 2780.0 2799.0 2818.0 2837.0 2856.0 2876.0 2914.0 2933.0 2952.0 2971.0 2990.0 3010.0 3029.0 3048.0 3087.0 3107.0 3127.0 3147.0 3167.0 3187.0 3206.0 3226.0 3266.0 3286.0 3306.0 3326.0 3346.0 3366.0 3386.0 3406.0 3446.0 3466.0 3485.0 3505.0 3525.0 3545.0 3565.0 3585.0 3641.0 3677.0 3712.0 3748.0 3784.0 3820.0 3856.0 3892.0 3963.0 3999.0 4035.0 4071.0 4106.0 4142.0 4178.0 4214.0 4285.0 4321.0 4357.0 4393.0
agregarAgente --UnidadTermicaSimple
200.0
100.0
agregarAgente --DemandaFija
258.6 190.8 122.4 122.4 122.4 146.4 169.8 193.2 217.2 240.6 264.0 264.0 264.0 265.8 267.6 269.4 271.2 273.0 274.8 274.8 274.8 232.2 189.0 146.4 103.8 61.2 18.0 18.0 18.0 47.4 76.2 105.6 135.0 163.8 192.6 192.6 192.6 206.4 220.2 233.4 246.6 259.8 273.0 273.0 273.0 232.2 190.8 150.0 108.0 67.2 25.8 25.8 25.8 58.2 90.0 121.8 154.2 186.0 218.4 218.4 218.4 257.4 297.0 336.0 375.6 414.6 454.2 454.2 454.2 417.6 381.6 344.4 308.4 271.8 235.2 235.2 235.2 283.2 331.2 379.2 426.6 475.2 522.6 522.6 522.6 559.8 596.4 633.0 669.6 706.8 743.4 743.4 743.4 694.8 646.8 597.6 549.6 501.0 453.0 453.0 453.0 505.2 558.0 610.2 663.6 716.4 768.6 768.6 768.6 780.0 791.4 802.2 813.6 824.4 835.8 835.8 835.8 794.4 751.8 710.4 668.4 627.0 585.0 585.0 585.0 612.0 640.2 667.8 694.8 723.0 750.0 750.0 750.0 775.8 802.2 827.4 853.2 879.0 904.8 904.8 904.8 846.6 789.0 730.8 672.6 613.8 556.2 556.2 556.2 557.4 558.0 558.6 559.2 559.8 561.0 561.0 561.0 538.2 514.8 492.0 469.2 446.4 423.6 423.6 423.6 365.4 308.4 250.8 193.2 135.6 78.0 78.0 78.0 111.0 145.2 178.2 212.4 245.4 279.0 279.0 279.0 305.4 331.2 357.0 383.4 409.2 435.0 435.0 435.0 402.0 367.8 334.2 300.6 266.4 233.4 233.4 233.4 273.0 313.2 352.8 393.0 432.6 472.8 472.8 472.8 472.2 471.0 469.8 469.2 468.0 467.4 467.4 467.4 415.8 364.2 313.2 261.6 210.6 159.6 159.6 159.6 230.4 301.8 372.6 443.4 514.2 585.6 585.6 585.6 556.8 528.0 499.2 471.0 441.6 413.4 413.4 413.4 369.6 325.2 280.2 236.4 192.0 148.2 148.2 148.2 207.6 266.4 325.8 385.8 444.6 504.0 504.0 504.0 552.6 600.6 649.2 697.8 745.8 794.4 794.4 794.4 715.8 637.2 558.6 480.0 401.4 322.8 322.8 322.8 340.8 359.4 378.0 396.6 414.6 433.2 433.2 433.2 472.8 511.8 552.0 591.0 630.6 669.6 669.6 669.6 637.2 604.2 571.8 539.4 506.4 474.0 474.0 474.0 486.6 499.2 511.2 523.8 537.0 549.6 549.6 549.6 500.4 450.6 401.4 352.2 303.0 253.2 253.2 253.2 214.2 174.0 135.0 94.8 55.2 15.6 15.6 15.6 59.4 102.6 146.4 189.6 233.4 276.6 276.6 276.6 330.6 384.6 438.0 492.6 546.6 600.0 600.0 600.0 570.0 540.0 509.4 479.4 448.8 418.8 418.8 418.8 469.8 520.2 570.6 621.6 672.0 723.0 723.0 723.0 742.2 761.4 781.8 801.0 820.8 840.0 840.0 840.0 769.8 699.6 629.4
crearDespacho --mercado --conDemandaTotal
4
0.02 0.07 0.145 1.0
370.0 600.0 2400.0 4000.0
525.6 387.79 248.77 248.77 248.77 297.55 345.11 392.67 441.45 489.01 536.57 536.57 536.57 540.23 543.89 547.55 551.2 554.86 558.52 558.52 558.52 471.94 384.14 297.55 210.97 124.39 36.58 36.58 36.58 96.34 154.87 214.63 274.38 332.92 391.45 391.45 391.45 419.5 447.55 474.38 501.21 528.03 554.86 554.86 554.86 471.94 387.79 304.87 219.51 136.58 52.44 52.44 52.44 118.29 182.92 247.55 313.41 378.04 443.89 443.89 443.89 523.16 603.64 682.91 763.39 842.66 923.15 923.15 923.15 848.76 775.59 699.98 626.81 552.42 478.04 478.04 478.04 575.59 673.15 770.71 867.05 965.83 1062.17 1062.17 1062.17 1137.77 1212.16 1286.55 1360.94 1436.55 1510.93 1510.93 1510.93 1412.16 1314.6 1214.6 1117.04 1018.26 920.71 920.71 920.71 1026.8 1134.12 1240.21 1348.74 1456.06 1562.15 1562.15 1562.15 1585.32 1608.49 1630.44 1653.61 1675.56 1698.73 1698.73 1698.73 1614.59 1528.01 1443.86 1358.5 1274.36 1188.99 1188.99 1188.99 1243.87 1301.18 1357.28 1412.16 1469.47 1524.35 1524.35 1524.35 1576.79 1630.44 1681.66 1734.1 1786.54 1838.97 1838.97 1838.97 1720.68 1603.61 1485.33 1367.04 1247.53 1130.46 1130.46 1130.46 1132.9 1134.12 1135.33 1136.55 1137.77 1140.21 1140.21 1140.21 1093.87 1046.31 999.97 953.63 907.29 860.95 860.95 860.95 742.66 626.81 509.74 392.67 275.6 158.53 158.53 158.53 225.6 295.11 362.19 431.7 498.77 567.06 567.06 567.06 620.71 673.15 725.59 779.25 831.68 884.12 884.12 884.12 817.05 747.54 679.25 610.96 541.45 474.38 474.38 474.38 554.86 636.57 717.05 798.76 879.24 960.95 960.95 960.95 959.73 957.29 954.85 953.63 951.19 949.97 949.97 949.97 845.1 740.22 636.57 531.69 428.04 324.38 324.38 324.38 468.28 613.4 757.3 901.19 1045.09 1190.21 1190.21 1190.21 1131.68 1073.14 1014.61 957.29 897.54 840.22 840.22 840.22 751.2 660.96 569.5 480.47 390.23 301.21 301.21 301.21 421.94 541.45 662.18 784.12 903.63 1024.36 1024.36 1024.36 1123.14 1220.7 1319.48 1418.25 1515.81 1614.59 1614.59 1614.59 1454.84 1295.09 1135.33 975.58 815.83 656.08 656.08 656.08 692.66 730.47 768.27 806.08 842.66 880.46 880.46 880.46 960.95 1040.22 1121.92 1201.19 1281.67 1360.94 1360.94 1360.94 1295.09 1228.02 1162.16 1096.31 1029.24 963.39 963.39 963.39 989.0 1014.61 1039.0 1064.61 1091.43 1117.04 1117.04 1117.04 1017.05 915.83 815.83 715.83 615.84 514.62 514.62 514.62 435.35 353.65 274.38 192.68 112.19 31.71 31.71 31.71 120.73 208.53 297.55 385.36 474.38 562.18 562.18 562.18 671.93 781.69 890.22 1001.19 1110.95 1219.48 1219.48 1219.48 1158.5 1097.53 1035.34 974.36 912.17 851.2 851.2 851.2 954.85 1057.29 1159.72 1263.38 1365.82 1469.47 1469.47 1469.47 1508.5 1547.52 1588.98 1628.0 1668.25 1707.27 1707.27 1707.27 1564.59 1421.91 1279.23
configurarSolver --Gurobi
resolver --noConstante ejecuciones/bancos/recombinados/v1/directo/sgtm/v1_sgtm_000472.csv
finalizar
