inicializar --t 360
agregarAgente --SaltoGrande
0.000332
2618270994.0
4997.0 4998.0 4999.0 4999.0 4991.0 4982.0 4973.0 4964.0 4955.0 4946.0 4938.0 4929.0 4911.0 4902.0 4893.0 4884.0 4875.0 4866.0 4857.0 4848.0 4830.0 4821.0 4813.0 4804.0 4795.0 4786.0 4777.0 4768.0 4755.0 4752.0 4748.0 4745.0 4741.0 4737.0 4734.0 4730.0 4723.0 4719.0 4716.0 4712.0 4709.0 4705.0 4702.0 4698.0 4691.0 4687.0 4684.0 4680.0 4676.0 4673.0 4669.0 4666.0 4676.0 4690.0 4704.0 4718.0 4732.0 4746.0 4760.0 4774.0 4802.0 4816.0 4830.0 4844.0 4859.0 4873.0 4887.0 4901.0 4929.0 4943.0 4957.0 4971.0 4985.0 4999.0 5013.0 5027.0 5037.0 5033.0 5028.0 5024.0 5020.0 5016.0 5011.0 5007.0 4999.0 4995.0 4990.0 4986.0 4982.0 4978.0 4973.0 4969.0 4961.0 4957.0 4952.0 4948.0 4944.0 4940.0 4935.0 4931.0 4931.0 4936.0 4940.0 4944.0 4948.0 4953.0 4957.0 4961.0 4970.0 4974.0 4979.0 4983.0 4987.0 4991.0 4996.0 5000.0 5009.0 5013.0 5017.0 5022.0 5026.0 5030.0 5034.0 5039.0 5032.0 5022.0 5011.0 5001.0 4990.0 4979.0 4969.0 4958.0 4937.0 4926.0 4916.0 4905.0 4895.0 4884.0 4874.0 4863.0 4842.0 4831.0 4821.0 4810.0 4799.0 4789.0 4778.0 4768.0 4746.0 4734.0 4723.0 4711.0 4700.0 4688.0 4677.0 4665.0 4643.0 4631.0 4620.0 4608.0 4597.0 4585.0 4574.0 4562.0 4540.0 4528.0 4517.0 4505.0 4494.0 4482.0 4471.0 4459.0 4473.0 4499.0 4524.0 4550.0 4575.0 4601.0 4626.0 4652.0 4703.0 4728.0 4754.0 4779.0 4805.0 4830.0 4856.0 4881.0 4932.0 4958.0 4983.0 5009.0 5034.0 5060.0 5085.0 5111.0 5168.0 5199.0 5231.0 5262.0 5294.0 5325.0 5357.0 5388.0 5451.0 5483.0 5514.0 5546.0 5577.0 5609.0 5640.0 5672.0 5735.0 5766.0 5798.0 5829.0 5861.0 5892.0 5924.0 5955.0 5983.0 5979.0 5976.0 5972.0 5968.0 5964.0 5960.0 5956.0 5949.0 5945.0 5941.0 5937.0 5934.0 5930.0 5926.0 5922.0 5915.0 5911.0 5907.0 5903.0 5899.0 5895.0 5892.0 5888.0 5877.0 5871.0 5864.0 5857.0 5851.0 5844.0 5837.0 5831.0 5817.0 5811.0 5804.0 5797.0 5791.0 5784.0 5777.0 5771.0 5757.0 5751.0 5744.0 5737.0 5731.0 5724.0 5717.0 5711.0 5695.0 5686.0 5677.0 5668.0 5659.0 5650.0 5641.0 5632.0 5614.0 5605.0 5596.0 5587.0 5578.0 5569.0 5560.0 5551.0 5533.0 5524.0 5515.0 5506.0 5497.0 5488.0 5479.0 5470.0 5459.0 5456.0 5454.0 5452.0 5449.0 5447.0 5444.0 5442.0 5437.0 5435.0 5433.0 5430.0 5428.0 5425.0 5423.0 5421.0 5416.0 5414.0 5411.0 5409.0 5406.0 5404.0 5402.0 5399.0 5452.0 5507.0 5562.0 5617.0 5671.0 5726.0 5781.0 5836.0 5946.0 6001.0 6056.0 6111.0 6165.0 6220.0 6275.0 6330.0 6440.0 6495.0 6550.0 6605.0 6659.0 6714.0 6769.0 6824.0 6861.0 6844.0 6826.0 6809.0 6791.0 6773.0 6756.0 6738.0 6703.0 6685.0 6668.0 6650.0 6633.0 6615.0 6598.0 6580.0 6545.0 6527.0 6510.0 6492.0
agregarAgente --UnidadTermicaSimple
200.0
100.0
agregarAgente --DemandaFija
148.8 89.4 29.4 29.4 29.4 48.0 65.4 83.4 101.4 118.8 137.4 137.4 137.4 148.2 159.0 169.2 180.0 190.8 201.0 201.0 201.0 190.8 180.0 169.2 158.4 147.6 137.4 137.4 137.4 181.2 225.6 270.0 314.4 358.2 403.2 403.2 403.2 400.8 399.0 397.2 394.8 393.0 391.2 391.2 391.2 387.6 384.6 381.6 378.6 375.6 372.6 372.6 372.6 391.2 410.4 429.6 448.2 468.0 487.2 487.2 487.2 480.0 472.8 465.6 458.4 450.6 444.0 444.0 444.0 448.2 453.0 457.2 461.4 465.6 469.8 469.8 469.8 487.2 505.2 523.2 541.2 559.2 577.2 577.2 577.2 568.8 560.4 551.4 543.0 534.6 525.6 525.6 525.6 495.0 464.4 432.6 402.0 370.8 339.6 339.6 339.6 290.4 240.0 190.2 141.0 90.6 41.4 41.4 41.4 42.6 43.8 45.0 46.2 48.0 49.2 49.2 49.2 43.2 36.6 30.6 24.6 18.6 12.6 12.6 12.6 28.2 44.4 60.0 75.6 91.2 106.8 106.8 106.8 163.8 221.4 278.4 336.0 393.6 450.6 450.6 450.6 417.0 383.4 349.2 315.6 282.0 248.4 248.4 248.4 242.4 236.4 230.4 224.4 218.4 212.4 212.4 212.4 226.2 240.0 254.4 268.2 282.0 296.4 296.4 296.4 275.4 254.4 234.0 213.6 192.0 171.6 171.6 171.6 175.8 180.0 184.2 188.4 192.6 196.8 196.8 196.8 215.4 232.8 250.2 268.2 285.6 304.2 304.2 304.2 306.0 307.8 309.6 311.4 313.2 315.0 315.0 315.0 331.2 346.8 363.0 379.8 395.4 411.6 411.6 411.6 402.0 391.8 382.2 372.6 361.8 352.2 352.2 352.2 324.0 296.4 267.6 239.4 211.8 183.0 183.0 183.0 185.4 187.8 189.6 192.0 194.4 196.2 196.2 196.2 217.8 239.4 260.4 281.4 303.0 324.0 324.0 324.0 317.4 311.4 304.8 298.8 292.2 285.6 285.6 285.6 327.0 368.4 410.4 451.8 493.2 534.6 534.6 534.6 555.0 575.4 595.8 616.8 636.6 657.0 657.0 657.0 608.4 560.4 511.8 463.8 415.2 366.6 366.6 366.6 379.8 391.8 403.8 416.4 428.4 441.0 441.0 441.0 409.2 378.0 346.2 315.0 283.2 252.0 252.0 252.0 232.2 213.0 193.2 173.4 154.2 135.0 135.0 135.0 164.4 194.4 224.4 254.4 283.8 314.4 314.4 314.4 332.4 350.4 368.4 387.0 405.0 423.6 423.6 423.6 414.6 405.6 397.2 388.2 379.2 370.8 370.8 370.8 426.6 483.6 540.0 596.4 652.8 709.8 709.8 709.8 690.0 670.8 651.6 632.4 613.2 594.0 594.0 594.0 501.6 409.8 318.0 226.2 134.4 42.6 42.6 42.6 93.0 144.6 195.0 246.6 297.6 348.6 348.6 348.6 348.0 347.4 346.8 346.2 345.6 345.0 345.0 345.0 354.6 364.8 375.6
crearDespacho --mercado --conDemandaTotal
4
0.02 0.07 0.145 1.0
370.0 600.0 2400.0 4000.0
331.19 198.98 65.44 65.44 65.44 106.84 145.56 185.63 225.69 264.42 305.82 305.82 305.82 329.85 353.89 376.59 400.63 424.67 447.37 447.37 447.37 424.67 400.63 376.59 352.56 328.52 305.82 305.82 305.82 403.3 502.13 600.95 699.77 797.26 897.42 897.42 897.42 892.08 888.07 884.06 878.72 874.72 870.71 870.71 870.71 862.7 856.02 849.34 842.66 835.99 829.31 829.31 829.31 870.71 913.44 956.18 997.58 1041.65 1084.38 1084.38 1084.38 1068.35 1052.33 1036.3 1020.28 1002.92 988.23 988.23 988.23 997.58 1008.26 1017.61 1026.96 1036.3 1045.65 1045.65 1045.65 1084.38 1124.44 1164.51 1204.57 1244.63 1284.7 1284.7 1284.7 1266.0 1247.3 1227.27 1208.58 1189.88 1169.85 1169.85 1169.85 1101.74 1033.63 962.85 894.75 825.3 755.86 755.86 755.86 646.35 534.18 423.34 313.83 201.65 92.15 92.15 92.15 94.82 97.49 100.16 102.83 106.84 109.51 109.51 109.51 96.15 81.46 68.11 54.75 41.4 28.04 28.04 28.04 62.77 98.82 133.54 168.27 202.99 237.71 237.71 237.71 364.58 492.78 619.65 747.85 876.05 1002.92 1002.92 1002.92 928.13 853.35 777.23 702.44 627.66 552.87 552.87 552.87 539.52 526.16 512.81 499.46 486.1 472.75 472.75 472.75 503.46 534.18 566.23 596.94 627.66 659.71 659.71 659.71 612.97 566.23 520.82 475.42 427.34 381.94 381.94 381.94 391.28 400.63 409.98 419.33 428.68 438.03 438.03 438.03 479.42 518.15 556.88 596.94 635.67 677.07 677.07 677.07 681.08 685.08 689.09 693.1 697.1 701.11 701.11 701.11 737.16 771.89 807.94 845.34 880.06 916.11 916.11 916.11 894.75 872.04 850.68 829.31 805.27 783.91 783.91 783.91 721.14 659.71 595.61 532.84 471.41 407.31 407.31 407.31 412.65 417.99 422.0 427.34 432.68 436.69 436.69 436.69 484.77 532.84 579.58 626.32 674.4 721.14 721.14 721.14 706.45 693.1 678.41 665.05 650.36 635.67 635.67 635.67 727.82 819.96 913.44 1005.59 1097.73 1189.88 1189.88 1189.88 1235.29 1280.69 1326.1 1372.84 1416.91 1462.31 1462.31 1462.31 1354.14 1247.3 1139.13 1032.3 924.13 815.96 815.96 815.96 845.34 872.04 898.75 926.8 953.51 981.55 981.55 981.55 910.77 841.33 770.55 701.11 630.33 560.89 560.89 560.89 516.82 474.08 430.01 385.94 343.21 300.47 300.47 300.47 365.91 432.68 499.46 566.23 631.66 699.77 699.77 699.77 739.84 779.9 819.96 861.36 901.42 942.82 942.82 942.82 922.79 902.76 884.06 864.03 844.0 825.3 825.3 825.3 949.5 1076.37 1201.9 1327.43 1452.96 1579.83 1579.83 1579.83 1535.76 1493.03 1450.29 1407.56 1364.82 1322.09 1322.09 1322.09 1116.43 912.11 707.78 503.46 299.14 94.82 94.82 94.82 206.99 321.84 434.02 548.87 662.38 775.89 775.89 775.89 774.56 773.22 771.89 770.55 769.22 767.88 767.88 767.88 789.25 811.95 835.99
configurarSolver --Gurobi
resolver --noConstante ejecuciones/bancos/recombinados/v1/directo/sgtm/v1_sgtm_000017.csv
finalizar
