inicializar --t 360
agregarAgente --SaltoGrande
0.001251
2509064937.0
6595.0 6561.0 6528.0 6494.0 6421.0 6381.0 6341.0 6301.0 6261.0 6221.0 6181.0 6141.0 6061.0 6021.0 5981.0 5941.0 5900.0 5860.0 5820.0 5780.0 5700.0 5660.0 5620.0 5580.0 5540.0 5500.0 5460.0 5420.0 5353.0 5326.0 5299.0 5272.0 5244.0 5217.0 5190.0 5163.0 5109.0 5082.0 5055.0 5028.0 5000.0 4973.0 4946.0 4919.0 4865.0 4838.0 4811.0 4784.0 4756.0 4729.0 4702.0 4675.0 4622.0 4596.0 4570.0 4544.0 4519.0 4493.0 4467.0 4441.0 4389.0 4363.0 4337.0 4311.0 4286.0 4260.0 4234.0 4208.0 4156.0 4130.0 4104.0 4078.0 4053.0 4027.0 4001.0 3975.0 3933.0 3918.0 3902.0 3887.0 3871.0 3856.0 3840.0 3825.0 3794.0 3778.0 3763.0 3747.0 3732.0 3716.0 3701.0 3685.0 3654.0 3639.0 3623.0 3608.0 3592.0 3577.0 3561.0 3546.0 3519.0 3508.0 3497.0 3486.0 3475.0 3464.0 3454.0 3443.0 3421.0 3410.0 3399.0 3388.0 3377.0 3366.0 3355.0 3344.0 3322.0 3311.0 3301.0 3290.0 3279.0 3268.0 3257.0 3246.0 3237.0 3239.0 3241.0 3243.0 3245.0 3247.0 3248.0 3250.0 3254.0 3256.0 3258.0 3260.0 3262.0 3264.0 3266.0 3268.0 3272.0 3274.0 3275.0 3277.0 3279.0 3281.0 3283.0 3285.0 3285.0 3284.0 3282.0 3281.0 3279.0 3277.0 3276.0 3274.0 3271.0 3269.0 3268.0 3266.0 3265.0 3263.0 3262.0 3260.0 3257.0 3255.0 3254.0 3252.0 3250.0 3249.0 3247.0 3246.0 3241.0 3239.0 3236.0 3234.0 3231.0 3229.0 3226.0 3224.0 3218.0 3216.0 3213.0 3211.0 3208.0 3206.0 3203.0 3201.0 3195.0 3193.0 3190.0 3188.0 3185.0 3183.0 3180.0 3178.0 3175.0 3174.0 3174.0 3173.0 3173.0 3173.0 3172.0 3172.0 3171.0 3171.0 3170.0 3170.0 3169.0 3169.0 3168.0 3168.0 3167.0 3167.0 3166.0 3166.0 3166.0 3165.0 3165.0 3164.0 3170.0 3175.0 3181.0 3186.0 3192.0 3198.0 3203.0 3209.0 3220.0 3226.0 3231.0 3237.0 3242.0 3248.0 3253.0 3259.0 3270.0 3276.0 3281.0 3287.0 3293.0 3298.0 3304.0 3309.0 3319.0 3322.0 3326.0 3330.0 3334.0 3337.0 3341.0 3345.0 3352.0 3356.0 3359.0 3363.0 3367.0 3371.0 3374.0 3378.0 3385.0 3389.0 3393.0 3396.0 3400.0 3404.0 3408.0 3411.0 3430.0 3445.0 3459.0 3474.0 3489.0 3504.0 3518.0 3533.0 3563.0 3578.0 3592.0 3607.0 3622.0 3637.0 3651.0 3666.0 3696.0 3711.0 3725.0 3740.0 3755.0 3770.0 3784.0 3799.0 3818.0 3822.0 3825.0 3829.0 3833.0 3837.0 3841.0 3845.0 3852.0 3856.0 3860.0 3864.0 3867.0 3871.0 3875.0 3879.0 3886.0 3890.0 3894.0 3898.0 3902.0 3906.0 3909.0 3913.0 3945.0 3973.0 4001.0 4029.0 4057.0 4085.0 4113.0 4141.0 4197.0 4225.0 4253.0 4281.0 4310.0 4338.0 4366.0 4394.0 4450.0 4478.0 4506.0 4534.0 4562.0 4590.0 4618.0 4646.0 4666.0 4658.0 4649.0 4641.0 4633.0 4625.0 4617.0 4609.0 4592.0 4584.0 4576.0 4568.0 4559.0 4551.0 4543.0 4535.0 4518.0 4510.0 4502.0 4494.0
agregarAgente --UnidadTermicaSimple
200.0
100.0
agregarAgente --DemandaFija
126.0 106.8 88.2 88.2 88.2 132.6 177.0 221.4 265.8 310.2 354.6 354.6 354.6 324.0 294.0 262.8 232.8 201.6 171.0 171.0 171.0 144.6 117.0 90.6 63.6 36.0 9.6 9.6 9.6 27.0 45.0 63.0 80.4 98.4 115.8 115.8 115.8 173.4 231.0 288.6 345.6 403.2 460.8 460.8 460.8 443.4 427.2 410.4 394.2 377.4 360.6 360.6 360.6 376.8 392.4 408.0 423.6 439.2 456.0 456.0 456.0 456.0 456.0 456.6 456.6 457.2 457.2 457.2 457.2 384.6 312.0 239.4 166.8 93.6 21.0 21.0 21.0 43.2 64.2 85.2 106.8 128.4 150.0 150.0 150.0 183.6 217.8 252.0 285.6 320.4 354.0 354.0 354.0 370.8 387.0 403.2 419.4 435.6 452.4 452.4 452.4 481.2 509.4 538.8 567.6 595.8 625.2 625.2 625.2 626.4 627.6 629.4 630.6 631.8 633.6 633.6 633.6 599.4 565.8 531.6 498.0 464.4 430.2 430.2 430.2 456.0 480.6 505.8 530.4 555.6 580.8 580.8 580.8 602.4 624.6 646.2 667.8 689.4 711.6 711.6 711.6 625.2 539.4 453.0 366.6 280.2 194.4 194.4 194.4 226.8 258.6 291.6 323.4 355.2 388.2 388.2 388.2 420.0 453.0 485.4 517.8 550.8 583.2 583.2 583.2 556.8 530.4 504.6 478.2 452.4 425.4 425.4 425.4 449.4 474.0 498.0 522.0 546.0 570.0 570.0 570.0 574.8 579.0 583.8 588.6 592.8 597.6 597.6 597.6 543.0 487.8 432.6 378.6 323.4 268.2 268.2 268.2 301.8 335.4 368.4 402.6 435.6 469.2 469.2 469.2 455.4 441.0 427.2 413.4 399.0 385.2 385.2 385.2 346.8 308.4 270.0 231.6 192.6 154.8 154.8 154.8 193.8 232.8 271.8 311.4 350.4 390.0 390.0 390.0 378.0 366.0 354.6 343.2 331.8 320.4 320.4 320.4 283.8 247.8 211.8 175.2 139.2 102.6 102.6 102.6 143.4 183.0 223.8 264.0 304.8 344.4 344.4 344.4 366.0 388.2 409.8 431.4 453.6 475.8 475.8 475.8 432.0 388.8 345.6 302.4 259.2 216.0 216.0 216.0 250.2 283.8 318.0 352.2 386.4 420.0 420.0 420.0 415.8 411.6 407.4 403.2 398.4 394.2 394.2 394.2 363.0 331.8 300.6 269.4 238.2 207.6 207.6 207.6 220.8 234.0 247.2 260.4 273.6 286.8 286.8 286.8 284.4 282.6 280.2 277.8 276.0 273.6 273.6 273.6 252.0 230.4 209.4 187.2 165.6 144.0 144.0 144.0 183.6 224.4 264.0 304.8 344.4 384.6 384.6 384.6 382.2 379.2 376.8 373.8 371.4 367.8 367.8 367.8 337.2 306.6 276.0 245.4 214.8 183.6 183.6 183.6 232.8 280.8 330.0 378.6 427.2 475.8 475.8 475.8 484.8 493.2 502.2 511.2 519.6 528.6 528.6 528.6 486.0 442.2 399.6
crearDespacho --mercado --conDemandaTotal
4
0.02 0.07 0.145 1.0
370.0 600.0 2400.0 4000.0
254.84 216.01 178.39 178.39 178.39 268.19 357.99 447.79 537.59 627.39 717.19 717.19 717.19 655.3 594.63 531.52 470.85 407.74 345.85 345.85 345.85 292.46 236.64 183.24 128.63 72.81 19.42 19.42 19.42 54.61 91.01 127.42 162.61 199.02 234.21 234.21 234.21 350.71 467.21 583.71 698.99 815.49 931.99 931.99 931.99 896.8 864.03 830.05 797.29 763.31 729.33 729.33 729.33 762.09 793.65 825.2 856.75 888.3 922.28 922.28 922.28 922.28 922.28 923.49 923.49 924.71 924.71 924.71 924.71 777.87 631.03 484.2 337.36 189.31 42.47 42.47 42.47 87.37 129.85 172.32 216.01 259.69 303.38 303.38 303.38 371.34 440.51 509.68 577.64 648.02 715.98 715.98 715.98 749.96 782.72 815.49 848.25 881.02 915.0 915.0 915.0 973.25 1030.28 1089.75 1148.0 1205.03 1264.49 1264.49 1264.49 1266.92 1269.35 1272.99 1275.42 1277.84 1281.48 1281.48 1281.48 1212.31 1144.35 1075.18 1007.23 939.27 870.1 870.1 870.1 922.28 972.03 1023.0 1072.76 1123.72 1174.69 1174.69 1174.69 1218.38 1263.28 1306.97 1350.65 1394.34 1439.24 1439.24 1439.24 1264.49 1090.96 916.21 741.46 566.72 393.18 393.18 393.18 458.71 523.03 589.77 654.09 718.41 785.15 785.15 785.15 849.47 916.21 981.74 1047.27 1114.02 1179.55 1179.55 1179.55 1126.15 1072.76 1020.57 967.18 915.0 860.39 860.39 860.39 908.93 958.69 1007.23 1055.77 1104.31 1152.85 1152.85 1152.85 1162.56 1171.05 1180.76 1190.47 1198.96 1208.67 1208.67 1208.67 1098.24 986.6 874.95 765.73 654.09 542.45 542.45 542.45 610.4 678.36 745.1 814.28 881.02 948.98 948.98 948.98 921.07 891.94 864.03 836.12 806.99 779.08 779.08 779.08 701.42 623.75 546.09 468.42 389.54 313.09 313.09 313.09 391.97 470.85 549.73 629.82 708.7 788.79 788.79 788.79 764.52 740.25 717.19 694.14 671.08 648.02 648.02 648.02 574.0 501.19 428.37 354.35 281.54 207.51 207.51 207.51 290.03 370.13 452.65 533.95 616.47 696.56 696.56 696.56 740.25 785.15 828.84 872.52 917.43 962.33 962.33 962.33 873.74 786.36 698.99 611.62 524.24 436.87 436.87 436.87 506.04 574.0 643.17 712.34 781.51 849.47 849.47 849.47 840.97 832.48 823.98 815.49 805.78 797.29 797.29 797.29 734.18 671.08 607.98 544.87 481.77 419.88 419.88 419.88 446.58 473.27 499.97 526.67 553.37 580.07 580.07 580.07 575.21 571.57 566.72 561.86 558.22 553.37 553.37 553.37 509.68 465.99 423.52 378.62 334.93 291.25 291.25 291.25 371.34 453.86 533.95 616.47 696.56 777.87 777.87 777.87 773.02 766.95 762.09 756.03 751.17 743.89 743.89 743.89 682.0 620.11 558.22 496.33 434.44 371.34 371.34 371.34 470.85 567.93 667.44 765.73 864.03 962.33 962.33 962.33 980.53 997.52 1015.72 1033.92 1050.91 1069.12 1069.12 1069.12 982.96 894.37 808.21
configurarSolver --Gurobi
resolver --noConstante ejecuciones/bancos/recombinados/v1/directo/sgtm/v1_sgtm_000132.csv
finalizar
