inicializar --t 360
agregarAgente --SaltoGrande
0.00275
2618270994.0
4997.0 4998.0 4999.0 4999.0 4991.0 4982.0 4973.0 4964.0 4955.0 4946.0 4938.0 4929.0 4911.0 4902.0 4893.0 4884.0 4875.0 4866.0 4857.0 4848.0 4830.0 4821.0 4813.0 4804.0 4795.0 4786.0 4777.0 4768.0 4755.0 4752.0 4748.0 4745.0 4741.0 4737.0 4734.0 4730.0 4723.0 4719.0 4716.0 4712.0 4709.0 4705.0 4702.0 4698.0 4691.0 4687.0 4684.0 4680.0 4676.0 4673.0 4669.0 4666.0 4676.0 4690.0 4704.0 4718.0 4732.0 4746.0 4760.0 4774.0 4802.0 4816.0 4830.0 4844.0 4859.0 4873.0 4887.0 4901.0 4929.0 4943.0 4957.0 4971.0 4985.0 4999.0 5013.0 5027.0 5037.0 5033.0 5028.0 5024.0 5020.0 5016.0 5011.0 5007.0 4999.0 4995.0 4990.0 4986.0 4982.0 4978.0 4973.0 4969.0 4961.0 4957.0 4952.0 4948.0 4944.0 4940.0 4935.0 4931.0 4931.0 4936.0 4940.0 4944.0 4948.0 4953.0 4957.0 4961.0 4970.0 4974.0 4979.0 4983.0 4987.0 4991.0 4996.0 5000.0 5009.0 5013.0 5017.0 5022.0 5026.0 5030.0 5034.0 5039.0 5032.0 5022.0 5011.0 5001.0 4990.0 4979.0 4969.0 4958.0 4937.0 4926.0 4916.0 4905.0 4895.0 4884.0 4874.0 4863.0 4842.0 4831.0 4821.0 4810.0 4799.0 4789.0 4778.0 4768.0 4746.0 4734.0 4723.0 4711.0 4700.0 4688.0 4677.0 4665.0 4643.0 4631.0 4620.0 4608.0 4597.0 4585.0 4574.0 4562.0 4540.0 4528.0 4517.0 4505.0 4494.0 4482.0 4471.0 4459.0 4473.0 4499.0 4524.0 4550.0 4575.0 4601.0 4626.0 4652.0 4703.0 4728.0 4754.0 4779.0 4805.0 4830.0 4856.0 4881.0 4932.0 4958.0 4983.0 5009.0 5034.0 5060.0 5085.0 5111.0 5168.0 5199.0 5231.0 5262.0 5294.0 5325.0 5357.0 5388.0 5451.0 5483.0 5514.0 5546.0 5577.0 5609.0 5640.0 5672.0 5735.0 5766.0 5798.0 5829.0 5861.0 5892.0 5924.0 5955.0 5983.0 5979.0 5976.0 5972.0 5968.0 5964.0 5960.0 5956.0 5949.0 5945.0 5941.0 5937.0 5934.0 5930.0 5926.0 5922.0 5915.0 5911.0 5907.0 5903.0 5899.0 5895.0 5892.0 5888.0 5877.0 5871.0 5864.0 5857.0 5851.0 5844.0 5837.0 5831.0 5817.0 5811.0 5804.0 5797.0 5791.0 5784.0 5777.0 5771.0 5757.0 5751.0 5744.0 5737.0 5731.0 5724.0 5717.0 5711.0 5695.0 5686.0 5677.0 5668.0 5659.0 5650.0 5641.0 5632.0 5614.0 5605.0 5596.0 5587.0 5578.0 5569.0 5560.0 5551.0 5533.0 5524.0 5515.0 5506.0 5497.0 5488.0 5479.0 5470.0 5459.0 5456.0 5454.0 5452.0 5449.0 5447.0 5444.0 5442.0 5437.0 5435.0 5433.0 5430.0 5428.0 5425.0 5423.0 5421.0 5416.0 5414.0 5411.0 5409.0 5406.0 5404.0 5402.0 5399.0 5452.0 5507.0 5562.0 5617.0 5671.0 5726.0 5781.0 5836.0 5946.0 6001.0 6056.0 6111.0 6165.0 6220.0 6275.0 6330.0 6440.0 6495.0 6550.0 6605.0 6659.0 6714.0 6769.0 6824.0 6861.0 6844.0 6826.0 6809.0 6791.0 6773.0 6756.0 6738.0 6703.0 6685.0 6668.0 6650.0 6633.0 6615.0 6598.0 6580.0 6545.0 6527.0 6510.0 6492.0
agregarAgente --UnidadTermicaSimple
200.0
100.0
agregarAgente --DemandaFija
291.9 279.3 265.8 255.9 240.6 235.2 229.8 224.4 218.1 211.8 206.4 202.8 211.8 222.6 234.3 246.0 257.7 267.6 280.2 291.0 295.5 295.5 294.6 293.7 293.7 292.8 291.9 284.7 291.9 308.1 325.2 341.4 357.6 374.7 391.8 405.3 419.7 412.5 407.1 400.8 394.5 389.1 381.9 381.9 378.3 373.8 369.3 365.7 361.2 357.6 353.1 348.6 356.7 364.8 372.9 381.9 390.9 399.0 408.0 419.7 431.4 433.2 435.0 435.9 437.7 438.6 440.4 440.4 441.3 441.3 442.2 441.3 441.3 440.4 440.4 440.4 444.0 447.6 450.3 453.0 456.6 459.3 462.0 464.7 464.7 463.8 463.8 462.9 462.9 462.9 462.0 457.5 454.8 453.9 453.0 452.1 452.1 451.2 451.2 451.2 453.9 466.5 479.1 491.7 504.3 517.8 531.3 533.1 535.8 549.3 563.7 576.3 589.8 603.3 616.8 616.8 606.0 579.0 551.1 524.1 496.2 468.3 440.4 428.7 416.1 408.0 399.9 390.9 384.6 375.6 367.5 365.7 369.3 396.3 423.3 450.3 477.3 504.3 530.4 536.7 538.5 515.1 490.8 466.5 443.1 418.8 394.5 391.8 385.5 390.0 395.4 401.7 406.2 411.6 416.1 415.2 419.7 438.6 457.5 475.5 494.4 512.4 531.3 538.5 540.3 528.6 516.0 502.5 491.7 479.1 467.4 462.9 457.5 443.1 428.7 414.3 400.8 386.4 372.9 372.0 381.0 412.5 444.0 475.5 507.0 538.5 570.0 579.0 589.8 578.1 568.2 556.5 545.7 534.0 525.0 525.9 536.7 552.0 567.3 581.7 597.0 611.4 625.8 635.7 645.6 634.8 624.0 612.3 601.5 588.9 578.1 579.0 579.9 575.4 570.9 568.2 562.8 558.3 553.8 554.7 559.2 563.7 567.3 570.9 574.5 578.1 582.6 586.2 590.7 598.8 606.9 614.1 621.3 628.5 637.5 638.4 636.6 625.8 616.8 606.9 597.9 587.1 578.1 574.5 576.3 583.5 590.7 597.9 605.1 612.3 619.5 624.0 629.4 635.7 643.8 650.1 657.3 662.7 669.9 671.7 669.9 657.3 646.5 635.7 624.0 612.3 600.6 597.9 597.9 603.3 609.6 614.1 619.5 624.0 629.4 633.0 635.7 638.4 641.1 643.8 646.5 649.2 651.9 651.9 650.1 644.7 638.4 631.2 624.9 619.5 612.3 611.4 611.4 615.9 621.3 626.7 631.2 636.6 642.0 643.8 644.7 643.8 642.0 641.1 639.3 638.4 636.6 636.6 633.9 628.5 624.0 619.5 613.2 608.7 603.3 601.5 597.9 597.0 595.2 595.2 594.3 592.5 592.5 591.6 589.8 593.4 597.9 601.5 605.1 607.8 611.4 611.4 597.0 578.1 560.1 541.2 523.2 504.3 485.4 471.0 454.8 453.9 453.0 452.1 451.2 449.4 449.4 447.6 452.1 458.4 465.6 471.9 478.2 484.5 491.7 497.1 494.4 488.1 482.7 476.4
crearDespacho --mercado --conDemandaTotal
4
0.02 0.07 0.145 1.0
370.0 600.0 2400.0 4000.0
405.51 388.01 369.26 355.5 334.25 326.75 319.24 311.74 302.99 294.24 286.74 281.73 294.24 309.24 325.49 341.75 358.0 371.76 389.26 404.26 410.52 410.52 409.27 408.01 408.01 406.76 405.51 395.51 405.51 428.02 451.78 474.28 496.79 520.54 544.3 563.05 583.06 573.05 565.55 556.8 548.05 540.55 530.54 530.54 525.54 519.29 513.04 508.04 501.79 496.79 490.53 484.28 495.54 506.79 518.04 530.54 543.05 554.3 566.8 583.06 599.31 601.81 604.31 605.56 608.06 609.31 611.81 611.81 613.06 613.06 614.31 613.06 613.06 611.81 611.81 611.81 616.81 621.82 625.57 629.32 634.32 638.07 641.82 645.57 645.57 644.32 644.32 643.07 643.07 643.07 641.82 635.57 631.82 630.57 629.32 628.07 628.07 626.82 626.82 626.82 630.57 648.07 665.58 683.08 700.59 719.34 738.09 740.59 744.35 763.1 783.1 800.61 819.36 838.12 856.87 856.87 841.87 804.36 765.6 728.09 689.33 650.57 611.81 595.56 578.06 566.8 555.55 543.05 534.3 521.79 510.54 508.04 513.04 550.55 588.06 625.57 663.08 700.59 736.84 745.6 748.1 715.59 681.83 648.07 615.56 581.81 548.05 544.3 535.55 541.8 549.3 558.05 564.3 571.8 578.06 576.81 583.06 609.31 635.57 660.58 686.83 711.84 738.09 748.1 750.6 734.34 716.84 698.08 683.08 665.58 649.32 643.07 635.57 615.56 595.56 575.56 556.8 536.8 518.04 516.79 529.29 573.05 616.81 660.58 704.34 748.1 791.86 804.36 819.36 803.11 789.36 773.1 758.1 741.85 729.34 730.59 745.6 766.85 788.11 808.11 829.37 849.37 869.38 883.13 896.88 881.88 866.88 850.62 835.62 818.11 803.11 804.36 805.61 799.36 793.11 789.36 781.85 775.6 769.35 770.6 776.85 783.1 788.11 793.11 798.11 803.11 809.36 814.36 820.61 831.87 843.12 853.12 863.12 873.13 885.63 886.88 884.38 869.38 856.87 843.12 830.62 815.61 803.11 798.11 800.61 810.61 820.61 830.62 840.62 850.62 860.62 866.88 874.38 883.13 894.38 903.13 913.14 920.64 930.64 933.14 930.64 913.14 898.13 883.13 866.88 850.62 834.37 830.62 830.62 838.12 846.87 853.12 860.62 866.88 874.38 879.38 883.13 886.88 890.63 894.38 898.13 901.88 905.63 905.63 903.13 895.63 886.88 876.88 868.13 860.62 850.62 849.37 849.37 855.62 863.12 870.63 876.88 884.38 891.88 894.38 895.63 894.38 891.88 890.63 888.13 886.88 884.38 884.38 880.63 873.13 866.88 860.62 851.87 845.62 838.12 835.62 830.62 829.37 826.87 826.87 825.62 823.11 823.11 821.86 819.36 824.36 830.62 835.62 840.62 844.37 849.37 849.37 829.37 803.11 778.1 751.85 726.84 700.59 674.33 654.32 631.82 630.57 629.32 628.07 626.82 624.32 624.32 621.82 628.07 636.82 646.82 655.57 664.33 673.08 683.08 690.58 686.83 678.08 670.58 661.83
configurarSolver --Gurobi
resolver --noConstante ejecuciones/bancos/recombinados/v1/directo/sgtm/v1_sgtm_000408.csv
finalizar
