inicializar --t 360
agregarAgente --SaltoGrande
0.000543
2618270994.0
4997.0 4998.0 4999.0 4999.0 4991.0 4982.0 4973.0 4964.0 4955.0 4946.0 4938.0 4929.0 4911.0 4902.0 4893.0 4884.0 4875.0 4866.0 4857.0 4848.0 4830.0 4821.0 4813.0 4804.0 4795.0 4786.0 4777.0 4768.0 4755.0 4752.0 4748.0 4745.0 4741.0 4737.0 4734.0 4730.0 4723.0 4719.0 4716.0 4712.0 4709.0 4705.0 4702.0 4698.0 4691.0 4687.0 4684.0 4680.0 4676.0 4673.0 4669.0 4666.0 4676.0 4690.0 4704.0 4718.0 4732.0 4746.0 4760.0 4774.0 4802.0 4816.0 4830.0 4844.0 4859.0 4873.0 4887.0 4901.0 4929.0 4943.0 4957.0 4971.0 4985.0 4999.0 5013.0 5027.0 5037.0 5033.0 5028.0 5024.0 5020.0 5016.0 5011.0 5007.0 4999.0 4995.0 4990.0 4986.0 4982.0 4978.0 4973.0 4969.0 4961.0 4957.0 4952.0 4948.0 4944.0 4940.0 4935.0 4931.0 4931.0 4936.0 4940.0 4944.0 4948.0 4953.0 4957.0 4961.0 4970.0 4974.0 4979.0 4983.0 4987.0 4991.0 4996.0 5000.0 5009.0 5013.0 5017.0 5022.0 5026.0 5030.0 5034.0 5039.0 5032.0 5022.0 5011.0 5001.0 4990.0 4979.0 4969.0 4958.0 4937.0 4926.0 4916.0 4905.0 4895.0 4884.0 4874.0 4863.0 4842.0 4831.0 4821.0 4810.0 4799.0 4789.0 4778.0 4768.0 4746.0 4734.0 4723.0 4711.0 4700.0 4688.0 4677.0 4665.0 4643.0 4631.0 4620.0 4608.0 4597.0 4585.0 4574.0 4562.0 4540.0 4528.0 4517.0 4505.0 4494.0 4482.0 4471.0 4459.0 4473.0 4499.0 4524.0 4550.0 4575.0 4601.0 4626.0 4652.0 4703.0 4728.0 4754.0 4779.0 4805.0 4830.0 4856.0 4881.0 4932.0 4958.0 4983.0 5009.0 5034.0 5060.0 5085.0 5111.0 5168.0 5199.0 5231.0 5262.0 5294.0 5325.0 5357.0 5388.0 5451.0 5483.0 5514.0 5546.0 5577.0 5609.0 5640.0 5672.0 5735.0 5766.0 5798.0 5829.0 5861.0 5892.0 5924.0 5955.0 5983.0 5979.0 5976.0 5972.0 5968.0 5964.0 5960.0 5956.0 5949.0 5945.0 5941.0 5937.0 5934.0 5930.0 5926.0 5922.0 5915.0 5911.0 5907.0 5903.0 5899.0 5895.0 5892.0 5888.0 5877.0 5871.0 5864.0 5857.0 5851.0 5844.0 5837.0 5831.0 5817.0 5811.0 5804.0 5797.0 5791.0 5784.0 5777.0 5771.0 5757.0 5751.0 5744.0 5737.0 5731.0 5724.0 5717.0 5711.0 5695.0 5686.0 5677.0 5668.0 5659.0 5650.0 5641.0 5632.0 5614.0 5605.0 5596.0 5587.0 5578.0 5569.0 5560.0 5551.0 5533.0 5524.0 5515.0 5506.0 5497.0 5488.0 5479.0 5470.0 5459.0 5456.0 5454.0 5452.0 5449.0 5447.0 5444.0 5442.0 5437.0 5435.0 5433.0 5430.0 5428.0 5425.0 5423.0 5421.0 5416.0 5414.0 5411.0 5409.0 5406.0 5404.0 5402.0 5399.0 5452.0 5507.0 5562.0 5617.0 5671.0 5726.0 5781.0 5836.0 5946.0 6001.0 6056.0 6111.0 6165.0 6220.0 6275.0 6330.0 6440.0 6495.0 6550.0 6605.0 6659.0 6714.0 6769.0 6824.0 6861.0 6844.0 6826.0 6809.0 6791.0 6773.0 6756.0 6738.0 6703.0 6685.0 6668.0 6650.0 6633.0 6615.0 6598.0 6580.0 6545.0 6527.0 6510.0 6492.0
agregarAgente --UnidadTermicaSimple
200.0
100.0
agregarAgente --DemandaFija
481.8 473.7 464.7 456.6 454.8 461.1 466.5 472.8 479.1 484.5 490.8 497.1 507.0 511.5 515.1 519.6 523.2 526.8 531.3 535.8 535.8 533.1 529.5 526.8 523.2 520.5 516.9 513.3 513.3 515.1 517.8 520.5 523.2 526.8 528.6 531.3 535.8 539.4 541.2 543.9 547.5 549.3 552.0 554.7 552.9 548.4 544.8 539.4 534.9 531.3 526.8 523.2 518.7 525.9 533.1 540.3 546.6 553.8 560.1 560.1 562.8 566.4 570.0 574.5 578.1 581.7 585.3 587.1 579.9 561.9 543.0 525.0 507.0 489.0 470.1 460.2 450.3 458.4 467.4 476.4 484.5 492.6 500.7 500.7 502.5 505.2 508.8 511.5 514.2 517.8 520.5 523.2 525.0 513.3 503.4 492.6 481.8 470.1 459.3 457.5 445.8 435.9 426.9 417.9 408.0 398.1 388.2 379.2 379.2 391.8 403.5 416.1 427.8 439.5 451.2 461.1 470.1 467.4 463.8 461.1 457.5 454.8 451.2 450.3 452.1 455.7 460.2 462.9 466.5 469.2 472.8 475.5 480.0 480.9 482.7 483.6 485.4 486.3 487.2 489.0 487.2 483.6 480.9 477.3 474.6 471.0 468.3 464.7 461.1 469.2 476.4 483.6 490.8 498.0 505.2 504.3 505.2 509.7 514.2 519.6 524.1 528.6 533.1 534.9 532.2 517.8 502.5 488.1 472.8 457.5 442.2 439.5 435.9 440.4 444.9 449.4 453.9 459.3 462.9 463.8 464.7 469.2 471.9 475.5 479.1 481.8 486.3 487.2 480.9 468.3 454.8 440.4 426.9 413.4 399.0 392.7 387.3 390.0 392.7 395.4 397.2 399.9 401.7 405.3 408.0 410.7 413.4 415.2 417.9 419.7 421.5 422.4 413.4 401.7 390.0 378.3 366.6 354.9 342.3 333.3 333.3 346.8 361.2 375.6 389.1 403.5 417.9 428.7 439.5 442.2 445.8 448.5 451.2 454.8 458.4 458.4 449.4 436.8 423.3 408.9 395.4 382.8 369.3 359.4 346.8 361.2 375.6 390.0 404.4 418.8 433.2 431.4 435.9 448.5 460.2 472.8 484.5 498.0 508.8 516.0 516.0 488.1 458.4 428.7 399.9 370.2 341.4 333.3 323.4 319.8 316.2 311.7 307.2 302.7 299.1 297.3 301.8 309.0 317.1 324.3 330.6 337.8 345.0 352.2 355.8 362.1 367.5 374.7 380.1 387.3 392.7 390.0 398.1 407.1 416.1 424.2 432.3 441.3 451.2 462.9 476.4 472.8 469.2 464.7 461.1 457.5 453.9 455.7 450.3 442.2 435.0 426.9 419.7 411.6 403.5 395.4 393.6 415.2 435.9 457.5 477.3 498.0 518.7 524.1 534.9 537.6 540.3 543.9 545.7 549.3 551.1 556.5 553.8 532.2 511.5 490.8 471.0 449.4 429.6 421.5 420.6 434.1 447.6 461.1 473.7 487.2 500.7 506.1 516.0 516.9 518.7 519.6 520.5 521.4 523.2 526.8 521.4 508.8 497.1 485.4
crearDespacho --mercado --conDemandaTotal
4
0.02 0.07 0.145 1.0
370.0 600.0 2400.0 4000.0
779.52 766.41 751.85 738.75 735.83 746.03 754.76 764.96 775.15 783.89 794.08 804.27 820.29 827.57 833.39 840.67 846.5 852.32 859.6 866.89 866.89 862.52 856.69 852.32 846.5 842.13 836.31 830.48 830.48 833.39 837.76 842.13 846.5 852.32 855.24 859.6 866.89 872.71 875.62 879.99 885.81 888.73 893.1 897.46 894.55 887.27 881.45 872.71 865.43 859.6 852.32 846.5 839.22 850.87 862.52 874.17 884.36 896.01 906.2 906.2 910.57 916.39 922.22 929.5 935.32 941.15 946.97 949.88 938.24 909.11 878.53 849.41 820.29 791.17 760.59 744.57 728.55 741.66 756.22 770.78 783.89 796.99 810.1 810.1 813.01 817.38 823.2 827.57 831.94 837.76 842.13 846.5 849.41 830.48 814.46 796.99 779.52 760.59 743.11 740.2 721.27 705.25 690.69 676.13 660.11 644.1 628.08 613.52 613.52 633.9 652.83 673.22 692.15 711.08 730.01 746.03 760.59 756.22 750.39 746.03 740.2 735.83 730.01 728.55 731.46 737.29 744.57 748.94 754.76 759.13 764.96 769.32 776.6 778.06 780.97 782.43 785.34 786.8 788.25 791.17 788.25 782.43 778.06 772.24 767.87 762.04 757.68 751.85 746.03 759.13 770.78 782.43 794.08 805.73 817.38 815.92 817.38 824.66 831.94 840.67 847.96 855.24 862.52 865.43 861.06 837.76 813.01 789.71 764.96 740.2 715.45 711.08 705.25 712.53 719.82 727.1 734.38 743.11 748.94 750.39 751.85 759.13 763.5 769.32 775.15 779.52 786.8 788.25 778.06 757.68 735.83 712.53 690.69 668.85 645.55 635.36 626.62 630.99 635.36 639.73 642.64 647.01 649.92 655.75 660.11 664.48 668.85 671.76 676.13 679.04 681.96 683.41 668.85 649.92 630.99 612.06 593.13 574.2 553.82 539.25 539.25 561.1 584.4 607.69 629.54 652.83 676.13 693.61 711.08 715.45 721.27 725.64 730.01 735.83 741.66 741.66 727.1 706.71 684.87 661.57 639.73 619.34 597.5 581.48 561.1 584.4 607.69 630.99 654.29 677.59 700.89 697.97 705.25 725.64 744.57 764.96 783.89 805.73 823.2 834.85 834.85 789.71 741.66 693.61 647.01 598.96 552.36 539.25 523.24 517.41 511.59 504.31 497.03 489.75 483.92 481.01 488.29 499.94 513.04 524.69 534.89 546.54 558.18 569.83 575.66 585.85 594.59 606.24 614.97 626.62 635.36 630.99 644.1 658.66 673.22 686.32 699.43 713.99 730.01 748.94 770.78 764.96 759.13 751.85 746.03 740.2 734.38 737.29 728.55 715.45 703.8 690.69 679.04 665.94 652.83 639.73 636.82 671.76 705.25 740.2 772.24 805.73 839.22 847.96 865.43 869.8 874.17 879.99 882.9 888.73 891.64 900.38 896.01 861.06 827.57 794.08 762.04 727.1 695.06 681.96 680.5 702.34 724.18 746.03 766.41 788.25 810.1 818.83 834.85 836.31 839.22 840.67 842.13 843.59 846.5 852.32 843.59 823.2 804.27 785.34
configurarSolver --Gurobi
resolver --noConstante ejecuciones/bancos/recombinados/v1/directo/sgtm/v1_sgtm_000074.csv
finalizar
