inicializar --t 360
agregarAgente --SaltoGrande
0.006783
1115367887.0
4429.0 4465.0 4500.0 4536.0 4639.0 4705.0 4772.0 4839.0 4906.0 4972.0 5039.0 5106.0 5239.0 5306.0 5373.0 5440.0 5506.0 5573.0 5640.0 5707.0 5840.0 5907.0 5974.0 6040.0 6107.0 6174.0 6241.0 6307.0 6456.0 6537.0 6619.0 6701.0 6783.0 6864.0 6946.0 7028.0 7191.0 7273.0 7355.0 7437.0 7518.0 7600.0 7682.0 7764.0 7927.0 8009.0 8091.0 8172.0 8254.0 8336.0 8418.0 8499.0 8609.0 8636.0 8664.0 8692.0 8719.0 8747.0 8775.0 8802.0 8858.0 8885.0 8913.0 8941.0 8968.0 8996.0 9024.0 9051.0 9107.0 9134.0 9162.0 9190.0 9217.0 9245.0 9273.0 9300.0 9337.0 9347.0 9356.0 9365.0 9374.0 9384.0 9393.0 9402.0 9421.0 9430.0 9439.0 9448.0 9458.0 9467.0 9476.0 9485.0 9504.0 9513.0 9522.0 9532.0 9541.0 9550.0 9559.0 9569.0 9563.0 9548.0 9533.0 9519.0 9504.0 9489.0 9474.0 9459.0 9429.0 9415.0 9400.0 9385.0 9370.0 9355.0 9340.0 9326.0 9296.0 9281.0 9266.0 9251.0 9236.0 9222.0 9207.0 9192.0 9139.0 9102.0 9064.0 9026.0 8989.0 8951.0 8913.0 8876.0 8800.0 8763.0 8725.0 8687.0 8650.0 8612.0 8574.0 8537.0 8461.0 8424.0 8386.0 8348.0 8311.0 8273.0 8235.0 8198.0 8103.0 8046.0 7988.0 7931.0 7874.0 7817.0 7760.0 7703.0 7588.0 7531.0 7474.0 7417.0 7359.0 7302.0 7245.0 7188.0 7073.0 7016.0 6959.0 6902.0 6845.0 6788.0 6730.0 6673.0 6584.0 6553.0 6521.0 6490.0 6458.0 6427.0 6395.0 6364.0 6301.0 6269.0 6238.0 6206.0 6175.0 6143.0 6112.0 6080.0 6017.0 5986.0 5954.0 5923.0 5891.0 5860.0 5828.0 5797.0 5725.0 5684.0 5644.0 5603.0 5563.0 5523.0 5482.0 5442.0 5361.0 5321.0 5280.0 5240.0 5199.0 5159.0 5118.0 5078.0 4997.0 4957.0 4916.0 4876.0 4836.0 4795.0 4755.0 4714.0 4648.0 4623.0 4597.0 4571.0 4545.0 4520.0 4494.0 4468.0 4417.0 4391.0 4366.0 4340.0 4314.0 4288.0 4263.0 4237.0 4186.0 4160.0 4134.0 4109.0 4083.0 4057.0 4031.0 4006.0 3950.0 3920.0 3891.0 3861.0 3831.0 3801.0 3772.0 3742.0 3682.0 3652.0 3623.0 3593.0 3563.0 3533.0 3504.0 3474.0 3414.0 3384.0 3355.0 3325.0 3295.0 3265.0 3236.0 3206.0 3161.0 3145.0 3130.0 3114.0 3099.0 3083.0 3068.0 3052.0 3021.0 3006.0 2990.0 2975.0 2959.0 2944.0 2928.0 2913.0 2882.0 2866.0 2851.0 2835.0 2820.0 2804.0 2789.0 2773.0 2755.0 2753.0 2750.0 2747.0 2744.0 2742.0 2739.0 2736.0 2731.0 2728.0 2726.0 2723.0 2720.0 2717.0 2715.0 2712.0 2707.0 2704.0 2701.0 2699.0 2696.0 2693.0 2690.0 2688.0 2677.0 2669.0 2661.0 2653.0 2645.0 2637.0 2629.0 2621.0 2605.0 2597.0 2589.0 2581.0 2573.0 2565.0 2557.0 2549.0 2533.0 2525.0 2517.0 2509.0 2501.0 2493.0 2485.0 2477.0 2471.0 2474.0 2476.0 2479.0 2481.0 2483.0 2486.0 2488.0 2493.0 2495.0 2498.0 2500.0 2503.0 2505.0 2508.0 2510.0 2515.0 2517.0 2520.0 2522.0
agregarAgente --UnidadTermicaSimple
200.0
100.0
agregarAgente --DemandaFija
562.8 532.2 502.5 502.5 502.5 540.3 578.1 616.8 654.6 692.4 731.1 731.1 731.1 702.3 675.3 647.4 620.4 592.5 564.6 564.6 564.6 483.6 402.6 320.7 240.6 158.7 77.7 77.7 77.7 155.1 232.5 309.0 386.4 463.8 541.2 541.2 541.2 536.7 533.1 528.6 525.0 521.4 516.9 516.9 516.9 454.8 394.5 332.4 271.2 209.1 148.8 148.8 148.8 260.4 372.0 484.5 596.1 707.7 819.3 819.3 819.3 818.4 817.5 817.5 816.6 815.7 815.7 815.7 815.7 759.9 704.1 649.2 594.3 538.5 483.6 483.6 483.6 480.0 476.4 472.8 469.2 465.6 462.0 462.0 462.0 435.9 411.6 386.4 361.2 335.1 309.9 309.9 309.9 304.5 299.1 293.7 288.3 282.0 276.6 276.6 276.6 327.0 377.4 427.8 478.2 527.7 578.1 578.1 578.1 603.3 627.6 651.9 677.1 701.4 726.6 726.6 726.6 652.8 579.9 507.0 433.2 360.3 287.4 287.4 287.4 321.6 357.6 391.8 426.9 462.0 497.1 497.1 497.1 480.0 462.0 444.0 426.0 408.9 391.8 391.8 391.8 353.1 313.5 274.8 236.1 196.5 157.8 157.8 157.8 243.3 327.9 413.4 498.9 582.6 668.1 668.1 668.1 708.6 747.3 786.0 825.6 865.2 904.8 904.8 904.8 852.6 800.4 749.1 696.9 645.6 594.3 594.3 594.3 594.3 595.2 596.1 597.0 597.0 597.9 597.9 597.9 559.2 522.3 484.5 445.8 408.0 371.1 371.1 371.1 347.7 324.3 300.9 278.4 255.0 232.5 232.5 232.5 335.1 439.5 543.9 647.4 751.8 856.2 856.2 856.2 845.4 835.5 824.7 813.9 804.0 793.2 793.2 793.2 786.9 779.7 772.5 765.3 758.1 750.9 750.9 750.9 727.5 703.2 679.8 656.4 633.0 609.6 609.6 609.6 566.4 525.0 483.6 440.4 399.0 357.6 357.6 357.6 348.6 339.6 329.7 320.7 311.7 302.7 302.7 302.7 329.7 359.4 387.3 415.2 443.1 471.9 471.9 471.9 444.9 419.7 393.6 368.4 342.3 316.2 316.2 316.2 273.9 231.6 188.4 146.1 102.9 59.7 59.7 59.7 88.5 118.2 147.0 175.8 203.7 233.4 233.4 233.4 264.9 296.4 327.9 360.3 391.8 423.3 423.3 423.3 380.1 336.0 291.9 248.7 204.6 161.4 161.4 161.4 264.0 367.5 470.1 571.8 675.3 777.9 777.9 777.9 767.1 755.4 744.6 732.9 721.2 710.4 710.4 710.4 635.7 561.9 489.0 414.3 341.4 267.6 267.6 267.6 314.4 363.0 410.7 458.4 507.0 554.7 554.7 554.7 546.6 538.5 531.3 523.2 515.1 507.0 507.0 507.0 489.0 470.1 450.3 432.3 413.4 395.4 395.4 395.4 442.2 489.9 536.7 585.3 632.1 678.9 678.9 678.9 654.6 629.4 604.2 579.0 553.8 529.5 529.5 529.5 484.5 438.6 394.5
crearDespacho --mercado --conDemandaTotal
4
0.02 0.07 0.145 1.0
370.0 600.0 2400.0 4000.0
763.14 721.64 681.37 681.37 681.37 732.63 783.88 836.36 887.61 938.87 991.34 991.34 991.34 952.29 915.68 877.85 841.24 803.41 765.58 765.58 765.58 655.74 545.91 434.86 326.24 215.19 105.36 105.36 105.36 210.31 315.26 418.99 523.94 628.9 733.85 733.85 733.85 727.75 722.86 716.76 711.88 707.0 700.9 700.9 700.9 616.69 534.93 450.72 367.74 283.53 201.77 201.77 201.77 353.09 504.42 656.96 808.29 959.61 1110.94 1110.94 1110.94 1109.72 1108.5 1108.5 1107.28 1106.06 1106.06 1106.06 1106.06 1030.4 954.73 880.29 805.85 730.19 655.74 655.74 655.74 650.86 645.98 641.1 636.22 631.34 626.45 626.45 626.45 591.06 558.11 523.94 489.77 454.38 420.21 420.21 420.21 412.89 405.57 398.25 390.92 382.38 375.06 375.06 375.06 443.4 511.74 580.08 648.42 715.54 783.88 783.88 783.88 818.05 851.0 883.95 918.12 951.07 985.24 985.24 985.24 885.17 786.32 687.47 587.4 488.55 389.7 389.7 389.7 436.08 484.89 531.27 578.86 626.45 674.05 674.05 674.05 650.86 626.45 602.05 577.64 554.45 531.27 531.27 531.27 478.79 425.09 372.62 320.14 266.45 213.97 213.97 213.97 329.91 444.62 560.56 676.49 789.98 905.92 905.92 905.92 960.84 1013.31 1065.79 1119.48 1173.18 1226.88 1226.88 1226.88 1156.09 1085.31 1015.75 944.97 875.41 805.85 805.85 805.85 805.85 807.07 808.29 809.51 809.51 810.73 810.73 810.73 758.25 708.22 656.96 604.49 553.23 503.2 503.2 503.2 471.47 439.74 408.01 377.5 345.77 315.26 315.26 315.26 454.38 595.95 737.51 877.85 1019.41 1160.98 1160.98 1160.98 1146.33 1132.91 1118.26 1103.62 1090.19 1075.55 1075.55 1075.55 1067.01 1057.24 1047.48 1037.72 1027.96 1018.19 1018.19 1018.19 986.46 953.51 921.78 890.05 858.32 826.59 826.59 826.59 768.02 711.88 655.74 597.17 541.03 484.89 484.89 484.89 472.69 460.48 447.06 434.86 422.65 410.45 410.45 410.45 447.06 487.33 525.16 563.0 600.83 639.88 639.88 639.88 603.27 569.1 533.71 499.54 464.15 428.76 428.76 428.76 371.4 314.04 255.46 198.11 139.53 80.95 80.95 80.95 120.0 160.27 199.33 238.38 276.21 316.48 316.48 316.48 359.19 401.91 444.62 488.55 531.27 573.98 573.98 573.98 515.4 455.6 395.81 337.23 277.43 218.85 218.85 218.85 357.97 498.32 637.44 775.34 915.68 1054.8 1054.8 1054.8 1040.16 1024.29 1009.65 993.79 977.92 963.28 963.28 963.28 861.99 761.92 663.07 561.78 462.93 362.86 362.86 362.86 426.31 492.21 556.89 621.57 687.47 752.15 752.15 752.15 741.17 730.19 720.42 709.44 698.46 687.47 687.47 687.47 663.07 637.44 610.59 586.18 560.56 536.15 536.15 536.15 599.61 664.29 727.75 793.65 857.1 920.56 920.56 920.56 887.61 853.44 819.27 785.1 750.93 717.98 717.98 717.98 656.96 594.73 534.93
configurarSolver --Gurobi
resolver --noConstante ejecuciones/bancos/recombinados/v1/directo/sgtm/v1_sgtm_000476.csv
finalizar
