inicializar --t 360
agregarAgente --SaltoGrande
0.004172
2625516646.0
2912.0 2908.0 2904.0 2901.0 2914.0 2931.0 2948.0 2964.0 2981.0 2998.0 3015.0 3032.0 3066.0 3082.0 3099.0 3116.0 3133.0 3150.0 3167.0 3183.0 3217.0 3234.0 3251.0 3268.0 3285.0 3301.0 3318.0 3335.0 3339.0 3326.0 3313.0 3300.0 3287.0 3274.0 3261.0 3248.0 3222.0 3209.0 3196.0 3183.0 3170.0 3157.0 3144.0 3131.0 3105.0 3092.0 3079.0 3066.0 3053.0 3040.0 3027.0 3014.0 2998.0 2994.0 2991.0 2987.0 2984.0 2980.0 2977.0 2973.0 2966.0 2963.0 2959.0 2956.0 2952.0 2949.0 2945.0 2942.0 2935.0 2931.0 2928.0 2924.0 2921.0 2917.0 2914.0 2910.0 2899.0 2891.0 2883.0 2875.0 2866.0 2858.0 2850.0 2842.0 2826.0 2818.0 2810.0 2802.0 2793.0 2785.0 2777.0 2769.0 2753.0 2745.0 2737.0 2729.0 2720.0 2712.0 2704.0 2696.0 2686.0 2684.0 2683.0 2681.0 2679.0 2677.0 2675.0 2673.0 2670.0 2668.0 2666.0 2664.0 2663.0 2661.0 2659.0 2657.0 2654.0 2652.0 2650.0 2648.0 2646.0 2644.0 2643.0 2641.0 2629.0 2620.0 2610.0 2601.0 2591.0 2582.0 2572.0 2563.0 2544.0 2534.0 2525.0 2515.0 2506.0 2496.0 2487.0 2477.0 2458.0 2449.0 2439.0 2430.0 2420.0 2411.0 2401.0 2392.0 2384.0 2386.0 2389.0 2391.0 2393.0 2395.0 2398.0 2400.0 2404.0 2406.0 2409.0 2411.0 2413.0 2415.0 2418.0 2420.0 2424.0 2426.0 2429.0 2431.0 2433.0 2435.0 2438.0 2440.0 2453.0 2464.0 2475.0 2486.0 2496.0 2507.0 2518.0 2529.0 2551.0 2562.0 2573.0 2584.0 2594.0 2605.0 2616.0 2627.0 2649.0 2660.0 2671.0 2682.0 2692.0 2703.0 2714.0 2725.0 2739.0 2742.0 2745.0 2748.0 2751.0 2754.0 2757.0 2760.0 2766.0 2769.0 2772.0 2775.0 2778.0 2781.0 2784.0 2787.0 2793.0 2796.0 2799.0 2802.0 2805.0 2808.0 2811.0 2814.0 2817.0 2818.0 2818.0 2818.0 2819.0 2819.0 2819.0 2820.0 2820.0 2821.0 2821.0 2821.0 2822.0 2822.0 2822.0 2823.0 2823.0 2824.0 2824.0 2824.0 2825.0 2825.0 2825.0 2826.0 2821.0 2817.0 2812.0 2807.0 2802.0 2798.0 2793.0 2788.0 2779.0 2774.0 2770.0 2765.0 2760.0 2755.0 2751.0 2746.0 2737.0 2732.0 2727.0 2723.0 2718.0 2713.0 2708.0 2704.0 2689.0 2679.0 2670.0 2660.0 2650.0 2640.0 2630.0 2620.0 2601.0 2591.0 2581.0 2571.0 2562.0 2552.0 2542.0 2532.0 2513.0 2503.0 2493.0 2483.0 2473.0 2463.0 2454.0 2444.0 2431.0 2429.0 2426.0 2423.0 2421.0 2418.0 2415.0 2413.0 2407.0 2405.0 2402.0 2399.0 2397.0 2394.0 2391.0 2389.0 2383.0 2381.0 2378.0 2375.0 2373.0 2370.0 2367.0 2365.0 2361.0 2360.0 2359.0 2357.0 2356.0 2355.0 2354.0 2353.0 2351.0 2349.0 2348.0 2347.0 2346.0 2345.0 2344.0 2342.0 2340.0 2339.0 2338.0 2337.0 2336.0 2334.0 2333.0 2332.0 2332.0 2332.0 2333.0 2334.0 2334.0 2335.0 2336.0 2336.0 2338.0 2338.0 2339.0 2340.0 2340.0 2341.0 2342.0 2342.0 2344.0 2344.0 2345.0 2346.0
agregarAgente --UnidadTermicaSimple
200.0
100.0
agregarAgente --DemandaFija
473.7 462.0 449.4 440.4 436.8 444.9 452.1 459.3 466.5 474.6 481.8 487.2 495.3 507.0 519.6 530.4 542.1 554.7 566.4 568.2 564.6 565.5 566.4 568.2 570.0 570.9 572.7 566.4 564.6 564.6 563.7 562.8 562.8 562.8 562.8 565.5 570.0 585.3 600.6 615.0 629.4 643.8 659.1 659.1 651.0 671.7 693.3 714.0 735.6 756.3 777.9 768.9 760.8 773.4 786.0 797.7 810.3 822.9 835.5 836.4 840.0 855.3 871.5 888.6 903.9 920.1 935.4 938.1 934.5 883.2 832.8 781.5 731.1 679.8 628.5 622.2 610.5 581.7 554.7 526.8 498.0 471.0 442.2 437.7 436.8 435.0 435.0 435.0 434.1 434.1 433.2 436.8 429.6 412.5 396.3 380.1 363.9 347.7 330.6 319.8 312.6 334.2 356.7 379.2 401.7 424.2 446.7 449.4 458.4 477.3 497.1 516.0 535.8 555.6 574.5 579.9 573.6 546.6 520.5 494.4 466.5 441.3 413.4 402.6 397.2 402.6 408.0 414.3 420.6 426.9 432.3 437.7 447.6 451.2 456.6 461.1 465.6 470.1 473.7 480.0 477.3 471.9 465.6 458.4 451.2 445.8 438.6 431.4 435.0 438.6 443.1 447.6 453.0 457.5 462.9 472.8 484.5 479.1 474.6 470.1 464.7 460.2 455.7 457.5 444.9 445.8 444.0 443.1 442.2 441.3 440.4 426.0 422.4 439.5 457.5 475.5 493.5 511.5 528.6 539.4 552.9 564.6 575.4 585.3 597.0 606.9 616.8 620.4 606.9 588.0 569.1 549.3 530.4 510.6 489.9 472.8 462.9 466.5 471.0 474.6 478.2 481.8 484.5 492.6 506.1 510.6 516.0 520.5 525.9 530.4 535.8 542.1 539.4 523.2 507.0 490.8 474.6 458.4 443.1 433.2 414.3 404.4 395.4 385.5 376.5 366.6 356.7 347.7 339.6 342.3 344.1 345.9 348.6 350.4 351.3 354.0 350.4 351.3 351.3 351.3 351.3 351.3 350.4 345.9 340.5 344.1 346.8 350.4 353.1 357.6 361.2 361.2 363.9 366.6 370.2 372.9 376.5 381.0 383.7 386.4 389.1 371.1 354.9 337.8 320.7 303.6 287.4 287.4 287.4 279.3 270.3 263.1 254.1 246.0 237.9 237.9 240.6 262.2 284.7 306.3 327.9 350.4 372.0 372.9 371.1 341.4 309.9 279.3 248.7 217.2 187.5 184.8 182.1 215.4 248.7 283.8 317.1 351.3 385.5 386.4 388.2 390.9 392.7 396.3 398.1 401.7 403.5 405.3 404.4 369.3 335.1 300.0 264.0 228.9 194.7 192.0 190.2 220.8 251.4 281.1 311.7 341.4 372.0 372.9 378.3 381.9 385.5 388.2 391.8 395.4 398.1 402.6 402.6 389.1 374.7 361.2 347.7 333.3 319.8 316.2 313.5 349.5 384.6 420.6 454.8 490.8 526.8 527.7 533.1 536.7 539.4 543.9 546.6 551.1 553.8 558.3 557.4 520.5 483.6 445.8
crearDespacho --mercado --conDemandaTotal
4
0.02 0.07 0.145 1.0
370.0 600.0 2400.0 4000.0
727.82 709.85 690.49 676.66 671.13 683.57 694.63 705.7 716.76 729.2 740.27 748.56 761.01 778.99 798.35 814.94 832.92 852.28 870.25 873.02 867.49 868.87 870.25 873.02 875.78 877.17 879.93 870.25 867.49 867.49 866.1 864.72 864.72 864.72 864.72 868.87 875.78 899.29 922.8 944.92 967.05 989.17 1012.68 1012.68 1000.24 1032.04 1065.23 1097.03 1130.22 1162.03 1195.21 1181.39 1168.94 1188.3 1207.66 1225.64 1245.0 1264.35 1283.71 1285.1 1290.63 1314.14 1339.03 1365.3 1388.81 1413.7 1437.21 1441.36 1435.82 1357.0 1279.57 1200.75 1123.31 1044.49 965.67 955.99 938.01 893.76 852.28 809.41 765.16 723.67 679.42 672.51 671.13 668.36 668.36 668.36 666.98 666.98 665.6 671.13 660.06 633.79 608.9 584.01 559.12 534.23 507.95 491.36 480.3 513.49 548.06 582.63 617.2 651.77 686.34 690.49 704.31 733.35 763.78 792.81 823.24 853.66 882.7 890.99 881.31 839.83 799.73 759.63 716.76 678.04 635.17 618.58 610.28 618.58 626.88 636.56 646.24 655.92 664.21 672.51 687.72 693.25 701.55 708.46 715.38 722.29 727.82 737.5 733.35 725.06 715.38 704.31 693.25 684.95 673.89 662.83 668.36 673.89 680.81 687.72 696.02 702.93 711.23 726.44 744.42 736.12 729.2 722.29 713.99 707.08 700.17 702.93 683.57 684.95 682.19 680.81 679.42 678.04 676.66 654.53 649.0 675.28 702.93 730.59 758.24 785.9 812.17 828.77 849.51 867.49 884.08 899.29 917.27 932.48 947.69 953.22 932.48 903.44 874.4 843.98 814.94 784.52 752.71 726.44 711.23 716.76 723.67 729.2 734.74 740.27 744.42 756.86 777.6 784.52 792.81 799.73 808.03 814.94 823.24 832.92 828.77 803.88 778.99 754.1 729.2 704.31 680.81 665.6 636.56 621.35 607.52 592.31 578.48 563.27 548.06 534.23 521.78 525.93 528.7 531.46 535.61 538.38 539.76 543.91 538.38 539.76 539.76 539.76 539.76 539.76 538.38 531.46 523.17 528.7 532.85 538.38 542.52 549.44 554.97 554.97 559.12 563.27 568.8 572.95 578.48 585.39 589.54 593.69 597.84 570.18 545.29 519.02 492.74 466.47 441.58 441.58 441.58 429.13 415.31 404.24 390.42 377.97 365.52 365.52 369.67 402.86 437.43 470.62 503.81 538.38 571.56 572.95 570.18 524.55 476.15 429.13 382.12 333.72 288.09 283.94 279.79 330.95 382.12 436.05 487.21 539.76 592.31 593.69 596.45 600.6 603.37 608.9 611.67 617.2 619.96 622.73 621.35 567.42 514.87 460.94 405.63 351.7 299.15 295.0 292.24 339.25 386.27 431.9 478.92 524.55 571.56 572.95 581.24 586.77 592.31 596.45 601.99 607.52 611.67 618.58 618.58 597.84 575.71 554.97 534.23 512.1 491.36 485.83 481.68 536.99 590.92 646.24 698.78 754.1 809.41 810.79 819.09 824.62 828.77 835.68 839.83 846.74 850.89 857.81 856.42 799.73 743.03 684.95
configurarSolver --Gurobi
resolver --noConstante ejecuciones/bancos/recombinados/v1/directo/sgtm/v1_sgtm_000444.csv
finalizar
