inicializar --t 360
agregarAgente --SaltoGrande
0.001192
2001535362.0
6474.0 6457.0 6439.0 6422.0 6395.0 6386.0 6378.0 6369.0 6360.0 6351.0 6343.0 6334.0 6316.0 6307.0 6299.0 6290.0 6281.0 6272.0 6264.0 6255.0 6237.0 6228.0 6220.0 6211.0 6202.0 6193.0 6185.0 6176.0 6168.0 6168.0 6169.0 6170.0 6171.0 6171.0 6172.0 6173.0 6174.0 6175.0 6176.0 6177.0 6177.0 6178.0 6179.0 6180.0 6181.0 6182.0 6183.0 6183.0 6184.0 6185.0 6186.0 6186.0 6256.0 6324.0 6393.0 6462.0 6530.0 6599.0 6668.0 6736.0 6874.0 6942.0 7011.0 7080.0 7148.0 7217.0 7286.0 7354.0 7492.0 7560.0 7629.0 7698.0 7766.0 7835.0 7904.0 7972.0 8072.0 8103.0 8134.0 8165.0 8197.0 8228.0 8259.0 8290.0 8352.0 8383.0 8414.0 8445.0 8477.0 8508.0 8539.0 8570.0 8632.0 8663.0 8694.0 8725.0 8757.0 8788.0 8819.0 8850.0 8890.0 8898.0 8907.0 8916.0 8925.0 8933.0 8942.0 8951.0 8968.0 8977.0 8986.0 8995.0 9003.0 9012.0 9021.0 9030.0 9047.0 9056.0 9065.0 9073.0 9082.0 9091.0 9100.0 9108.0 9079.0 9041.0 9003.0 8964.0 8926.0 8888.0 8850.0 8812.0 8736.0 8697.0 8659.0 8621.0 8583.0 8545.0 8507.0 8468.0 8392.0 8354.0 8316.0 8278.0 8240.0 8201.0 8163.0 8125.0 8025.0 7962.0 7900.0 7838.0 7775.0 7713.0 7651.0 7588.0 7464.0 7401.0 7339.0 7277.0 7214.0 7152.0 7090.0 7027.0 6903.0 6840.0 6778.0 6716.0 6653.0 6591.0 6529.0 6466.0 6368.0 6332.0 6296.0 6260.0 6224.0 6188.0 6152.0 6116.0 6044.0 6008.0 5972.0 5936.0 5901.0 5865.0 5829.0 5793.0 5721.0 5685.0 5649.0 5613.0 5577.0 5541.0 5505.0 5469.0 5418.0 5402.0 5387.0 5372.0 5357.0 5341.0 5326.0 5311.0 5280.0 5265.0 5250.0 5235.0 5219.0 5204.0 5189.0 5174.0 5143.0 5128.0 5113.0 5097.0 5082.0 5067.0 5052.0 5036.0 5029.0 5037.0 5046.0 5054.0 5062.0 5070.0 5078.0 5086.0 5103.0 5111.0 5119.0 5127.0 5136.0 5144.0 5152.0 5160.0 5177.0 5185.0 5193.0 5201.0 5209.0 5217.0 5226.0 5234.0 5302.0 5362.0 5422.0 5482.0 5542.0 5602.0 5661.0 5721.0 5841.0 5901.0 5961.0 6021.0 6081.0 6141.0 6201.0 6261.0 6381.0 6441.0 6500.0 6560.0 6620.0 6680.0 6740.0 6800.0 6845.0 6829.0 6814.0 6798.0 6783.0 6768.0 6752.0 6737.0 6706.0 6691.0 6675.0 6660.0 6644.0 6629.0 6613.0 6598.0 6567.0 6552.0 6536.0 6521.0 6506.0 6490.0 6475.0 6459.0 6426.0 6408.0 6390.0 6372.0 6354.0 6336.0 6318.0 6300.0 6264.0 6246.0 6228.0 6210.0 6192.0 6174.0 6156.0 6138.0 6102.0 6084.0 6066.0 6048.0 6030.0 6012.0 5994.0 5976.0 5919.0 5881.0 5842.0 5804.0 5765.0 5727.0 5688.0 5650.0 5572.0 5534.0 5495.0 5457.0 5418.0 5380.0 5341.0 5303.0 5225.0 5187.0 5148.0 5110.0 5071.0 5033.0 4994.0 4956.0 4916.0 4916.0 4915.0 4914.0 4914.0 4913.0 4912.0 4912.0 4910.0 4910.0 4909.0 4908.0 4908.0 4907.0 4906.0 4906.0 4904.0 4904.0 4903.0 4902.0
agregarAgente --UnidadTermicaSimple
200.0
100.0
agregarAgente --DemandaFija
802.2 788.7 773.4 769.8 764.4 776.1 786.9 798.6 809.4 821.1 831.0 831.0 840.9 850.8 860.7 870.6 880.5 890.4 901.2 910.2 909.3 869.7 830.1 790.5 750.9 712.2 672.6 662.7 656.4 688.8 721.2 752.7 785.1 817.5 849.9 853.5 864.3 871.5 880.5 889.5 898.5 906.6 915.6 923.7 919.2 878.7 838.2 798.6 758.1 717.6 678.0 665.4 654.6 680.7 707.7 734.7 760.8 787.8 814.8 817.5 829.2 843.6 858.9 873.3 886.8 902.1 916.5 926.4 930.0 894.0 856.2 820.2 783.3 745.5 709.5 703.2 691.5 714.0 736.5 759.0 781.5 802.2 825.6 820.2 820.2 824.7 829.2 834.6 839.1 843.6 848.1 852.6 852.6 816.6 778.8 741.9 705.0 668.1 630.3 625.8 624.0 648.3 672.6 696.0 720.3 744.6 768.0 771.6 786.9 799.5 813.0 825.6 838.2 851.7 864.3 875.1 871.5 833.7 795.0 758.1 719.4 681.6 643.8 629.4 620.4 642.9 665.4 688.8 711.3 734.7 757.2 761.7 777.9 806.7 835.5 864.3 892.2 921.9 949.8 961.5 959.7 921.0 882.3 842.7 803.1 763.5 724.8 713.1 702.3 723.0 743.7 763.5 784.2 804.9 826.5 826.5 835.5 840.9 848.1 853.5 859.8 866.1 872.4 879.6 873.3 831.9 790.5 749.1 708.6 668.1 626.7 614.1 606.9 615.0 623.1 629.4 637.5 645.6 653.7 659.1 670.8 680.7 689.7 699.6 708.6 718.5 727.5 732.9 727.5 702.3 677.1 651.9 627.6 602.4 576.3 565.5 555.6 579.0 601.5 624.0 647.4 669.9 692.4 695.1 703.2 710.4 718.5 724.8 732.9 740.1 748.2 753.6 752.7 715.8 679.8 642.9 606.9 570.0 533.1 525.9 517.8 543.0 568.2 592.5 617.7 642.9 667.2 667.2 670.8 676.2 681.6 687.0 693.3 699.6 705.0 708.6 705.9 670.8 636.6 602.4 567.3 533.1 498.9 492.6 484.5 510.6 536.7 563.7 590.7 616.8 643.8 642.0 645.6 652.8 661.8 670.8 678.9 687.9 696.0 702.3 704.1 660.0 616.8 574.5 532.2 489.0 445.8 442.2 437.7 455.7 473.7 491.7 509.7 527.7 546.6 546.6 548.4 555.6 564.6 571.8 579.9 588.0 597.0 597.9 598.8 549.3 502.5 453.9 405.3 357.6 308.1 307.2 307.2 321.6 334.2 347.7 360.3 374.7 387.3 389.1 392.7 425.1 455.7 486.3 517.8 548.4 579.9 581.7 581.7 534.0 486.3 439.5 390.9 343.2 295.5 293.7 295.5 354.9 415.2 476.4 535.8 596.1 657.3 660.9 677.1 696.9 716.7 735.6 756.3 775.2 795.0 807.6 806.7 751.8 696.9 642.9 588.0 534.0 479.1 465.6 459.3 498.0 538.5 578.1 617.7 658.2 697.8 705.0 718.5 723.9 729.3 735.6 741.9 746.4 752.7 759.0 752.7 696.0 641.1 584.4
crearDespacho --mercado --conDemandaTotal
4
0.02 0.07 0.145 1.0
370.0 600.0 2400.0 4000.0
987.2 970.59 951.76 947.33 940.68 955.08 968.37 982.77 996.06 1010.46 1022.64 1022.64 1034.83 1047.01 1059.19 1071.38 1083.56 1095.74 1109.03 1120.11 1119.0 1070.27 1021.54 972.8 924.07 876.45 827.71 815.53 807.78 847.65 887.52 926.29 966.16 1006.03 1045.9 1050.33 1063.62 1072.48 1083.56 1094.64 1105.71 1115.68 1126.75 1136.72 1131.18 1081.34 1031.5 982.77 932.93 883.09 834.36 818.85 805.56 837.68 870.91 904.14 936.25 969.48 1002.71 1006.03 1020.43 1038.15 1056.98 1074.7 1091.31 1110.14 1127.86 1140.05 1144.48 1100.17 1053.66 1009.35 963.94 917.43 873.12 865.37 850.97 878.66 906.35 934.04 961.73 987.2 1016.0 1009.35 1009.35 1014.89 1020.43 1027.07 1032.61 1038.15 1043.69 1049.23 1049.23 1004.92 958.41 913.0 867.59 822.18 775.66 770.12 767.91 797.81 827.71 856.51 886.41 916.32 945.12 949.55 968.37 983.88 1000.49 1016.0 1031.5 1048.12 1063.62 1076.91 1072.48 1025.97 978.34 932.93 885.31 838.79 792.27 774.55 763.48 791.16 818.85 847.65 875.34 904.14 931.82 937.36 957.3 992.74 1028.18 1063.62 1097.96 1134.51 1168.84 1183.24 1181.02 1133.4 1085.77 1037.04 988.31 939.58 891.95 877.55 864.26 889.74 915.21 939.58 965.05 990.52 1017.11 1017.11 1028.18 1034.83 1043.69 1050.33 1058.09 1065.84 1073.59 1082.45 1074.7 1023.75 972.8 921.86 872.02 822.18 771.23 755.72 746.86 756.83 766.8 774.55 784.52 794.49 804.46 811.1 825.5 837.68 848.76 860.94 872.02 884.2 895.28 901.92 895.28 864.26 833.25 802.24 772.34 741.32 709.21 695.91 683.73 712.53 740.22 767.91 796.7 824.39 852.08 855.4 865.37 874.23 884.2 891.95 901.92 910.78 920.75 927.39 926.29 880.88 836.57 791.16 746.86 701.45 656.04 647.18 637.21 668.23 699.24 729.14 760.15 791.16 821.07 821.07 825.5 832.14 838.79 845.43 853.19 860.94 867.59 872.02 868.69 825.5 783.41 741.32 698.13 656.04 613.96 606.2 596.23 628.35 660.47 693.7 726.93 759.05 792.27 790.06 794.49 803.35 814.42 825.5 835.47 846.54 856.51 864.26 866.48 812.21 759.05 706.99 654.94 601.77 548.61 544.18 538.64 560.79 582.94 605.1 627.25 649.4 672.66 672.66 674.87 683.73 694.81 703.67 713.64 723.6 734.68 735.79 736.89 675.98 618.39 558.58 498.77 440.07 379.15 378.05 378.05 395.77 411.27 427.89 443.39 461.11 476.62 478.83 483.26 523.14 560.79 598.45 637.21 674.87 713.64 715.85 715.85 657.15 598.45 540.86 481.05 422.35 363.65 361.43 363.65 436.75 510.95 586.27 659.37 733.57 808.89 813.32 833.25 857.62 881.98 905.24 930.72 953.98 978.34 993.85 992.74 925.18 857.62 791.16 723.6 657.15 589.59 572.98 565.22 612.85 662.69 711.42 760.15 809.99 858.73 867.59 884.2 890.84 897.49 905.24 913.0 918.53 926.29 934.04 926.29 856.51 788.95 719.17
configurarSolver --Gurobi
resolver --noConstante ejecuciones/bancos/recombinados/v1/directo/sgtm/v1_sgtm_000395.csv
finalizar
