inicializar --t 360
agregarAgente --SaltoGrande
0.000144
2104235473.0
1017.0 1019.0 1021.0 1022.0 1027.0 1030.0 1033.0 1036.0 1040.0 1043.0 1046.0 1049.0 1055.0 1058.0 1061.0 1064.0 1068.0 1071.0 1074.0 1077.0 1083.0 1086.0 1089.0 1092.0 1096.0 1099.0 1102.0 1105.0 1100.0 1093.0 1085.0 1077.0 1069.0 1062.0 1054.0 1046.0 1031.0 1023.0 1016.0 1008.0 1000.0 992.0 985.0 977.0 962.0 954.0 946.0 939.0 931.0 923.0 915.0 908.0 900.0 901.0 901.0 901.0 901.0 902.0 902.0 902.0 903.0 903.0 904.0 904.0 904.0 904.0 905.0 905.0 906.0 906.0 906.0 907.0 907.0 907.0 907.0 908.0 907.0 905.0 904.0 903.0 901.0 900.0 899.0 897.0 895.0 893.0 892.0 891.0 889.0 888.0 887.0 885.0 883.0 881.0 880.0 879.0 877.0 876.0 875.0 873.0 871.0 870.0 869.0 868.0 867.0 866.0 866.0 865.0 863.0 862.0 861.0 860.0 859.0 858.0 857.0 856.0 854.0 853.0 853.0 852.0 851.0 850.0 849.0 848.0 850.0 853.0 856.0 859.0 862.0 865.0 868.0 871.0 877.0 880.0 883.0 886.0 889.0 892.0 895.0 898.0 904.0 907.0 910.0 913.0 916.0 919.0 922.0 925.0 930.0 933.0 935.0 937.0 939.0 942.0 944.0 946.0 951.0 953.0 956.0 958.0 960.0 962.0 965.0 967.0 972.0 974.0 976.0 979.0 981.0 983.0 985.0 988.0 992.0 994.0 995.0 997.0 999.0 1001.0 1002.0 1004.0 1008.0 1010.0 1011.0 1013.0 1015.0 1017.0 1018.0 1020.0 1024.0 1026.0 1027.0 1029.0 1031.0 1033.0 1034.0 1036.0 1052.0 1067.0 1081.0 1096.0 1110.0 1125.0 1139.0 1154.0 1183.0 1197.0 1212.0 1226.0 1241.0 1255.0 1270.0 1284.0 1313.0 1328.0 1342.0 1357.0 1371.0 1386.0 1400.0 1415.0 1429.0 1429.0 1428.0 1428.0 1428.0 1428.0 1427.0 1427.0 1427.0 1427.0 1426.0 1426.0 1426.0 1426.0 1425.0 1425.0 1425.0 1425.0 1424.0 1424.0 1424.0 1424.0 1423.0 1423.0 1491.0 1558.0 1626.0 1693.0 1761.0 1829.0 1896.0 1964.0 2099.0 2167.0 2234.0 2302.0 2369.0 2437.0 2504.0 2572.0 2707.0 2775.0 2842.0 2910.0 2978.0 3045.0 3113.0 3180.0 3294.0 3340.0 3385.0 3431.0 3477.0 3523.0 3569.0 3615.0 3706.0 3752.0 3798.0 3844.0 3889.0 3935.0 3981.0 4027.0 4118.0 4164.0 4210.0 4256.0 4302.0 4348.0 4393.0 4439.0 4466.0 4446.0 4427.0 4407.0 4388.0 4368.0 4349.0 4329.0 4291.0 4271.0 4252.0 4232.0 4213.0 4193.0 4174.0 4154.0 4116.0 4096.0 4077.0 4057.0 4038.0 4018.0 3999.0 3979.0 3929.0 3898.0 3867.0 3836.0 3805.0 3774.0 3743.0 3712.0 3650.0 3619.0 3588.0 3557.0 3526.0 3495.0 3464.0 3433.0 3371.0 3340.0 3309.0 3278.0 3247.0 3216.0 3185.0 3154.0 3097.0 3072.0 3046.0 3020.0 2994.0 2969.0 2943.0 2917.0 2866.0 2840.0 2815.0 2789.0 2763.0 2737.0 2712.0 2686.0 2635.0 2609.0 2583.0 2558.0
agregarAgente --UnidadTermicaSimple
200.0
100.0
agregarAgente --DemandaFija
265.8 264.6 263.4 262.8 258.6 256.2 253.8 251.4 249.6 247.2 244.2 241.2 242.4 254.4 266.4 278.4 290.4 302.4 314.4 318.0 322.2 313.2 303.6 294.6 286.2 277.8 268.2 267.6 262.8 259.2 255.0 251.4 247.2 243.6 239.4 235.2 239.4 251.4 263.4 275.4 286.8 299.4 311.4 318.6 327.6 326.4 325.8 324.0 323.4 322.2 321.0 322.8 328.8 334.8 340.8 348.0 354.0 360.0 366.0 370.8 376.8 377.4 378.0 378.0 379.2 379.8 379.8 380.4 379.8 381.6 382.8 384.0 385.8 386.4 387.6 386.4 388.8 388.2 387.6 387.0 385.8 384.0 384.0 387.6 391.8 398.4 405.0 412.2 418.8 425.4 432.0 432.0 430.2 420.0 409.2 399.0 388.8 378.6 368.4 366.0 366.0 369.6 373.2 376.8 381.0 384.0 387.6 390.0 393.0 399.6 405.0 411.6 417.6 423.0 429.6 430.2 429.0 420.0 411.6 403.8 394.8 386.4 377.4 376.2 375.6 376.8 378.6 379.8 381.0 382.2 383.4 385.2 385.2 390.0 394.8 399.6 403.8 408.6 412.8 411.6 408.6 401.4 393.6 385.2 377.4 369.6 361.8 359.4 357.0 358.2 358.2 358.8 359.4 360.0 360.0 361.2 360.0 363.6 367.2 370.8 374.4 377.4 381.0 379.8 373.8 365.4 357.0 348.0 339.0 330.6 321.0 317.4 312.6 310.8 309.6 308.4 306.6 305.4 304.2 303.0 302.4 307.2 310.8 314.4 318.6 322.8 326.4 327.0 322.8 314.4 305.4 295.8 287.4 279.0 270.0 264.0 251.4 244.2 237.6 231.6 224.4 217.8 210.6 204.0 200.4 202.2 205.8 208.2 211.2 213.0 216.0 218.4 223.2 227.4 231.0 234.6 238.2 242.4 246.0 248.4 255.0 265.2 274.8 285.6 295.2 304.8 315.0 319.2 324.0 318.6 313.8 309.6 304.8 299.4 295.2 295.2 292.8 288.6 283.8 279.0 274.8 270.0 265.2 263.4 262.8 263.4 264.6 266.4 267.0 268.8 270.0 271.2 271.2 273.6 274.8 276.6 278.4 280.8 281.4 280.8 276.6 270.6 264.6 258.6 253.2 246.6 240.6 237.6 234.6 234.6 234.6 234.0 234.0 234.0 234.0 234.0 234.6 238.2 241.2 244.2 247.8 251.4 254.4 254.4 248.4 239.4 229.2 219.0 210.0 199.8 190.2 183.6 178.8 181.2 183.6 185.4 188.4 190.8 193.2 195.6 200.4 208.8 217.8 226.2 235.2 244.2 253.2 255.6 249.0 233.4 217.8 201.6 186.6 171.0 156.0 145.8 141.0 144.6 148.8 152.4 156.6 160.8 165.0 168.6 173.4 178.8 182.4 186.6 191.4 195.6 200.4 201.0 196.8 187.2 178.2 168.0 159.0 150.0 140.4 134.4 130.8 135.0 139.2 143.4 147.0 151.2 155.4 157.8 165.0 172.2 178.8 185.4 192.0 198.0 205.2 210.6 208.8 200.4 191.4 183.6
crearDespacho --mercado --conDemandaTotal
4
0.02 0.07 0.145 1.0
370.0 600.0 2400.0 4000.0
650.88 647.94 645.0 643.53 633.25 627.37 621.5 615.62 611.21 605.33 597.99 590.64 593.58 622.96 652.35 681.73 711.12 740.51 769.89 778.71 788.99 766.95 743.44 721.4 700.84 680.27 656.76 655.29 643.53 634.72 624.43 615.62 605.33 596.52 586.23 575.95 586.23 615.62 645.0 674.39 702.3 733.16 762.54 780.18 802.21 799.28 797.81 793.4 791.93 788.99 786.05 790.46 805.15 819.85 834.54 852.17 866.86 881.55 896.25 908.0 922.69 924.16 925.63 925.63 928.57 930.04 930.04 931.51 930.04 934.45 937.39 940.32 944.73 946.2 949.14 946.2 952.08 950.61 949.14 947.67 944.73 940.32 940.32 949.14 959.42 975.59 991.75 1009.38 1025.54 1041.7 1057.86 1057.86 1053.46 1028.48 1002.03 977.06 952.08 927.1 902.12 896.25 896.25 905.06 913.88 922.69 932.98 940.32 949.14 955.02 962.36 978.52 991.75 1007.91 1022.6 1035.83 1051.99 1053.46 1050.52 1028.48 1007.91 988.81 966.77 946.2 924.16 921.22 919.75 922.69 927.1 930.04 932.98 935.92 938.85 943.26 943.26 955.02 966.77 978.52 988.81 1000.56 1010.85 1007.91 1000.56 982.93 963.83 943.26 924.16 905.06 885.96 880.08 874.21 877.15 877.15 878.62 880.08 881.55 881.55 884.49 881.55 890.37 899.18 908.0 916.82 924.16 932.98 930.04 915.35 894.78 874.21 852.17 830.13 809.56 786.05 777.24 765.48 761.07 758.14 755.2 750.79 747.85 744.91 741.97 740.51 752.26 761.07 769.89 780.18 790.46 799.28 800.74 790.46 769.89 747.85 724.34 703.77 683.2 661.17 646.47 615.62 597.99 581.83 567.13 549.5 533.34 515.71 499.55 490.73 495.14 503.95 509.83 517.18 521.59 528.93 534.81 546.56 556.85 565.66 574.48 583.29 593.58 602.4 608.27 624.43 649.41 672.92 699.37 722.87 746.38 771.36 781.64 793.4 780.18 768.42 758.14 746.38 733.16 722.87 722.87 717.0 706.71 694.96 683.2 672.92 661.17 649.41 645.0 643.53 645.0 647.94 652.35 653.82 658.23 661.17 664.1 664.1 669.98 672.92 677.33 681.73 687.61 689.08 687.61 677.33 662.63 647.94 633.25 620.03 603.86 589.17 581.83 574.48 574.48 574.48 573.01 573.01 573.01 573.01 573.01 574.48 583.29 590.64 597.99 606.8 615.62 622.96 622.96 608.27 586.23 561.26 536.28 514.24 489.26 465.75 449.59 437.84 443.72 449.59 454.0 461.35 467.22 473.1 478.98 490.73 511.3 533.34 553.91 575.95 597.99 620.03 625.9 609.74 571.54 533.34 493.67 456.94 418.74 382.01 357.03 345.28 354.09 364.38 373.19 383.48 393.76 404.05 412.86 424.62 437.84 446.65 456.94 468.69 478.98 490.73 492.2 481.92 458.41 436.37 411.39 389.35 367.31 343.81 329.11 320.3 330.58 340.87 351.15 359.97 370.25 380.54 386.41 404.05 421.68 437.84 454.0 470.16 484.85 502.49 515.71 511.3 490.73 468.69 449.59
configurarSolver --Gurobi
resolver --noConstante ejecuciones/bancos/recombinados/v1/directo/sgtm/v1_sgtm_000384.csv
finalizar
