inicializar --t 360
agregarAgente --SaltoGrande
0.000425
2001535362.0
6474.0 6457.0 6439.0 6422.0 6395.0 6386.0 6378.0 6369.0 6360.0 6351.0 6343.0 6334.0 6316.0 6307.0 6299.0 6290.0 6281.0 6272.0 6264.0 6255.0 6237.0 6228.0 6220.0 6211.0 6202.0 6193.0 6185.0 6176.0 6168.0 6168.0 6169.0 6170.0 6171.0 6171.0 6172.0 6173.0 6174.0 6175.0 6176.0 6177.0 6177.0 6178.0 6179.0 6180.0 6181.0 6182.0 6183.0 6183.0 6184.0 6185.0 6186.0 6186.0 6256.0 6324.0 6393.0 6462.0 6530.0 6599.0 6668.0 6736.0 6874.0 6942.0 7011.0 7080.0 7148.0 7217.0 7286.0 7354.0 7492.0 7560.0 7629.0 7698.0 7766.0 7835.0 7904.0 7972.0 8072.0 8103.0 8134.0 8165.0 8197.0 8228.0 8259.0 8290.0 8352.0 8383.0 8414.0 8445.0 8477.0 8508.0 8539.0 8570.0 8632.0 8663.0 8694.0 8725.0 8757.0 8788.0 8819.0 8850.0 8890.0 8898.0 8907.0 8916.0 8925.0 8933.0 8942.0 8951.0 8968.0 8977.0 8986.0 8995.0 9003.0 9012.0 9021.0 9030.0 9047.0 9056.0 9065.0 9073.0 9082.0 9091.0 9100.0 9108.0 9079.0 9041.0 9003.0 8964.0 8926.0 8888.0 8850.0 8812.0 8736.0 8697.0 8659.0 8621.0 8583.0 8545.0 8507.0 8468.0 8392.0 8354.0 8316.0 8278.0 8240.0 8201.0 8163.0 8125.0 8025.0 7962.0 7900.0 7838.0 7775.0 7713.0 7651.0 7588.0 7464.0 7401.0 7339.0 7277.0 7214.0 7152.0 7090.0 7027.0 6903.0 6840.0 6778.0 6716.0 6653.0 6591.0 6529.0 6466.0 6368.0 6332.0 6296.0 6260.0 6224.0 6188.0 6152.0 6116.0 6044.0 6008.0 5972.0 5936.0 5901.0 5865.0 5829.0 5793.0 5721.0 5685.0 5649.0 5613.0 5577.0 5541.0 5505.0 5469.0 5418.0 5402.0 5387.0 5372.0 5357.0 5341.0 5326.0 5311.0 5280.0 5265.0 5250.0 5235.0 5219.0 5204.0 5189.0 5174.0 5143.0 5128.0 5113.0 5097.0 5082.0 5067.0 5052.0 5036.0 5029.0 5037.0 5046.0 5054.0 5062.0 5070.0 5078.0 5086.0 5103.0 5111.0 5119.0 5127.0 5136.0 5144.0 5152.0 5160.0 5177.0 5185.0 5193.0 5201.0 5209.0 5217.0 5226.0 5234.0 5302.0 5362.0 5422.0 5482.0 5542.0 5602.0 5661.0 5721.0 5841.0 5901.0 5961.0 6021.0 6081.0 6141.0 6201.0 6261.0 6381.0 6441.0 6500.0 6560.0 6620.0 6680.0 6740.0 6800.0 6845.0 6829.0 6814.0 6798.0 6783.0 6768.0 6752.0 6737.0 6706.0 6691.0 6675.0 6660.0 6644.0 6629.0 6613.0 6598.0 6567.0 6552.0 6536.0 6521.0 6506.0 6490.0 6475.0 6459.0 6426.0 6408.0 6390.0 6372.0 6354.0 6336.0 6318.0 6300.0 6264.0 6246.0 6228.0 6210.0 6192.0 6174.0 6156.0 6138.0 6102.0 6084.0 6066.0 6048.0 6030.0 6012.0 5994.0 5976.0 5919.0 5881.0 5842.0 5804.0 5765.0 5727.0 5688.0 5650.0 5572.0 5534.0 5495.0 5457.0 5418.0 5380.0 5341.0 5303.0 5225.0 5187.0 5148.0 5110.0 5071.0 5033.0 4994.0 4956.0 4916.0 4916.0 4915.0 4914.0 4914.0 4913.0 4912.0 4912.0 4910.0 4910.0 4909.0 4908.0 4908.0 4907.0 4906.0 4906.0 4904.0 4904.0 4903.0 4902.0
agregarAgente --UnidadTermicaSimple
200.0
100.0
agregarAgente --DemandaFija
295.8 288.0 279.6 273.6 271.2 276.6 281.4 286.2 291.0 296.4 301.2 304.8 310.2 318.0 326.4 333.6 341.4 349.8 357.6 358.8 356.4 357.0 357.6 358.8 360.0 360.6 361.8 357.6 356.4 356.4 355.8 355.2 355.2 355.2 355.2 357.0 360.0 370.2 380.4 390.0 399.6 409.2 419.4 419.4 414.0 427.8 442.2 456.0 470.4 484.2 498.6 492.6 487.2 495.6 504.0 511.8 520.2 528.6 537.0 537.6 540.0 550.2 561.0 572.4 582.6 593.4 603.6 605.4 603.0 568.8 535.2 501.0 467.4 433.2 399.0 394.8 387.0 367.8 349.8 331.2 312.0 294.0 274.8 271.8 271.2 270.0 270.0 270.0 269.4 269.4 268.8 271.2 266.4 255.0 244.2 233.4 222.6 211.8 200.4 193.2 188.4 202.8 217.8 232.8 247.8 262.8 277.8 279.6 285.6 298.2 311.4 324.0 337.2 350.4 363.0 366.6 362.4 344.4 327.0 309.6 291.0 274.2 255.6 248.4 244.8 248.4 252.0 256.2 260.4 264.6 268.2 271.8 278.4 280.8 284.4 287.4 290.4 293.4 295.8 300.0 298.2 294.6 290.4 285.6 280.8 277.2 272.4 267.6 270.0 272.4 275.4 278.4 282.0 285.0 288.6 295.2 303.0 299.4 296.4 293.4 289.8 286.8 283.8 285.0 276.6 277.2 276.0 275.4 274.8 274.2 273.6 264.0 261.6 273.0 285.0 297.0 309.0 321.0 332.4 339.6 348.6 356.4 363.6 370.2 378.0 384.6 391.2 393.6 384.6 372.0 359.4 346.2 333.6 320.4 306.6 295.2 288.6 291.0 294.0 296.4 298.8 301.2 303.0 308.4 317.4 320.4 324.0 327.0 330.6 333.6 337.2 341.4 339.6 328.8 318.0 307.2 296.4 285.6 275.4 268.8 256.2 249.6 243.6 237.0 231.0 224.4 217.8 211.8 206.4 208.2 209.4 210.6 212.4 213.6 214.2 216.0 213.6 214.2 214.2 214.2 214.2 214.2 213.6 210.6 207.0 209.4 211.2 213.6 215.4 218.4 220.8 220.8 222.6 224.4 226.8 228.6 231.0 234.0 235.8 237.6 239.4 227.4 216.6 205.2 193.8 182.4 171.6 171.6 171.6 166.2 160.2 155.4 149.4 144.0 138.6 138.6 140.4 154.8 169.8 184.2 198.6 213.6 228.0 228.6 227.4 207.6 186.6 166.2 145.8 124.8 105.0 103.2 101.4 123.6 145.8 169.2 191.4 214.2 237.0 237.6 238.8 240.6 241.8 244.2 245.4 247.8 249.0 250.2 249.6 226.2 203.4 180.0 156.0 132.6 109.8 108.0 106.8 127.2 147.6 167.4 187.8 207.6 228.0 228.6 232.2 234.6 237.0 238.8 241.2 243.6 245.4 248.4 248.4 239.4 229.8 220.8 211.8 202.2 193.2 190.8 189.0 213.0 236.4 260.4 283.2 307.2 331.2 331.8 335.4 337.8 339.6 342.6 344.4 347.4 349.2 352.2 351.6 327.0 302.4 277.2
crearDespacho --mercado --conDemandaTotal
4
0.02 0.07 0.145 1.0
370.0 600.0 2400.0 4000.0
760.2 740.15 718.57 703.15 696.98 710.86 723.19 735.53 747.86 761.74 774.08 783.33 797.21 817.25 838.84 857.34 877.39 898.98 919.02 922.11 915.94 917.48 919.02 922.11 925.19 926.73 929.82 919.02 915.94 915.94 914.4 912.86 912.86 912.86 912.86 917.48 925.19 951.41 977.62 1002.29 1026.96 1051.63 1077.85 1077.85 1063.97 1099.44 1136.44 1171.91 1208.92 1244.38 1281.39 1265.97 1252.09 1273.68 1295.27 1315.31 1336.9 1358.49 1380.08 1381.62 1387.79 1414.0 1441.76 1471.05 1497.27 1525.02 1551.24 1555.86 1549.7 1461.8 1375.45 1287.56 1201.21 1113.31 1025.42 1014.63 994.58 945.24 898.98 851.18 801.83 755.57 706.23 698.52 696.98 693.89 693.89 693.89 692.35 692.35 690.81 696.98 684.64 655.34 627.59 599.83 572.08 544.32 515.02 496.52 484.18 521.19 559.74 598.29 636.84 675.39 713.94 718.57 733.99 766.37 800.29 832.67 866.6 900.52 932.9 942.15 931.36 885.1 840.38 795.66 747.86 704.69 656.89 638.38 629.13 638.38 647.63 658.43 669.22 680.02 689.27 698.52 715.48 721.65 730.9 738.61 746.32 754.03 760.2 770.99 766.37 757.12 746.32 733.99 721.65 712.4 700.06 687.73 693.89 700.06 707.77 715.48 724.73 732.44 741.7 758.66 778.7 769.45 761.74 754.03 744.78 737.07 729.36 732.44 710.86 712.4 709.31 707.77 706.23 704.69 703.15 678.47 672.31 701.6 732.44 763.28 794.12 824.96 854.26 872.76 895.89 915.94 934.44 951.41 971.45 988.41 1005.38 1011.54 988.41 956.03 923.65 889.73 857.34 823.42 787.96 758.66 741.7 747.86 755.57 761.74 767.91 774.08 778.7 792.58 815.71 823.42 832.67 840.38 849.63 857.34 866.6 877.39 872.76 845.01 817.25 789.5 761.74 733.99 707.77 690.81 658.43 641.47 626.05 609.08 593.66 576.7 559.74 544.32 530.44 535.07 538.15 541.24 545.86 548.95 550.49 555.12 548.95 550.49 550.49 550.49 550.49 550.49 548.95 541.24 531.99 538.15 542.78 548.95 553.57 561.28 567.45 567.45 572.08 576.7 582.87 587.5 593.66 601.37 606.0 610.63 615.25 584.41 556.66 527.36 498.06 468.76 441.01 441.01 441.01 427.13 411.71 399.37 383.95 370.08 356.2 356.2 360.82 397.83 436.38 473.39 510.4 548.95 585.95 587.5 584.41 533.53 479.56 427.13 374.7 320.73 269.85 265.22 260.6 317.65 374.7 434.84 491.89 550.49 609.08 610.63 613.71 618.34 621.42 627.59 630.67 636.84 639.92 643.01 641.47 581.33 522.73 462.6 400.92 340.78 282.18 277.56 274.47 326.9 379.33 430.21 482.64 533.53 585.95 587.5 596.75 602.92 609.08 613.71 619.88 626.05 630.67 638.38 638.38 615.25 590.58 567.45 544.32 519.65 496.52 490.35 485.73 547.41 607.54 669.22 727.82 789.5 851.18 852.72 861.97 868.14 872.76 880.47 885.1 892.81 897.44 905.15 903.6 840.38 777.16 712.4
configurarSolver --Gurobi
resolver --noConstante ejecuciones/bancos/recombinados/v1/directo/sgtm/v1_sgtm_000241.csv
finalizar
