inicializar --t 360
agregarAgente --SaltoGrande
0.00323
2719162864.0
4902.0 4901.0 4900.0 4900.0 4901.0 4903.0 4905.0 4907.0 4908.0 4910.0 4912.0 4914.0 4918.0 4920.0 4922.0 4924.0 4925.0 4927.0 4929.0 4931.0 4935.0 4937.0 4939.0 4941.0 4942.0 4944.0 4946.0 4948.0 4941.0 4932.0 4923.0 4914.0 4906.0 4897.0 4888.0 4879.0 4861.0 4852.0 4843.0 4834.0 4826.0 4817.0 4808.0 4799.0 4781.0 4772.0 4763.0 4754.0 4746.0 4737.0 4728.0 4719.0 4726.0 4741.0 4757.0 4773.0 4789.0 4804.0 4820.0 4836.0 4867.0 4883.0 4899.0 4915.0 4930.0 4946.0 4962.0 4978.0 5009.0 5025.0 5041.0 5056.0 5072.0 5088.0 5104.0 5119.0 5153.0 5171.0 5189.0 5207.0 5225.0 5243.0 5261.0 5279.0 5315.0 5333.0 5351.0 5369.0 5386.0 5404.0 5422.0 5440.0 5476.0 5494.0 5512.0 5530.0 5548.0 5566.0 5584.0 5602.0 5636.0 5653.0 5669.0 5686.0 5702.0 5718.0 5735.0 5751.0 5784.0 5800.0 5817.0 5833.0 5850.0 5866.0 5883.0 5899.0 5932.0 5948.0 5965.0 5981.0 5997.0 6014.0 6030.0 6047.0 6060.0 6058.0 6055.0 6052.0 6049.0 6047.0 6044.0 6041.0 6036.0 6033.0 6031.0 6028.0 6025.0 6022.0 6020.0 6017.0 6012.0 6009.0 6006.0 6004.0 6001.0 5998.0 5995.0 5993.0 5959.0 5929.0 5898.0 5868.0 5837.0 5807.0 5776.0 5746.0 5685.0 5654.0 5624.0 5593.0 5563.0 5532.0 5502.0 5471.0 5410.0 5380.0 5349.0 5319.0 5288.0 5258.0 5227.0 5197.0 5153.0 5139.0 5126.0 5112.0 5099.0 5085.0 5072.0 5058.0 5031.0 5018.0 5004.0 4991.0 4977.0 4964.0 4950.0 4937.0 4910.0 4896.0 4883.0 4869.0 4856.0 4842.0 4829.0 4815.0 4777.0 4752.0 4728.0 4703.0 4678.0 4653.0 4628.0 4603.0 4554.0 4529.0 4504.0 4479.0 4455.0 4430.0 4405.0 4380.0 4331.0 4306.0 4281.0 4256.0 4231.0 4206.0 4182.0 4157.0 4112.0 4091.0 4071.0 4050.0 4030.0 4009.0 3989.0 3968.0 3927.0 3907.0 3886.0 3866.0 3845.0 3825.0 3804.0 3784.0 3743.0 3722.0 3702.0 3681.0 3661.0 3640.0 3620.0 3599.0 3582.0 3584.0 3587.0 3590.0 3592.0 3595.0 3598.0 3600.0 3606.0 3608.0 3611.0 3614.0 3616.0 3619.0 3622.0 3624.0 3630.0 3632.0 3635.0 3638.0 3640.0 3643.0 3646.0 3648.0 3649.0 3647.0 3645.0 3643.0 3640.0 3638.0 3636.0 3634.0 3630.0 3628.0 3626.0 3624.0 3621.0 3619.0 3617.0 3615.0 3611.0 3609.0 3607.0 3605.0 3602.0 3600.0 3598.0 3596.0 3585.0 3575.0 3566.0 3556.0 3547.0 3537.0 3528.0 3518.0 3500.0 3490.0 3481.0 3471.0 3462.0 3452.0 3443.0 3433.0 3415.0 3405.0 3396.0 3386.0 3377.0 3367.0 3358.0 3348.0 3332.0 3324.0 3317.0 3309.0 3302.0 3294.0 3287.0 3279.0 3264.0 3257.0 3249.0 3242.0 3234.0 3227.0 3219.0 3212.0 3197.0 3189.0 3182.0 3174.0 3167.0 3159.0 3152.0 3144.0 3132.0 3126.0 3121.0 3116.0 3111.0 3105.0 3100.0 3095.0 3084.0 3079.0 3073.0 3068.0 3063.0 3058.0 3052.0 3047.0 3036.0 3031.0 3026.0 3020.0
agregarAgente --UnidadTermicaSimple
200.0
100.0
agregarAgente --DemandaFija
442.2 422.4 402.6 399.0 396.3 389.1 381.0 372.9 365.7 357.6 349.5 349.5 353.1 349.5 346.8 344.1 340.5 337.8 335.1 337.8 338.7 341.4 345.0 349.5 353.1 356.7 360.3 358.5 360.3 364.8 369.3 373.8 379.2 383.7 388.2 390.9 400.8 412.5 423.3 433.2 444.0 454.8 465.6 473.7 471.9 453.9 435.9 417.9 399.0 381.9 363.0 354.9 347.7 359.4 371.1 383.7 395.4 408.0 419.7 420.6 417.0 412.5 408.0 403.5 399.9 396.3 390.9 386.4 380.1 354.9 330.6 305.4 280.2 255.9 230.7 228.0 231.6 230.7 228.9 228.9 227.1 226.2 224.4 230.7 245.1 254.1 262.2 271.2 280.2 290.1 299.1 308.1 300.0 311.7 323.4 336.0 348.6 360.3 372.9 355.8 343.2 343.2 342.3 342.3 342.3 341.4 340.5 345.0 357.6 363.9 370.2 376.5 381.9 388.2 394.5 401.7 399.9 406.2 412.5 418.8 426.0 431.4 437.7 427.8 417.0 417.0 417.9 417.9 417.9 417.9 417.0 416.1 426.0 404.4 382.8 361.2 338.7 318.0 296.4 306.3 306.3 314.4 321.6 328.8 336.0 343.2 351.3 340.5 333.3 341.4 348.6 356.7 364.8 372.0 380.1 383.7 390.0 393.6 397.2 400.8 404.4 408.9 412.5 416.1 414.3 403.5 391.8 381.0 370.2 358.5 347.7 342.3 348.6 346.8 346.8 345.0 344.1 343.2 342.3 353.1 363.9 362.1 360.3 359.4 358.5 356.7 356.7 355.8 343.2 363.0 382.8 401.7 421.5 441.3 462.0 449.4 444.0 483.6 522.3 561.9 601.5 641.1 679.8 686.1 689.7 712.2 733.8 755.4 776.1 797.7 819.3 816.6 805.8 782.4 759.0 736.5 713.1 690.6 667.2 659.1 659.1 677.1 695.1 712.2 731.1 749.1 767.1 775.2 785.1 786.9 787.8 790.5 792.3 794.1 795.9 795.9 787.8 750.0 714.0 677.1 640.2 603.3 566.4 556.5 555.6 592.5 628.5 663.6 699.6 736.5 772.5 779.7 790.5 786.9 784.2 780.6 776.1 774.3 770.7 773.4 768.0 751.8 735.6 719.4 704.1 687.0 670.8 663.6 660.0 677.1 692.4 708.6 725.7 741.0 757.2 761.7 769.8 755.4 741.0 725.7 711.3 696.0 681.6 686.1 685.2 675.3 664.5 654.6 643.8 633.9 623.1 617.7 613.2 632.1 651.9 670.8 689.7 709.5 728.4 730.2 736.5 733.8 730.2 726.6 723.0 720.3 716.7 721.2 721.2 687.9 654.6 621.3 588.0 554.7 522.3 517.8 515.1 495.3 475.5 455.7 435.9 416.1 397.2 398.1 410.7 427.8 444.0 461.1 477.3 493.5 509.7 521.4 521.4 497.1 473.7 450.3 426.0 402.6 377.4 366.6 361.2 354.9 348.6 342.3 335.1 328.8 322.5 327.9 338.7 360.3 381.0 402.6 423.3 445.8 466.5 471.9 466.5 468.3 471.0 473.7
crearDespacho --mercado --conDemandaTotal
4
0.02 0.07 0.145 1.0
370.0 600.0 2400.0 4000.0
693.71 662.64 631.58 625.94 621.7 610.4 597.7 584.99 573.7 560.99 548.28 548.28 553.93 548.28 544.05 539.81 534.16 529.93 525.69 529.93 531.34 535.57 541.22 548.28 553.93 559.58 565.22 562.4 565.22 572.28 579.34 586.4 594.87 601.93 608.99 613.23 628.76 647.11 664.06 679.59 696.53 713.47 730.41 743.12 740.3 712.06 683.82 655.58 625.94 599.11 569.46 556.75 545.46 563.81 582.17 601.93 620.29 640.05 658.41 659.82 654.17 647.11 640.05 632.99 627.35 621.7 613.23 606.17 596.29 556.75 518.63 479.1 439.57 401.45 361.91 357.68 363.32 361.91 359.09 359.09 356.27 354.85 352.03 361.91 384.5 398.62 411.33 425.45 439.57 455.1 469.22 483.33 470.63 488.98 507.34 527.1 546.87 565.22 584.99 558.16 538.4 538.4 536.99 536.99 536.99 535.57 534.16 541.22 560.99 570.87 580.75 590.64 599.11 608.99 618.88 630.17 627.35 637.23 647.11 657.0 668.29 676.76 686.65 671.12 654.17 654.17 655.58 655.58 655.58 655.58 654.17 652.76 668.29 634.41 600.52 566.64 531.34 498.87 464.98 480.51 480.51 493.22 504.51 515.81 527.1 538.4 551.11 534.16 522.87 535.57 546.87 559.58 572.28 583.58 596.29 601.93 611.82 617.46 623.11 628.76 634.41 641.47 647.11 652.76 649.94 632.99 614.64 597.7 580.75 562.4 545.46 536.99 546.87 544.05 544.05 541.22 539.81 538.4 536.99 553.93 570.87 568.05 565.22 563.81 562.4 559.58 559.58 558.16 538.4 569.46 600.52 630.17 661.23 692.29 724.77 705.0 696.53 758.65 819.36 881.49 943.61 1005.73 1066.44 1076.33 1081.97 1117.27 1151.16 1185.04 1217.51 1251.4 1285.28 1281.05 1264.11 1227.4 1190.69 1155.39 1118.68 1083.39 1046.68 1033.97 1033.97 1062.21 1090.44 1117.27 1146.92 1175.16 1203.4 1216.1 1231.63 1234.46 1235.87 1240.1 1242.93 1245.75 1248.58 1248.58 1235.87 1176.57 1120.09 1062.21 1004.32 946.43 888.55 873.01 871.6 929.49 985.97 1041.03 1097.5 1155.39 1211.87 1223.16 1240.1 1234.46 1230.22 1224.57 1217.51 1214.69 1209.04 1213.28 1204.81 1179.39 1153.98 1128.57 1104.56 1077.74 1052.32 1041.03 1035.38 1062.21 1086.21 1111.62 1138.45 1162.45 1187.86 1194.92 1207.63 1185.04 1162.45 1138.45 1115.86 1091.86 1069.27 1076.33 1074.91 1059.38 1042.44 1026.91 1009.97 994.44 977.49 969.02 961.96 991.61 1022.67 1052.32 1081.97 1113.03 1142.68 1145.51 1155.39 1151.16 1145.51 1139.86 1134.21 1129.98 1124.33 1131.39 1131.39 1079.15 1026.91 974.67 922.43 870.19 819.36 812.3 808.07 777.01 745.95 714.88 683.82 652.76 623.11 624.52 644.29 671.12 696.53 723.36 748.77 774.18 799.6 817.95 817.95 779.83 743.12 706.41 668.29 631.58 592.05 575.11 566.64 556.75 546.87 536.99 525.69 515.81 505.92 514.4 531.34 565.22 597.7 631.58 664.06 699.35 731.83 740.3 731.83 734.65 738.89 743.12
configurarSolver --Gurobi
resolver --noConstante ejecuciones/bancos/recombinados/v1/directo/sgtm/v1_sgtm_000396.csv
finalizar
