inicializar --t 360
agregarAgente --SaltoGrande
0.000127
1681415995.0
5942.0 5976.0 6010.0 6044.0 6077.0 6075.0 6074.0 6072.0 6071.0 6069.0 6068.0 6066.0 6063.0 6062.0 6060.0 6059.0 6057.0 6056.0 6054.0 6053.0 6050.0 6048.0 6047.0 6045.0 6044.0 6042.0 6041.0 6039.0 6020.0 6003.0 5985.0 5967.0 5949.0 5932.0 5914.0 5896.0 5861.0 5843.0 5825.0 5807.0 5790.0 5772.0 5754.0 5736.0 5701.0 5683.0 5665.0 5648.0 5630.0 5612.0 5594.0 5577.0 5528.0 5497.0 5467.0 5436.0 5405.0 5374.0 5343.0 5312.0 5251.0 5220.0 5189.0 5158.0 5128.0 5097.0 5066.0 5035.0 4974.0 4943.0 4912.0 4881.0 4850.0 4819.0 4789.0 4758.0 4701.0 4675.0 4650.0 4624.0 4598.0 4572.0 4546.0 4520.0 4469.0 4443.0 4417.0 4391.0 4366.0 4340.0 4314.0 4288.0 4237.0 4211.0 4185.0 4159.0 4133.0 4107.0 4082.0 4056.0 4016.0 4003.0 3989.0 3976.0 3962.0 3949.0 3935.0 3922.0 3894.0 3881.0 3867.0 3854.0 3840.0 3827.0 3813.0 3800.0 3772.0 3759.0 3745.0 3732.0 3718.0 3705.0 3691.0 3678.0 3644.0 3623.0 3603.0 3583.0 3562.0 3542.0 3522.0 3501.0 3461.0 3440.0 3420.0 3400.0 3379.0 3359.0 3339.0 3318.0 3278.0 3257.0 3237.0 3217.0 3196.0 3176.0 3156.0 3135.0 3094.0 3073.0 3053.0 3032.0 3011.0 2990.0 2970.0 2949.0 2907.0 2886.0 2866.0 2845.0 2824.0 2803.0 2783.0 2762.0 2720.0 2699.0 2679.0 2658.0 2637.0 2616.0 2596.0 2575.0 2541.0 2527.0 2514.0 2500.0 2487.0 2473.0 2460.0 2446.0 2419.0 2406.0 2392.0 2379.0 2365.0 2352.0 2338.0 2325.0 2298.0 2284.0 2271.0 2257.0 2244.0 2230.0 2217.0 2203.0 2183.0 2175.0 2168.0 2160.0 2153.0 2146.0 2138.0 2131.0 2116.0 2109.0 2101.0 2094.0 2086.0 2079.0 2071.0 2064.0 2049.0 2042.0 2034.0 2027.0 2020.0 2012.0 2005.0 1997.0 1985.0 1981.0 1976.0 1972.0 1967.0 1962.0 1958.0 1953.0 1944.0 1939.0 1935.0 1930.0 1926.0 1921.0 1917.0 1912.0 1903.0 1898.0 1894.0 1889.0 1884.0 1880.0 1875.0 1871.0 1864.0 1862.0 1861.0 1859.0 1857.0 1855.0 1854.0 1852.0 1848.0 1846.0 1845.0 1843.0 1841.0 1839.0 1838.0 1836.0 1832.0 1830.0 1829.0 1827.0 1825.0 1823.0 1822.0 1820.0 1820.0 1822.0 1824.0 1826.0 1829.0 1831.0 1833.0 1835.0 1839.0 1841.0 1843.0 1845.0 1848.0 1850.0 1852.0 1854.0 1858.0 1860.0 1862.0 1864.0 1867.0 1869.0 1871.0 1873.0 1878.0 1882.0 1885.0 1888.0 1892.0 1895.0 1899.0 1902.0 1909.0 1912.0 1915.0 1919.0 1922.0 1926.0 1929.0 1932.0 1939.0 1942.0 1946.0 1949.0 1953.0 1956.0 1959.0 1963.0 1969.0 1973.0 1976.0 1980.0 1983.0 1987.0 1990.0 1994.0 2000.0 2004.0 2007.0 2011.0 2014.0 2018.0 2021.0 2025.0 2031.0 2035.0 2038.0 2042.0 2045.0 2049.0 2052.0 2056.0 2055.0 2051.0 2047.0 2043.0 2039.0 2035.0 2030.0 2026.0 2018.0 2014.0 2010.0 2006.0 2002.0 1998.0 1994.0 1990.0 1982.0 1978.0 1973.0 1969.0
agregarAgente --UnidadTermicaSimple
200.0
100.0
agregarAgente --DemandaFija
126.0 106.8 88.2 88.2 88.2 132.6 177.0 221.4 265.8 310.2 354.6 354.6 354.6 324.0 294.0 262.8 232.8 201.6 171.0 171.0 171.0 144.6 117.0 90.6 63.6 36.0 9.6 9.6 9.6 27.0 45.0 63.0 80.4 98.4 115.8 115.8 115.8 173.4 231.0 288.6 345.6 403.2 460.8 460.8 460.8 443.4 427.2 410.4 394.2 377.4 360.6 360.6 360.6 376.8 392.4 408.0 423.6 439.2 456.0 456.0 456.0 456.0 456.0 456.6 456.6 457.2 457.2 457.2 457.2 384.6 312.0 239.4 166.8 93.6 21.0 21.0 21.0 43.2 64.2 85.2 106.8 128.4 150.0 150.0 150.0 183.6 217.8 252.0 285.6 320.4 354.0 354.0 354.0 370.8 387.0 403.2 419.4 435.6 452.4 452.4 452.4 481.2 509.4 538.8 567.6 595.8 625.2 625.2 625.2 626.4 627.6 629.4 630.6 631.8 633.6 633.6 633.6 599.4 565.8 531.6 498.0 464.4 430.2 430.2 430.2 456.0 480.6 505.8 530.4 555.6 580.8 580.8 580.8 602.4 624.6 646.2 667.8 689.4 711.6 711.6 711.6 625.2 539.4 453.0 366.6 280.2 194.4 194.4 194.4 226.8 258.6 291.6 323.4 355.2 388.2 388.2 388.2 420.0 453.0 485.4 517.8 550.8 583.2 583.2 583.2 556.8 530.4 504.6 478.2 452.4 425.4 425.4 425.4 449.4 474.0 498.0 522.0 546.0 570.0 570.0 570.0 574.8 579.0 583.8 588.6 592.8 597.6 597.6 597.6 543.0 487.8 432.6 378.6 323.4 268.2 268.2 268.2 301.8 335.4 368.4 402.6 435.6 469.2 469.2 469.2 455.4 441.0 427.2 413.4 399.0 385.2 385.2 385.2 346.8 308.4 270.0 231.6 192.6 154.8 154.8 154.8 193.8 232.8 271.8 311.4 350.4 390.0 390.0 390.0 378.0 366.0 354.6 343.2 331.8 320.4 320.4 320.4 283.8 247.8 211.8 175.2 139.2 102.6 102.6 102.6 143.4 183.0 223.8 264.0 304.8 344.4 344.4 344.4 366.0 388.2 409.8 431.4 453.6 475.8 475.8 475.8 432.0 388.8 345.6 302.4 259.2 216.0 216.0 216.0 250.2 283.8 318.0 352.2 386.4 420.0 420.0 420.0 415.8 411.6 407.4 403.2 398.4 394.2 394.2 394.2 363.0 331.8 300.6 269.4 238.2 207.6 207.6 207.6 220.8 234.0 247.2 260.4 273.6 286.8 286.8 286.8 284.4 282.6 280.2 277.8 276.0 273.6 273.6 273.6 252.0 230.4 209.4 187.2 165.6 144.0 144.0 144.0 183.6 224.4 264.0 304.8 344.4 384.6 384.6 384.6 382.2 379.2 376.8 373.8 371.4 367.8 367.8 367.8 337.2 306.6 276.0 245.4 214.8 183.6 183.6 183.6 232.8 280.8 330.0 378.6 427.2 475.8 475.8 475.8 484.8 493.2 502.2 511.2 519.6 528.6 528.6 528.6 486.0 442.2 399.6
crearDespacho --mercado --conDemandaTotal
4
0.02 0.07 0.145 1.0
370.0 600.0 2400.0 4000.0
254.84 216.01 178.39 178.39 178.39 268.19 357.99 447.79 537.59 627.39 717.19 717.19 717.19 655.3 594.63 531.52 470.85 407.74 345.85 345.85 345.85 292.46 236.64 183.24 128.63 72.81 19.42 19.42 19.42 54.61 91.01 127.42 162.61 199.02 234.21 234.21 234.21 350.71 467.21 583.71 698.99 815.49 931.99 931.99 931.99 896.8 864.03 830.05 797.29 763.31 729.33 729.33 729.33 762.09 793.65 825.2 856.75 888.3 922.28 922.28 922.28 922.28 922.28 923.49 923.49 924.71 924.71 924.71 924.71 777.87 631.03 484.2 337.36 189.31 42.47 42.47 42.47 87.37 129.85 172.32 216.01 259.69 303.38 303.38 303.38 371.34 440.51 509.68 577.64 648.02 715.98 715.98 715.98 749.96 782.72 815.49 848.25 881.02 915.0 915.0 915.0 973.25 1030.28 1089.75 1148.0 1205.03 1264.49 1264.49 1264.49 1266.92 1269.35 1272.99 1275.42 1277.84 1281.48 1281.48 1281.48 1212.31 1144.35 1075.18 1007.23 939.27 870.1 870.1 870.1 922.28 972.03 1023.0 1072.76 1123.72 1174.69 1174.69 1174.69 1218.38 1263.28 1306.97 1350.65 1394.34 1439.24 1439.24 1439.24 1264.49 1090.96 916.21 741.46 566.72 393.18 393.18 393.18 458.71 523.03 589.77 654.09 718.41 785.15 785.15 785.15 849.47 916.21 981.74 1047.27 1114.02 1179.55 1179.55 1179.55 1126.15 1072.76 1020.57 967.18 915.0 860.39 860.39 860.39 908.93 958.69 1007.23 1055.77 1104.31 1152.85 1152.85 1152.85 1162.56 1171.05 1180.76 1190.47 1198.96 1208.67 1208.67 1208.67 1098.24 986.6 874.95 765.73 654.09 542.45 542.45 542.45 610.4 678.36 745.1 814.28 881.02 948.98 948.98 948.98 921.07 891.94 864.03 836.12 806.99 779.08 779.08 779.08 701.42 623.75 546.09 468.42 389.54 313.09 313.09 313.09 391.97 470.85 549.73 629.82 708.7 788.79 788.79 788.79 764.52 740.25 717.19 694.14 671.08 648.02 648.02 648.02 574.0 501.19 428.37 354.35 281.54 207.51 207.51 207.51 290.03 370.13 452.65 533.95 616.47 696.56 696.56 696.56 740.25 785.15 828.84 872.52 917.43 962.33 962.33 962.33 873.74 786.36 698.99 611.62 524.24 436.87 436.87 436.87 506.04 574.0 643.17 712.34 781.51 849.47 849.47 849.47 840.97 832.48 823.98 815.49 805.78 797.29 797.29 797.29 734.18 671.08 607.98 544.87 481.77 419.88 419.88 419.88 446.58 473.27 499.97 526.67 553.37 580.07 580.07 580.07 575.21 571.57 566.72 561.86 558.22 553.37 553.37 553.37 509.68 465.99 423.52 378.62 334.93 291.25 291.25 291.25 371.34 453.86 533.95 616.47 696.56 777.87 777.87 777.87 773.02 766.95 762.09 756.03 751.17 743.89 743.89 743.89 682.0 620.11 558.22 496.33 434.44 371.34 371.34 371.34 470.85 567.93 667.44 765.73 864.03 962.33 962.33 962.33 980.53 997.52 1015.72 1033.92 1050.91 1069.12 1069.12 1069.12 982.96 894.37 808.21
configurarSolver --Gurobi
resolver --noConstante ejecuciones/bancos/recombinados/v1/directo/sgtm/v1_sgtm_000370.csv
finalizar
