inicializar --t 360
agregarAgente --SaltoGrande
0.000127
2625516646.0
2912.0 2908.0 2904.0 2901.0 2914.0 2931.0 2948.0 2964.0 2981.0 2998.0 3015.0 3032.0 3066.0 3082.0 3099.0 3116.0 3133.0 3150.0 3167.0 3183.0 3217.0 3234.0 3251.0 3268.0 3285.0 3301.0 3318.0 3335.0 3339.0 3326.0 3313.0 3300.0 3287.0 3274.0 3261.0 3248.0 3222.0 3209.0 3196.0 3183.0 3170.0 3157.0 3144.0 3131.0 3105.0 3092.0 3079.0 3066.0 3053.0 3040.0 3027.0 3014.0 2998.0 2994.0 2991.0 2987.0 2984.0 2980.0 2977.0 2973.0 2966.0 2963.0 2959.0 2956.0 2952.0 2949.0 2945.0 2942.0 2935.0 2931.0 2928.0 2924.0 2921.0 2917.0 2914.0 2910.0 2899.0 2891.0 2883.0 2875.0 2866.0 2858.0 2850.0 2842.0 2826.0 2818.0 2810.0 2802.0 2793.0 2785.0 2777.0 2769.0 2753.0 2745.0 2737.0 2729.0 2720.0 2712.0 2704.0 2696.0 2686.0 2684.0 2683.0 2681.0 2679.0 2677.0 2675.0 2673.0 2670.0 2668.0 2666.0 2664.0 2663.0 2661.0 2659.0 2657.0 2654.0 2652.0 2650.0 2648.0 2646.0 2644.0 2643.0 2641.0 2629.0 2620.0 2610.0 2601.0 2591.0 2582.0 2572.0 2563.0 2544.0 2534.0 2525.0 2515.0 2506.0 2496.0 2487.0 2477.0 2458.0 2449.0 2439.0 2430.0 2420.0 2411.0 2401.0 2392.0 2384.0 2386.0 2389.0 2391.0 2393.0 2395.0 2398.0 2400.0 2404.0 2406.0 2409.0 2411.0 2413.0 2415.0 2418.0 2420.0 2424.0 2426.0 2429.0 2431.0 2433.0 2435.0 2438.0 2440.0 2453.0 2464.0 2475.0 2486.0 2496.0 2507.0 2518.0 2529.0 2551.0 2562.0 2573.0 2584.0 2594.0 2605.0 2616.0 2627.0 2649.0 2660.0 2671.0 2682.0 2692.0 2703.0 2714.0 2725.0 2739.0 2742.0 2745.0 2748.0 2751.0 2754.0 2757.0 2760.0 2766.0 2769.0 2772.0 2775.0 2778.0 2781.0 2784.0 2787.0 2793.0 2796.0 2799.0 2802.0 2805.0 2808.0 2811.0 2814.0 2817.0 2818.0 2818.0 2818.0 2819.0 2819.0 2819.0 2820.0 2820.0 2821.0 2821.0 2821.0 2822.0 2822.0 2822.0 2823.0 2823.0 2824.0 2824.0 2824.0 2825.0 2825.0 2825.0 2826.0 2821.0 2817.0 2812.0 2807.0 2802.0 2798.0 2793.0 2788.0 2779.0 2774.0 2770.0 2765.0 2760.0 2755.0 2751.0 2746.0 2737.0 2732.0 2727.0 2723.0 2718.0 2713.0 2708.0 2704.0 2689.0 2679.0 2670.0 2660.0 2650.0 2640.0 2630.0 2620.0 2601.0 2591.0 2581.0 2571.0 2562.0 2552.0 2542.0 2532.0 2513.0 2503.0 2493.0 2483.0 2473.0 2463.0 2454.0 2444.0 2431.0 2429.0 2426.0 2423.0 2421.0 2418.0 2415.0 2413.0 2407.0 2405.0 2402.0 2399.0 2397.0 2394.0 2391.0 2389.0 2383.0 2381.0 2378.0 2375.0 2373.0 2370.0 2367.0 2365.0 2361.0 2360.0 2359.0 2357.0 2356.0 2355.0 2354.0 2353.0 2351.0 2349.0 2348.0 2347.0 2346.0 2345.0 2344.0 2342.0 2340.0 2339.0 2338.0 2337.0 2336.0 2334.0 2333.0 2332.0 2332.0 2332.0 2333.0 2334.0 2334.0 2335.0 2336.0 2336.0 2338.0 2338.0 2339.0 2340.0 2340.0 2341.0 2342.0 2342.0 2344.0 2344.0 2345.0 2346.0
agregarAgente --UnidadTermicaSimple
200.0
100.0
agregarAgente --DemandaFija
301.2 295.8 289.8 284.4 283.2 287.4 291.0 295.2 299.4 303.0 307.2 311.4 318.0 321.0 323.4 326.4 328.8 331.2 334.2 337.2 337.2 335.4 333.0 331.2 328.8 327.0 324.6 322.2 322.2 323.4 325.2 327.0 328.8 331.2 332.4 334.2 337.2 339.6 340.8 342.6 345.0 346.2 348.0 349.8 348.6 345.6 343.2 339.6 336.6 334.2 331.2 328.8 325.8 330.6 335.4 340.2 344.4 349.2 353.4 353.4 355.2 357.6 360.0 363.0 365.4 367.8 370.2 371.4 366.6 354.6 342.0 330.0 318.0 306.0 293.4 286.8 280.2 285.6 291.6 297.6 303.0 308.4 313.8 313.8 315.0 316.8 319.2 321.0 322.8 325.2 327.0 328.8 330.0 322.2 315.6 308.4 301.2 293.4 286.2 285.0 277.2 270.6 264.6 258.6 252.0 245.4 238.8 232.8 232.8 241.2 249.0 257.4 265.2 273.0 280.8 287.4 293.4 291.6 289.2 287.4 285.0 283.2 280.8 280.2 281.4 283.8 286.8 288.6 291.0 292.8 295.2 297.0 300.0 300.6 301.8 302.4 303.6 304.2 304.8 306.0 304.8 302.4 300.6 298.2 296.4 294.0 292.2 289.8 287.4 292.8 297.6 302.4 307.2 312.0 316.8 316.2 316.8 319.8 322.8 326.4 329.4 332.4 335.4 336.6 334.8 325.2 315.0 305.4 295.2 285.0 274.8 273.0 270.6 273.6 276.6 279.6 282.6 286.2 288.6 289.2 289.8 292.8 294.6 297.0 299.4 301.2 304.2 304.8 300.6 292.2 283.2 273.6 264.6 255.6 246.0 241.8 238.2 240.0 241.8 243.6 244.8 246.6 247.8 250.2 252.0 253.8 255.6 256.8 258.6 259.8 261.0 261.6 255.6 247.8 240.0 232.2 224.4 216.6 208.2 202.2 202.2 211.2 220.8 230.4 239.4 249.0 258.6 265.8 273.0 274.8 277.2 279.0 280.8 283.2 285.6 285.6 279.6 271.2 262.2 252.6 243.6 235.2 226.2 219.6 211.2 220.8 230.4 240.0 249.6 259.2 268.8 267.6 270.6 279.0 286.8 295.2 303.0 312.0 319.2 324.0 324.0 305.4 285.6 265.8 246.6 226.8 207.6 202.2 195.6 193.2 190.8 187.8 184.8 181.8 179.4 178.2 181.2 186.0 191.4 196.2 200.4 205.2 210.0 214.8 217.2 221.4 225.0 229.8 233.4 238.2 241.8 240.0 245.4 251.4 257.4 262.8 268.2 274.2 280.8 288.6 297.6 295.2 292.8 289.8 287.4 285.0 282.6 283.8 280.2 274.8 270.0 264.6 259.8 254.4 249.0 243.6 242.4 256.8 270.6 285.0 298.2 312.0 325.8 329.4 336.6 338.4 340.2 342.6 343.8 346.2 347.4 351.0 349.2 334.8 321.0 307.2 294.0 279.6 266.4 261.0 260.4 269.4 278.4 287.4 295.8 304.8 313.8 317.4 324.0 324.6 325.8 326.4 327.0 327.6 328.8 331.2 327.6 319.2 311.4 303.6
crearDespacho --mercado --conDemandaTotal
4
0.02 0.07 0.145 1.0
370.0 600.0 2400.0 4000.0
815.4 800.78 784.54 769.92 766.67 778.04 787.79 799.16 810.53 820.28 831.65 843.02 860.88 869.01 875.5 883.62 890.12 896.62 904.74 912.86 912.86 907.99 901.49 896.62 890.12 885.25 878.75 872.25 872.25 875.5 880.38 885.25 890.12 896.62 899.87 904.74 912.86 919.36 922.61 927.48 933.98 937.23 942.1 946.97 943.72 935.6 929.1 919.36 911.24 904.74 896.62 890.12 882.0 894.99 907.99 920.98 932.35 945.35 956.72 956.72 961.59 968.09 974.59 982.71 989.2 995.7 1002.2 1005.45 992.45 959.97 925.86 893.37 860.88 828.4 794.29 776.42 758.55 773.17 789.41 805.66 820.28 834.9 849.51 849.51 852.76 857.64 864.13 869.01 873.88 880.38 885.25 890.12 893.37 872.25 854.39 834.9 815.4 794.29 774.8 771.55 750.43 732.56 716.32 700.08 682.21 664.34 646.48 630.23 630.23 652.97 674.09 696.83 717.94 739.06 760.18 778.04 794.29 789.41 782.92 778.04 771.55 766.67 760.18 758.55 761.8 768.3 776.42 781.29 787.79 792.66 799.16 804.03 812.15 813.78 817.03 818.65 821.9 823.52 825.15 828.4 825.15 818.65 813.78 807.28 802.41 795.91 791.04 784.54 778.04 792.66 805.66 818.65 831.65 844.64 857.64 856.01 857.64 865.76 873.88 883.62 891.75 899.87 907.99 911.24 906.36 880.38 852.76 826.77 799.16 771.55 743.93 739.06 732.56 740.69 748.81 756.93 765.05 774.8 781.29 782.92 784.54 792.66 797.54 804.03 810.53 815.4 823.52 825.15 813.78 791.04 766.67 740.69 716.32 691.96 665.97 654.6 644.85 649.72 654.6 659.47 662.72 667.59 670.84 677.34 682.21 687.08 691.96 695.2 700.08 703.33 706.57 708.2 691.96 670.84 649.72 628.61 607.49 586.38 563.64 547.39 547.39 571.76 597.75 623.73 648.1 674.09 700.08 719.57 739.06 743.93 750.43 755.3 760.18 766.67 773.17 773.17 756.93 734.19 709.82 683.83 659.47 636.73 612.36 594.5 571.76 597.75 623.73 649.72 675.71 701.7 727.69 724.44 732.56 755.3 776.42 799.16 820.28 844.64 864.13 877.13 877.13 826.77 773.17 719.57 667.59 613.99 562.01 547.39 529.52 523.03 516.53 508.41 500.29 492.17 485.67 482.42 490.54 503.54 518.15 531.15 542.52 555.51 568.51 581.5 588.0 599.37 609.12 622.11 631.86 644.85 654.6 649.72 664.34 680.59 696.83 711.45 726.07 742.31 760.18 781.29 805.66 799.16 792.66 784.54 778.04 771.55 765.05 768.3 758.55 743.93 730.94 716.32 703.33 688.71 674.09 659.47 656.22 695.2 732.56 771.55 807.28 844.64 882.0 891.75 911.24 916.11 920.98 927.48 930.73 937.23 940.48 950.22 945.35 906.36 869.01 831.65 795.91 756.93 721.19 706.57 704.95 729.31 753.68 778.04 800.78 825.15 849.51 859.26 877.13 878.75 882.0 883.62 885.25 886.87 890.12 896.62 886.87 864.13 843.02 821.9
configurarSolver --Gurobi
resolver --noConstante ejecuciones/bancos/recombinados/v1/directo/sgtm/v1_sgtm_000147.csv
finalizar
