inicializar --t 360
agregarAgente --SaltoGrande
0.000925
2509064937.0
6595.0 6561.0 6528.0 6494.0 6421.0 6381.0 6341.0 6301.0 6261.0 6221.0 6181.0 6141.0 6061.0 6021.0 5981.0 5941.0 5900.0 5860.0 5820.0 5780.0 5700.0 5660.0 5620.0 5580.0 5540.0 5500.0 5460.0 5420.0 5353.0 5326.0 5299.0 5272.0 5244.0 5217.0 5190.0 5163.0 5109.0 5082.0 5055.0 5028.0 5000.0 4973.0 4946.0 4919.0 4865.0 4838.0 4811.0 4784.0 4756.0 4729.0 4702.0 4675.0 4622.0 4596.0 4570.0 4544.0 4519.0 4493.0 4467.0 4441.0 4389.0 4363.0 4337.0 4311.0 4286.0 4260.0 4234.0 4208.0 4156.0 4130.0 4104.0 4078.0 4053.0 4027.0 4001.0 3975.0 3933.0 3918.0 3902.0 3887.0 3871.0 3856.0 3840.0 3825.0 3794.0 3778.0 3763.0 3747.0 3732.0 3716.0 3701.0 3685.0 3654.0 3639.0 3623.0 3608.0 3592.0 3577.0 3561.0 3546.0 3519.0 3508.0 3497.0 3486.0 3475.0 3464.0 3454.0 3443.0 3421.0 3410.0 3399.0 3388.0 3377.0 3366.0 3355.0 3344.0 3322.0 3311.0 3301.0 3290.0 3279.0 3268.0 3257.0 3246.0 3237.0 3239.0 3241.0 3243.0 3245.0 3247.0 3248.0 3250.0 3254.0 3256.0 3258.0 3260.0 3262.0 3264.0 3266.0 3268.0 3272.0 3274.0 3275.0 3277.0 3279.0 3281.0 3283.0 3285.0 3285.0 3284.0 3282.0 3281.0 3279.0 3277.0 3276.0 3274.0 3271.0 3269.0 3268.0 3266.0 3265.0 3263.0 3262.0 3260.0 3257.0 3255.0 3254.0 3252.0 3250.0 3249.0 3247.0 3246.0 3241.0 3239.0 3236.0 3234.0 3231.0 3229.0 3226.0 3224.0 3218.0 3216.0 3213.0 3211.0 3208.0 3206.0 3203.0 3201.0 3195.0 3193.0 3190.0 3188.0 3185.0 3183.0 3180.0 3178.0 3175.0 3174.0 3174.0 3173.0 3173.0 3173.0 3172.0 3172.0 3171.0 3171.0 3170.0 3170.0 3169.0 3169.0 3168.0 3168.0 3167.0 3167.0 3166.0 3166.0 3166.0 3165.0 3165.0 3164.0 3170.0 3175.0 3181.0 3186.0 3192.0 3198.0 3203.0 3209.0 3220.0 3226.0 3231.0 3237.0 3242.0 3248.0 3253.0 3259.0 3270.0 3276.0 3281.0 3287.0 3293.0 3298.0 3304.0 3309.0 3319.0 3322.0 3326.0 3330.0 3334.0 3337.0 3341.0 3345.0 3352.0 3356.0 3359.0 3363.0 3367.0 3371.0 3374.0 3378.0 3385.0 3389.0 3393.0 3396.0 3400.0 3404.0 3408.0 3411.0 3430.0 3445.0 3459.0 3474.0 3489.0 3504.0 3518.0 3533.0 3563.0 3578.0 3592.0 3607.0 3622.0 3637.0 3651.0 3666.0 3696.0 3711.0 3725.0 3740.0 3755.0 3770.0 3784.0 3799.0 3818.0 3822.0 3825.0 3829.0 3833.0 3837.0 3841.0 3845.0 3852.0 3856.0 3860.0 3864.0 3867.0 3871.0 3875.0 3879.0 3886.0 3890.0 3894.0 3898.0 3902.0 3906.0 3909.0 3913.0 3945.0 3973.0 4001.0 4029.0 4057.0 4085.0 4113.0 4141.0 4197.0 4225.0 4253.0 4281.0 4310.0 4338.0 4366.0 4394.0 4450.0 4478.0 4506.0 4534.0 4562.0 4590.0 4618.0 4646.0 4666.0 4658.0 4649.0 4641.0 4633.0 4625.0 4617.0 4609.0 4592.0 4584.0 4576.0 4568.0 4559.0 4551.0 4543.0 4535.0 4518.0 4510.0 4502.0 4494.0
agregarAgente --UnidadTermicaSimple
200.0
100.0
agregarAgente --DemandaFija
474.6 478.2 480.9 471.0 459.3 455.7 453.9 452.1 449.4 448.5 445.8 444.0 447.6 460.2 474.6 488.1 501.6 515.1 528.6 534.0 534.9 516.0 496.2 477.3 459.3 439.5 420.6 416.1 416.1 428.7 441.3 453.0 464.7 477.3 489.9 493.5 507.9 531.3 555.6 579.9 604.2 627.6 651.0 661.8 659.1 619.5 579.0 540.3 499.8 460.2 420.6 408.0 406.2 407.1 409.8 412.5 415.2 417.0 419.7 430.5 446.7 486.3 525.9 565.5 605.1 644.7 685.2 689.7 683.4 648.3 614.1 579.9 545.7 510.6 476.4 464.7 455.7 463.8 471.0 478.2 485.4 492.6 500.7 504.3 508.8 531.3 555.6 579.0 601.5 624.9 648.3 649.2 644.7 653.7 661.8 671.7 679.8 687.9 696.0 692.4 686.1 694.2 703.2 710.4 719.4 727.5 736.5 734.7 734.7 719.4 704.1 687.9 672.6 657.3 642.0 642.9 645.6 600.6 556.5 512.4 467.4 423.3 378.3 378.3 374.7 369.3 364.8 359.4 354.9 349.5 345.0 340.5 341.4 346.8 351.3 356.7 361.2 366.6 371.1 376.5 380.1 389.1 398.1 405.3 413.4 422.4 430.5 429.6 438.6 430.5 423.3 415.2 408.0 400.8 392.7 401.7 409.8 399.0 389.1 377.4 367.5 356.7 345.9 344.1 336.9 329.7 323.4 318.0 311.7 306.3 300.9 294.6 291.9 292.8 293.7 295.5 295.5 297.3 298.2 300.0 306.3 309.9 313.5 318.0 320.7 324.3 327.9 331.5 330.6 327.0 322.5 318.0 314.4 309.9 305.4 300.9 301.8 315.3 329.7 344.1 358.5 373.8 387.3 391.8 398.1 400.8 403.5 406.2 408.0 410.7 413.4 415.2 409.8 397.2 383.7 371.1 358.5 345.0 331.5 324.3 322.5 324.3 324.3 326.1 326.1 327.9 327.9 334.2 343.2 347.7 351.3 354.9 358.5 361.2 365.7 369.3 368.4 364.8 361.2 356.7 352.2 348.6 345.0 340.5 344.1 351.3 358.5 364.8 372.0 380.1 386.4 393.6 407.1 412.5 418.8 425.1 430.5 436.8 442.2 448.5 446.7 438.6 429.6 421.5 414.3 405.3 397.2 389.1 384.6 388.2 391.8 395.4 399.0 401.7 405.3 408.9 415.2 417.9 419.7 421.5 424.2 426.9 428.7 430.5 426.0 419.7 412.5 405.3 399.0 391.8 384.6 378.3 364.8 358.5 352.2 345.0 338.7 332.4 326.1 318.9 320.7 328.8 336.0 344.1 352.2 360.3 368.4 376.5 380.1 377.4 373.8 369.3 365.7 362.1 358.5 354.9 363.0 374.7 386.4 398.1 409.8 420.6 433.2 444.0 460.2 464.7 469.2 473.7 478.2 482.7 486.3 491.7 492.6 489.0 485.4 481.8 477.3 473.7 471.0 467.4 467.4 470.1 473.7 476.4 480.0 482.7 486.3 489.0 496.2 499.8 503.4 506.1 509.7 513.3 516.9 520.5 515.1 507.0 498.9 489.9
crearDespacho --mercado --conDemandaTotal
4
0.02 0.07 0.145 1.0
370.0 600.0 2400.0 4000.0
830.69 836.99 841.72 824.39 803.91 797.61 794.46 791.31 786.58 785.01 780.28 777.13 783.43 805.49 830.69 854.32 877.95 901.58 925.21 934.66 936.23 903.15 868.5 835.42 803.91 769.26 736.17 728.3 728.3 750.35 772.41 792.88 813.36 835.42 857.47 863.77 888.98 929.93 972.46 1015.0 1057.53 1098.49 1139.44 1158.35 1153.62 1084.31 1013.42 945.69 874.8 805.49 736.17 714.12 710.97 712.55 717.27 722.0 726.72 729.87 734.6 753.5 781.86 851.17 920.48 989.79 1059.1 1128.42 1199.3 1207.18 1196.15 1134.72 1074.86 1015.0 955.14 893.7 833.84 813.36 797.61 811.79 824.39 836.99 849.59 862.2 876.37 882.67 890.55 929.93 972.46 1013.42 1052.8 1093.76 1134.72 1136.29 1128.42 1144.17 1158.35 1175.67 1189.85 1204.03 1218.21 1211.91 1200.88 1215.06 1230.81 1243.41 1259.16 1273.34 1289.09 1285.94 1285.94 1259.16 1232.38 1204.03 1177.25 1150.47 1123.69 1125.27 1129.99 1051.23 974.04 896.85 818.09 740.9 662.14 662.14 655.84 646.38 638.51 629.06 621.18 611.73 603.85 595.98 597.55 607.0 614.88 624.33 632.21 641.66 649.54 658.99 665.29 681.04 696.79 709.4 723.57 739.33 753.5 751.93 767.68 753.5 740.9 726.72 714.12 701.52 687.34 703.09 717.27 698.37 681.04 660.56 643.23 624.33 605.43 602.28 589.68 577.07 566.05 556.59 545.57 536.12 526.66 515.64 510.91 512.49 514.06 517.21 517.21 520.36 521.94 525.09 536.12 542.42 548.72 556.59 561.32 567.62 573.92 580.22 578.65 572.35 564.47 556.59 550.29 542.42 534.54 526.66 528.24 551.87 577.07 602.28 627.48 654.26 677.89 685.77 696.79 701.52 706.24 710.97 714.12 718.85 723.57 726.72 717.27 695.22 671.59 649.54 627.48 603.85 580.22 567.62 564.47 567.62 567.62 570.77 570.77 573.92 573.92 584.95 600.7 608.58 614.88 621.18 627.48 632.21 640.08 646.38 644.81 638.51 632.21 624.33 616.45 610.15 603.85 595.98 602.28 614.88 627.48 638.51 651.11 665.29 676.31 688.92 712.55 722.0 733.02 744.05 753.5 764.53 773.98 785.01 781.86 767.68 751.93 737.75 725.15 709.4 695.22 681.04 673.16 679.47 685.77 692.07 698.37 703.09 709.4 715.7 726.72 731.45 734.6 737.75 742.48 747.2 750.35 753.5 745.63 734.6 722.0 709.4 698.37 685.77 673.16 662.14 638.51 627.48 616.45 603.85 592.83 581.8 570.77 558.17 561.32 575.5 588.1 602.28 616.45 630.63 644.81 658.99 665.29 660.56 654.26 646.38 640.08 633.78 627.48 621.18 635.36 655.84 676.31 696.79 717.27 736.17 758.23 777.13 805.49 813.36 821.24 829.12 836.99 844.87 851.17 860.62 862.2 855.9 849.59 843.29 835.42 829.12 824.39 818.09 818.09 822.81 829.12 833.84 840.14 844.87 851.17 855.9 868.5 874.8 881.1 885.83 892.13 898.43 904.73 911.03 901.58 887.4 873.22 857.47
configurarSolver --Gurobi
resolver --noConstante ejecuciones/bancos/recombinados/v1/directo/sgtm/v1_sgtm_000184.csv
finalizar
