inicializar --t 360
agregarAgente --SaltoGrande
0.000607
2104235473.0
1017.0 1019.0 1021.0 1022.0 1027.0 1030.0 1033.0 1036.0 1040.0 1043.0 1046.0 1049.0 1055.0 1058.0 1061.0 1064.0 1068.0 1071.0 1074.0 1077.0 1083.0 1086.0 1089.0 1092.0 1096.0 1099.0 1102.0 1105.0 1100.0 1093.0 1085.0 1077.0 1069.0 1062.0 1054.0 1046.0 1031.0 1023.0 1016.0 1008.0 1000.0 992.0 985.0 977.0 962.0 954.0 946.0 939.0 931.0 923.0 915.0 908.0 900.0 901.0 901.0 901.0 901.0 902.0 902.0 902.0 903.0 903.0 904.0 904.0 904.0 904.0 905.0 905.0 906.0 906.0 906.0 907.0 907.0 907.0 907.0 908.0 907.0 905.0 904.0 903.0 901.0 900.0 899.0 897.0 895.0 893.0 892.0 891.0 889.0 888.0 887.0 885.0 883.0 881.0 880.0 879.0 877.0 876.0 875.0 873.0 871.0 870.0 869.0 868.0 867.0 866.0 866.0 865.0 863.0 862.0 861.0 860.0 859.0 858.0 857.0 856.0 854.0 853.0 853.0 852.0 851.0 850.0 849.0 848.0 850.0 853.0 856.0 859.0 862.0 865.0 868.0 871.0 877.0 880.0 883.0 886.0 889.0 892.0 895.0 898.0 904.0 907.0 910.0 913.0 916.0 919.0 922.0 925.0 930.0 933.0 935.0 937.0 939.0 942.0 944.0 946.0 951.0 953.0 956.0 958.0 960.0 962.0 965.0 967.0 972.0 974.0 976.0 979.0 981.0 983.0 985.0 988.0 992.0 994.0 995.0 997.0 999.0 1001.0 1002.0 1004.0 1008.0 1010.0 1011.0 1013.0 1015.0 1017.0 1018.0 1020.0 1024.0 1026.0 1027.0 1029.0 1031.0 1033.0 1034.0 1036.0 1052.0 1067.0 1081.0 1096.0 1110.0 1125.0 1139.0 1154.0 1183.0 1197.0 1212.0 1226.0 1241.0 1255.0 1270.0 1284.0 1313.0 1328.0 1342.0 1357.0 1371.0 1386.0 1400.0 1415.0 1429.0 1429.0 1428.0 1428.0 1428.0 1428.0 1427.0 1427.0 1427.0 1427.0 1426.0 1426.0 1426.0 1426.0 1425.0 1425.0 1425.0 1425.0 1424.0 1424.0 1424.0 1424.0 1423.0 1423.0 1491.0 1558.0 1626.0 1693.0 1761.0 1829.0 1896.0 1964.0 2099.0 2167.0 2234.0 2302.0 2369.0 2437.0 2504.0 2572.0 2707.0 2775.0 2842.0 2910.0 2978.0 3045.0 3113.0 3180.0 3294.0 3340.0 3385.0 3431.0 3477.0 3523.0 3569.0 3615.0 3706.0 3752.0 3798.0 3844.0 3889.0 3935.0 3981.0 4027.0 4118.0 4164.0 4210.0 4256.0 4302.0 4348.0 4393.0 4439.0 4466.0 4446.0 4427.0 4407.0 4388.0 4368.0 4349.0 4329.0 4291.0 4271.0 4252.0 4232.0 4213.0 4193.0 4174.0 4154.0 4116.0 4096.0 4077.0 4057.0 4038.0 4018.0 3999.0 3979.0 3929.0 3898.0 3867.0 3836.0 3805.0 3774.0 3743.0 3712.0 3650.0 3619.0 3588.0 3557.0 3526.0 3495.0 3464.0 3433.0 3371.0 3340.0 3309.0 3278.0 3247.0 3216.0 3185.0 3154.0 3097.0 3072.0 3046.0 3020.0 2994.0 2969.0 2943.0 2917.0 2866.0 2840.0 2815.0 2789.0 2763.0 2737.0 2712.0 2686.0 2635.0 2609.0 2583.0 2558.0
agregarAgente --UnidadTermicaSimple
200.0
100.0
agregarAgente --DemandaFija
188.4 133.8 79.2 79.2 79.2 150.6 221.4 292.8 363.6 434.4 505.8 505.8 505.8 543.0 579.6 616.8 653.4 690.0 727.2 727.2 727.2 686.4 646.2 604.8 564.6 523.8 483.6 483.6 483.6 532.2 582.0 631.2 680.4 729.6 778.2 778.2 778.2 771.0 763.8 756.6 749.4 741.6 734.4 734.4 734.4 696.0 658.2 620.4 582.6 544.8 506.4 506.4 506.4 548.4 589.8 631.8 673.2 715.2 756.6 756.6 756.6 771.6 787.2 802.2 817.2 832.2 847.8 847.8 847.8 734.4 621.6 508.2 394.8 281.4 168.6 168.6 168.6 198.0 228.0 257.4 286.8 316.8 346.8 346.8 346.8 345.0 343.2 341.4 339.6 337.8 336.6 336.6 336.6 295.8 254.4 213.6 172.2 131.4 90.0 90.0 90.0 142.8 195.6 248.4 301.8 354.0 407.4 407.4 407.4 462.0 516.0 570.6 625.8 679.8 734.4 734.4 734.4 688.8 643.8 598.2 553.2 507.6 462.6 462.6 462.6 475.8 489.6 502.8 516.6 529.8 543.6 543.6 543.6 547.2 550.2 553.8 556.8 559.8 563.4 563.4 563.4 523.8 484.8 445.2 406.2 366.6 327.6 327.6 327.6 370.8 412.8 455.4 497.4 540.0 582.0 582.0 582.0 600.0 618.6 636.0 654.0 672.0 690.0 690.0 690.0 620.4 550.8 480.6 411.0 340.8 271.2 271.2 271.2 313.2 354.6 397.2 438.6 480.6 522.0 522.0 522.0 563.4 603.6 644.4 684.6 725.4 765.6 765.6 765.6 694.2 623.4 552.0 480.0 408.6 337.2 337.2 337.2 394.8 453.0 510.6 568.2 626.4 684.0 684.0 684.0 723.0 761.4 800.4 839.4 878.4 916.8 916.8 916.8 859.2 801.6 744.0 685.8 628.8 570.6 570.6 570.6 594.6 618.6 642.0 665.4 688.8 712.8 712.8 712.8 686.4 660.6 635.4 609.0 583.2 557.4 557.4 557.4 469.2 381.6 293.4 205.8 117.0 29.4 29.4 29.4 99.6 169.8 240.0 310.8 381.0 450.6 450.6 450.6 432.0 412.8 394.2 375.0 355.8 337.2 337.2 337.2 296.4 255.0 214.2 172.8 132.0 90.6 90.6 90.6 148.2 206.4 263.4 321.6 379.2 436.8 436.8 436.8 454.2 470.4 487.2 503.4 520.2 537.0 537.0 537.0 448.8 360.6 273.0 185.4 97.2 9.6 9.6 9.6 11.4 13.2 15.0 16.8 18.6 20.4 20.4 20.4 32.4 45.0 57.0 69.0 81.0 93.0 93.0 93.0 79.2 65.4 51.6 37.2 23.4 9.6 9.6 9.6 21.6 33.6 46.2 58.2 70.2 82.8 82.8 82.8 100.2 117.6 135.6 153.0 171.0 188.4 188.4 188.4 172.8 157.2 141.6 126.0 109.2 93.6 93.6 93.6 179.4 264.6 350.4 435.6 521.4 606.6 606.6 606.6 594.0 581.4 569.4 556.8 544.2 531.0 531.0 531.0 463.2 395.4 327.0
crearDespacho --mercado --conDemandaTotal
4
0.02 0.07 0.145 1.0
370.0 600.0 2400.0 4000.0
339.51 241.12 142.72 142.72 142.72 271.39 398.98 527.65 655.23 782.82 911.49 911.49 911.49 978.53 1044.48 1111.52 1177.48 1243.43 1310.47 1310.47 1310.47 1236.94 1164.5 1089.89 1017.45 943.93 871.48 871.48 871.48 959.06 1048.81 1137.47 1226.13 1314.79 1402.37 1402.37 1402.37 1389.4 1376.42 1363.45 1350.47 1336.42 1323.44 1323.44 1323.44 1254.24 1186.13 1118.01 1049.89 981.77 912.57 912.57 912.57 988.26 1062.86 1138.55 1213.16 1288.84 1363.45 1363.45 1363.45 1390.48 1418.59 1445.62 1472.66 1499.69 1527.8 1527.8 1527.8 1323.44 1120.17 915.81 711.46 507.1 303.83 303.83 303.83 356.81 410.87 463.85 516.84 570.9 624.96 624.96 624.96 621.72 618.47 615.23 611.98 608.74 606.58 606.58 606.58 533.05 458.45 384.92 310.32 236.79 162.19 162.19 162.19 257.34 352.49 447.64 543.87 637.93 734.17 734.17 734.17 832.56 929.87 1028.26 1127.74 1225.05 1323.44 1323.44 1323.44 1241.27 1160.18 1078.0 996.91 914.73 833.64 833.64 833.64 857.43 882.3 906.08 930.95 954.74 979.61 979.61 979.61 986.1 991.5 997.99 1003.4 1008.8 1015.29 1015.29 1015.29 943.93 873.65 802.28 732.0 660.64 590.36 590.36 590.36 668.21 743.9 820.66 896.35 973.12 1048.81 1048.81 1048.81 1081.24 1114.76 1146.12 1178.56 1210.99 1243.43 1243.43 1243.43 1118.01 992.58 866.08 740.65 614.15 488.72 488.72 488.72 564.41 639.02 715.78 790.39 866.08 940.68 940.68 940.68 1015.29 1087.73 1161.26 1233.7 1307.23 1379.67 1379.67 1379.67 1251.0 1123.41 994.75 865.0 736.33 607.66 607.66 607.66 711.46 816.34 920.14 1023.94 1128.82 1232.62 1232.62 1232.62 1302.9 1372.1 1442.38 1512.66 1582.94 1652.14 1652.14 1652.14 1548.34 1444.54 1340.74 1235.86 1133.14 1028.26 1028.26 1028.26 1071.51 1114.76 1156.93 1199.1 1241.27 1284.52 1284.52 1284.52 1236.94 1190.45 1145.04 1097.46 1050.97 1004.48 1004.48 1004.48 845.53 687.67 528.73 370.87 210.84 52.98 52.98 52.98 179.49 305.99 432.5 560.08 686.59 812.01 812.01 812.01 778.5 743.9 710.38 675.78 641.18 607.66 607.66 607.66 534.14 459.53 386.0 311.4 237.87 163.27 163.27 163.27 267.07 371.95 474.67 579.55 683.35 787.15 787.15 787.15 818.5 847.7 877.97 907.16 937.44 967.71 967.71 967.71 808.77 649.83 491.97 334.1 175.16 17.3 17.3 17.3 20.54 23.79 27.03 30.27 33.52 36.76 36.76 36.76 58.39 81.09 102.72 124.34 145.97 167.59 167.59 167.59 142.72 117.86 92.99 67.04 42.17 17.3 17.3 17.3 38.92 60.55 83.26 104.88 126.51 149.21 149.21 149.21 180.57 211.92 244.36 275.72 308.15 339.51 339.51 339.51 311.4 283.29 255.17 227.06 196.79 168.67 168.67 168.67 323.29 476.83 631.45 784.98 939.6 1093.14 1093.14 1093.14 1070.43 1047.73 1026.1 1003.4 980.69 956.9 956.9 956.9 834.72 712.54 589.28
configurarSolver --Gurobi
resolver --noConstante ejecuciones/bancos/recombinados/v1/directo/sgtm/v1_sgtm_000457.csv
finalizar
