inicializar --t 360
agregarAgente --SaltoGrande
0.000419
2001535362.0
6474.0 6457.0 6439.0 6422.0 6395.0 6386.0 6378.0 6369.0 6360.0 6351.0 6343.0 6334.0 6316.0 6307.0 6299.0 6290.0 6281.0 6272.0 6264.0 6255.0 6237.0 6228.0 6220.0 6211.0 6202.0 6193.0 6185.0 6176.0 6168.0 6168.0 6169.0 6170.0 6171.0 6171.0 6172.0 6173.0 6174.0 6175.0 6176.0 6177.0 6177.0 6178.0 6179.0 6180.0 6181.0 6182.0 6183.0 6183.0 6184.0 6185.0 6186.0 6186.0 6256.0 6324.0 6393.0 6462.0 6530.0 6599.0 6668.0 6736.0 6874.0 6942.0 7011.0 7080.0 7148.0 7217.0 7286.0 7354.0 7492.0 7560.0 7629.0 7698.0 7766.0 7835.0 7904.0 7972.0 8072.0 8103.0 8134.0 8165.0 8197.0 8228.0 8259.0 8290.0 8352.0 8383.0 8414.0 8445.0 8477.0 8508.0 8539.0 8570.0 8632.0 8663.0 8694.0 8725.0 8757.0 8788.0 8819.0 8850.0 8890.0 8898.0 8907.0 8916.0 8925.0 8933.0 8942.0 8951.0 8968.0 8977.0 8986.0 8995.0 9003.0 9012.0 9021.0 9030.0 9047.0 9056.0 9065.0 9073.0 9082.0 9091.0 9100.0 9108.0 9079.0 9041.0 9003.0 8964.0 8926.0 8888.0 8850.0 8812.0 8736.0 8697.0 8659.0 8621.0 8583.0 8545.0 8507.0 8468.0 8392.0 8354.0 8316.0 8278.0 8240.0 8201.0 8163.0 8125.0 8025.0 7962.0 7900.0 7838.0 7775.0 7713.0 7651.0 7588.0 7464.0 7401.0 7339.0 7277.0 7214.0 7152.0 7090.0 7027.0 6903.0 6840.0 6778.0 6716.0 6653.0 6591.0 6529.0 6466.0 6368.0 6332.0 6296.0 6260.0 6224.0 6188.0 6152.0 6116.0 6044.0 6008.0 5972.0 5936.0 5901.0 5865.0 5829.0 5793.0 5721.0 5685.0 5649.0 5613.0 5577.0 5541.0 5505.0 5469.0 5418.0 5402.0 5387.0 5372.0 5357.0 5341.0 5326.0 5311.0 5280.0 5265.0 5250.0 5235.0 5219.0 5204.0 5189.0 5174.0 5143.0 5128.0 5113.0 5097.0 5082.0 5067.0 5052.0 5036.0 5029.0 5037.0 5046.0 5054.0 5062.0 5070.0 5078.0 5086.0 5103.0 5111.0 5119.0 5127.0 5136.0 5144.0 5152.0 5160.0 5177.0 5185.0 5193.0 5201.0 5209.0 5217.0 5226.0 5234.0 5302.0 5362.0 5422.0 5482.0 5542.0 5602.0 5661.0 5721.0 5841.0 5901.0 5961.0 6021.0 6081.0 6141.0 6201.0 6261.0 6381.0 6441.0 6500.0 6560.0 6620.0 6680.0 6740.0 6800.0 6845.0 6829.0 6814.0 6798.0 6783.0 6768.0 6752.0 6737.0 6706.0 6691.0 6675.0 6660.0 6644.0 6629.0 6613.0 6598.0 6567.0 6552.0 6536.0 6521.0 6506.0 6490.0 6475.0 6459.0 6426.0 6408.0 6390.0 6372.0 6354.0 6336.0 6318.0 6300.0 6264.0 6246.0 6228.0 6210.0 6192.0 6174.0 6156.0 6138.0 6102.0 6084.0 6066.0 6048.0 6030.0 6012.0 5994.0 5976.0 5919.0 5881.0 5842.0 5804.0 5765.0 5727.0 5688.0 5650.0 5572.0 5534.0 5495.0 5457.0 5418.0 5380.0 5341.0 5303.0 5225.0 5187.0 5148.0 5110.0 5071.0 5033.0 4994.0 4956.0 4916.0 4916.0 4915.0 4914.0 4914.0 4913.0 4912.0 4912.0 4910.0 4910.0 4909.0 4908.0 4908.0 4907.0 4906.0 4906.0 4904.0 4904.0 4903.0 4902.0
agregarAgente --UnidadTermicaSimple
200.0
100.0
agregarAgente --DemandaFija
592.5 549.3 507.0 507.0 507.0 513.3 519.6 525.0 531.3 537.6 543.9 543.9 543.9 527.7 511.5 494.4 478.2 462.0 444.9 444.9 444.9 392.7 341.4 288.3 236.1 183.0 131.7 131.7 131.7 191.1 252.3 311.7 372.9 432.3 493.5 493.5 493.5 534.9 576.3 617.7 659.1 700.5 742.8 742.8 742.8 645.6 548.4 452.1 355.8 258.6 162.3 162.3 162.3 226.2 290.1 354.9 417.9 482.7 546.6 546.6 546.6 600.6 653.7 707.7 760.8 813.9 867.9 867.9 867.9 868.8 868.8 869.7 869.7 870.6 870.6 870.6 870.6 885.0 899.4 913.8 928.2 941.7 957.0 957.0 957.0 937.2 917.4 898.5 878.7 859.8 840.0 840.0 840.0 750.9 660.9 571.8 482.7 393.6 304.5 304.5 304.5 390.9 478.2 564.6 651.9 739.2 825.6 825.6 825.6 864.3 903.0 941.7 980.4 1019.1 1057.8 1057.8 1057.8 960.6 862.5 764.4 667.2 569.1 471.9 471.9 471.9 475.5 479.1 483.6 487.2 490.8 494.4 494.4 494.4 491.7 488.1 485.4 482.7 479.1 476.4 476.4 476.4 408.9 342.3 274.8 207.3 140.7 73.2 73.2 73.2 101.1 129.0 156.0 183.9 210.9 239.7 239.7 239.7 342.3 444.0 546.6 650.1 752.7 855.3 855.3 855.3 781.5 707.7 633.9 560.1 486.3 412.5 412.5 412.5 476.4 540.3 604.2 668.1 732.0 795.9 795.9 795.9 893.1 990.3 1087.5 1184.7 1281.9 1379.1 1379.1 1379.1 1221.6 1062.3 904.8 747.3 588.9 430.5 430.5 430.5 468.3 505.2 543.0 579.9 617.7 655.5 655.5 655.5 732.9 810.3 887.7 966.0 1042.5 1120.8 1120.8 1120.8 1035.3 948.9 864.3 778.8 692.4 607.8 607.8 607.8 647.4 687.0 727.5 766.2 805.8 846.3 846.3 846.3 866.1 885.0 904.8 923.7 943.5 963.3 963.3 963.3 865.2 767.1 669.0 570.9 473.7 375.6 375.6 375.6 435.9 497.1 557.4 619.5 679.8 741.0 741.0 741.0 759.0 776.1 794.1 812.1 829.2 848.1 848.1 848.1 780.6 714.9 647.4 579.9 514.2 446.7 446.7 446.7 577.2 708.6 839.1 969.6 1099.2 1229.7 1229.7 1229.7 1268.4 1307.1 1345.8 1384.5 1422.3 1461.9 1461.9 1461.9 1380.9 1299.0 1218.9 1137.0 1056.0 975.0 975.0 975.0 1027.2 1081.2 1133.4 1185.6 1238.7 1291.8 1291.8 1291.8 1326.9 1361.1 1395.3 1429.5 1464.6 1498.8 1498.8 1498.8 1418.7 1339.5 1260.3 1180.2 1101.0 1020.9 1020.9 1020.9 1042.5 1063.2 1084.8 1105.5 1126.2 1146.9 1146.9 1146.9 1131.6 1116.3 1101.0 1084.8 1068.6 1053.3 1053.3 1053.3 907.5 761.7 615.9 470.1 323.4 177.6 177.6 177.6 179.4 181.2 183.0 184.8 186.6 189.3 189.3 189.3 297.3 406.2 515.1 623.1 732.0 840.0 840.0 840.0 822.0 805.8 788.7
crearDespacho --mercado --conDemandaTotal
4
0.02 0.07 0.145 1.0
370.0 600.0 2400.0 4000.0
710.32 658.53 607.82 607.82 607.82 615.37 622.92 629.4 636.95 644.5 652.06 652.06 652.06 632.63 613.21 592.71 573.29 553.87 533.37 533.37 533.37 470.79 409.29 345.63 283.05 219.39 157.89 157.89 157.89 229.1 302.47 373.68 447.05 518.26 591.63 591.63 591.63 641.27 690.9 740.53 790.16 839.8 890.51 890.51 890.51 773.98 657.45 542.0 426.55 310.02 194.57 194.57 194.57 271.18 347.79 425.47 501.0 578.69 655.29 655.29 655.29 720.03 783.69 848.43 912.09 975.75 1040.48 1040.48 1040.48 1041.56 1041.56 1042.64 1042.64 1043.72 1043.72 1043.72 1043.72 1060.99 1078.25 1095.51 1112.78 1128.96 1147.3 1147.3 1147.3 1123.57 1099.83 1077.17 1053.43 1030.77 1007.04 1007.04 1007.04 900.22 792.32 685.5 578.69 471.87 365.05 365.05 365.05 468.63 573.29 676.87 781.53 886.19 989.77 989.77 989.77 1036.17 1082.56 1128.96 1175.36 1221.75 1268.15 1268.15 1268.15 1151.62 1034.01 916.4 799.87 682.27 565.74 565.74 565.74 570.05 574.37 579.77 584.08 588.4 592.71 592.71 592.71 589.48 585.16 581.92 578.69 574.37 571.13 571.13 571.13 490.21 410.37 329.44 248.52 168.68 87.76 87.76 87.76 121.2 154.65 187.02 220.47 252.84 287.37 287.37 287.37 410.37 532.29 655.29 779.37 902.38 1025.38 1025.38 1025.38 936.9 848.43 759.95 671.48 583.0 494.53 494.53 494.53 571.13 647.74 724.35 800.95 877.56 954.17 954.17 954.17 1070.7 1187.22 1303.75 1420.28 1536.81 1653.34 1653.34 1653.34 1464.52 1273.54 1084.72 895.9 706.0 516.11 516.11 516.11 561.42 605.66 650.98 695.21 740.53 785.85 785.85 785.85 878.64 971.43 1064.22 1158.09 1249.8 1343.67 1343.67 1343.67 1241.17 1137.59 1036.17 933.67 830.09 728.66 728.66 728.66 776.14 823.61 872.17 918.56 966.04 1014.59 1014.59 1014.59 1038.33 1060.99 1084.72 1107.38 1131.12 1154.86 1154.86 1154.86 1037.25 919.64 802.03 684.43 567.9 450.29 450.29 450.29 522.58 595.95 668.24 742.69 814.98 888.35 888.35 888.35 909.93 930.43 952.01 973.59 994.09 1016.75 1016.75 1016.75 935.82 857.06 776.14 695.21 616.45 535.53 535.53 535.53 691.98 849.51 1005.96 1162.41 1317.78 1474.23 1474.23 1474.23 1520.63 1567.02 1613.42 1659.81 1705.13 1752.6 1752.6 1752.6 1655.5 1557.31 1461.28 1363.1 1265.99 1168.88 1168.88 1168.88 1231.46 1296.2 1358.78 1421.36 1485.02 1548.68 1548.68 1548.68 1590.76 1631.76 1672.76 1713.76 1755.84 1796.84 1796.84 1796.84 1700.81 1605.86 1510.91 1414.89 1319.94 1223.91 1223.91 1223.91 1249.8 1274.62 1300.52 1325.33 1350.15 1374.96 1374.96 1374.96 1356.62 1338.28 1319.94 1300.52 1281.09 1262.75 1262.75 1262.75 1087.96 913.17 738.37 563.58 387.71 212.92 212.92 212.92 215.07 217.23 219.39 221.55 223.71 226.94 226.94 226.94 356.42 486.97 617.53 747.01 877.56 1007.04 1007.04 1007.04 985.46 966.04 945.54
configurarSolver --Gurobi
resolver --noConstante ejecuciones/bancos/recombinados/v1/directo/sgtm/v1_sgtm_000118.csv
finalizar
