inicializar --t 360
agregarAgente --SaltoGrande
0.002114
2032464238.0
9542.0 9596.0 9651.0 9705.0 9773.0 9786.0 9799.0 9812.0 9826.0 9839.0 9852.0 9865.0 9891.0 9904.0 9917.0 9930.0 9944.0 9957.0 9970.0 9983.0 10009.0 10022.0 10035.0 10048.0 10062.0 10075.0 10088.0 10101.0 10110.0 10106.0 10102.0 10097.0 10093.0 10089.0 10085.0 10081.0 10073.0 10068.0 10064.0 10060.0 10056.0 10052.0 10048.0 10043.0 10035.0 10031.0 10027.0 10023.0 10019.0 10014.0 10010.0 10006.0 9993.0 9984.0 9975.0 9966.0 9957.0 9948.0 9939.0 9930.0 9912.0 9903.0 9894.0 9885.0 9876.0 9867.0 9858.0 9849.0 9831.0 9822.0 9813.0 9804.0 9795.0 9786.0 9777.0 9768.0 9705.0 9651.0 9596.0 9542.0 9488.0 9434.0 9380.0 9326.0 9217.0 9163.0 9109.0 9055.0 9000.0 8946.0 8892.0 8838.0 8729.0 8675.0 8621.0 8567.0 8513.0 8459.0 8404.0 8350.0 8257.0 8218.0 8179.0 8140.0 8101.0 8062.0 8023.0 7984.0 7906.0 7867.0 7828.0 7789.0 7751.0 7712.0 7673.0 7634.0 7556.0 7517.0 7478.0 7439.0 7400.0 7361.0 7322.0 7283.0 7210.0 7177.0 7143.0 7109.0 7075.0 7042.0 7008.0 6974.0 6907.0 6873.0 6839.0 6805.0 6772.0 6738.0 6704.0 6670.0 6603.0 6569.0 6535.0 6502.0 6468.0 6434.0 6400.0 6367.0 6302.0 6271.0 6240.0 6208.0 6177.0 6146.0 6115.0 6084.0 6022.0 5990.0 5959.0 5928.0 5897.0 5866.0 5835.0 5803.0 5741.0 5710.0 5679.0 5648.0 5617.0 5585.0 5554.0 5523.0 5481.0 5470.0 5459.0 5448.0 5437.0 5426.0 5415.0 5404.0 5382.0 5371.0 5360.0 5349.0 5339.0 5328.0 5317.0 5306.0 5284.0 5273.0 5262.0 5251.0 5240.0 5229.0 5218.0 5207.0 5196.0 5195.0 5195.0 5194.0 5194.0 5194.0 5193.0 5193.0 5192.0 5192.0 5191.0 5191.0 5190.0 5190.0 5189.0 5189.0 5188.0 5188.0 5187.0 5187.0 5187.0 5186.0 5186.0 5185.0 5187.0 5190.0 5192.0 5194.0 5197.0 5199.0 5201.0 5204.0 5208.0 5211.0 5213.0 5215.0 5218.0 5220.0 5222.0 5225.0 5229.0 5232.0 5234.0 5236.0 5239.0 5241.0 5243.0 5246.0 5252.0 5257.0 5261.0 5265.0 5269.0 5274.0 5278.0 5282.0 5291.0 5295.0 5299.0 5303.0 5308.0 5312.0 5316.0 5320.0 5329.0 5333.0 5337.0 5342.0 5346.0 5350.0 5354.0 5359.0 5354.0 5346.0 5337.0 5328.0 5319.0 5311.0 5302.0 5293.0 5276.0 5267.0 5259.0 5250.0 5241.0 5232.0 5224.0 5215.0 5198.0 5189.0 5180.0 5172.0 5163.0 5154.0 5145.0 5137.0 5126.0 5123.0 5121.0 5118.0 5116.0 5113.0 5111.0 5108.0 5103.0 5101.0 5098.0 5096.0 5093.0 5091.0 5088.0 5086.0 5081.0 5078.0 5076.0 5073.0 5071.0 5068.0 5066.0 5063.0 5058.0 5055.0 5052.0 5049.0 5047.0 5044.0 5041.0 5038.0 5032.0 5029.0 5026.0 5023.0 5021.0 5018.0 5015.0 5012.0 5006.0 5003.0 5000.0 4997.0 4995.0 4992.0 4989.0 4986.0 4984.0 4984.0 4985.0 4986.0 4986.0 4987.0 4987.0 4988.0 4989.0 4990.0 4991.0 4991.0 4992.0 4992.0 4993.0 4994.0 4995.0 4996.0 4996.0 4997.0
agregarAgente --UnidadTermicaSimple
200.0
100.0
agregarAgente --DemandaFija
481.8 473.7 464.7 456.6 454.8 461.1 466.5 472.8 479.1 484.5 490.8 497.1 507.0 511.5 515.1 519.6 523.2 526.8 531.3 535.8 535.8 533.1 529.5 526.8 523.2 520.5 516.9 513.3 513.3 515.1 517.8 520.5 523.2 526.8 528.6 531.3 535.8 539.4 541.2 543.9 547.5 549.3 552.0 554.7 552.9 548.4 544.8 539.4 534.9 531.3 526.8 523.2 518.7 525.9 533.1 540.3 546.6 553.8 560.1 560.1 562.8 566.4 570.0 574.5 578.1 581.7 585.3 587.1 579.9 561.9 543.0 525.0 507.0 489.0 470.1 460.2 450.3 458.4 467.4 476.4 484.5 492.6 500.7 500.7 502.5 505.2 508.8 511.5 514.2 517.8 520.5 523.2 525.0 513.3 503.4 492.6 481.8 470.1 459.3 457.5 445.8 435.9 426.9 417.9 408.0 398.1 388.2 379.2 379.2 391.8 403.5 416.1 427.8 439.5 451.2 461.1 470.1 467.4 463.8 461.1 457.5 454.8 451.2 450.3 452.1 455.7 460.2 462.9 466.5 469.2 472.8 475.5 480.0 480.9 482.7 483.6 485.4 486.3 487.2 489.0 487.2 483.6 480.9 477.3 474.6 471.0 468.3 464.7 461.1 469.2 476.4 483.6 490.8 498.0 505.2 504.3 505.2 509.7 514.2 519.6 524.1 528.6 533.1 534.9 532.2 517.8 502.5 488.1 472.8 457.5 442.2 439.5 435.9 440.4 444.9 449.4 453.9 459.3 462.9 463.8 464.7 469.2 471.9 475.5 479.1 481.8 486.3 487.2 480.9 468.3 454.8 440.4 426.9 413.4 399.0 392.7 387.3 390.0 392.7 395.4 397.2 399.9 401.7 405.3 408.0 410.7 413.4 415.2 417.9 419.7 421.5 422.4 413.4 401.7 390.0 378.3 366.6 354.9 342.3 333.3 333.3 346.8 361.2 375.6 389.1 403.5 417.9 428.7 439.5 442.2 445.8 448.5 451.2 454.8 458.4 458.4 449.4 436.8 423.3 408.9 395.4 382.8 369.3 359.4 346.8 361.2 375.6 390.0 404.4 418.8 433.2 431.4 435.9 448.5 460.2 472.8 484.5 498.0 508.8 516.0 516.0 488.1 458.4 428.7 399.9 370.2 341.4 333.3 323.4 319.8 316.2 311.7 307.2 302.7 299.1 297.3 301.8 309.0 317.1 324.3 330.6 337.8 345.0 352.2 355.8 362.1 367.5 374.7 380.1 387.3 392.7 390.0 398.1 407.1 416.1 424.2 432.3 441.3 451.2 462.9 476.4 472.8 469.2 464.7 461.1 457.5 453.9 455.7 450.3 442.2 435.0 426.9 419.7 411.6 403.5 395.4 393.6 415.2 435.9 457.5 477.3 498.0 518.7 524.1 534.9 537.6 540.3 543.9 545.7 549.3 551.1 556.5 553.8 532.2 511.5 490.8 471.0 449.4 429.6 421.5 420.6 434.1 447.6 461.1 473.7 487.2 500.7 506.1 516.0 516.9 518.7 519.6 520.5 521.4 523.2 526.8 521.4 508.8 497.1 485.4
crearDespacho --mercado --conDemandaTotal
4
0.02 0.07 0.145 1.0
370.0 600.0 2400.0 4000.0
779.52 766.41 751.85 738.75 735.83 746.03 754.76 764.96 775.15 783.89 794.08 804.27 820.29 827.57 833.39 840.67 846.5 852.32 859.6 866.89 866.89 862.52 856.69 852.32 846.5 842.13 836.31 830.48 830.48 833.39 837.76 842.13 846.5 852.32 855.24 859.6 866.89 872.71 875.62 879.99 885.81 888.73 893.1 897.46 894.55 887.27 881.45 872.71 865.43 859.6 852.32 846.5 839.22 850.87 862.52 874.17 884.36 896.01 906.2 906.2 910.57 916.39 922.22 929.5 935.32 941.15 946.97 949.88 938.24 909.11 878.53 849.41 820.29 791.17 760.59 744.57 728.55 741.66 756.22 770.78 783.89 796.99 810.1 810.1 813.01 817.38 823.2 827.57 831.94 837.76 842.13 846.5 849.41 830.48 814.46 796.99 779.52 760.59 743.11 740.2 721.27 705.25 690.69 676.13 660.11 644.1 628.08 613.52 613.52 633.9 652.83 673.22 692.15 711.08 730.01 746.03 760.59 756.22 750.39 746.03 740.2 735.83 730.01 728.55 731.46 737.29 744.57 748.94 754.76 759.13 764.96 769.32 776.6 778.06 780.97 782.43 785.34 786.8 788.25 791.17 788.25 782.43 778.06 772.24 767.87 762.04 757.68 751.85 746.03 759.13 770.78 782.43 794.08 805.73 817.38 815.92 817.38 824.66 831.94 840.67 847.96 855.24 862.52 865.43 861.06 837.76 813.01 789.71 764.96 740.2 715.45 711.08 705.25 712.53 719.82 727.1 734.38 743.11 748.94 750.39 751.85 759.13 763.5 769.32 775.15 779.52 786.8 788.25 778.06 757.68 735.83 712.53 690.69 668.85 645.55 635.36 626.62 630.99 635.36 639.73 642.64 647.01 649.92 655.75 660.11 664.48 668.85 671.76 676.13 679.04 681.96 683.41 668.85 649.92 630.99 612.06 593.13 574.2 553.82 539.25 539.25 561.1 584.4 607.69 629.54 652.83 676.13 693.61 711.08 715.45 721.27 725.64 730.01 735.83 741.66 741.66 727.1 706.71 684.87 661.57 639.73 619.34 597.5 581.48 561.1 584.4 607.69 630.99 654.29 677.59 700.89 697.97 705.25 725.64 744.57 764.96 783.89 805.73 823.2 834.85 834.85 789.71 741.66 693.61 647.01 598.96 552.36 539.25 523.24 517.41 511.59 504.31 497.03 489.75 483.92 481.01 488.29 499.94 513.04 524.69 534.89 546.54 558.18 569.83 575.66 585.85 594.59 606.24 614.97 626.62 635.36 630.99 644.1 658.66 673.22 686.32 699.43 713.99 730.01 748.94 770.78 764.96 759.13 751.85 746.03 740.2 734.38 737.29 728.55 715.45 703.8 690.69 679.04 665.94 652.83 639.73 636.82 671.76 705.25 740.2 772.24 805.73 839.22 847.96 865.43 869.8 874.17 879.99 882.9 888.73 891.64 900.38 896.01 861.06 827.57 794.08 762.04 727.1 695.06 681.96 680.5 702.34 724.18 746.03 766.41 788.25 810.1 818.83 834.85 836.31 839.22 840.67 842.13 843.59 846.5 852.32 843.59 823.2 804.27 785.34
configurarSolver --Gurobi
resolver --noConstante ejecuciones/bancos/recombinados/v1/directo/sgtm/v1_sgtm_000388.csv
finalizar
