inicializar --t 360
agregarAgente --SaltoGrande
0.00194
2133902914.0
4486.0 4478.0 4469.0 4461.0 4450.0 4446.0 4443.0 4439.0 4436.0 4433.0 4429.0 4426.0 4419.0 4416.0 4412.0 4409.0 4405.0 4402.0 4398.0 4395.0 4388.0 4385.0 4381.0 4378.0 4375.0 4371.0 4368.0 4364.0 4356.0 4351.0 4345.0 4340.0 4335.0 4330.0 4324.0 4319.0 4309.0 4304.0 4298.0 4293.0 4288.0 4283.0 4277.0 4272.0 4262.0 4257.0 4251.0 4246.0 4241.0 4236.0 4230.0 4225.0 4213.0 4206.0 4198.0 4191.0 4184.0 4177.0 4170.0 4163.0 4148.0 4141.0 4134.0 4127.0 4119.0 4112.0 4105.0 4098.0 4083.0 4076.0 4069.0 4062.0 4055.0 4048.0 4040.0 4033.0 4013.0 4000.0 3986.0 3973.0 3960.0 3947.0 3933.0 3920.0 3894.0 3881.0 3867.0 3854.0 3841.0 3828.0 3814.0 3801.0 3775.0 3762.0 3748.0 3735.0 3722.0 3709.0 3695.0 3682.0 3661.0 3653.0 3645.0 3637.0 3629.0 3621.0 3613.0 3605.0 3589.0 3581.0 3573.0 3565.0 3556.0 3548.0 3540.0 3532.0 3516.0 3508.0 3500.0 3492.0 3484.0 3476.0 3468.0 3460.0 3446.0 3440.0 3434.0 3428.0 3422.0 3416.0 3410.0 3404.0 3392.0 3386.0 3380.0 3374.0 3368.0 3362.0 3356.0 3350.0 3338.0 3332.0 3326.0 3320.0 3314.0 3308.0 3302.0 3296.0 3314.0 3339.0 3363.0 3388.0 3412.0 3437.0 3461.0 3486.0 3535.0 3559.0 3584.0 3608.0 3633.0 3657.0 3682.0 3706.0 3755.0 3780.0 3804.0 3829.0 3853.0 3878.0 3902.0 3927.0 3983.0 4015.0 4046.0 4078.0 4110.0 4142.0 4174.0 4206.0 4269.0 4301.0 4333.0 4365.0 4396.0 4428.0 4460.0 4492.0 4555.0 4587.0 4619.0 4651.0 4683.0 4715.0 4746.0 4778.0 4787.0 4765.0 4742.0 4720.0 4697.0 4675.0 4652.0 4630.0 4585.0 4562.0 4540.0 4517.0 4495.0 4472.0 4450.0 4427.0 4382.0 4360.0 4337.0 4315.0 4292.0 4270.0 4247.0 4225.0 4182.0 4162.0 4142.0 4122.0 4103.0 4083.0 4063.0 4043.0 4003.0 3983.0 3963.0 3943.0 3924.0 3904.0 3884.0 3864.0 3824.0 3804.0 3784.0 3764.0 3745.0 3725.0 3705.0 3685.0 3649.0 3633.0 3617.0 3601.0 3585.0 3569.0 3553.0 3537.0 3505.0 3489.0 3473.0 3457.0 3441.0 3425.0 3409.0 3393.0 3361.0 3345.0 3329.0 3313.0 3297.0 3281.0 3265.0 3249.0 3225.0 3218.0 3210.0 3202.0 3195.0 3187.0 3180.0 3172.0 3157.0 3149.0 3141.0 3134.0 3126.0 3119.0 3111.0 3103.0 3088.0 3080.0 3073.0 3065.0 3058.0 3050.0 3042.0 3035.0 3024.0 3022.0 3019.0 3017.0 3014.0 3012.0 3009.0 3007.0 3002.0 2999.0 2997.0 2994.0 2992.0 2989.0 2987.0 2984.0 2979.0 2977.0 2974.0 2972.0 2969.0 2967.0 2964.0 2962.0 2958.0 2958.0 2957.0 2957.0 2956.0 2956.0 2955.0 2955.0 2954.0 2953.0 2953.0 2952.0 2952.0 2951.0 2951.0 2950.0 2949.0 2949.0 2948.0 2948.0 2947.0 2947.0 2946.0 2946.0 2938.0 2932.0 2925.0 2918.0 2911.0 2905.0 2898.0 2891.0 2878.0 2871.0 2864.0 2857.0 2851.0 2844.0 2837.0 2830.0 2817.0 2810.0 2803.0 2797.0
agregarAgente --UnidadTermicaSimple
200.0
100.0
agregarAgente --DemandaFija
295.8 295.8 295.8 295.8 295.8 311.4 327.6 343.8 359.4 376.2 392.4 392.4 392.4 379.8 367.2 355.2 342.6 330.6 318.6 318.6 318.6 338.4 358.2 378.6 398.4 418.2 438.0 438.0 438.0 470.4 501.6 532.8 564.6 595.8 628.2 628.2 628.2 624.6 621.0 617.4 613.2 609.6 606.6 606.6 606.6 577.2 547.8 517.8 489.0 459.6 429.6 429.6 429.6 436.8 444.0 452.4 459.6 466.8 474.0 474.0 474.0 478.2 482.4 486.6 490.2 494.4 498.6 498.6 498.6 469.8 439.8 411.0 381.6 352.2 322.8 322.8 322.8 339.0 354.6 370.8 386.4 402.0 417.6 417.6 417.6 424.8 431.4 438.6 445.2 453.0 459.6 459.6 459.6 408.6 357.6 307.2 256.2 205.8 154.8 154.8 154.8 187.2 220.8 253.8 286.2 319.8 352.8 352.8 352.8 380.4 408.0 435.6 463.8 491.4 518.4 518.4 518.4 495.6 472.2 448.8 426.0 402.6 379.8 379.8 379.8 360.0 340.8 321.6 302.4 282.6 263.4 263.4 263.4 278.4 294.0 308.4 323.4 337.8 352.8 352.8 352.8 302.4 250.8 199.8 149.4 97.8 47.4 47.4 47.4 97.8 148.8 199.2 250.2 301.2 351.6 351.6 351.6 393.0 433.2 474.6 515.4 556.2 597.0 597.0 597.0 520.2 444.0 367.2 291.0 214.8 138.0 138.0 138.0 208.8 279.0 350.4 421.2 492.0 562.8 562.8 562.8 531.6 501.0 470.4 439.2 408.6 378.0 378.0 378.0 329.4 280.2 232.2 183.0 135.0 86.4 86.4 86.4 146.4 207.0 266.4 326.4 387.0 446.4 446.4 446.4 416.4 387.0 356.4 326.4 296.4 265.8 265.8 265.8 247.8 230.4 212.4 193.8 176.4 158.4 158.4 158.4 255.6 352.8 450.6 548.4 645.6 742.8 742.8 742.8 722.4 701.4 680.4 659.4 638.4 618.0 618.0 618.0 593.4 569.4 545.4 520.8 496.8 472.8 472.8 472.8 543.6 613.8 684.0 754.8 825.6 896.4 896.4 896.4 841.8 788.4 734.4 680.4 626.4 572.4 572.4 572.4 529.2 486.6 444.0 401.4 358.2 315.6 315.6 315.6 385.2 454.8 523.8 592.8 662.4 732.0 732.0 732.0 708.6 684.0 660.0 636.6 612.0 588.0 588.0 588.0 571.8 555.6 540.0 523.2 507.0 490.8 490.8 490.8 524.4 558.6 592.2 626.4 660.0 693.6 693.6 693.6 671.4 649.8 628.2 605.4 583.8 562.2 562.2 562.2 554.4 547.2 540.0 532.2 524.4 517.2 517.2 517.2 509.4 501.0 493.2 485.4 477.0 469.2 469.2 469.2 417.0 364.8 313.2 261.6 210.0 157.8 157.8 157.8 141.6 125.4 108.6 92.4 76.2 60.0 60.0 60.0 91.2 121.8 153.0 184.2 215.4 246.6 246.6 246.6 282.0 318.0 354.0 390.0 425.4 462.0 462.0 462.0 450.0 439.2 427.8
crearDespacho --mercado --conDemandaTotal
4
0.02 0.07 0.145 1.0
370.0 600.0 2400.0 4000.0
561.94 561.94 561.94 561.94 561.94 591.57 622.35 653.12 682.76 714.68 745.45 745.45 745.45 721.51 697.58 674.78 650.85 628.05 605.25 605.25 605.25 642.87 680.48 719.24 756.85 794.46 832.08 832.08 832.08 893.63 952.9 1012.17 1072.58 1131.86 1193.41 1193.41 1193.41 1186.57 1179.73 1172.89 1164.91 1158.07 1152.37 1152.37 1152.37 1096.52 1040.67 983.68 928.96 873.11 816.12 816.12 816.12 829.8 843.48 859.43 873.11 886.79 900.47 900.47 900.47 908.45 916.43 924.41 931.24 939.22 947.2 947.2 947.2 892.49 835.5 780.79 724.93 669.08 613.23 613.23 613.23 644.01 673.64 704.42 734.05 763.69 793.32 793.32 793.32 807.0 819.54 833.22 845.76 860.57 873.11 873.11 873.11 776.23 679.34 583.6 486.71 390.96 294.08 294.08 294.08 355.63 419.46 482.15 543.7 607.53 670.22 670.22 670.22 722.65 775.09 827.52 881.09 933.52 984.82 984.82 984.82 941.5 897.05 852.6 809.28 764.83 721.51 721.51 721.51 683.9 647.43 610.95 574.48 536.86 500.39 500.39 500.39 528.88 558.52 585.87 614.37 641.73 670.22 670.22 670.22 574.48 476.45 379.56 283.82 185.79 90.05 90.05 90.05 185.79 282.68 378.42 475.31 572.2 667.94 667.94 667.94 746.59 822.96 901.61 979.12 1056.63 1134.13 1134.13 1134.13 988.24 843.48 697.58 552.82 408.06 262.16 262.16 262.16 396.66 530.02 665.66 800.16 934.66 1069.16 1069.16 1069.16 1009.89 951.76 893.63 834.36 776.23 718.1 718.1 718.1 625.77 532.3 441.12 347.65 256.46 164.14 164.14 164.14 278.12 393.24 506.09 620.07 735.19 848.04 848.04 848.04 791.04 735.19 677.06 620.07 563.08 504.95 504.95 504.95 470.75 437.7 403.5 368.17 335.11 300.92 300.92 300.92 485.57 670.22 856.02 1041.81 1226.46 1411.11 1411.11 1411.11 1372.36 1332.47 1292.57 1252.68 1212.78 1174.03 1174.03 1174.03 1127.3 1081.7 1036.11 989.38 943.78 898.19 898.19 898.19 1032.69 1166.05 1299.41 1433.91 1568.41 1702.91 1702.91 1702.91 1599.19 1497.74 1395.16 1292.57 1189.99 1087.4 1087.4 1087.4 1005.33 924.41 843.48 762.55 680.48 599.55 599.55 599.55 731.77 863.99 995.08 1126.16 1258.38 1390.6 1390.6 1390.6 1346.14 1299.41 1253.82 1209.36 1162.63 1117.04 1117.04 1117.04 1086.26 1055.49 1025.85 993.94 963.16 932.38 932.38 932.38 996.22 1061.19 1125.02 1189.99 1253.82 1317.65 1317.65 1317.65 1275.47 1234.44 1193.41 1150.09 1109.06 1068.02 1068.02 1068.02 1053.21 1039.53 1025.85 1011.03 996.22 982.54 982.54 982.54 967.72 951.76 936.94 922.13 906.17 891.35 891.35 891.35 792.18 693.02 594.99 496.97 398.94 299.78 299.78 299.78 269.0 238.23 206.31 175.53 144.76 113.98 113.98 113.98 173.25 231.39 290.66 349.93 409.2 468.47 468.47 468.47 535.72 604.11 672.5 740.89 808.14 877.67 877.67 877.67 854.88 834.36 812.7
configurarSolver --Gurobi
resolver --noConstante ejecuciones/bancos/recombinados/v1/directo/sgtm/v1_sgtm_000353.csv
finalizar
