inicializar --t 360
agregarAgente --SaltoGrande
0.000425
2001535362.0
6474.0 6457.0 6439.0 6422.0 6395.0 6386.0 6378.0 6369.0 6360.0 6351.0 6343.0 6334.0 6316.0 6307.0 6299.0 6290.0 6281.0 6272.0 6264.0 6255.0 6237.0 6228.0 6220.0 6211.0 6202.0 6193.0 6185.0 6176.0 6168.0 6168.0 6169.0 6170.0 6171.0 6171.0 6172.0 6173.0 6174.0 6175.0 6176.0 6177.0 6177.0 6178.0 6179.0 6180.0 6181.0 6182.0 6183.0 6183.0 6184.0 6185.0 6186.0 6186.0 6256.0 6324.0 6393.0 6462.0 6530.0 6599.0 6668.0 6736.0 6874.0 6942.0 7011.0 7080.0 7148.0 7217.0 7286.0 7354.0 7492.0 7560.0 7629.0 7698.0 7766.0 7835.0 7904.0 7972.0 8072.0 8103.0 8134.0 8165.0 8197.0 8228.0 8259.0 8290.0 8352.0 8383.0 8414.0 8445.0 8477.0 8508.0 8539.0 8570.0 8632.0 8663.0 8694.0 8725.0 8757.0 8788.0 8819.0 8850.0 8890.0 8898.0 8907.0 8916.0 8925.0 8933.0 8942.0 8951.0 8968.0 8977.0 8986.0 8995.0 9003.0 9012.0 9021.0 9030.0 9047.0 9056.0 9065.0 9073.0 9082.0 9091.0 9100.0 9108.0 9079.0 9041.0 9003.0 8964.0 8926.0 8888.0 8850.0 8812.0 8736.0 8697.0 8659.0 8621.0 8583.0 8545.0 8507.0 8468.0 8392.0 8354.0 8316.0 8278.0 8240.0 8201.0 8163.0 8125.0 8025.0 7962.0 7900.0 7838.0 7775.0 7713.0 7651.0 7588.0 7464.0 7401.0 7339.0 7277.0 7214.0 7152.0 7090.0 7027.0 6903.0 6840.0 6778.0 6716.0 6653.0 6591.0 6529.0 6466.0 6368.0 6332.0 6296.0 6260.0 6224.0 6188.0 6152.0 6116.0 6044.0 6008.0 5972.0 5936.0 5901.0 5865.0 5829.0 5793.0 5721.0 5685.0 5649.0 5613.0 5577.0 5541.0 5505.0 5469.0 5418.0 5402.0 5387.0 5372.0 5357.0 5341.0 5326.0 5311.0 5280.0 5265.0 5250.0 5235.0 5219.0 5204.0 5189.0 5174.0 5143.0 5128.0 5113.0 5097.0 5082.0 5067.0 5052.0 5036.0 5029.0 5037.0 5046.0 5054.0 5062.0 5070.0 5078.0 5086.0 5103.0 5111.0 5119.0 5127.0 5136.0 5144.0 5152.0 5160.0 5177.0 5185.0 5193.0 5201.0 5209.0 5217.0 5226.0 5234.0 5302.0 5362.0 5422.0 5482.0 5542.0 5602.0 5661.0 5721.0 5841.0 5901.0 5961.0 6021.0 6081.0 6141.0 6201.0 6261.0 6381.0 6441.0 6500.0 6560.0 6620.0 6680.0 6740.0 6800.0 6845.0 6829.0 6814.0 6798.0 6783.0 6768.0 6752.0 6737.0 6706.0 6691.0 6675.0 6660.0 6644.0 6629.0 6613.0 6598.0 6567.0 6552.0 6536.0 6521.0 6506.0 6490.0 6475.0 6459.0 6426.0 6408.0 6390.0 6372.0 6354.0 6336.0 6318.0 6300.0 6264.0 6246.0 6228.0 6210.0 6192.0 6174.0 6156.0 6138.0 6102.0 6084.0 6066.0 6048.0 6030.0 6012.0 5994.0 5976.0 5919.0 5881.0 5842.0 5804.0 5765.0 5727.0 5688.0 5650.0 5572.0 5534.0 5495.0 5457.0 5418.0 5380.0 5341.0 5303.0 5225.0 5187.0 5148.0 5110.0 5071.0 5033.0 4994.0 4956.0 4916.0 4916.0 4915.0 4914.0 4914.0 4913.0 4912.0 4912.0 4910.0 4910.0 4909.0 4908.0 4908.0 4907.0 4906.0 4906.0 4904.0 4904.0 4903.0 4902.0
agregarAgente --UnidadTermicaSimple
200.0
100.0
agregarAgente --DemandaFija
442.2 422.4 402.6 399.0 396.3 389.1 381.0 372.9 365.7 357.6 349.5 349.5 353.1 349.5 346.8 344.1 340.5 337.8 335.1 337.8 338.7 341.4 345.0 349.5 353.1 356.7 360.3 358.5 360.3 364.8 369.3 373.8 379.2 383.7 388.2 390.9 400.8 412.5 423.3 433.2 444.0 454.8 465.6 473.7 471.9 453.9 435.9 417.9 399.0 381.9 363.0 354.9 347.7 359.4 371.1 383.7 395.4 408.0 419.7 420.6 417.0 412.5 408.0 403.5 399.9 396.3 390.9 386.4 380.1 354.9 330.6 305.4 280.2 255.9 230.7 228.0 231.6 230.7 228.9 228.9 227.1 226.2 224.4 230.7 245.1 254.1 262.2 271.2 280.2 290.1 299.1 308.1 300.0 311.7 323.4 336.0 348.6 360.3 372.9 355.8 343.2 343.2 342.3 342.3 342.3 341.4 340.5 345.0 357.6 363.9 370.2 376.5 381.9 388.2 394.5 401.7 399.9 406.2 412.5 418.8 426.0 431.4 437.7 427.8 417.0 417.0 417.9 417.9 417.9 417.9 417.0 416.1 426.0 404.4 382.8 361.2 338.7 318.0 296.4 306.3 306.3 314.4 321.6 328.8 336.0 343.2 351.3 340.5 333.3 341.4 348.6 356.7 364.8 372.0 380.1 383.7 390.0 393.6 397.2 400.8 404.4 408.9 412.5 416.1 414.3 403.5 391.8 381.0 370.2 358.5 347.7 342.3 348.6 346.8 346.8 345.0 344.1 343.2 342.3 353.1 363.9 362.1 360.3 359.4 358.5 356.7 356.7 355.8 343.2 363.0 382.8 401.7 421.5 441.3 462.0 449.4 444.0 483.6 522.3 561.9 601.5 641.1 679.8 686.1 689.7 712.2 733.8 755.4 776.1 797.7 819.3 816.6 805.8 782.4 759.0 736.5 713.1 690.6 667.2 659.1 659.1 677.1 695.1 712.2 731.1 749.1 767.1 775.2 785.1 786.9 787.8 790.5 792.3 794.1 795.9 795.9 787.8 750.0 714.0 677.1 640.2 603.3 566.4 556.5 555.6 592.5 628.5 663.6 699.6 736.5 772.5 779.7 790.5 786.9 784.2 780.6 776.1 774.3 770.7 773.4 768.0 751.8 735.6 719.4 704.1 687.0 670.8 663.6 660.0 677.1 692.4 708.6 725.7 741.0 757.2 761.7 769.8 755.4 741.0 725.7 711.3 696.0 681.6 686.1 685.2 675.3 664.5 654.6 643.8 633.9 623.1 617.7 613.2 632.1 651.9 670.8 689.7 709.5 728.4 730.2 736.5 733.8 730.2 726.6 723.0 720.3 716.7 721.2 721.2 687.9 654.6 621.3 588.0 554.7 522.3 517.8 515.1 495.3 475.5 455.7 435.9 416.1 397.2 398.1 410.7 427.8 444.0 461.1 477.3 493.5 509.7 521.4 521.4 497.1 473.7 450.3 426.0 402.6 377.4 366.6 361.2 354.9 348.6 342.3 335.1 328.8 322.5 327.9 338.7 360.3 381.0 402.6 423.3 445.8 466.5 471.9 466.5 468.3 471.0 473.7
crearDespacho --mercado --conDemandaTotal
4
0.02 0.07 0.145 1.0
370.0 600.0 2400.0 4000.0
693.71 662.64 631.58 625.94 621.7 610.4 597.7 584.99 573.7 560.99 548.28 548.28 553.93 548.28 544.05 539.81 534.16 529.93 525.69 529.93 531.34 535.57 541.22 548.28 553.93 559.58 565.22 562.4 565.22 572.28 579.34 586.4 594.87 601.93 608.99 613.23 628.76 647.11 664.06 679.59 696.53 713.47 730.41 743.12 740.3 712.06 683.82 655.58 625.94 599.11 569.46 556.75 545.46 563.81 582.17 601.93 620.29 640.05 658.41 659.82 654.17 647.11 640.05 632.99 627.35 621.7 613.23 606.17 596.29 556.75 518.63 479.1 439.57 401.45 361.91 357.68 363.32 361.91 359.09 359.09 356.27 354.85 352.03 361.91 384.5 398.62 411.33 425.45 439.57 455.1 469.22 483.33 470.63 488.98 507.34 527.1 546.87 565.22 584.99 558.16 538.4 538.4 536.99 536.99 536.99 535.57 534.16 541.22 560.99 570.87 580.75 590.64 599.11 608.99 618.88 630.17 627.35 637.23 647.11 657.0 668.29 676.76 686.65 671.12 654.17 654.17 655.58 655.58 655.58 655.58 654.17 652.76 668.29 634.41 600.52 566.64 531.34 498.87 464.98 480.51 480.51 493.22 504.51 515.81 527.1 538.4 551.11 534.16 522.87 535.57 546.87 559.58 572.28 583.58 596.29 601.93 611.82 617.46 623.11 628.76 634.41 641.47 647.11 652.76 649.94 632.99 614.64 597.7 580.75 562.4 545.46 536.99 546.87 544.05 544.05 541.22 539.81 538.4 536.99 553.93 570.87 568.05 565.22 563.81 562.4 559.58 559.58 558.16 538.4 569.46 600.52 630.17 661.23 692.29 724.77 705.0 696.53 758.65 819.36 881.49 943.61 1005.73 1066.44 1076.33 1081.97 1117.27 1151.16 1185.04 1217.51 1251.4 1285.28 1281.05 1264.11 1227.4 1190.69 1155.39 1118.68 1083.39 1046.68 1033.97 1033.97 1062.21 1090.44 1117.27 1146.92 1175.16 1203.4 1216.1 1231.63 1234.46 1235.87 1240.1 1242.93 1245.75 1248.58 1248.58 1235.87 1176.57 1120.09 1062.21 1004.32 946.43 888.55 873.01 871.6 929.49 985.97 1041.03 1097.5 1155.39 1211.87 1223.16 1240.1 1234.46 1230.22 1224.57 1217.51 1214.69 1209.04 1213.28 1204.81 1179.39 1153.98 1128.57 1104.56 1077.74 1052.32 1041.03 1035.38 1062.21 1086.21 1111.62 1138.45 1162.45 1187.86 1194.92 1207.63 1185.04 1162.45 1138.45 1115.86 1091.86 1069.27 1076.33 1074.91 1059.38 1042.44 1026.91 1009.97 994.44 977.49 969.02 961.96 991.61 1022.67 1052.32 1081.97 1113.03 1142.68 1145.51 1155.39 1151.16 1145.51 1139.86 1134.21 1129.98 1124.33 1131.39 1131.39 1079.15 1026.91 974.67 922.43 870.19 819.36 812.3 808.07 777.01 745.95 714.88 683.82 652.76 623.11 624.52 644.29 671.12 696.53 723.36 748.77 774.18 799.6 817.95 817.95 779.83 743.12 706.41 668.29 631.58 592.05 575.11 566.64 556.75 546.87 536.99 525.69 515.81 505.92 514.4 531.34 565.22 597.7 631.58 664.06 699.35 731.83 740.3 731.83 734.65 738.89 743.12
configurarSolver --Gurobi
resolver --noConstante ejecuciones/bancos/recombinados/v1/directo/sgtm/v1_sgtm_000203.csv
finalizar
