inicializar --t 360
agregarAgente --SaltoGrande
0.000997
2001535362.0
6474.0 6457.0 6439.0 6422.0 6395.0 6386.0 6378.0 6369.0 6360.0 6351.0 6343.0 6334.0 6316.0 6307.0 6299.0 6290.0 6281.0 6272.0 6264.0 6255.0 6237.0 6228.0 6220.0 6211.0 6202.0 6193.0 6185.0 6176.0 6168.0 6168.0 6169.0 6170.0 6171.0 6171.0 6172.0 6173.0 6174.0 6175.0 6176.0 6177.0 6177.0 6178.0 6179.0 6180.0 6181.0 6182.0 6183.0 6183.0 6184.0 6185.0 6186.0 6186.0 6256.0 6324.0 6393.0 6462.0 6530.0 6599.0 6668.0 6736.0 6874.0 6942.0 7011.0 7080.0 7148.0 7217.0 7286.0 7354.0 7492.0 7560.0 7629.0 7698.0 7766.0 7835.0 7904.0 7972.0 8072.0 8103.0 8134.0 8165.0 8197.0 8228.0 8259.0 8290.0 8352.0 8383.0 8414.0 8445.0 8477.0 8508.0 8539.0 8570.0 8632.0 8663.0 8694.0 8725.0 8757.0 8788.0 8819.0 8850.0 8890.0 8898.0 8907.0 8916.0 8925.0 8933.0 8942.0 8951.0 8968.0 8977.0 8986.0 8995.0 9003.0 9012.0 9021.0 9030.0 9047.0 9056.0 9065.0 9073.0 9082.0 9091.0 9100.0 9108.0 9079.0 9041.0 9003.0 8964.0 8926.0 8888.0 8850.0 8812.0 8736.0 8697.0 8659.0 8621.0 8583.0 8545.0 8507.0 8468.0 8392.0 8354.0 8316.0 8278.0 8240.0 8201.0 8163.0 8125.0 8025.0 7962.0 7900.0 7838.0 7775.0 7713.0 7651.0 7588.0 7464.0 7401.0 7339.0 7277.0 7214.0 7152.0 7090.0 7027.0 6903.0 6840.0 6778.0 6716.0 6653.0 6591.0 6529.0 6466.0 6368.0 6332.0 6296.0 6260.0 6224.0 6188.0 6152.0 6116.0 6044.0 6008.0 5972.0 5936.0 5901.0 5865.0 5829.0 5793.0 5721.0 5685.0 5649.0 5613.0 5577.0 5541.0 5505.0 5469.0 5418.0 5402.0 5387.0 5372.0 5357.0 5341.0 5326.0 5311.0 5280.0 5265.0 5250.0 5235.0 5219.0 5204.0 5189.0 5174.0 5143.0 5128.0 5113.0 5097.0 5082.0 5067.0 5052.0 5036.0 5029.0 5037.0 5046.0 5054.0 5062.0 5070.0 5078.0 5086.0 5103.0 5111.0 5119.0 5127.0 5136.0 5144.0 5152.0 5160.0 5177.0 5185.0 5193.0 5201.0 5209.0 5217.0 5226.0 5234.0 5302.0 5362.0 5422.0 5482.0 5542.0 5602.0 5661.0 5721.0 5841.0 5901.0 5961.0 6021.0 6081.0 6141.0 6201.0 6261.0 6381.0 6441.0 6500.0 6560.0 6620.0 6680.0 6740.0 6800.0 6845.0 6829.0 6814.0 6798.0 6783.0 6768.0 6752.0 6737.0 6706.0 6691.0 6675.0 6660.0 6644.0 6629.0 6613.0 6598.0 6567.0 6552.0 6536.0 6521.0 6506.0 6490.0 6475.0 6459.0 6426.0 6408.0 6390.0 6372.0 6354.0 6336.0 6318.0 6300.0 6264.0 6246.0 6228.0 6210.0 6192.0 6174.0 6156.0 6138.0 6102.0 6084.0 6066.0 6048.0 6030.0 6012.0 5994.0 5976.0 5919.0 5881.0 5842.0 5804.0 5765.0 5727.0 5688.0 5650.0 5572.0 5534.0 5495.0 5457.0 5418.0 5380.0 5341.0 5303.0 5225.0 5187.0 5148.0 5110.0 5071.0 5033.0 4994.0 4956.0 4916.0 4916.0 4915.0 4914.0 4914.0 4913.0 4912.0 4912.0 4910.0 4910.0 4909.0 4908.0 4908.0 4907.0 4906.0 4906.0 4904.0 4904.0 4903.0 4902.0
agregarAgente --UnidadTermicaSimple
200.0
100.0
agregarAgente --DemandaFija
871.5 827.4 785.1 785.1 785.1 856.2 926.4 997.5 1067.7 1139.7 1210.8 1210.8 1210.8 1158.6 1108.2 1056.0 1005.6 955.2 903.0 903.0 903.0 848.1 791.4 735.6 679.8 624.0 567.3 567.3 567.3 640.2 713.1 785.1 857.1 929.1 1002.0 1002.0 1002.0 958.8 914.7 871.5 827.4 784.2 741.0 741.0 741.0 711.3 680.7 651.0 621.3 591.6 561.0 561.0 561.0 619.5 677.1 736.5 794.1 852.6 910.2 910.2 910.2 913.8 916.5 920.1 922.8 925.5 929.1 929.1 929.1 885.0 841.8 797.7 753.6 710.4 666.3 666.3 666.3 719.4 770.7 822.9 876.0 928.2 981.3 981.3 981.3 878.7 777.0 675.3 573.6 472.8 371.1 371.1 371.1 363.9 355.8 348.6 341.4 332.4 325.2 325.2 325.2 345.0 363.9 382.8 401.7 420.6 439.5 439.5 439.5 444.0 448.5 453.0 457.5 462.0 466.5 466.5 466.5 500.7 534.9 570.0 605.1 639.3 673.5 673.5 673.5 711.3 749.1 786.0 823.8 861.6 899.4 899.4 899.4 900.3 901.2 903.0 903.9 905.7 906.6 906.6 906.6 858.9 810.3 762.6 714.9 666.3 618.6 618.6 618.6 676.2 734.7 793.2 851.7 909.3 968.7 968.7 968.7 937.2 907.5 876.9 846.3 815.7 785.1 785.1 785.1 701.4 618.6 534.0 450.3 367.5 283.8 283.8 283.8 402.6 521.4 640.2 759.9 878.7 997.5 997.5 997.5 978.6 959.7 940.8 921.9 903.0 884.1 884.1 884.1 772.5 661.8 550.2 438.6 327.9 217.2 217.2 217.2 322.5 427.8 534.0 639.3 745.5 850.8 850.8 850.8 885.0 920.1 955.2 989.4 1023.6 1057.8 1057.8 1057.8 936.3 814.8 694.2 572.7 451.2 329.7 329.7 329.7 294.6 259.5 224.4 188.4 154.2 119.1 119.1 119.1 152.4 185.7 219.9 253.2 286.5 320.7 320.7 320.7 348.6 375.6 403.5 430.5 457.5 486.3 486.3 486.3 556.5 628.5 699.6 770.7 842.7 913.8 913.8 913.8 915.6 918.3 920.1 922.8 924.6 927.3 927.3 927.3 850.8 773.4 696.0 619.5 541.2 464.7 464.7 464.7 498.9 533.1 567.3 602.4 636.6 670.8 670.8 670.8 695.1 720.3 745.5 769.8 794.1 818.4 818.4 818.4 756.3 692.4 630.3 566.4 504.3 440.4 440.4 440.4 521.4 601.5 681.6 761.7 842.7 922.8 922.8 922.8 853.5 783.3 714.0 644.7 574.5 505.2 505.2 505.2 464.7 422.4 381.0 340.5 298.2 256.8 256.8 256.8 221.7 185.7 150.6 115.5 79.5 44.4 44.4 44.4 140.7 236.1 331.5 427.8 524.1 620.4 620.4 620.4 616.8 614.1 610.5 607.8 604.2 601.5 601.5 601.5 651.9 703.2 754.5 804.9 857.1 907.5 907.5 907.5 882.3 857.1 831.9 805.8 779.7 754.5 754.5 754.5 639.3 524.1 408.0
crearDespacho --mercado --conDemandaTotal
4
0.02 0.07 0.145 1.0
370.0 600.0 2400.0 4000.0
943.48 895.74 849.94 849.94 849.94 926.91 1002.91 1079.88 1155.88 1233.83 1310.8 1310.8 1310.8 1254.29 1199.73 1143.22 1088.65 1034.09 977.58 977.58 977.58 918.14 856.76 796.35 735.94 675.54 614.15 614.15 614.15 693.07 772.0 849.94 927.89 1005.83 1084.76 1084.76 1084.76 1037.99 990.25 943.48 895.74 848.97 802.2 802.2 802.2 770.05 736.92 704.77 672.61 640.46 607.33 607.33 607.33 670.66 733.02 797.33 859.69 923.02 985.37 985.37 985.37 989.27 992.19 996.09 999.01 1001.94 1005.83 1005.83 1005.83 958.09 911.32 863.58 815.84 769.07 721.33 721.33 721.33 778.82 834.35 890.86 948.35 1004.86 1062.35 1062.35 1062.35 951.27 841.17 731.07 620.97 511.85 401.75 401.75 401.75 393.95 385.19 377.39 369.6 359.85 352.06 352.06 352.06 373.49 393.95 414.42 434.88 455.34 475.8 475.8 475.8 480.67 485.54 490.41 495.29 500.16 505.03 505.03 505.03 542.05 579.08 617.08 655.08 692.1 729.12 729.12 729.12 770.05 810.97 850.92 891.84 932.76 973.68 973.68 973.68 974.66 975.63 977.58 978.55 980.5 981.48 981.48 981.48 929.84 877.22 825.58 773.94 721.33 669.69 669.69 669.69 732.05 795.38 858.71 922.04 984.4 1048.71 1048.71 1048.71 1014.6 982.45 949.32 916.2 883.07 849.94 849.94 849.94 759.33 669.69 578.1 487.49 397.85 307.24 307.24 307.24 435.85 564.46 693.07 822.66 951.27 1079.88 1079.88 1079.88 1059.42 1038.96 1018.5 998.04 977.58 957.12 957.12 957.12 836.3 716.46 595.64 474.82 354.98 235.14 235.14 235.14 349.14 463.13 578.1 692.1 807.07 921.07 921.07 921.07 958.09 996.09 1034.09 1071.11 1108.14 1145.16 1145.16 1145.16 1013.63 882.09 751.53 620.0 488.46 356.93 356.93 356.93 318.93 280.93 242.93 203.96 166.94 128.94 128.94 128.94 164.99 201.04 238.06 274.11 310.16 347.19 347.19 347.19 377.39 406.62 436.83 466.06 495.29 526.46 526.46 526.46 602.46 680.41 757.38 834.35 912.3 989.27 989.27 989.27 991.22 994.14 996.09 999.01 1000.96 1003.89 1003.89 1003.89 921.07 837.28 753.48 670.66 585.9 503.08 503.08 503.08 540.1 577.13 614.15 652.15 689.18 726.2 726.2 726.2 752.51 779.79 807.07 833.38 859.69 885.99 885.99 885.99 818.76 749.59 682.36 613.18 545.95 476.77 476.77 476.77 564.46 651.18 737.89 824.61 912.3 999.01 999.01 999.01 923.99 847.99 772.97 697.95 621.95 546.92 546.92 546.92 503.08 457.29 412.47 368.62 322.83 278.01 278.01 278.01 240.01 201.04 163.04 125.04 86.07 48.07 48.07 48.07 152.32 255.6 358.88 463.13 567.39 671.64 671.64 671.64 667.74 664.82 660.92 658.0 654.1 651.18 651.18 651.18 705.74 761.28 816.81 871.38 927.89 982.45 982.45 982.45 955.17 927.89 900.61 872.35 844.1 816.81 816.81 816.81 692.1 567.39 441.7
configurarSolver --Gurobi
resolver --noConstante ejecuciones/bancos/recombinados/v1/directo/sgtm/v1_sgtm_000266.csv
finalizar
