inicializar --t 360
agregarAgente --SaltoGrande
0.000332
2509064937.0
6595.0 6561.0 6528.0 6494.0 6421.0 6381.0 6341.0 6301.0 6261.0 6221.0 6181.0 6141.0 6061.0 6021.0 5981.0 5941.0 5900.0 5860.0 5820.0 5780.0 5700.0 5660.0 5620.0 5580.0 5540.0 5500.0 5460.0 5420.0 5353.0 5326.0 5299.0 5272.0 5244.0 5217.0 5190.0 5163.0 5109.0 5082.0 5055.0 5028.0 5000.0 4973.0 4946.0 4919.0 4865.0 4838.0 4811.0 4784.0 4756.0 4729.0 4702.0 4675.0 4622.0 4596.0 4570.0 4544.0 4519.0 4493.0 4467.0 4441.0 4389.0 4363.0 4337.0 4311.0 4286.0 4260.0 4234.0 4208.0 4156.0 4130.0 4104.0 4078.0 4053.0 4027.0 4001.0 3975.0 3933.0 3918.0 3902.0 3887.0 3871.0 3856.0 3840.0 3825.0 3794.0 3778.0 3763.0 3747.0 3732.0 3716.0 3701.0 3685.0 3654.0 3639.0 3623.0 3608.0 3592.0 3577.0 3561.0 3546.0 3519.0 3508.0 3497.0 3486.0 3475.0 3464.0 3454.0 3443.0 3421.0 3410.0 3399.0 3388.0 3377.0 3366.0 3355.0 3344.0 3322.0 3311.0 3301.0 3290.0 3279.0 3268.0 3257.0 3246.0 3237.0 3239.0 3241.0 3243.0 3245.0 3247.0 3248.0 3250.0 3254.0 3256.0 3258.0 3260.0 3262.0 3264.0 3266.0 3268.0 3272.0 3274.0 3275.0 3277.0 3279.0 3281.0 3283.0 3285.0 3285.0 3284.0 3282.0 3281.0 3279.0 3277.0 3276.0 3274.0 3271.0 3269.0 3268.0 3266.0 3265.0 3263.0 3262.0 3260.0 3257.0 3255.0 3254.0 3252.0 3250.0 3249.0 3247.0 3246.0 3241.0 3239.0 3236.0 3234.0 3231.0 3229.0 3226.0 3224.0 3218.0 3216.0 3213.0 3211.0 3208.0 3206.0 3203.0 3201.0 3195.0 3193.0 3190.0 3188.0 3185.0 3183.0 3180.0 3178.0 3175.0 3174.0 3174.0 3173.0 3173.0 3173.0 3172.0 3172.0 3171.0 3171.0 3170.0 3170.0 3169.0 3169.0 3168.0 3168.0 3167.0 3167.0 3166.0 3166.0 3166.0 3165.0 3165.0 3164.0 3170.0 3175.0 3181.0 3186.0 3192.0 3198.0 3203.0 3209.0 3220.0 3226.0 3231.0 3237.0 3242.0 3248.0 3253.0 3259.0 3270.0 3276.0 3281.0 3287.0 3293.0 3298.0 3304.0 3309.0 3319.0 3322.0 3326.0 3330.0 3334.0 3337.0 3341.0 3345.0 3352.0 3356.0 3359.0 3363.0 3367.0 3371.0 3374.0 3378.0 3385.0 3389.0 3393.0 3396.0 3400.0 3404.0 3408.0 3411.0 3430.0 3445.0 3459.0 3474.0 3489.0 3504.0 3518.0 3533.0 3563.0 3578.0 3592.0 3607.0 3622.0 3637.0 3651.0 3666.0 3696.0 3711.0 3725.0 3740.0 3755.0 3770.0 3784.0 3799.0 3818.0 3822.0 3825.0 3829.0 3833.0 3837.0 3841.0 3845.0 3852.0 3856.0 3860.0 3864.0 3867.0 3871.0 3875.0 3879.0 3886.0 3890.0 3894.0 3898.0 3902.0 3906.0 3909.0 3913.0 3945.0 3973.0 4001.0 4029.0 4057.0 4085.0 4113.0 4141.0 4197.0 4225.0 4253.0 4281.0 4310.0 4338.0 4366.0 4394.0 4450.0 4478.0 4506.0 4534.0 4562.0 4590.0 4618.0 4646.0 4666.0 4658.0 4649.0 4641.0 4633.0 4625.0 4617.0 4609.0 4592.0 4584.0 4576.0 4568.0 4559.0 4551.0 4543.0 4535.0 4518.0 4510.0 4502.0 4494.0
agregarAgente --UnidadTermicaSimple
200.0
100.0
agregarAgente --DemandaFija
356.4 313.8 270.6 270.6 270.6 275.4 280.8 285.6 291.0 296.4 301.2 301.2 301.2 351.0 401.4 451.8 502.2 552.6 602.4 602.4 602.4 553.8 504.0 455.4 406.2 357.0 308.4 308.4 308.4 323.4 339.0 354.0 369.6 385.2 400.2 400.2 400.2 414.6 429.6 444.0 459.0 474.0 488.4 488.4 488.4 450.0 412.2 373.8 335.4 297.6 259.2 259.2 259.2 295.2 331.2 366.6 403.2 438.6 475.2 475.2 475.2 490.8 506.4 522.0 538.2 553.8 569.4 569.4 569.4 497.4 425.4 353.4 281.4 210.0 138.0 138.0 138.0 203.4 269.4 335.4 401.4 467.4 532.8 532.8 532.8 538.8 544.2 549.6 555.0 560.4 565.8 565.8 565.8 520.2 474.6 429.0 383.4 337.8 292.2 292.2 292.2 347.4 403.2 458.4 513.6 568.8 624.6 624.6 624.6 598.2 571.8 546.0 519.0 493.2 466.8 466.8 466.8 464.4 462.0 459.6 457.2 455.4 453.0 453.0 453.0 424.2 396.0 367.8 339.6 311.4 283.2 283.2 283.2 286.2 290.4 293.4 297.0 300.0 303.6 303.6 303.6 265.8 228.6 190.8 153.0 115.2 78.0 78.0 78.0 108.0 139.2 169.2 199.2 229.8 259.8 259.8 259.8 258.0 256.2 253.8 252.0 250.2 248.4 248.4 248.4 231.6 214.8 197.4 180.6 163.8 147.0 147.0 147.0 179.4 211.8 244.2 276.0 309.0 341.4 341.4 341.4 327.0 313.2 299.4 285.0 270.6 256.8 256.8 256.8 220.2 182.4 145.8 108.0 70.8 33.6 33.6 33.6 51.6 69.0 86.4 103.8 121.2 139.8 139.8 139.8 190.2 241.8 293.4 344.4 396.0 447.0 447.0 447.0 418.2 390.0 361.2 333.0 304.2 275.4 275.4 275.4 329.4 382.8 436.2 489.6 543.6 596.4 596.4 596.4 567.6 539.4 510.0 481.2 452.4 423.0 423.0 423.0 366.0 309.6 252.0 195.0 138.6 81.6 81.6 81.6 107.4 133.8 159.6 185.4 211.8 237.6 237.6 237.6 240.6 243.0 245.4 248.4 250.8 253.2 253.2 253.2 231.6 209.4 187.2 165.0 143.4 120.6 120.6 120.6 155.4 189.6 224.4 258.6 293.4 327.6 327.6 327.6 323.4 319.2 315.0 310.8 306.6 302.4 302.4 302.4 300.6 298.8 297.0 295.8 294.0 292.2 292.2 292.2 335.4 379.8 423.0 467.4 510.6 554.4 554.4 554.4 529.8 505.2 481.2 456.6 432.0 407.4 407.4 407.4 397.2 387.0 376.8 366.0 355.2 345.0 345.0 345.0 352.8 360.6 368.4 376.8 384.6 391.8 391.8 391.8 382.2 372.0 361.8 351.6 342.0 331.8 331.8 331.8 305.4 277.8 250.8 224.4 196.8 170.4 170.4 170.4 207.0 242.4 278.4 315.0 351.0 387.6 387.6 387.6 395.4 403.8 411.6 420.0 427.8 436.2 436.2 436.2 415.8 396.0 375.6
crearDespacho --mercado --conDemandaTotal
4
0.02 0.07 0.145 1.0
370.0 600.0 2400.0 4000.0
715.78 630.23 543.46 543.46 543.46 553.11 563.95 573.59 584.44 595.28 604.92 604.92 604.92 704.94 806.16 907.38 1008.6 1109.83 1209.84 1209.84 1209.84 1112.24 1012.22 914.61 815.8 716.99 619.38 619.38 619.38 649.51 680.84 710.96 742.29 773.62 803.75 803.75 803.75 832.67 862.8 891.72 921.84 951.97 980.89 980.89 980.89 903.77 827.85 750.73 673.61 597.69 520.57 520.57 520.57 592.87 665.17 736.27 809.77 880.87 954.38 954.38 954.38 985.71 1017.04 1048.37 1080.9 1112.24 1143.57 1143.57 1143.57 998.96 854.36 709.76 565.16 421.76 277.16 277.16 277.16 408.5 541.05 673.61 806.16 938.71 1070.06 1070.06 1070.06 1082.11 1092.96 1103.8 1114.65 1125.49 1136.34 1136.34 1136.34 1044.75 953.17 861.59 770.01 678.43 586.85 586.85 586.85 697.71 809.77 920.64 1031.5 1142.36 1254.43 1254.43 1254.43 1201.41 1148.39 1096.57 1042.34 990.53 937.51 937.51 937.51 932.69 927.87 923.05 918.23 914.61 909.79 909.79 909.79 851.95 795.31 738.68 682.04 625.41 568.77 568.77 568.77 574.8 583.23 589.26 596.49 602.51 609.74 609.74 609.74 533.82 459.11 383.2 307.28 231.36 156.65 156.65 156.65 216.9 279.57 339.82 400.07 461.52 521.77 521.77 521.77 518.16 514.54 509.72 506.11 502.49 498.88 498.88 498.88 465.14 431.4 396.45 362.71 328.97 295.23 295.23 295.23 360.3 425.37 490.44 554.31 620.59 685.66 685.66 685.66 656.74 629.02 601.31 572.39 543.46 515.75 515.75 515.75 442.24 366.33 292.82 216.9 142.19 67.48 67.48 67.48 103.63 138.58 173.52 208.47 243.41 280.77 280.77 280.77 381.99 485.62 589.26 691.68 795.31 897.74 897.74 897.74 839.9 783.26 725.42 668.79 610.95 553.11 553.11 553.11 661.56 768.8 876.05 983.3 1091.75 1197.79 1197.79 1197.79 1139.95 1083.31 1024.27 966.43 908.59 849.54 849.54 849.54 735.06 621.79 506.11 391.63 278.36 163.88 163.88 163.88 215.7 268.72 320.54 372.35 425.37 477.19 477.19 477.19 483.21 488.03 492.85 498.88 503.7 508.52 508.52 508.52 465.14 420.55 375.97 331.38 288.0 242.21 242.21 242.21 312.1 380.79 450.68 519.36 589.26 657.94 657.94 657.94 649.51 641.07 632.64 624.2 615.77 607.33 607.33 607.33 603.72 600.1 596.49 594.08 590.46 586.85 586.85 586.85 673.61 762.78 849.54 938.71 1025.47 1113.44 1113.44 1113.44 1064.03 1014.63 966.43 917.02 867.62 818.21 818.21 818.21 797.72 777.24 756.75 735.06 713.37 692.89 692.89 692.89 708.55 724.22 739.88 756.75 772.42 786.88 786.88 786.88 767.6 747.11 726.63 706.14 686.86 666.38 666.38 666.38 613.36 557.93 503.7 450.68 395.25 342.23 342.23 342.23 415.73 486.83 559.13 632.64 704.94 778.44 778.44 778.44 794.11 810.98 826.65 843.52 859.18 876.05 876.05 876.05 835.08 795.31 754.34
configurarSolver --Gurobi
resolver --noConstante ejecuciones/bancos/recombinados/v1/directo/sgtm/v1_sgtm_000098.csv
finalizar
