inicializar --t 360
agregarAgente --SaltoGrande
0.001162
2001535362.0
6474.0 6457.0 6439.0 6422.0 6395.0 6386.0 6378.0 6369.0 6360.0 6351.0 6343.0 6334.0 6316.0 6307.0 6299.0 6290.0 6281.0 6272.0 6264.0 6255.0 6237.0 6228.0 6220.0 6211.0 6202.0 6193.0 6185.0 6176.0 6168.0 6168.0 6169.0 6170.0 6171.0 6171.0 6172.0 6173.0 6174.0 6175.0 6176.0 6177.0 6177.0 6178.0 6179.0 6180.0 6181.0 6182.0 6183.0 6183.0 6184.0 6185.0 6186.0 6186.0 6256.0 6324.0 6393.0 6462.0 6530.0 6599.0 6668.0 6736.0 6874.0 6942.0 7011.0 7080.0 7148.0 7217.0 7286.0 7354.0 7492.0 7560.0 7629.0 7698.0 7766.0 7835.0 7904.0 7972.0 8072.0 8103.0 8134.0 8165.0 8197.0 8228.0 8259.0 8290.0 8352.0 8383.0 8414.0 8445.0 8477.0 8508.0 8539.0 8570.0 8632.0 8663.0 8694.0 8725.0 8757.0 8788.0 8819.0 8850.0 8890.0 8898.0 8907.0 8916.0 8925.0 8933.0 8942.0 8951.0 8968.0 8977.0 8986.0 8995.0 9003.0 9012.0 9021.0 9030.0 9047.0 9056.0 9065.0 9073.0 9082.0 9091.0 9100.0 9108.0 9079.0 9041.0 9003.0 8964.0 8926.0 8888.0 8850.0 8812.0 8736.0 8697.0 8659.0 8621.0 8583.0 8545.0 8507.0 8468.0 8392.0 8354.0 8316.0 8278.0 8240.0 8201.0 8163.0 8125.0 8025.0 7962.0 7900.0 7838.0 7775.0 7713.0 7651.0 7588.0 7464.0 7401.0 7339.0 7277.0 7214.0 7152.0 7090.0 7027.0 6903.0 6840.0 6778.0 6716.0 6653.0 6591.0 6529.0 6466.0 6368.0 6332.0 6296.0 6260.0 6224.0 6188.0 6152.0 6116.0 6044.0 6008.0 5972.0 5936.0 5901.0 5865.0 5829.0 5793.0 5721.0 5685.0 5649.0 5613.0 5577.0 5541.0 5505.0 5469.0 5418.0 5402.0 5387.0 5372.0 5357.0 5341.0 5326.0 5311.0 5280.0 5265.0 5250.0 5235.0 5219.0 5204.0 5189.0 5174.0 5143.0 5128.0 5113.0 5097.0 5082.0 5067.0 5052.0 5036.0 5029.0 5037.0 5046.0 5054.0 5062.0 5070.0 5078.0 5086.0 5103.0 5111.0 5119.0 5127.0 5136.0 5144.0 5152.0 5160.0 5177.0 5185.0 5193.0 5201.0 5209.0 5217.0 5226.0 5234.0 5302.0 5362.0 5422.0 5482.0 5542.0 5602.0 5661.0 5721.0 5841.0 5901.0 5961.0 6021.0 6081.0 6141.0 6201.0 6261.0 6381.0 6441.0 6500.0 6560.0 6620.0 6680.0 6740.0 6800.0 6845.0 6829.0 6814.0 6798.0 6783.0 6768.0 6752.0 6737.0 6706.0 6691.0 6675.0 6660.0 6644.0 6629.0 6613.0 6598.0 6567.0 6552.0 6536.0 6521.0 6506.0 6490.0 6475.0 6459.0 6426.0 6408.0 6390.0 6372.0 6354.0 6336.0 6318.0 6300.0 6264.0 6246.0 6228.0 6210.0 6192.0 6174.0 6156.0 6138.0 6102.0 6084.0 6066.0 6048.0 6030.0 6012.0 5994.0 5976.0 5919.0 5881.0 5842.0 5804.0 5765.0 5727.0 5688.0 5650.0 5572.0 5534.0 5495.0 5457.0 5418.0 5380.0 5341.0 5303.0 5225.0 5187.0 5148.0 5110.0 5071.0 5033.0 4994.0 4956.0 4916.0 4916.0 4915.0 4914.0 4914.0 4913.0 4912.0 4912.0 4910.0 4910.0 4909.0 4908.0 4908.0 4907.0 4906.0 4906.0 4904.0 4904.0 4903.0 4902.0
agregarAgente --UnidadTermicaSimple
200.0
100.0
agregarAgente --DemandaFija
174.6 166.2 157.2 150.6 140.4 136.8 133.2 129.6 125.4 121.2 117.6 115.2 121.2 128.4 136.2 144.0 151.8 158.4 166.8 174.0 177.0 177.0 176.4 175.8 175.8 175.2 174.6 169.8 174.6 185.4 196.8 207.6 218.4 229.8 241.2 250.2 259.8 255.0 251.4 247.2 243.0 239.4 234.6 234.6 232.2 229.2 226.2 223.8 220.8 218.4 215.4 212.4 217.8 223.2 228.6 234.6 240.6 246.0 252.0 259.8 267.6 268.8 270.0 270.6 271.8 272.4 273.6 273.6 274.2 274.2 274.8 274.2 274.2 273.6 273.6 273.6 276.0 278.4 280.2 282.0 284.4 286.2 288.0 289.8 289.8 289.2 289.2 288.6 288.6 288.6 288.0 285.0 283.2 282.6 282.0 281.4 281.4 280.8 280.8 280.8 282.6 291.0 299.4 307.8 316.2 325.2 334.2 335.4 337.2 346.2 355.8 364.2 373.2 382.2 391.2 391.2 384.0 366.0 347.4 329.4 310.8 292.2 273.6 265.8 257.4 252.0 246.6 240.6 236.4 230.4 225.0 223.8 226.2 244.2 262.2 280.2 298.2 316.2 333.6 337.8 339.0 323.4 307.2 291.0 275.4 259.2 243.0 241.2 237.0 240.0 243.6 247.8 250.8 254.4 257.4 256.8 259.8 272.4 285.0 297.0 309.6 321.6 334.2 339.0 340.2 332.4 324.0 315.0 307.8 299.4 291.6 288.6 285.0 275.4 265.8 256.2 247.2 237.6 228.6 228.0 234.0 255.0 276.0 297.0 318.0 339.0 360.0 366.0 373.2 365.4 358.8 351.0 343.8 336.0 330.0 330.6 337.8 348.0 358.2 367.8 378.0 387.6 397.2 403.8 410.4 403.2 396.0 388.2 381.0 372.6 365.4 366.0 366.6 363.6 360.6 358.8 355.2 352.2 349.2 349.8 352.8 355.8 358.2 360.6 363.0 365.4 368.4 370.8 373.8 379.2 384.6 389.4 394.2 399.0 405.0 405.6 404.4 397.2 391.2 384.6 378.6 371.4 365.4 363.0 364.2 369.0 373.8 378.6 383.4 388.2 393.0 396.0 399.6 403.8 409.2 413.4 418.2 421.8 426.6 427.8 426.6 418.2 411.0 403.8 396.0 388.2 380.4 378.6 378.6 382.2 386.4 389.4 393.0 396.0 399.6 402.0 403.8 405.6 407.4 409.2 411.0 412.8 414.6 414.6 413.4 409.8 405.6 400.8 396.6 393.0 388.2 387.6 387.6 390.6 394.2 397.8 400.8 404.4 408.0 409.2 409.8 409.2 408.0 407.4 406.2 405.6 404.4 404.4 402.6 399.0 396.0 393.0 388.8 385.8 382.2 381.0 378.6 378.0 376.8 376.8 376.2 375.0 375.0 374.4 373.2 375.6 378.6 381.0 383.4 385.2 387.6 387.6 378.0 365.4 353.4 340.8 328.8 316.2 303.6 294.0 283.2 282.6 282.0 281.4 280.8 279.6 279.6 278.4 281.4 285.6 290.4 294.6 298.8 303.0 307.8 311.4 309.6 305.4 301.8 297.6
crearDespacho --mercado --conDemandaTotal
4
0.02 0.07 0.145 1.0
370.0 600.0 2400.0 4000.0
402.53 383.17 362.42 347.2 323.69 315.39 307.09 298.79 289.1 279.42 271.12 265.59 279.42 296.02 314.0 331.99 349.97 365.19 384.55 401.15 408.07 408.07 406.68 405.3 405.3 403.92 402.53 391.47 402.53 427.43 453.71 478.61 503.51 529.79 556.08 576.83 598.96 587.89 579.59 569.91 560.23 551.93 540.86 540.86 535.33 528.41 521.5 515.96 509.05 503.51 496.6 489.68 502.13 514.58 527.03 540.86 554.69 567.14 580.98 598.96 616.94 619.71 622.47 623.86 626.62 628.01 630.77 630.77 632.16 632.16 633.54 632.16 632.16 630.77 630.77 630.77 636.31 641.84 645.99 650.14 655.67 659.82 663.97 668.12 668.12 666.74 666.74 665.36 665.36 665.36 663.97 657.06 652.91 651.52 650.14 648.76 648.76 647.37 647.37 647.37 651.52 670.89 690.26 709.62 728.99 749.74 770.49 773.25 777.4 798.15 820.28 839.65 860.4 881.15 901.9 901.9 885.3 843.8 800.92 759.42 716.54 673.66 630.77 612.79 593.43 580.98 568.53 554.69 545.01 531.18 518.73 515.96 521.5 562.99 604.49 645.99 687.49 728.99 769.1 778.78 781.55 745.59 708.24 670.89 634.92 597.58 560.23 556.08 546.39 553.31 561.61 571.29 578.21 586.51 593.43 592.04 598.96 628.01 657.06 684.72 713.77 741.44 770.49 781.55 784.32 766.34 746.97 726.22 709.62 690.26 672.27 665.36 657.06 634.92 612.79 590.66 569.91 547.78 527.03 525.65 539.48 587.89 636.31 684.72 733.14 781.55 829.97 843.8 860.4 842.42 827.2 809.22 792.62 774.63 760.8 762.19 778.78 802.3 825.82 847.95 871.46 893.6 915.73 930.95 946.16 929.56 912.96 894.98 878.38 859.01 842.42 843.8 845.18 838.27 831.35 827.2 818.9 811.98 805.07 806.45 813.37 820.28 825.82 831.35 836.88 842.42 849.33 854.87 861.78 874.23 886.68 897.75 908.81 919.88 933.71 935.1 932.33 915.73 901.9 886.68 872.85 856.25 842.42 836.88 839.65 850.72 861.78 872.85 883.91 894.98 906.05 912.96 921.26 930.95 943.39 953.08 964.14 972.44 983.51 986.28 983.51 964.14 947.54 930.95 912.96 894.98 877.0 872.85 872.85 881.15 890.83 897.75 906.05 912.96 921.26 926.8 930.95 935.1 939.24 943.39 947.54 951.69 955.84 955.84 953.08 944.78 935.1 924.03 914.35 906.05 894.98 893.6 893.6 900.51 908.81 917.11 924.03 932.33 940.63 943.39 944.78 943.39 940.63 939.24 936.48 935.1 932.33 932.33 928.18 919.88 912.96 906.05 896.36 889.45 881.15 878.38 872.85 871.46 868.7 868.7 867.31 864.55 864.55 863.16 860.4 865.93 872.85 878.38 883.91 888.06 893.6 893.6 871.46 842.42 814.75 785.7 758.04 728.99 699.94 677.81 652.91 651.52 650.14 648.76 647.37 644.61 644.61 641.84 648.76 658.44 669.51 679.19 688.87 698.55 709.62 717.92 713.77 704.09 695.79 686.11
configurarSolver --Gurobi
resolver --noConstante ejecuciones/bancos/recombinados/v1/directo/sgtm/v1_sgtm_000448.csv
finalizar
