inicializar --t 360
agregarAgente --SaltoGrande
0.002298
2200464102.0
5841.0 5865.0 5888.0 5912.0 5953.0 5970.0 5987.0 6004.0 6021.0 6038.0 6055.0 6072.0 6106.0 6123.0 6140.0 6157.0 6174.0 6191.0 6208.0 6225.0 6259.0 6276.0 6293.0 6310.0 6327.0 6344.0 6361.0 6378.0 6406.0 6417.0 6428.0 6439.0 6450.0 6461.0 6471.0 6482.0 6504.0 6515.0 6526.0 6537.0 6548.0 6559.0 6570.0 6581.0 6603.0 6614.0 6624.0 6635.0 6646.0 6657.0 6668.0 6679.0 6698.0 6705.0 6713.0 6721.0 6728.0 6736.0 6743.0 6751.0 6766.0 6774.0 6782.0 6789.0 6797.0 6804.0 6812.0 6820.0 6835.0 6843.0 6850.0 6858.0 6865.0 6873.0 6881.0 6888.0 6869.0 6842.0 6815.0 6788.0 6761.0 6734.0 6707.0 6680.0 6626.0 6599.0 6572.0 6545.0 6519.0 6492.0 6465.0 6438.0 6384.0 6357.0 6330.0 6303.0 6276.0 6249.0 6222.0 6195.0 6142.0 6117.0 6091.0 6065.0 6040.0 6014.0 5988.0 5963.0 5911.0 5886.0 5860.0 5834.0 5809.0 5783.0 5757.0 5732.0 5680.0 5655.0 5629.0 5603.0 5578.0 5552.0 5526.0 5501.0 5452.0 5429.0 5405.0 5382.0 5359.0 5336.0 5313.0 5290.0 5243.0 5220.0 5197.0 5174.0 5150.0 5127.0 5104.0 5081.0 5034.0 5011.0 4988.0 4965.0 4942.0 4919.0 4895.0 4872.0 4818.0 4786.0 4755.0 4723.0 4692.0 4661.0 4629.0 4598.0 4535.0 4504.0 4472.0 4441.0 4409.0 4378.0 4346.0 4315.0 4252.0 4221.0 4189.0 4158.0 4127.0 4095.0 4064.0 4032.0 4003.0 4006.0 4008.0 4011.0 4013.0 4016.0 4018.0 4021.0 4025.0 4028.0 4030.0 4033.0 4035.0 4038.0 4040.0 4043.0 4047.0 4050.0 4052.0 4055.0 4057.0 4060.0 4062.0 4065.0 4065.0 4062.0 4060.0 4057.0 4055.0 4052.0 4050.0 4047.0 4042.0 4040.0 4037.0 4035.0 4032.0 4030.0 4027.0 4025.0 4020.0 4017.0 4015.0 4012.0 4010.0 4007.0 4005.0 4002.0 4002.0 4005.0 4007.0 4009.0 4012.0 4014.0 4017.0 4019.0 4024.0 4026.0 4028.0 4031.0 4033.0 4036.0 4038.0 4040.0 4045.0 4047.0 4050.0 4052.0 4055.0 4057.0 4059.0 4062.0 4071.0 4078.0 4085.0 4092.0 4099.0 4106.0 4113.0 4120.0 4134.0 4141.0 4148.0 4155.0 4163.0 4170.0 4177.0 4184.0 4198.0 4205.0 4212.0 4219.0 4226.0 4233.0 4240.0 4247.0 4265.0 4276.0 4287.0 4299.0 4310.0 4321.0 4332.0 4343.0 4365.0 4377.0 4388.0 4399.0 4410.0 4421.0 4432.0 4444.0 4466.0 4477.0 4488.0 4499.0 4510.0 4522.0 4533.0 4544.0 4567.0 4578.0 4590.0 4601.0 4613.0 4625.0 4636.0 4648.0 4671.0 4683.0 4694.0 4706.0 4717.0 4729.0 4740.0 4752.0 4775.0 4787.0 4798.0 4810.0 4822.0 4833.0 4845.0 4856.0 4879.0 4889.0 4900.0 4911.0 4922.0 4932.0 4943.0 4954.0 4975.0 4986.0 4997.0 5008.0 5018.0 5029.0 5040.0 5051.0 5072.0 5083.0 5094.0 5104.0 5115.0 5126.0 5137.0 5147.0 5192.0 5226.0 5260.0 5294.0 5328.0 5362.0 5397.0 5431.0 5499.0 5533.0 5567.0 5601.0 5635.0 5669.0 5703.0 5737.0 5805.0 5839.0 5874.0 5908.0
agregarAgente --UnidadTermicaSimple
200.0
100.0
agregarAgente --DemandaFija
252.6 228.0 203.4 199.8 197.4 217.8 238.8 259.2 280.8 301.8 322.8 323.4 325.2 326.4 327.0 327.6 328.8 330.0 330.6 331.2 330.6 308.4 286.2 264.0 241.8 219.6 198.0 196.2 199.2 224.4 249.0 273.6 298.8 323.4 348.6 352.8 360.6 364.8 369.6 373.2 377.4 381.6 386.4 390.6 386.4 349.2 311.4 273.6 235.8 198.6 160.8 152.4 144.0 152.4 160.8 168.6 177.0 184.8 193.2 192.6 198.0 210.6 223.8 236.4 249.0 261.6 274.2 280.8 281.4 259.2 235.8 213.0 190.8 167.4 145.2 139.8 142.2 156.0 170.4 184.2 198.6 213.0 226.8 234.6 246.0 260.4 275.4 289.2 303.6 318.6 333.0 337.2 331.2 301.8 273.0 243.6 214.8 184.8 155.4 145.2 143.4 172.2 200.4 228.6 257.4 285.0 313.2 322.2 335.4 340.2 344.4 348.0 352.8 357.0 361.2 365.4 359.4 337.8 316.2 294.6 273.0 251.4 229.8 220.2 207.6 221.4 235.2 249.6 264.0 277.8 292.2 289.2 287.4 296.4 305.4 314.4 323.4 332.4 341.4 341.4 340.2 316.8 293.4 270.6 246.6 223.2 200.4 198.6 196.2 199.8 204.0 207.6 211.8 215.4 219.6 219.6 220.2 229.8 238.8 248.4 257.4 267.0 276.6 277.8 277.2 253.2 228.6 205.2 181.2 157.8 133.2 131.4 129.0 142.2 154.2 167.4 180.0 193.2 205.8 205.2 205.2 208.2 211.8 214.2 217.8 220.8 224.4 225.6 225.6 213.6 202.2 190.8 178.8 167.4 156.0 154.8 153.6 169.2 184.8 200.4 216.0 232.2 247.8 247.8 250.2 256.8 264.0 271.2 277.8 284.4 291.6 294.0 293.4 266.4 238.2 210.6 183.6 156.0 127.8 124.8 121.2 132.0 142.2 152.4 163.2 173.4 183.6 184.2 186.0 192.0 197.4 202.8 208.8 214.2 220.8 222.6 223.8 214.2 204.6 195.6 185.4 175.8 166.2 166.2 166.8 167.4 168.6 168.6 168.6 169.8 170.4 171.6 177.0 184.8 192.0 200.4 208.2 216.0 224.4 227.4 227.4 216.0 204.0 192.0 181.2 169.2 157.2 154.2 156.0 168.6 181.8 194.4 207.6 220.8 234.0 238.8 246.6 247.8 250.2 251.4 253.2 255.0 256.8 259.2 255.0 240.0 225.0 208.8 193.8 178.2 162.6 157.2 159.6 172.8 186.6 199.8 213.0 226.8 240.0 247.2 256.8 247.8 238.8 230.4 221.4 213.0 203.4 205.8 203.4 199.8 196.2 192.6 189.0 185.4 181.8 177.6 179.4 185.4 190.2 195.0 201.0 205.8 211.2 217.2 225.6 227.4 229.2 231.6 233.4 234.6 236.4 238.2 237.0 233.4 229.8 226.8 223.2 219.6 216.0 212.4 214.8 219.6 224.4 229.2 234.6 239.4 244.8 250.2 256.8 258.6 260.4 262.8 264.6 265.8 267.6 269.4 270.6 268.8 268.2 267.0
crearDespacho --mercado --conDemandaTotal
4
0.02 0.07 0.145 1.0
370.0 600.0 2400.0 4000.0
733.33 661.92 590.5 580.05 573.08 632.3 693.27 752.49 815.2 876.17 937.13 938.87 944.1 947.58 949.33 951.07 954.55 958.04 959.78 961.52 959.78 895.33 830.88 766.43 701.98 637.53 574.82 569.6 578.3 651.46 722.88 794.3 867.46 938.87 1012.03 1024.23 1046.87 1059.06 1073.0 1083.45 1095.64 1107.84 1121.77 1133.97 1121.77 1013.78 904.04 794.3 684.56 576.56 466.82 442.44 418.05 442.44 466.82 489.47 513.86 536.5 560.89 559.14 574.82 611.4 649.72 686.3 722.88 759.46 796.04 815.2 816.94 752.49 684.56 618.37 553.92 485.99 421.54 405.86 412.83 452.89 494.69 534.76 576.56 618.37 658.43 681.08 714.17 755.98 799.52 839.59 881.39 924.94 966.74 978.94 961.52 876.17 792.56 707.2 623.59 536.5 451.15 421.54 416.31 499.92 581.79 663.66 747.27 827.39 909.26 935.39 973.71 987.65 999.84 1010.29 1024.23 1036.42 1048.61 1060.81 1043.39 980.68 917.97 855.26 792.56 729.85 667.14 639.27 602.69 642.75 682.82 724.62 766.43 806.49 848.3 839.59 834.36 860.49 886.62 912.75 938.87 965.0 991.13 991.13 987.65 919.71 851.78 785.59 715.91 647.98 581.79 576.56 569.6 580.05 592.24 602.69 614.88 625.34 637.53 637.53 639.27 667.14 693.27 721.14 747.27 775.14 803.01 806.49 804.75 735.07 663.66 595.72 526.05 458.12 386.7 381.47 374.5 412.83 447.66 485.99 522.56 560.89 597.47 595.72 595.72 604.43 614.88 621.85 632.3 641.01 651.46 654.95 654.95 620.11 587.01 553.92 519.08 485.99 452.89 449.41 445.92 491.21 536.5 581.79 627.08 674.11 719.4 719.4 726.36 745.53 766.43 787.33 806.49 825.65 846.55 853.52 851.78 773.4 691.53 611.4 533.02 452.89 371.02 362.31 351.86 383.21 412.83 442.44 473.79 503.4 533.02 534.76 539.98 557.4 573.08 588.76 606.18 621.85 641.01 646.24 649.72 621.85 593.98 567.85 538.24 510.37 482.5 482.5 484.24 485.99 489.47 489.47 489.47 492.95 494.69 498.18 513.86 536.5 557.4 581.79 604.43 627.08 651.46 660.17 660.17 627.08 592.24 557.4 526.05 491.21 456.37 447.66 452.89 489.47 527.79 564.37 602.69 641.01 679.33 693.27 715.91 719.4 726.36 729.85 735.07 740.3 745.53 752.49 740.3 696.75 653.21 606.18 562.63 517.34 472.05 456.37 463.34 501.66 541.73 580.05 618.37 658.43 696.75 717.66 745.53 719.4 693.27 668.88 642.75 618.37 590.5 597.47 590.5 580.05 569.6 559.14 548.69 538.24 527.79 515.6 520.82 538.24 552.18 566.11 583.53 597.47 613.14 630.56 654.95 660.17 665.4 672.37 677.59 681.08 686.3 691.53 688.04 677.59 667.14 658.43 647.98 637.53 627.08 616.63 623.59 637.53 651.46 665.4 681.08 695.01 710.69 726.36 745.53 750.75 755.98 762.94 768.17 771.65 776.88 782.11 785.59 780.36 778.62 775.14
configurarSolver --Gurobi
resolver --noConstante ejecuciones/bancos/recombinados/v1/directo/sgtm/v1_sgtm_000197.csv
finalizar
