inicializar --t 360
agregarAgente --SaltoGrande
0.001841
2688826244.0
2958.0 2954.0 2950.0 2945.0 2950.0 2958.0 2967.0 2976.0 2984.0 2993.0 3001.0 3010.0 3027.0 3036.0 3045.0 3053.0 3062.0 3070.0 3079.0 3088.0 3105.0 3114.0 3122.0 3131.0 3139.0 3148.0 3157.0 3165.0 3161.0 3149.0 3136.0 3123.0 3110.0 3098.0 3085.0 3072.0 3047.0 3034.0 3022.0 3009.0 2996.0 2983.0 2971.0 2958.0 2933.0 2920.0 2907.0 2895.0 2882.0 2869.0 2856.0 2844.0 2810.0 2789.0 2769.0 2748.0 2727.0 2706.0 2686.0 2665.0 2623.0 2602.0 2582.0 2561.0 2540.0 2519.0 2499.0 2478.0 2436.0 2415.0 2395.0 2374.0 2353.0 2332.0 2312.0 2291.0 2284.0 2299.0 2313.0 2327.0 2342.0 2356.0 2370.0 2385.0 2413.0 2428.0 2442.0 2456.0 2471.0 2485.0 2499.0 2514.0 2542.0 2557.0 2571.0 2585.0 2600.0 2614.0 2628.0 2643.0 2676.0 2695.0 2714.0 2733.0 2752.0 2771.0 2790.0 2809.0 2847.0 2866.0 2885.0 2904.0 2924.0 2943.0 2962.0 2981.0 3019.0 3038.0 3057.0 3076.0 3095.0 3114.0 3133.0 3152.0 3183.0 3194.0 3206.0 3217.0 3229.0 3240.0 3252.0 3263.0 3286.0 3298.0 3309.0 3321.0 3332.0 3344.0 3355.0 3367.0 3390.0 3401.0 3413.0 3424.0 3436.0 3447.0 3459.0 3470.0 3485.0 3489.0 3492.0 3496.0 3499.0 3503.0 3506.0 3510.0 3516.0 3520.0 3523.0 3527.0 3530.0 3534.0 3537.0 3541.0 3547.0 3551.0 3554.0 3558.0 3561.0 3565.0 3568.0 3572.0 3565.0 3556.0 3546.0 3536.0 3526.0 3517.0 3507.0 3497.0 3478.0 3468.0 3458.0 3448.0 3439.0 3429.0 3419.0 3409.0 3390.0 3380.0 3370.0 3361.0 3351.0 3341.0 3331.0 3322.0 3351.0 3390.0 3428.0 3467.0 3506.0 3545.0 3583.0 3622.0 3700.0 3739.0 3777.0 3816.0 3855.0 3894.0 3932.0 3971.0 4049.0 4088.0 4126.0 4165.0 4204.0 4243.0 4281.0 4320.0 4520.0 4680.0 4841.0 5002.0 5163.0 5323.0 5484.0 5645.0 5966.0 6127.0 6288.0 6449.0 6609.0 6770.0 6931.0 7092.0 7413.0 7574.0 7735.0 7895.0 8056.0 8217.0 8378.0 8538.0 8774.0 8850.0 8925.0 9000.0 9075.0 9151.0 9226.0 9301.0 9452.0 9527.0 9602.0 9677.0 9753.0 9828.0 9903.0 9978.0 10129.0 10204.0 10279.0 10355.0 10430.0 10505.0 10580.0 10656.0 10773.0 10814.0 10856.0 10897.0 10939.0 10981.0 11022.0 11064.0 11147.0 11189.0 11230.0 11272.0 11313.0 11355.0 11396.0 11438.0 11521.0 11563.0 11604.0 11646.0 11688.0 11729.0 11771.0 11812.0 11871.0 11888.0 11904.0 11921.0 11938.0 11955.0 11971.0 11988.0 12022.0 12039.0 12055.0 12072.0 12089.0 12106.0 12122.0 12139.0 12173.0 12190.0 12206.0 12223.0 12240.0 12257.0 12273.0 12290.0 12308.0 12310.0 12311.0 12313.0 12314.0 12316.0 12317.0 12319.0 12321.0 12323.0 12324.0 12326.0 12327.0 12329.0 12330.0 12332.0 12334.0 12336.0 12337.0 12339.0 12340.0 12342.0 12343.0 12345.0 12357.0 12367.0 12378.0 12389.0 12399.0 12410.0 12420.0 12431.0 12452.0 12463.0 12474.0 12484.0 12495.0 12505.0 12516.0 12527.0 12548.0 12559.0 12569.0 12580.0
agregarAgente --UnidadTermicaSimple
200.0
100.0
agregarAgente --DemandaFija
349.5 303.6 259.5 259.5 259.5 324.3 390.9 456.6 522.3 588.9 653.7 653.7 653.7 638.4 623.1 607.8 593.4 577.2 561.9 561.9 561.9 497.1 432.3 368.4 303.6 238.8 174.0 174.0 174.0 217.2 259.5 301.8 345.0 387.3 428.7 428.7 428.7 473.7 517.8 561.9 606.9 651.0 696.0 696.0 696.0 595.2 494.4 392.7 291.9 190.2 89.4 89.4 89.4 82.2 74.1 66.9 58.8 51.6 44.4 44.4 44.4 79.5 115.5 151.5 186.6 222.6 258.6 258.6 258.6 239.7 221.7 201.9 183.9 165.0 147.0 147.0 147.0 219.0 291.0 363.0 434.1 507.0 578.1 578.1 578.1 613.2 647.4 681.6 716.7 750.9 785.1 785.1 785.1 693.3 603.3 511.5 419.7 328.8 237.9 237.9 237.9 289.2 342.3 393.6 444.9 497.1 548.4 548.4 548.4 498.9 447.6 397.2 347.7 296.4 246.0 246.0 246.0 211.8 178.5 145.2 111.9 77.7 44.4 44.4 44.4 66.9 90.3 113.7 137.1 159.6 183.0 183.0 183.0 258.6 333.3 408.9 484.5 559.2 635.7 635.7 635.7 540.3 444.9 350.4 255.0 159.6 64.2 64.2 64.2 63.3 62.4 62.4 61.5 60.6 60.6 60.6 60.6 167.7 275.7 383.7 491.7 599.7 705.9 705.9 705.9 660.0 614.1 567.3 521.4 474.6 427.8 427.8 427.8 480.0 531.3 582.6 634.8 685.2 737.4 737.4 737.4 741.9 745.5 750.0 753.6 758.1 761.7 761.7 761.7 676.2 592.5 507.0 421.5 336.0 252.3 252.3 252.3 345.9 439.5 534.0 628.5 723.0 816.6 816.6 816.6 789.6 762.6 736.5 709.5 681.6 655.5 655.5 655.5 568.2 481.8 395.4 308.1 221.7 135.3 135.3 135.3 228.9 321.6 415.2 509.7 603.3 696.0 696.0 696.0 721.2 744.6 768.9 792.3 816.6 840.9 840.9 840.9 750.0 659.1 568.2 478.2 387.3 296.4 296.4 296.4 417.0 536.7 657.3 777.9 897.6 1018.2 1018.2 1018.2 960.6 901.2 843.6 785.1 727.5 669.0 669.0 669.0 602.4 534.9 468.3 400.8 333.3 266.7 266.7 266.7 284.7 303.6 321.6 340.5 359.4 377.4 377.4 377.4 395.4 413.4 431.4 449.4 468.3 486.3 486.3 486.3 462.9 437.7 414.3 390.0 366.6 342.3 342.3 342.3 314.4 286.5 258.6 231.6 202.8 174.9 174.9 174.9 201.0 227.1 252.3 277.5 302.7 327.9 327.9 327.9 330.6 333.3 336.0 339.6 342.3 345.0 345.0 345.0 386.4 426.9 469.2 510.6 551.1 593.4 593.4 593.4 644.7 695.1 747.3 797.7 849.9 900.3 900.3 900.3 813.0 725.7 637.5 549.3 462.0 373.8 373.8 373.8 448.5 523.2 598.8 672.6 748.2 822.0 822.0 822.0 786.9 751.8 717.6 681.6 646.5 611.4 611.4 611.4 521.4 432.3 343.2
crearDespacho --mercado --conDemandaTotal
4
0.02 0.07 0.145 1.0
370.0 600.0 2400.0 4000.0
533.01 463.01 395.75 395.75 395.75 494.58 596.15 696.34 796.54 898.11 996.93 996.93 996.93 973.6 950.26 926.93 904.97 880.26 856.93 856.93 856.93 758.11 659.28 561.83 463.01 364.18 265.36 265.36 265.36 331.24 395.75 460.26 526.15 590.66 653.79 653.79 653.79 722.42 789.68 856.93 925.56 992.81 1061.44 1061.44 1061.44 907.72 753.99 598.89 445.16 290.07 136.34 136.34 136.34 125.36 113.01 102.03 89.67 78.69 67.71 67.71 67.71 121.24 176.14 231.05 284.58 339.48 394.38 394.38 394.38 365.56 338.11 307.91 280.46 251.63 224.18 224.18 224.18 333.99 443.79 553.6 662.03 773.2 881.64 881.64 881.64 935.17 987.32 1039.48 1093.01 1145.17 1197.32 1197.32 1197.32 1057.32 920.07 780.07 640.07 501.44 362.81 362.81 362.81 441.05 522.03 600.26 678.5 758.11 836.34 836.34 836.34 760.85 682.62 605.75 530.26 452.03 375.16 375.16 375.16 323.01 272.22 221.44 170.65 118.5 67.71 67.71 67.71 102.03 137.71 173.4 209.09 243.4 279.09 279.09 279.09 394.38 508.3 623.6 738.89 852.81 969.48 969.48 969.48 823.99 678.5 534.38 388.89 243.4 97.91 97.91 97.91 96.54 95.16 95.16 93.79 92.42 92.42 92.42 92.42 255.75 420.46 585.17 749.87 914.58 1076.54 1076.54 1076.54 1006.54 936.54 865.17 795.17 723.79 652.42 652.42 652.42 732.03 810.26 888.5 968.11 1044.97 1124.58 1124.58 1124.58 1131.44 1136.93 1143.79 1149.28 1156.15 1161.64 1161.64 1161.64 1031.24 903.6 773.2 642.81 512.42 384.77 384.77 384.77 527.52 670.26 814.38 958.5 1102.62 1245.36 1245.36 1245.36 1204.19 1163.01 1123.21 1082.03 1039.48 999.68 999.68 999.68 866.54 734.77 603.01 469.87 338.11 206.34 206.34 206.34 349.09 490.46 633.2 777.32 920.07 1061.44 1061.44 1061.44 1099.87 1135.56 1172.62 1208.3 1245.36 1282.42 1282.42 1282.42 1143.79 1005.17 866.54 729.28 590.66 452.03 452.03 452.03 635.95 818.5 1002.42 1186.34 1368.89 1552.82 1552.82 1552.82 1464.97 1374.38 1286.54 1197.32 1109.48 1020.26 1020.26 1020.26 918.7 815.75 714.19 611.24 508.3 406.73 406.73 406.73 434.18 463.01 490.46 519.28 548.11 575.56 575.56 575.56 603.01 630.46 657.91 685.36 714.19 741.64 741.64 741.64 705.95 667.52 631.83 594.77 559.09 522.03 522.03 522.03 479.48 436.93 394.38 353.2 309.28 266.73 266.73 266.73 306.54 346.34 384.77 423.2 461.64 500.07 500.07 500.07 504.18 508.3 512.42 517.91 522.03 526.15 526.15 526.15 589.28 651.05 715.56 778.7 840.46 904.97 904.97 904.97 983.21 1060.07 1139.68 1216.54 1296.15 1373.01 1373.01 1373.01 1239.87 1106.74 972.23 837.71 704.58 570.07 570.07 570.07 683.99 797.91 913.21 1025.75 1141.05 1253.6 1253.6 1253.6 1200.07 1146.54 1094.38 1039.48 985.95 932.42 932.42 932.42 795.17 659.28 523.4
configurarSolver --Gurobi
resolver --noConstante ejecuciones/bancos/recombinados/v1/directo/sgtm/v1_sgtm_000380.csv
finalizar
