inicializar --t 360
agregarAgente --SaltoGrande
0.000384
945778668.0
2594.0 2604.0 2614.0 2623.0 2646.0 2659.0 2673.0 2686.0 2699.0 2712.0 2725.0 2738.0 2765.0 2778.0 2791.0 2804.0 2818.0 2831.0 2844.0 2857.0 2884.0 2897.0 2910.0 2923.0 2936.0 2949.0 2963.0 2976.0 2996.0 3003.0 3010.0 3018.0 3025.0 3032.0 3039.0 3046.0 3060.0 3068.0 3075.0 3082.0 3089.0 3096.0 3103.0 3111.0 3125.0 3132.0 3139.0 3146.0 3153.0 3161.0 3168.0 3175.0 3183.0 3183.0 3184.0 3185.0 3185.0 3186.0 3186.0 3187.0 3188.0 3189.0 3190.0 3190.0 3191.0 3191.0 3192.0 3193.0 3194.0 3195.0 3195.0 3196.0 3196.0 3197.0 3198.0 3198.0 3207.0 3215.0 3222.0 3230.0 3238.0 3246.0 3253.0 3261.0 3277.0 3285.0 3292.0 3300.0 3308.0 3316.0 3323.0 3331.0 3347.0 3355.0 3362.0 3370.0 3378.0 3386.0 3393.0 3401.0 3412.0 3415.0 3418.0 3420.0 3423.0 3426.0 3429.0 3432.0 3438.0 3440.0 3443.0 3446.0 3449.0 3452.0 3455.0 3457.0 3463.0 3466.0 3469.0 3472.0 3475.0 3477.0 3480.0 3483.0 3512.0 3539.0 3565.0 3592.0 3618.0 3645.0 3671.0 3698.0 3751.0 3777.0 3804.0 3830.0 3857.0 3883.0 3910.0 3936.0 3989.0 4016.0 4042.0 4069.0 4095.0 4122.0 4148.0 4175.0 4218.0 4235.0 4251.0 4268.0 4285.0 4302.0 4319.0 4336.0 4369.0 4386.0 4403.0 4420.0 4436.0 4453.0 4470.0 4487.0 4520.0 4537.0 4554.0 4571.0 4588.0 4605.0 4621.0 4638.0 4657.0 4658.0 4660.0 4662.0 4663.0 4665.0 4667.0 4668.0 4672.0 4673.0 4675.0 4677.0 4678.0 4680.0 4682.0 4683.0 4687.0 4688.0 4690.0 4692.0 4693.0 4695.0 4697.0 4698.0 4695.0 4689.0 4684.0 4678.0 4673.0 4667.0 4662.0 4656.0 4645.0 4640.0 4634.0 4629.0 4623.0 4618.0 4612.0 4607.0 4596.0 4590.0 4585.0 4579.0 4574.0 4568.0 4563.0 4557.0 4567.0 4581.0 4596.0 4610.0 4625.0 4639.0 4654.0 4668.0 4698.0 4712.0 4727.0 4741.0 4756.0 4770.0 4785.0 4799.0 4829.0 4843.0 4858.0 4872.0 4887.0 4901.0 4916.0 4930.0 4949.0 4953.0 4958.0 4962.0 4966.0 4970.0 4975.0 4979.0 4987.0 4991.0 4996.0 5000.0 5004.0 5008.0 5013.0 5017.0 5025.0 5029.0 5034.0 5038.0 5042.0 5046.0 5051.0 5055.0 5059.0 5058.0 5058.0 5058.0 5057.0 5057.0 5057.0 5056.0 5056.0 5055.0 5055.0 5055.0 5054.0 5054.0 5054.0 5053.0 5053.0 5052.0 5052.0 5052.0 5051.0 5051.0 5051.0 5050.0 5057.0 5064.0 5070.0 5077.0 5084.0 5091.0 5098.0 5105.0 5118.0 5125.0 5132.0 5139.0 5145.0 5152.0 5159.0 5166.0 5179.0 5186.0 5193.0 5200.0 5207.0 5214.0 5220.0 5227.0 5236.0 5238.0 5241.0 5243.0 5245.0 5247.0 5250.0 5252.0 5256.0 5258.0 5261.0 5263.0 5265.0 5267.0 5270.0 5272.0 5276.0 5278.0 5281.0 5283.0 5285.0 5287.0 5290.0 5292.0 5318.0 5342.0 5365.0 5389.0 5413.0 5437.0 5460.0 5484.0 5532.0 5556.0 5579.0 5603.0 5627.0 5651.0 5674.0 5698.0 5746.0 5770.0 5793.0 5817.0
agregarAgente --UnidadTermicaSimple
200.0
100.0
agregarAgente --DemandaFija
296.4 298.8 300.6 294.0 286.2 283.8 282.6 281.4 279.6 279.0 277.2 276.0 278.4 286.8 296.4 305.4 314.4 323.4 332.4 336.0 336.6 324.0 310.8 298.2 286.2 273.0 260.4 257.4 257.4 265.8 274.2 282.0 289.8 298.2 306.6 309.0 318.6 334.2 350.4 366.6 382.8 398.4 414.0 421.2 419.4 393.0 366.0 340.2 313.2 286.8 260.4 252.0 250.8 251.4 253.2 255.0 256.8 258.0 259.8 267.0 277.8 304.2 330.6 357.0 383.4 409.8 436.8 439.8 435.6 412.2 389.4 366.6 343.8 320.4 297.6 289.8 283.8 289.2 294.0 298.8 303.6 308.4 313.8 316.2 319.2 334.2 350.4 366.0 381.0 396.6 412.2 412.8 409.8 415.8 421.2 427.8 433.2 438.6 444.0 441.6 437.4 442.8 448.8 453.6 459.6 465.0 471.0 469.8 469.8 459.6 449.4 438.6 428.4 418.2 408.0 408.6 410.4 380.4 351.0 321.6 291.6 262.2 232.2 232.2 229.8 226.2 223.2 219.6 216.6 213.0 210.0 207.0 207.6 211.2 214.2 217.8 220.8 224.4 227.4 231.0 233.4 239.4 245.4 250.2 255.6 261.6 267.0 266.4 272.4 267.0 262.2 256.8 252.0 247.2 241.8 247.8 253.2 246.0 239.4 231.6 225.0 217.8 210.6 209.4 204.6 199.8 195.6 192.0 187.8 184.2 180.6 176.4 174.6 175.2 175.8 177.0 177.0 178.2 178.8 180.0 184.2 186.6 189.0 192.0 193.8 196.2 198.6 201.0 200.4 198.0 195.0 192.0 189.6 186.6 183.6 180.6 181.2 190.2 199.8 209.4 219.0 229.2 238.2 241.2 245.4 247.2 249.0 250.8 252.0 253.8 255.6 256.8 253.2 244.8 235.8 227.4 219.0 210.0 201.0 196.2 195.0 196.2 196.2 197.4 197.4 198.6 198.6 202.8 208.8 211.8 214.2 216.6 219.0 220.8 223.8 226.2 225.6 223.2 220.8 217.8 214.8 212.4 210.0 207.0 209.4 214.2 219.0 223.2 228.0 233.4 237.6 242.4 251.4 255.0 259.2 263.4 267.0 271.2 274.8 279.0 277.8 272.4 266.4 261.0 256.2 250.2 244.8 239.4 236.4 238.8 241.2 243.6 246.0 247.8 250.2 252.6 256.8 258.6 259.8 261.0 262.8 264.6 265.8 267.0 264.0 259.8 255.0 250.2 246.0 241.2 236.4 232.2 223.2 219.0 214.8 210.0 205.8 201.6 197.4 192.6 193.8 199.2 204.0 209.4 214.8 220.2 225.6 231.0 233.4 231.6 229.2 226.2 223.8 221.4 219.0 216.6 222.0 229.8 237.6 245.4 253.2 260.4 268.8 276.0 286.8 289.8 292.8 295.8 298.8 301.8 304.2 307.8 308.4 306.0 303.6 301.2 298.2 295.8 294.0 291.6 291.6 293.4 295.8 297.6 300.0 301.8 304.2 306.0 310.8 313.2 315.6 317.4 319.8 322.2 324.6 327.0 323.4 318.0 312.6 306.6
crearDespacho --mercado --conDemandaTotal
4
0.02 0.07 0.145 1.0
370.0 600.0 2400.0 4000.0
872.84 879.91 885.21 865.77 842.8 835.74 832.2 828.67 823.37 821.6 816.3 812.77 819.83 844.57 872.84 899.34 925.85 952.35 978.85 989.46 991.22 954.12 915.25 878.14 842.8 803.93 766.83 757.99 757.99 782.73 807.47 830.44 853.41 878.14 902.88 909.95 938.22 984.16 1031.86 1079.57 1127.27 1173.21 1219.15 1240.35 1235.05 1157.31 1077.8 1001.82 922.31 844.57 766.83 742.09 738.56 740.32 745.63 750.93 756.23 759.76 765.06 786.26 818.07 895.81 973.55 1051.3 1129.04 1206.78 1286.29 1295.13 1282.76 1213.85 1146.71 1079.57 1012.43 943.52 876.38 853.41 835.74 851.64 865.77 879.91 894.04 908.18 924.08 931.15 939.98 984.16 1031.86 1077.8 1121.97 1167.91 1213.85 1215.62 1206.78 1224.45 1240.35 1259.79 1275.69 1291.59 1307.5 1300.43 1288.06 1303.96 1321.63 1335.77 1353.43 1369.34 1387.0 1383.47 1383.47 1353.43 1323.4 1291.59 1261.56 1231.52 1201.48 1203.25 1208.55 1120.21 1033.63 947.05 858.71 772.13 683.78 683.78 676.72 666.12 657.28 646.68 637.85 627.24 618.41 609.58 611.34 621.94 630.78 641.38 650.21 660.82 669.65 680.25 687.32 704.99 722.66 736.79 752.69 770.36 786.26 784.5 802.17 786.26 772.13 756.23 742.09 727.96 712.05 729.72 745.63 724.42 704.99 682.02 662.58 641.38 620.18 616.64 602.51 588.37 576.0 565.4 553.04 542.43 531.83 519.46 514.16 515.93 517.7 521.23 521.23 524.76 526.53 530.07 542.43 549.5 556.57 565.4 570.7 577.77 584.84 591.91 590.14 583.07 574.24 565.4 558.34 549.5 540.67 531.83 533.6 560.1 588.37 616.64 644.91 674.95 701.45 710.29 722.66 727.96 733.26 738.56 742.09 747.39 752.69 756.23 745.63 720.89 694.39 669.65 644.91 618.41 591.91 577.77 574.24 577.77 577.77 581.31 581.31 584.84 584.84 597.21 614.88 623.71 630.78 637.85 644.91 650.21 659.05 666.12 664.35 657.28 650.21 641.38 632.54 625.48 618.41 609.58 616.64 630.78 644.91 657.28 671.42 687.32 699.69 713.82 740.32 750.93 763.29 775.66 786.26 798.63 809.23 821.6 818.07 802.17 784.5 768.6 754.46 736.79 720.89 704.99 696.15 703.22 710.29 717.36 724.42 729.72 736.79 743.86 756.23 761.53 765.06 768.6 773.9 779.2 782.73 786.26 777.43 765.06 750.93 736.79 724.42 710.29 696.15 683.78 657.28 644.91 632.54 618.41 606.04 593.67 581.31 567.17 570.7 586.61 600.74 616.64 632.54 648.45 664.35 680.25 687.32 682.02 674.95 666.12 659.05 651.98 644.91 637.85 653.75 676.72 699.69 722.66 745.63 766.83 791.56 812.77 844.57 853.41 862.24 871.07 879.91 888.74 895.81 906.41 908.18 901.11 894.04 886.98 878.14 871.07 865.77 858.71 858.71 864.01 871.07 876.38 883.44 888.74 895.81 901.11 915.25 922.31 929.38 934.68 941.75 948.82 955.88 962.95 952.35 936.45 920.55 902.88
configurarSolver --Gurobi
resolver --noConstante ejecuciones/bancos/recombinados/v1/directo/sgtm/v1_sgtm_000485.csv
finalizar
