inicializar --t 360
agregarAgente --SaltoGrande
0.00335
1681415995.0
5942.0 5976.0 6010.0 6044.0 6077.0 6075.0 6074.0 6072.0 6071.0 6069.0 6068.0 6066.0 6063.0 6062.0 6060.0 6059.0 6057.0 6056.0 6054.0 6053.0 6050.0 6048.0 6047.0 6045.0 6044.0 6042.0 6041.0 6039.0 6020.0 6003.0 5985.0 5967.0 5949.0 5932.0 5914.0 5896.0 5861.0 5843.0 5825.0 5807.0 5790.0 5772.0 5754.0 5736.0 5701.0 5683.0 5665.0 5648.0 5630.0 5612.0 5594.0 5577.0 5528.0 5497.0 5467.0 5436.0 5405.0 5374.0 5343.0 5312.0 5251.0 5220.0 5189.0 5158.0 5128.0 5097.0 5066.0 5035.0 4974.0 4943.0 4912.0 4881.0 4850.0 4819.0 4789.0 4758.0 4701.0 4675.0 4650.0 4624.0 4598.0 4572.0 4546.0 4520.0 4469.0 4443.0 4417.0 4391.0 4366.0 4340.0 4314.0 4288.0 4237.0 4211.0 4185.0 4159.0 4133.0 4107.0 4082.0 4056.0 4016.0 4003.0 3989.0 3976.0 3962.0 3949.0 3935.0 3922.0 3894.0 3881.0 3867.0 3854.0 3840.0 3827.0 3813.0 3800.0 3772.0 3759.0 3745.0 3732.0 3718.0 3705.0 3691.0 3678.0 3644.0 3623.0 3603.0 3583.0 3562.0 3542.0 3522.0 3501.0 3461.0 3440.0 3420.0 3400.0 3379.0 3359.0 3339.0 3318.0 3278.0 3257.0 3237.0 3217.0 3196.0 3176.0 3156.0 3135.0 3094.0 3073.0 3053.0 3032.0 3011.0 2990.0 2970.0 2949.0 2907.0 2886.0 2866.0 2845.0 2824.0 2803.0 2783.0 2762.0 2720.0 2699.0 2679.0 2658.0 2637.0 2616.0 2596.0 2575.0 2541.0 2527.0 2514.0 2500.0 2487.0 2473.0 2460.0 2446.0 2419.0 2406.0 2392.0 2379.0 2365.0 2352.0 2338.0 2325.0 2298.0 2284.0 2271.0 2257.0 2244.0 2230.0 2217.0 2203.0 2183.0 2175.0 2168.0 2160.0 2153.0 2146.0 2138.0 2131.0 2116.0 2109.0 2101.0 2094.0 2086.0 2079.0 2071.0 2064.0 2049.0 2042.0 2034.0 2027.0 2020.0 2012.0 2005.0 1997.0 1985.0 1981.0 1976.0 1972.0 1967.0 1962.0 1958.0 1953.0 1944.0 1939.0 1935.0 1930.0 1926.0 1921.0 1917.0 1912.0 1903.0 1898.0 1894.0 1889.0 1884.0 1880.0 1875.0 1871.0 1864.0 1862.0 1861.0 1859.0 1857.0 1855.0 1854.0 1852.0 1848.0 1846.0 1845.0 1843.0 1841.0 1839.0 1838.0 1836.0 1832.0 1830.0 1829.0 1827.0 1825.0 1823.0 1822.0 1820.0 1820.0 1822.0 1824.0 1826.0 1829.0 1831.0 1833.0 1835.0 1839.0 1841.0 1843.0 1845.0 1848.0 1850.0 1852.0 1854.0 1858.0 1860.0 1862.0 1864.0 1867.0 1869.0 1871.0 1873.0 1878.0 1882.0 1885.0 1888.0 1892.0 1895.0 1899.0 1902.0 1909.0 1912.0 1915.0 1919.0 1922.0 1926.0 1929.0 1932.0 1939.0 1942.0 1946.0 1949.0 1953.0 1956.0 1959.0 1963.0 1969.0 1973.0 1976.0 1980.0 1983.0 1987.0 1990.0 1994.0 2000.0 2004.0 2007.0 2011.0 2014.0 2018.0 2021.0 2025.0 2031.0 2035.0 2038.0 2042.0 2045.0 2049.0 2052.0 2056.0 2055.0 2051.0 2047.0 2043.0 2039.0 2035.0 2030.0 2026.0 2018.0 2014.0 2010.0 2006.0 2002.0 1998.0 1994.0 1990.0 1982.0 1978.0 1973.0 1969.0
agregarAgente --UnidadTermicaSimple
200.0
100.0
agregarAgente --DemandaFija
192.0 171.6 151.2 147.6 147.6 172.2 196.2 219.6 243.6 267.6 291.0 295.8 302.4 283.8 265.2 246.6 228.0 209.4 190.2 192.6 196.2 196.8 197.4 198.0 198.6 199.8 200.4 201.0 204.6 209.4 213.6 218.4 222.6 227.4 232.2 234.6 240.6 241.8 243.6 245.4 247.2 249.0 251.4 253.8 246.0 234.6 223.2 212.4 201.6 190.8 179.4 169.2 154.2 150.6 147.6 144.6 141.6 138.0 134.4 129.6 125.4 129.6 135.0 139.8 144.0 149.4 153.6 154.8 154.2 151.8 149.4 147.0 144.0 141.0 138.6 137.4 135.6 167.4 198.6 231.0 262.8 294.6 326.4 326.4 324.6 318.0 311.4 305.4 299.4 292.8 286.2 284.4 283.8 258.6 232.8 207.0 181.8 156.0 130.8 131.4 133.2 160.8 187.8 216.0 243.6 271.2 298.8 299.4 300.6 295.2 289.8 284.4 278.4 273.0 267.6 268.2 268.2 248.4 228.6 209.4 189.6 169.8 150.0 149.4 150.0 165.0 180.0 194.4 210.6 225.0 240.0 240.6 243.6 255.6 268.2 280.2 292.8 304.8 317.4 318.6 316.8 295.2 274.2 252.0 230.4 208.8 187.8 184.2 181.2 168.0 154.2 141.6 128.4 115.8 102.6 102.6 104.4 118.2 133.2 147.0 161.4 175.2 189.6 190.8 190.2 183.0 176.4 168.6 161.4 154.2 147.0 145.8 150.0 153.0 154.8 157.2 159.6 161.4 163.8 169.8 174.6 180.6 186.6 193.2 199.2 205.2 211.8 211.2 205.8 191.4 177.0 162.0 148.2 133.2 119.4 113.4 111.6 133.8 156.6 179.4 202.2 225.0 247.8 252.0 257.4 265.2 273.0 281.4 289.2 297.0 305.4 305.4 301.8 270.6 240.0 209.4 178.2 147.0 117.0 112.2 108.6 133.8 159.6 185.4 211.2 235.8 262.2 263.4 264.0 263.4 262.8 262.8 262.8 262.2 262.2 261.0 258.6 232.2 207.0 181.2 155.4 129.6 103.8 102.6 100.2 123.6 147.6 171.6 195.0 218.4 243.0 241.8 241.8 243.0 243.6 244.8 246.6 246.6 248.4 249.0 248.4 224.4 200.4 177.0 152.4 128.4 104.4 103.8 103.8 124.2 145.2 166.2 187.2 207.6 228.6 229.8 231.6 240.0 247.8 256.2 264.0 271.8 279.6 280.2 279.0 246.0 214.2 181.8 149.4 117.0 84.6 82.2 81.6 96.6 112.2 127.8 142.8 157.8 173.4 174.6 175.8 183.6 192.0 200.4 208.8 216.6 225.6 225.6 223.8 204.0 184.2 164.4 144.6 124.8 105.6 103.8 102.0 116.4 131.4 145.8 160.8 175.8 190.2 190.2 190.2 204.0 218.4 231.6 245.4 259.2 272.4 273.0 273.0 249.0 225.0 201.6 177.6 153.6 130.2 129.6 129.0 131.4 133.2 135.6 137.4 140.4 142.2 142.2 141.0 162.6 183.0 203.4 223.8 244.8 265.2 264.0 264.6 241.8 219.0 196.8
crearDespacho --mercado --conDemandaTotal
4
0.02 0.07 0.145 1.0
370.0 600.0 2400.0 4000.0
674.35 602.7 531.05 518.41 518.41 604.81 689.1 771.29 855.58 939.87 1022.06 1038.92 1062.1 996.77 931.44 866.12 800.79 735.46 668.03 676.46 689.1 691.21 693.31 695.42 697.53 701.74 703.85 705.96 718.6 735.46 750.21 767.07 781.82 798.68 815.54 823.97 845.04 849.26 855.58 861.9 868.22 874.55 882.98 891.4 864.01 823.97 783.93 746.0 708.07 670.13 630.09 594.27 541.59 528.94 518.41 507.87 497.33 484.69 472.04 455.19 440.43 455.19 474.15 491.01 505.76 524.73 539.48 543.69 541.59 533.16 524.73 516.3 505.76 495.22 486.8 482.58 476.26 587.95 697.53 811.33 923.01 1034.7 1146.39 1146.39 1140.07 1116.89 1093.71 1072.64 1051.56 1028.38 1005.2 998.88 996.77 908.26 817.65 727.03 638.52 547.91 459.4 461.51 467.83 564.77 659.6 758.64 855.58 952.52 1049.46 1051.56 1055.78 1036.81 1017.85 998.88 977.81 958.84 939.87 941.98 941.98 872.44 802.9 735.46 665.92 596.38 526.84 524.73 526.84 579.52 632.2 682.78 739.68 790.25 842.94 845.04 855.58 897.73 941.98 984.13 1028.38 1070.53 1114.78 1119.0 1112.68 1036.81 963.05 885.08 809.22 733.35 659.6 646.95 636.42 590.06 541.59 497.33 450.97 406.72 360.36 360.36 366.68 415.15 467.83 516.3 566.87 615.34 665.92 670.13 668.03 642.74 619.56 592.16 566.87 541.59 516.3 512.08 526.84 537.37 543.69 552.12 560.55 566.87 575.3 596.38 613.24 634.31 655.38 678.56 699.64 720.71 743.89 741.78 722.82 672.24 621.67 568.98 520.51 467.83 419.36 398.29 391.97 469.94 550.02 630.09 710.17 790.25 870.33 885.08 904.05 931.44 958.84 988.34 1015.74 1043.13 1072.64 1072.64 1059.99 950.41 842.94 735.46 625.88 516.3 410.93 394.07 381.43 469.94 560.55 651.17 741.78 828.18 920.91 925.12 927.23 925.12 923.01 923.01 923.01 920.91 920.91 916.69 908.26 815.54 727.03 636.42 545.8 455.19 364.57 360.36 351.93 434.11 518.41 602.7 684.89 767.07 853.47 849.26 849.26 853.47 855.58 859.79 866.12 866.12 872.44 874.55 872.44 788.15 703.85 621.67 535.26 450.97 366.68 364.57 364.57 436.22 509.98 583.73 657.49 729.14 802.9 807.11 813.43 842.94 870.33 899.83 927.23 954.63 982.02 984.13 979.91 864.01 752.32 638.52 524.73 410.93 297.13 288.71 286.6 339.28 394.07 448.86 501.55 554.23 609.02 613.24 617.45 644.85 674.35 703.85 733.35 760.75 792.36 792.36 786.04 716.5 646.95 577.41 507.87 438.33 370.89 364.57 358.25 408.82 461.51 512.08 564.77 617.45 668.03 668.03 668.03 716.5 767.07 813.43 861.9 910.37 956.73 958.84 958.84 874.55 790.25 708.07 623.77 539.48 457.29 455.19 453.08 461.51 467.83 476.26 482.58 493.12 499.44 499.44 495.22 571.09 642.74 714.39 786.04 859.79 931.44 927.23 929.34 849.26 769.18 691.21
configurarSolver --Gurobi
resolver --noConstante ejecuciones/bancos/recombinados/v1/directo/sgtm/v1_sgtm_000316.csv
finalizar
