inicializar --t 360
agregarAgente --SaltoGrande
0.00263
2250689819.0
2790.0 2783.0 2776.0 2770.0 2770.0 2778.0 2785.0 2792.0 2800.0 2807.0 2814.0 2822.0 2836.0 2844.0 2851.0 2858.0 2866.0 2873.0 2880.0 2888.0 2902.0 2910.0 2917.0 2924.0 2932.0 2939.0 2946.0 2954.0 2949.0 2936.0 2924.0 2912.0 2899.0 2887.0 2875.0 2862.0 2838.0 2825.0 2813.0 2801.0 2788.0 2776.0 2764.0 2751.0 2727.0 2714.0 2702.0 2690.0 2677.0 2665.0 2653.0 2640.0 2624.0 2619.0 2615.0 2611.0 2606.0 2602.0 2597.0 2593.0 2584.0 2580.0 2576.0 2571.0 2567.0 2562.0 2558.0 2554.0 2545.0 2541.0 2536.0 2532.0 2527.0 2523.0 2519.0 2514.0 2508.0 2505.0 2503.0 2500.0 2498.0 2496.0 2493.0 2491.0 2486.0 2484.0 2481.0 2479.0 2476.0 2474.0 2471.0 2469.0 2464.0 2462.0 2459.0 2457.0 2455.0 2452.0 2450.0 2447.0 2451.0 2457.0 2464.0 2470.0 2476.0 2482.0 2488.0 2494.0 2507.0 2513.0 2519.0 2525.0 2532.0 2538.0 2544.0 2550.0 2563.0 2569.0 2575.0 2581.0 2587.0 2593.0 2600.0 2606.0 2624.0 2636.0 2647.0 2659.0 2671.0 2683.0 2694.0 2706.0 2730.0 2742.0 2753.0 2765.0 2777.0 2789.0 2800.0 2812.0 2836.0 2848.0 2859.0 2871.0 2883.0 2895.0 2906.0 2918.0 2927.0 2924.0 2920.0 2917.0 2914.0 2911.0 2908.0 2905.0 2898.0 2895.0 2892.0 2889.0 2885.0 2882.0 2879.0 2876.0 2869.0 2866.0 2863.0 2860.0 2857.0 2854.0 2850.0 2847.0 2843.0 2842.0 2841.0 2839.0 2838.0 2837.0 2836.0 2835.0 2833.0 2831.0 2830.0 2829.0 2828.0 2827.0 2826.0 2824.0 2822.0 2821.0 2820.0 2819.0 2818.0 2816.0 2815.0 2814.0 2807.0 2801.0 2796.0 2790.0 2784.0 2778.0 2772.0 2766.0 2755.0 2749.0 2743.0 2737.0 2732.0 2726.0 2720.0 2714.0 2703.0 2697.0 2691.0 2685.0 2679.0 2673.0 2668.0 2662.0 2647.0 2637.0 2628.0 2618.0 2609.0 2599.0 2590.0 2580.0 2562.0 2552.0 2543.0 2533.0 2524.0 2514.0 2505.0 2495.0 2477.0 2467.0 2458.0 2448.0 2439.0 2429.0 2420.0 2410.0 2411.0 2422.0 2432.0 2442.0 2452.0 2463.0 2473.0 2483.0 2504.0 2514.0 2524.0 2534.0 2545.0 2555.0 2565.0 2575.0 2596.0 2606.0 2616.0 2627.0 2637.0 2647.0 2657.0 2668.0 2686.0 2695.0 2703.0 2712.0 2720.0 2729.0 2737.0 2746.0 2762.0 2771.0 2779.0 2788.0 2796.0 2805.0 2813.0 2822.0 2838.0 2847.0 2855.0 2864.0 2872.0 2881.0 2889.0 2898.0 2912.0 2918.0 2924.0 2930.0 2936.0 2942.0 2948.0 2954.0 2966.0 2972.0 2978.0 2984.0 2991.0 2997.0 3003.0 3009.0 3021.0 3027.0 3033.0 3039.0 3045.0 3051.0 3057.0 3063.0 3069.0 3068.0 3068.0 3068.0 3067.0 3067.0 3066.0 3066.0 3065.0 3065.0 3065.0 3064.0 3064.0 3063.0 3063.0 3063.0 3062.0 3062.0 3061.0 3061.0 3060.0 3060.0 3060.0 3059.0 3055.0 3050.0 3046.0 3042.0 3037.0 3033.0 3028.0 3024.0 3015.0 3011.0 3007.0 3002.0 2998.0 2993.0 2989.0 2985.0 2976.0 2972.0 2967.0 2963.0
agregarAgente --UnidadTermicaSimple
200.0
100.0
agregarAgente --DemandaFija
213.0 182.4 153.0 153.0 153.0 196.2 240.6 284.4 328.2 372.6 415.8 415.8 415.8 405.6 395.4 385.2 375.6 364.8 354.6 354.6 354.6 311.4 268.2 225.6 182.4 139.2 96.0 96.0 96.0 124.8 153.0 181.2 210.0 238.2 265.8 265.8 265.8 295.8 325.2 354.6 384.6 414.0 444.0 444.0 444.0 376.8 309.6 241.8 174.6 106.8 39.6 39.6 39.6 34.8 29.4 24.6 19.2 14.4 9.6 9.6 9.6 33.0 57.0 81.0 104.4 128.4 152.4 152.4 152.4 139.8 127.8 114.6 102.6 90.0 78.0 78.0 78.0 126.0 174.0 222.0 269.4 318.0 365.4 365.4 365.4 388.8 411.6 434.4 457.8 480.6 503.4 503.4 503.4 442.2 382.2 321.0 259.8 199.2 138.6 138.6 138.6 172.8 208.2 242.4 276.6 311.4 345.6 345.6 345.6 312.6 278.4 244.8 211.8 177.6 144.0 144.0 144.0 121.2 99.0 76.8 54.6 31.8 9.6 9.6 9.6 24.6 40.2 55.8 71.4 86.4 102.0 102.0 102.0 152.4 202.2 252.6 303.0 352.8 403.8 403.8 403.8 340.2 276.6 213.6 150.0 86.4 22.8 22.8 22.8 22.2 21.6 21.6 21.0 20.4 20.4 20.4 20.4 91.8 163.8 235.8 307.8 379.8 450.6 450.6 450.6 420.0 389.4 358.2 327.6 296.4 265.2 265.2 265.2 300.0 334.2 368.4 403.2 436.8 471.6 471.6 471.6 474.6 477.0 480.0 482.4 485.4 487.8 487.8 487.8 430.8 375.0 318.0 261.0 204.0 148.2 148.2 148.2 210.6 273.0 336.0 399.0 462.0 524.4 524.4 524.4 506.4 488.4 471.0 453.0 434.4 417.0 417.0 417.0 358.8 301.2 243.6 185.4 127.8 70.2 70.2 70.2 132.6 194.4 256.8 319.8 382.2 444.0 444.0 444.0 460.8 476.4 492.6 508.2 524.4 540.6 540.6 540.6 480.0 419.4 358.8 298.8 238.2 177.6 177.6 177.6 258.0 337.8 418.2 498.6 578.4 658.8 658.8 658.8 620.4 580.8 542.4 503.4 465.0 426.0 426.0 426.0 381.6 336.6 292.2 247.2 202.2 157.8 157.8 157.8 169.8 182.4 194.4 207.0 219.6 231.6 231.6 231.6 243.6 255.6 267.6 279.6 292.2 304.2 304.2 304.2 288.6 271.8 256.2 240.0 224.4 208.2 208.2 208.2 189.6 171.0 152.4 134.4 115.2 96.6 96.6 96.6 114.0 131.4 148.2 165.0 181.8 198.6 198.6 198.6 200.4 202.2 204.0 206.4 208.2 210.0 210.0 210.0 237.6 264.6 292.8 320.4 347.4 375.6 375.6 375.6 409.8 443.4 478.2 511.8 546.6 580.2 580.2 580.2 522.0 463.8 405.0 346.2 288.0 229.2 229.2 229.2 279.0 328.8 379.2 428.4 478.8 528.0 528.0 528.0 504.6 481.2 458.4 434.4 411.0 387.6 387.6 387.6 327.6 268.2 208.8
crearDespacho --mercado --conDemandaTotal
4
0.02 0.07 0.145 1.0
370.0 600.0 2400.0 4000.0
545.03 466.73 391.5 391.5 391.5 502.04 615.65 727.73 839.8 953.41 1063.95 1063.95 1063.95 1037.85 1011.75 985.65 961.09 933.45 907.35 907.35 907.35 796.81 686.27 577.27 466.73 356.19 245.65 245.65 245.65 319.34 391.5 463.66 537.35 609.51 680.13 680.13 680.13 756.9 832.12 907.35 984.12 1059.35 1136.11 1136.11 1136.11 964.16 792.21 618.72 446.77 273.28 101.33 101.33 101.33 89.05 75.23 62.95 49.13 36.85 24.56 24.56 24.56 84.44 145.85 207.26 267.14 328.55 389.96 389.96 389.96 357.72 327.02 293.24 262.53 230.29 199.59 199.59 199.59 322.41 445.23 568.06 689.34 813.7 934.99 934.99 934.99 994.86 1053.21 1111.55 1171.42 1229.76 1288.1 1288.1 1288.1 1131.5 977.98 821.38 664.78 509.71 354.65 354.65 354.65 442.16 532.74 620.26 707.77 796.81 884.32 884.32 884.32 799.88 712.37 626.4 541.96 454.44 368.47 368.47 368.47 310.13 253.32 196.52 139.71 81.37 24.56 24.56 24.56 62.95 102.86 142.78 182.7 221.08 261.0 261.0 261.0 389.96 517.39 646.35 775.32 902.75 1033.25 1033.25 1033.25 870.51 707.77 546.56 383.82 221.08 58.34 58.34 58.34 56.81 55.27 55.27 53.73 52.2 52.2 52.2 52.2 234.9 419.13 603.37 787.6 971.84 1153.0 1153.0 1153.0 1074.7 996.4 916.57 838.27 758.43 678.6 678.6 678.6 767.64 855.15 942.66 1031.71 1117.69 1206.73 1206.73 1206.73 1214.41 1220.55 1228.23 1234.37 1242.05 1248.19 1248.19 1248.19 1102.33 959.55 813.7 667.85 522.0 379.22 379.22 379.22 538.88 698.55 859.76 1020.96 1182.17 1341.84 1341.84 1341.84 1295.78 1249.72 1205.2 1159.14 1111.55 1067.02 1067.02 1067.02 918.1 770.71 623.33 474.4 327.02 179.63 179.63 179.63 339.3 497.43 657.1 818.31 977.98 1136.11 1136.11 1136.11 1179.1 1219.02 1260.47 1300.39 1341.84 1383.29 1383.29 1383.29 1228.23 1073.16 918.1 764.57 609.51 454.44 454.44 454.44 660.17 864.37 1070.09 1275.82 1480.01 1685.74 1685.74 1685.74 1587.48 1486.16 1387.9 1288.1 1189.85 1090.05 1090.05 1090.05 976.44 861.29 747.68 632.54 517.39 403.78 403.78 403.78 434.49 466.73 497.43 529.67 561.91 592.62 592.62 592.62 623.33 654.03 684.74 715.44 747.68 778.39 778.39 778.39 738.47 695.48 655.57 614.11 574.2 532.74 532.74 532.74 485.15 437.56 389.96 343.9 294.77 247.18 247.18 247.18 291.7 336.23 379.22 422.2 465.19 508.18 508.18 508.18 512.79 517.39 522.0 528.14 532.74 537.35 537.35 537.35 607.97 677.06 749.22 819.84 888.93 961.09 961.09 961.09 1048.6 1134.58 1223.62 1309.6 1398.64 1484.62 1484.62 1484.62 1335.7 1186.78 1036.32 885.86 736.94 586.48 586.48 586.48 713.91 841.34 970.3 1096.19 1225.16 1351.05 1351.05 1351.05 1291.17 1231.3 1172.96 1111.55 1051.67 991.79 991.79 991.79 838.27 686.27 534.28
configurarSolver --Gurobi
resolver --noConstante ejecuciones/bancos/recombinados/v1/directo/sgtm/v1_sgtm_000231.csv
finalizar
