inicializar --t 360
agregarAgente --SaltoGrande
0.00371
1807461596.0
4016.0 4013.0 4010.0 4008.0 4015.0 4025.0 4034.0 4044.0 4054.0 4064.0 4073.0 4083.0 4103.0 4113.0 4122.0 4132.0 4142.0 4152.0 4161.0 4171.0 4191.0 4201.0 4210.0 4220.0 4230.0 4240.0 4249.0 4259.0 4285.0 4302.0 4318.0 4334.0 4350.0 4367.0 4383.0 4399.0 4432.0 4448.0 4464.0 4480.0 4497.0 4513.0 4529.0 4545.0 4578.0 4594.0 4610.0 4627.0 4643.0 4659.0 4675.0 4692.0 4689.0 4671.0 4652.0 4634.0 4615.0 4597.0 4578.0 4560.0 4523.0 4504.0 4486.0 4467.0 4449.0 4430.0 4412.0 4393.0 4356.0 4338.0 4319.0 4301.0 4282.0 4264.0 4245.0 4227.0 4220.0 4231.0 4243.0 4255.0 4267.0 4278.0 4290.0 4302.0 4325.0 4337.0 4348.0 4360.0 4372.0 4384.0 4395.0 4407.0 4430.0 4442.0 4454.0 4465.0 4477.0 4489.0 4501.0 4512.0 4575.0 4626.0 4677.0 4727.0 4778.0 4829.0 4880.0 4931.0 5033.0 5083.0 5134.0 5185.0 5236.0 5287.0 5338.0 5388.0 5490.0 5541.0 5592.0 5643.0 5694.0 5744.0 5795.0 5846.0 5965.0 6032.0 6100.0 6168.0 6236.0 6303.0 6371.0 6439.0 6574.0 6642.0 6709.0 6777.0 6845.0 6913.0 6980.0 7048.0 7183.0 7251.0 7319.0 7386.0 7454.0 7522.0 7590.0 7657.0 7768.0 7810.0 7853.0 7896.0 7938.0 7981.0 8024.0 8066.0 8152.0 8194.0 8237.0 8280.0 8322.0 8365.0 8408.0 8450.0 8536.0 8578.0 8621.0 8664.0 8706.0 8749.0 8792.0 8834.0 8923.0 8970.0 9016.0 9063.0 9109.0 9156.0 9202.0 9249.0 9342.0 9388.0 9435.0 9481.0 9528.0 9574.0 9621.0 9667.0 9760.0 9807.0 9853.0 9900.0 9946.0 9993.0 10039.0 10086.0 10184.0 10236.0 10289.0 10341.0 10393.0 10445.0 10498.0 10550.0 10654.0 10706.0 10759.0 10811.0 10863.0 10915.0 10968.0 11020.0 11124.0 11176.0 11229.0 11281.0 11333.0 11385.0 11438.0 11490.0 11584.0 11625.0 11667.0 11709.0 11751.0 11792.0 11834.0 11876.0 11959.0 12001.0 12042.0 12084.0 12126.0 12168.0 12209.0 12251.0 12334.0 12376.0 12418.0 12459.0 12501.0 12543.0 12585.0 12626.0 12720.0 12773.0 12825.0 12878.0 12930.0 12983.0 13035.0 13088.0 13193.0 13245.0 13298.0 13350.0 13403.0 13455.0 13508.0 13560.0 13665.0 13718.0 13770.0 13823.0 13875.0 13928.0 13980.0 14033.0 14115.0 14145.0 14175.0 14205.0 14235.0 14265.0 14295.0 14325.0 14385.0 14415.0 14445.0 14475.0 14504.0 14534.0 14564.0 14594.0 14654.0 14684.0 14714.0 14744.0 14774.0 14804.0 14834.0 14864.0 14896.0 14898.0 14900.0 14902.0 14904.0 14906.0 14909.0 14911.0 14915.0 14917.0 14919.0 14921.0 14923.0 14925.0 14927.0 14929.0 14933.0 14935.0 14938.0 14940.0 14942.0 14944.0 14946.0 14948.0 14935.0 14919.0 14904.0 14888.0 14873.0 14857.0 14842.0 14826.0 14795.0 14780.0 14764.0 14749.0 14733.0 14718.0 14702.0 14687.0 14656.0 14640.0 14625.0 14609.0 14594.0 14578.0 14563.0 14547.0 14507.0 14482.0 14457.0 14432.0 14407.0 14382.0 14357.0 14332.0 14282.0 14257.0 14232.0 14207.0 14183.0 14158.0 14133.0 14108.0 14058.0 14033.0 14008.0 13983.0
agregarAgente --UnidadTermicaSimple
200.0
100.0
agregarAgente --DemandaFija
646.2 644.4 642.0 643.8 641.4 644.4 647.4 649.8 652.8 655.2 658.2 654.6 651.6 651.6 651.6 652.2 652.2 652.8 652.8 653.4 652.8 647.4 642.0 636.6 630.6 625.2 621.0 619.8 621.0 627.6 633.6 640.2 646.2 652.8 658.8 660.6 664.2 666.6 668.4 669.6 671.4 672.6 674.4 676.2 677.4 672.6 667.8 663.0 658.8 654.0 649.8 648.6 643.8 641.4 639.6 637.2 635.4 633.6 631.8 627.6 628.2 632.4 636.6 641.4 645.6 649.8 654.6 658.8 668.4 661.8 655.2 649.2 642.0 636.0 628.8 634.2 640.2 650.4 660.0 669.6 679.8 688.8 699.6 700.2 694.2 689.4 684.0 678.6 673.8 668.4 663.0 656.4 652.8 646.2 639.6 633.0 626.4 619.8 613.2 616.2 624.6 636.0 648.6 660.0 672.6 684.0 696.6 700.8 706.2 709.8 714.6 718.2 723.0 727.2 731.4 733.2 728.4 704.4 680.4 656.4 632.4 607.8 584.4 579.0 577.2 580.8 585.0 588.6 591.6 595.2 598.8 603.6 607.8 615.6 622.2 628.8 636.0 643.2 649.8 650.4 645.0 631.8 618.6 604.8 591.6 578.4 565.2 559.2 556.2 556.8 557.4 557.4 558.0 558.0 558.0 560.4 562.8 569.4 576.0 582.0 588.6 595.2 601.8 602.4 596.4 587.4 578.4 568.8 560.4 551.4 541.8 535.8 532.2 531.6 531.0 530.4 530.4 529.8 529.8 531.6 533.4 539.4 544.8 550.8 556.8 562.2 568.2 567.6 561.6 550.8 539.4 528.0 516.0 505.2 493.8 487.8 484.8 486.6 487.8 489.6 491.4 492.0 493.8 496.8 501.6 510.0 517.8 525.6 534.0 541.2 549.0 551.4 548.4 537.6 526.8 516.0 505.2 494.4 484.2 478.2 466.8 461.4 456.0 451.2 447.0 441.6 436.8 431.4 431.4 447.6 464.4 480.6 497.4 513.6 530.4 535.2 541.2 544.2 547.2 550.8 553.8 557.4 560.4 560.4 565.8 570.6 574.8 579.6 585.0 589.8 594.6 599.4 609.0 617.4 625.8 635.4 643.8 652.2 661.2 666.0 666.6 658.8 650.4 642.0 633.6 625.2 617.4 613.2 608.4 613.2 618.6 624.0 629.4 634.2 639.6 638.4 639.6 642.0 644.4 646.2 648.6 651.0 653.4 655.8 649.2 631.8 613.8 597.0 579.6 562.2 544.8 536.4 534.6 550.8 566.4 582.0 598.2 613.8 629.4 637.8 648.0 654.6 661.2 667.8 673.8 680.4 687.0 690.0 689.4 679.8 670.8 660.6 651.6 642.0 633.0 628.8 627.6 625.8 624.0 622.2 620.4 618.6 616.8 620.4 622.8 622.8 623.4 622.8 624.0 623.4 624.0 624.0 613.8 594.6 574.8 555.6 535.8 516.6 497.4 489.0 485.4 492.0 499.8 506.4 513.6 520.8 527.4 533.4 541.8 539.4 537.6 535.2 533.4 531.6 529.2 532.2 526.2 510.6 495.6 481.2
crearDespacho --mercado --conDemandaTotal
4
0.02 0.07 0.145 1.0
370.0 600.0 2400.0 4000.0
730.62 728.59 725.87 727.91 725.19 728.59 731.98 734.69 738.08 740.8 744.19 740.12 736.73 736.73 736.73 737.4 737.4 738.08 738.08 738.76 738.08 731.98 725.87 719.77 712.98 706.88 702.13 700.77 702.13 709.59 716.37 723.84 730.62 738.08 744.87 746.9 750.97 753.69 755.72 757.08 759.11 760.47 762.5 764.54 765.9 760.47 755.04 749.62 744.87 739.44 734.69 733.33 727.91 725.19 723.16 720.44 718.41 716.37 714.34 709.59 710.27 715.02 719.77 725.19 729.94 734.69 740.12 744.87 755.72 748.26 740.8 734.01 725.87 719.09 710.95 717.05 723.84 735.37 746.22 757.08 768.61 778.79 791.0 791.67 784.89 779.46 773.36 767.25 761.83 755.72 749.62 742.15 738.08 730.62 723.16 715.7 708.23 700.77 693.31 696.7 706.2 719.09 733.33 746.22 760.47 773.36 787.6 792.35 798.46 802.53 807.96 812.03 817.45 822.2 826.95 828.99 823.56 796.42 769.29 742.15 715.02 687.2 660.75 654.64 652.61 656.68 661.43 665.5 668.89 672.96 677.03 682.45 687.2 696.02 703.48 710.95 719.09 727.23 734.69 735.37 729.26 714.34 699.41 683.81 668.89 653.96 639.04 632.25 628.86 629.54 630.22 630.22 630.9 630.9 630.9 633.61 636.32 643.79 651.25 658.03 665.5 672.96 680.42 681.1 674.31 664.14 653.96 643.11 633.61 623.44 612.58 605.8 601.73 601.05 600.37 599.69 599.69 599.01 599.01 601.05 603.08 609.87 615.97 622.76 629.54 635.65 642.43 641.75 634.97 622.76 609.87 596.98 583.41 571.2 558.31 551.53 548.13 550.17 551.53 553.56 555.6 556.28 558.31 561.7 567.13 576.63 585.45 594.26 603.76 611.9 620.72 623.44 620.04 607.83 595.62 583.41 571.2 558.99 547.46 540.67 527.78 521.68 515.57 510.15 505.4 499.29 493.86 487.76 487.76 506.07 525.07 543.39 562.38 580.7 599.69 605.12 611.9 615.29 618.69 622.76 626.15 630.22 633.61 633.61 639.72 645.14 649.89 655.32 661.43 666.85 672.28 677.71 688.56 698.06 707.56 718.41 727.91 737.4 747.58 753.01 753.69 744.87 735.37 725.87 716.37 706.88 698.06 693.31 687.88 693.31 699.41 705.52 711.63 717.05 723.16 721.8 723.16 725.87 728.59 730.62 733.33 736.05 738.76 741.47 734.01 714.34 693.99 674.99 655.32 635.65 615.97 606.48 604.44 622.76 640.4 658.03 676.35 693.99 711.63 721.12 732.66 740.12 747.58 755.04 761.83 769.29 776.75 780.14 779.46 768.61 758.43 746.9 736.73 725.87 715.7 710.95 709.59 707.56 705.52 703.48 701.45 699.41 697.38 701.45 704.16 704.16 704.84 704.16 705.52 704.84 705.52 705.52 693.99 672.28 649.89 628.18 605.8 584.09 562.38 552.88 548.81 556.28 565.09 572.56 580.7 588.84 596.3 603.08 612.58 609.87 607.83 605.12 603.08 601.05 598.34 601.73 594.94 577.31 560.35 544.06
configurarSolver --Gurobi
resolver --noConstante ejecuciones/bancos/recombinados/v1/directo/sgtm/v1_sgtm_000206.csv
finalizar
