inicializar --t 360
agregarAgente --SaltoGrande
0.010011
2104235473.0
1017.0 1019.0 1021.0 1022.0 1027.0 1030.0 1033.0 1036.0 1040.0 1043.0 1046.0 1049.0 1055.0 1058.0 1061.0 1064.0 1068.0 1071.0 1074.0 1077.0 1083.0 1086.0 1089.0 1092.0 1096.0 1099.0 1102.0 1105.0 1100.0 1093.0 1085.0 1077.0 1069.0 1062.0 1054.0 1046.0 1031.0 1023.0 1016.0 1008.0 1000.0 992.0 985.0 977.0 962.0 954.0 946.0 939.0 931.0 923.0 915.0 908.0 900.0 901.0 901.0 901.0 901.0 902.0 902.0 902.0 903.0 903.0 904.0 904.0 904.0 904.0 905.0 905.0 906.0 906.0 906.0 907.0 907.0 907.0 907.0 908.0 907.0 905.0 904.0 903.0 901.0 900.0 899.0 897.0 895.0 893.0 892.0 891.0 889.0 888.0 887.0 885.0 883.0 881.0 880.0 879.0 877.0 876.0 875.0 873.0 871.0 870.0 869.0 868.0 867.0 866.0 866.0 865.0 863.0 862.0 861.0 860.0 859.0 858.0 857.0 856.0 854.0 853.0 853.0 852.0 851.0 850.0 849.0 848.0 850.0 853.0 856.0 859.0 862.0 865.0 868.0 871.0 877.0 880.0 883.0 886.0 889.0 892.0 895.0 898.0 904.0 907.0 910.0 913.0 916.0 919.0 922.0 925.0 930.0 933.0 935.0 937.0 939.0 942.0 944.0 946.0 951.0 953.0 956.0 958.0 960.0 962.0 965.0 967.0 972.0 974.0 976.0 979.0 981.0 983.0 985.0 988.0 992.0 994.0 995.0 997.0 999.0 1001.0 1002.0 1004.0 1008.0 1010.0 1011.0 1013.0 1015.0 1017.0 1018.0 1020.0 1024.0 1026.0 1027.0 1029.0 1031.0 1033.0 1034.0 1036.0 1052.0 1067.0 1081.0 1096.0 1110.0 1125.0 1139.0 1154.0 1183.0 1197.0 1212.0 1226.0 1241.0 1255.0 1270.0 1284.0 1313.0 1328.0 1342.0 1357.0 1371.0 1386.0 1400.0 1415.0 1429.0 1429.0 1428.0 1428.0 1428.0 1428.0 1427.0 1427.0 1427.0 1427.0 1426.0 1426.0 1426.0 1426.0 1425.0 1425.0 1425.0 1425.0 1424.0 1424.0 1424.0 1424.0 1423.0 1423.0 1491.0 1558.0 1626.0 1693.0 1761.0 1829.0 1896.0 1964.0 2099.0 2167.0 2234.0 2302.0 2369.0 2437.0 2504.0 2572.0 2707.0 2775.0 2842.0 2910.0 2978.0 3045.0 3113.0 3180.0 3294.0 3340.0 3385.0 3431.0 3477.0 3523.0 3569.0 3615.0 3706.0 3752.0 3798.0 3844.0 3889.0 3935.0 3981.0 4027.0 4118.0 4164.0 4210.0 4256.0 4302.0 4348.0 4393.0 4439.0 4466.0 4446.0 4427.0 4407.0 4388.0 4368.0 4349.0 4329.0 4291.0 4271.0 4252.0 4232.0 4213.0 4193.0 4174.0 4154.0 4116.0 4096.0 4077.0 4057.0 4038.0 4018.0 3999.0 3979.0 3929.0 3898.0 3867.0 3836.0 3805.0 3774.0 3743.0 3712.0 3650.0 3619.0 3588.0 3557.0 3526.0 3495.0 3464.0 3433.0 3371.0 3340.0 3309.0 3278.0 3247.0 3216.0 3185.0 3154.0 3097.0 3072.0 3046.0 3020.0 2994.0 2969.0 2943.0 2917.0 2866.0 2840.0 2815.0 2789.0 2763.0 2737.0 2712.0 2686.0 2635.0 2609.0 2583.0 2558.0
agregarAgente --UnidadTermicaSimple
200.0
100.0
agregarAgente --DemandaFija
646.2 644.4 642.0 643.8 641.4 644.4 647.4 649.8 652.8 655.2 658.2 654.6 651.6 651.6 651.6 652.2 652.2 652.8 652.8 653.4 652.8 647.4 642.0 636.6 630.6 625.2 621.0 619.8 621.0 627.6 633.6 640.2 646.2 652.8 658.8 660.6 664.2 666.6 668.4 669.6 671.4 672.6 674.4 676.2 677.4 672.6 667.8 663.0 658.8 654.0 649.8 648.6 643.8 641.4 639.6 637.2 635.4 633.6 631.8 627.6 628.2 632.4 636.6 641.4 645.6 649.8 654.6 658.8 668.4 661.8 655.2 649.2 642.0 636.0 628.8 634.2 640.2 650.4 660.0 669.6 679.8 688.8 699.6 700.2 694.2 689.4 684.0 678.6 673.8 668.4 663.0 656.4 652.8 646.2 639.6 633.0 626.4 619.8 613.2 616.2 624.6 636.0 648.6 660.0 672.6 684.0 696.6 700.8 706.2 709.8 714.6 718.2 723.0 727.2 731.4 733.2 728.4 704.4 680.4 656.4 632.4 607.8 584.4 579.0 577.2 580.8 585.0 588.6 591.6 595.2 598.8 603.6 607.8 615.6 622.2 628.8 636.0 643.2 649.8 650.4 645.0 631.8 618.6 604.8 591.6 578.4 565.2 559.2 556.2 556.8 557.4 557.4 558.0 558.0 558.0 560.4 562.8 569.4 576.0 582.0 588.6 595.2 601.8 602.4 596.4 587.4 578.4 568.8 560.4 551.4 541.8 535.8 532.2 531.6 531.0 530.4 530.4 529.8 529.8 531.6 533.4 539.4 544.8 550.8 556.8 562.2 568.2 567.6 561.6 550.8 539.4 528.0 516.0 505.2 493.8 487.8 484.8 486.6 487.8 489.6 491.4 492.0 493.8 496.8 501.6 510.0 517.8 525.6 534.0 541.2 549.0 551.4 548.4 537.6 526.8 516.0 505.2 494.4 484.2 478.2 466.8 461.4 456.0 451.2 447.0 441.6 436.8 431.4 431.4 447.6 464.4 480.6 497.4 513.6 530.4 535.2 541.2 544.2 547.2 550.8 553.8 557.4 560.4 560.4 565.8 570.6 574.8 579.6 585.0 589.8 594.6 599.4 609.0 617.4 625.8 635.4 643.8 652.2 661.2 666.0 666.6 658.8 650.4 642.0 633.6 625.2 617.4 613.2 608.4 613.2 618.6 624.0 629.4 634.2 639.6 638.4 639.6 642.0 644.4 646.2 648.6 651.0 653.4 655.8 649.2 631.8 613.8 597.0 579.6 562.2 544.8 536.4 534.6 550.8 566.4 582.0 598.2 613.8 629.4 637.8 648.0 654.6 661.2 667.8 673.8 680.4 687.0 690.0 689.4 679.8 670.8 660.6 651.6 642.0 633.0 628.8 627.6 625.8 624.0 622.2 620.4 618.6 616.8 620.4 622.8 622.8 623.4 622.8 624.0 623.4 624.0 624.0 613.8 594.6 574.8 555.6 535.8 516.6 497.4 489.0 485.4 492.0 499.8 506.4 513.6 520.8 527.4 533.4 541.8 539.4 537.6 535.2 533.4 531.6 529.2 532.2 526.2 510.6 495.6 481.2
crearDespacho --mercado --conDemandaTotal
4
0.02 0.07 0.145 1.0
370.0 600.0 2400.0 4000.0
730.62 728.59 725.87 727.91 725.19 728.59 731.98 734.69 738.08 740.8 744.19 740.12 736.73 736.73 736.73 737.4 737.4 738.08 738.08 738.76 738.08 731.98 725.87 719.77 712.98 706.88 702.13 700.77 702.13 709.59 716.37 723.84 730.62 738.08 744.87 746.9 750.97 753.69 755.72 757.08 759.11 760.47 762.5 764.54 765.9 760.47 755.04 749.62 744.87 739.44 734.69 733.33 727.91 725.19 723.16 720.44 718.41 716.37 714.34 709.59 710.27 715.02 719.77 725.19 729.94 734.69 740.12 744.87 755.72 748.26 740.8 734.01 725.87 719.09 710.95 717.05 723.84 735.37 746.22 757.08 768.61 778.79 791.0 791.67 784.89 779.46 773.36 767.25 761.83 755.72 749.62 742.15 738.08 730.62 723.16 715.7 708.23 700.77 693.31 696.7 706.2 719.09 733.33 746.22 760.47 773.36 787.6 792.35 798.46 802.53 807.96 812.03 817.45 822.2 826.95 828.99 823.56 796.42 769.29 742.15 715.02 687.2 660.75 654.64 652.61 656.68 661.43 665.5 668.89 672.96 677.03 682.45 687.2 696.02 703.48 710.95 719.09 727.23 734.69 735.37 729.26 714.34 699.41 683.81 668.89 653.96 639.04 632.25 628.86 629.54 630.22 630.22 630.9 630.9 630.9 633.61 636.32 643.79 651.25 658.03 665.5 672.96 680.42 681.1 674.31 664.14 653.96 643.11 633.61 623.44 612.58 605.8 601.73 601.05 600.37 599.69 599.69 599.01 599.01 601.05 603.08 609.87 615.97 622.76 629.54 635.65 642.43 641.75 634.97 622.76 609.87 596.98 583.41 571.2 558.31 551.53 548.13 550.17 551.53 553.56 555.6 556.28 558.31 561.7 567.13 576.63 585.45 594.26 603.76 611.9 620.72 623.44 620.04 607.83 595.62 583.41 571.2 558.99 547.46 540.67 527.78 521.68 515.57 510.15 505.4 499.29 493.86 487.76 487.76 506.07 525.07 543.39 562.38 580.7 599.69 605.12 611.9 615.29 618.69 622.76 626.15 630.22 633.61 633.61 639.72 645.14 649.89 655.32 661.43 666.85 672.28 677.71 688.56 698.06 707.56 718.41 727.91 737.4 747.58 753.01 753.69 744.87 735.37 725.87 716.37 706.88 698.06 693.31 687.88 693.31 699.41 705.52 711.63 717.05 723.16 721.8 723.16 725.87 728.59 730.62 733.33 736.05 738.76 741.47 734.01 714.34 693.99 674.99 655.32 635.65 615.97 606.48 604.44 622.76 640.4 658.03 676.35 693.99 711.63 721.12 732.66 740.12 747.58 755.04 761.83 769.29 776.75 780.14 779.46 768.61 758.43 746.9 736.73 725.87 715.7 710.95 709.59 707.56 705.52 703.48 701.45 699.41 697.38 701.45 704.16 704.16 704.84 704.16 705.52 704.84 705.52 705.52 693.99 672.28 649.89 628.18 605.8 584.09 562.38 552.88 548.81 556.28 565.09 572.56 580.7 588.84 596.3 603.08 612.58 609.87 607.83 605.12 603.08 601.05 598.34 601.73 594.94 577.31 560.35 544.06
configurarSolver --Gurobi
resolver --noConstante ejecuciones/bancos/recombinados/v1/directo/sgtm/v1_sgtm_000175.csv
finalizar
