inicializar --t 360
agregarAgente --SaltoGrande
0.000834
1731181336.0
1965.0 1961.0 1957.0 1953.0 1947.0 1946.0 1944.0 1943.0 1941.0 1939.0 1938.0 1936.0 1933.0 1931.0 1930.0 1928.0 1927.0 1925.0 1924.0 1922.0 1919.0 1917.0 1916.0 1914.0 1912.0 1911.0 1909.0 1908.0 1908.0 1909.0 1911.0 1913.0 1915.0 1916.0 1918.0 1920.0 1923.0 1925.0 1926.0 1928.0 1930.0 1932.0 1933.0 1935.0 1938.0 1940.0 1942.0 1943.0 1945.0 1947.0 1949.0 1950.0 1961.0 1971.0 1980.0 1989.0 1999.0 2008.0 2018.0 2027.0 2046.0 2055.0 2064.0 2074.0 2083.0 2093.0 2102.0 2111.0 2130.0 2139.0 2149.0 2158.0 2168.0 2177.0 2186.0 2196.0 2212.0 2219.0 2226.0 2233.0 2240.0 2247.0 2255.0 2262.0 2276.0 2283.0 2290.0 2297.0 2304.0 2311.0 2318.0 2325.0 2339.0 2346.0 2354.0 2361.0 2368.0 2375.0 2382.0 2389.0 2395.0 2393.0 2392.0 2391.0 2389.0 2388.0 2387.0 2385.0 2383.0 2381.0 2380.0 2379.0 2377.0 2376.0 2375.0 2373.0 2371.0 2369.0 2368.0 2367.0 2365.0 2364.0 2363.0 2361.0 2358.0 2356.0 2354.0 2351.0 2349.0 2347.0 2345.0 2343.0 2339.0 2336.0 2334.0 2332.0 2330.0 2328.0 2326.0 2323.0 2319.0 2317.0 2315.0 2313.0 2311.0 2308.0 2306.0 2304.0 2308.0 2314.0 2320.0 2326.0 2331.0 2337.0 2343.0 2349.0 2361.0 2367.0 2373.0 2379.0 2384.0 2390.0 2396.0 2402.0 2414.0 2420.0 2426.0 2432.0 2437.0 2443.0 2449.0 2455.0 2449.0 2437.0 2425.0 2413.0 2401.0 2389.0 2378.0 2366.0 2342.0 2330.0 2318.0 2306.0 2294.0 2282.0 2270.0 2258.0 2234.0 2222.0 2211.0 2199.0 2187.0 2175.0 2163.0 2151.0 2134.0 2128.0 2123.0 2117.0 2112.0 2106.0 2101.0 2095.0 2084.0 2079.0 2073.0 2068.0 2062.0 2057.0 2051.0 2046.0 2035.0 2029.0 2024.0 2018.0 2013.0 2007.0 2002.0 1996.0 1993.0 1995.0 1998.0 2000.0 2002.0 2004.0 2006.0 2008.0 2013.0 2015.0 2017.0 2019.0 2022.0 2024.0 2026.0 2028.0 2033.0 2035.0 2037.0 2039.0 2041.0 2043.0 2046.0 2048.0 2063.0 2076.0 2088.0 2101.0 2114.0 2127.0 2140.0 2153.0 2178.0 2191.0 2204.0 2217.0 2229.0 2242.0 2255.0 2268.0 2293.0 2306.0 2319.0 2332.0 2345.0 2358.0 2370.0 2383.0 2402.0 2407.0 2413.0 2419.0 2425.0 2430.0 2436.0 2442.0 2453.0 2459.0 2464.0 2470.0 2476.0 2482.0 2487.0 2493.0 2504.0 2510.0 2516.0 2521.0 2527.0 2533.0 2539.0 2544.0 2569.0 2588.0 2607.0 2627.0 2646.0 2665.0 2684.0 2703.0 2741.0 2761.0 2780.0 2799.0 2818.0 2837.0 2856.0 2876.0 2914.0 2933.0 2952.0 2971.0 2990.0 3010.0 3029.0 3048.0 3087.0 3107.0 3127.0 3147.0 3167.0 3187.0 3206.0 3226.0 3266.0 3286.0 3306.0 3326.0 3346.0 3366.0 3386.0 3406.0 3446.0 3466.0 3485.0 3505.0 3525.0 3545.0 3565.0 3585.0 3641.0 3677.0 3712.0 3748.0 3784.0 3820.0 3856.0 3892.0 3963.0 3999.0 4035.0 4071.0 4106.0 4142.0 4178.0 4214.0 4285.0 4321.0 4357.0 4393.0
agregarAgente --UnidadTermicaSimple
200.0
100.0
agregarAgente --DemandaFija
646.2 644.4 642.0 643.8 641.4 644.4 647.4 649.8 652.8 655.2 658.2 654.6 651.6 651.6 651.6 652.2 652.2 652.8 652.8 653.4 652.8 647.4 642.0 636.6 630.6 625.2 621.0 619.8 621.0 627.6 633.6 640.2 646.2 652.8 658.8 660.6 664.2 666.6 668.4 669.6 671.4 672.6 674.4 676.2 677.4 672.6 667.8 663.0 658.8 654.0 649.8 648.6 643.8 641.4 639.6 637.2 635.4 633.6 631.8 627.6 628.2 632.4 636.6 641.4 645.6 649.8 654.6 658.8 668.4 661.8 655.2 649.2 642.0 636.0 628.8 634.2 640.2 650.4 660.0 669.6 679.8 688.8 699.6 700.2 694.2 689.4 684.0 678.6 673.8 668.4 663.0 656.4 652.8 646.2 639.6 633.0 626.4 619.8 613.2 616.2 624.6 636.0 648.6 660.0 672.6 684.0 696.6 700.8 706.2 709.8 714.6 718.2 723.0 727.2 731.4 733.2 728.4 704.4 680.4 656.4 632.4 607.8 584.4 579.0 577.2 580.8 585.0 588.6 591.6 595.2 598.8 603.6 607.8 615.6 622.2 628.8 636.0 643.2 649.8 650.4 645.0 631.8 618.6 604.8 591.6 578.4 565.2 559.2 556.2 556.8 557.4 557.4 558.0 558.0 558.0 560.4 562.8 569.4 576.0 582.0 588.6 595.2 601.8 602.4 596.4 587.4 578.4 568.8 560.4 551.4 541.8 535.8 532.2 531.6 531.0 530.4 530.4 529.8 529.8 531.6 533.4 539.4 544.8 550.8 556.8 562.2 568.2 567.6 561.6 550.8 539.4 528.0 516.0 505.2 493.8 487.8 484.8 486.6 487.8 489.6 491.4 492.0 493.8 496.8 501.6 510.0 517.8 525.6 534.0 541.2 549.0 551.4 548.4 537.6 526.8 516.0 505.2 494.4 484.2 478.2 466.8 461.4 456.0 451.2 447.0 441.6 436.8 431.4 431.4 447.6 464.4 480.6 497.4 513.6 530.4 535.2 541.2 544.2 547.2 550.8 553.8 557.4 560.4 560.4 565.8 570.6 574.8 579.6 585.0 589.8 594.6 599.4 609.0 617.4 625.8 635.4 643.8 652.2 661.2 666.0 666.6 658.8 650.4 642.0 633.6 625.2 617.4 613.2 608.4 613.2 618.6 624.0 629.4 634.2 639.6 638.4 639.6 642.0 644.4 646.2 648.6 651.0 653.4 655.8 649.2 631.8 613.8 597.0 579.6 562.2 544.8 536.4 534.6 550.8 566.4 582.0 598.2 613.8 629.4 637.8 648.0 654.6 661.2 667.8 673.8 680.4 687.0 690.0 689.4 679.8 670.8 660.6 651.6 642.0 633.0 628.8 627.6 625.8 624.0 622.2 620.4 618.6 616.8 620.4 622.8 622.8 623.4 622.8 624.0 623.4 624.0 624.0 613.8 594.6 574.8 555.6 535.8 516.6 497.4 489.0 485.4 492.0 499.8 506.4 513.6 520.8 527.4 533.4 541.8 539.4 537.6 535.2 533.4 531.6 529.2 532.2 526.2 510.6 495.6 481.2
crearDespacho --mercado --conDemandaTotal
4
0.02 0.07 0.145 1.0
370.0 600.0 2400.0 4000.0
730.62 728.59 725.87 727.91 725.19 728.59 731.98 734.69 738.08 740.8 744.19 740.12 736.73 736.73 736.73 737.4 737.4 738.08 738.08 738.76 738.08 731.98 725.87 719.77 712.98 706.88 702.13 700.77 702.13 709.59 716.37 723.84 730.62 738.08 744.87 746.9 750.97 753.69 755.72 757.08 759.11 760.47 762.5 764.54 765.9 760.47 755.04 749.62 744.87 739.44 734.69 733.33 727.91 725.19 723.16 720.44 718.41 716.37 714.34 709.59 710.27 715.02 719.77 725.19 729.94 734.69 740.12 744.87 755.72 748.26 740.8 734.01 725.87 719.09 710.95 717.05 723.84 735.37 746.22 757.08 768.61 778.79 791.0 791.67 784.89 779.46 773.36 767.25 761.83 755.72 749.62 742.15 738.08 730.62 723.16 715.7 708.23 700.77 693.31 696.7 706.2 719.09 733.33 746.22 760.47 773.36 787.6 792.35 798.46 802.53 807.96 812.03 817.45 822.2 826.95 828.99 823.56 796.42 769.29 742.15 715.02 687.2 660.75 654.64 652.61 656.68 661.43 665.5 668.89 672.96 677.03 682.45 687.2 696.02 703.48 710.95 719.09 727.23 734.69 735.37 729.26 714.34 699.41 683.81 668.89 653.96 639.04 632.25 628.86 629.54 630.22 630.22 630.9 630.9 630.9 633.61 636.32 643.79 651.25 658.03 665.5 672.96 680.42 681.1 674.31 664.14 653.96 643.11 633.61 623.44 612.58 605.8 601.73 601.05 600.37 599.69 599.69 599.01 599.01 601.05 603.08 609.87 615.97 622.76 629.54 635.65 642.43 641.75 634.97 622.76 609.87 596.98 583.41 571.2 558.31 551.53 548.13 550.17 551.53 553.56 555.6 556.28 558.31 561.7 567.13 576.63 585.45 594.26 603.76 611.9 620.72 623.44 620.04 607.83 595.62 583.41 571.2 558.99 547.46 540.67 527.78 521.68 515.57 510.15 505.4 499.29 493.86 487.76 487.76 506.07 525.07 543.39 562.38 580.7 599.69 605.12 611.9 615.29 618.69 622.76 626.15 630.22 633.61 633.61 639.72 645.14 649.89 655.32 661.43 666.85 672.28 677.71 688.56 698.06 707.56 718.41 727.91 737.4 747.58 753.01 753.69 744.87 735.37 725.87 716.37 706.88 698.06 693.31 687.88 693.31 699.41 705.52 711.63 717.05 723.16 721.8 723.16 725.87 728.59 730.62 733.33 736.05 738.76 741.47 734.01 714.34 693.99 674.99 655.32 635.65 615.97 606.48 604.44 622.76 640.4 658.03 676.35 693.99 711.63 721.12 732.66 740.12 747.58 755.04 761.83 769.29 776.75 780.14 779.46 768.61 758.43 746.9 736.73 725.87 715.7 710.95 709.59 707.56 705.52 703.48 701.45 699.41 697.38 701.45 704.16 704.16 704.84 704.16 705.52 704.84 705.52 705.52 693.99 672.28 649.89 628.18 605.8 584.09 562.38 552.88 548.81 556.28 565.09 572.56 580.7 588.84 596.3 603.08 612.58 609.87 607.83 605.12 603.08 601.05 598.34 601.73 594.94 577.31 560.35 544.06
configurarSolver --Gurobi
resolver --noConstante ejecuciones/bancos/recombinados/v1/directo/sgtm/v1_sgtm_000101.csv
finalizar
