inicializar --t 360
agregarAgente --SaltoGrande
0.00076
2200464102.0
5841.0 5865.0 5888.0 5912.0 5953.0 5970.0 5987.0 6004.0 6021.0 6038.0 6055.0 6072.0 6106.0 6123.0 6140.0 6157.0 6174.0 6191.0 6208.0 6225.0 6259.0 6276.0 6293.0 6310.0 6327.0 6344.0 6361.0 6378.0 6406.0 6417.0 6428.0 6439.0 6450.0 6461.0 6471.0 6482.0 6504.0 6515.0 6526.0 6537.0 6548.0 6559.0 6570.0 6581.0 6603.0 6614.0 6624.0 6635.0 6646.0 6657.0 6668.0 6679.0 6698.0 6705.0 6713.0 6721.0 6728.0 6736.0 6743.0 6751.0 6766.0 6774.0 6782.0 6789.0 6797.0 6804.0 6812.0 6820.0 6835.0 6843.0 6850.0 6858.0 6865.0 6873.0 6881.0 6888.0 6869.0 6842.0 6815.0 6788.0 6761.0 6734.0 6707.0 6680.0 6626.0 6599.0 6572.0 6545.0 6519.0 6492.0 6465.0 6438.0 6384.0 6357.0 6330.0 6303.0 6276.0 6249.0 6222.0 6195.0 6142.0 6117.0 6091.0 6065.0 6040.0 6014.0 5988.0 5963.0 5911.0 5886.0 5860.0 5834.0 5809.0 5783.0 5757.0 5732.0 5680.0 5655.0 5629.0 5603.0 5578.0 5552.0 5526.0 5501.0 5452.0 5429.0 5405.0 5382.0 5359.0 5336.0 5313.0 5290.0 5243.0 5220.0 5197.0 5174.0 5150.0 5127.0 5104.0 5081.0 5034.0 5011.0 4988.0 4965.0 4942.0 4919.0 4895.0 4872.0 4818.0 4786.0 4755.0 4723.0 4692.0 4661.0 4629.0 4598.0 4535.0 4504.0 4472.0 4441.0 4409.0 4378.0 4346.0 4315.0 4252.0 4221.0 4189.0 4158.0 4127.0 4095.0 4064.0 4032.0 4003.0 4006.0 4008.0 4011.0 4013.0 4016.0 4018.0 4021.0 4025.0 4028.0 4030.0 4033.0 4035.0 4038.0 4040.0 4043.0 4047.0 4050.0 4052.0 4055.0 4057.0 4060.0 4062.0 4065.0 4065.0 4062.0 4060.0 4057.0 4055.0 4052.0 4050.0 4047.0 4042.0 4040.0 4037.0 4035.0 4032.0 4030.0 4027.0 4025.0 4020.0 4017.0 4015.0 4012.0 4010.0 4007.0 4005.0 4002.0 4002.0 4005.0 4007.0 4009.0 4012.0 4014.0 4017.0 4019.0 4024.0 4026.0 4028.0 4031.0 4033.0 4036.0 4038.0 4040.0 4045.0 4047.0 4050.0 4052.0 4055.0 4057.0 4059.0 4062.0 4071.0 4078.0 4085.0 4092.0 4099.0 4106.0 4113.0 4120.0 4134.0 4141.0 4148.0 4155.0 4163.0 4170.0 4177.0 4184.0 4198.0 4205.0 4212.0 4219.0 4226.0 4233.0 4240.0 4247.0 4265.0 4276.0 4287.0 4299.0 4310.0 4321.0 4332.0 4343.0 4365.0 4377.0 4388.0 4399.0 4410.0 4421.0 4432.0 4444.0 4466.0 4477.0 4488.0 4499.0 4510.0 4522.0 4533.0 4544.0 4567.0 4578.0 4590.0 4601.0 4613.0 4625.0 4636.0 4648.0 4671.0 4683.0 4694.0 4706.0 4717.0 4729.0 4740.0 4752.0 4775.0 4787.0 4798.0 4810.0 4822.0 4833.0 4845.0 4856.0 4879.0 4889.0 4900.0 4911.0 4922.0 4932.0 4943.0 4954.0 4975.0 4986.0 4997.0 5008.0 5018.0 5029.0 5040.0 5051.0 5072.0 5083.0 5094.0 5104.0 5115.0 5126.0 5137.0 5147.0 5192.0 5226.0 5260.0 5294.0 5328.0 5362.0 5397.0 5431.0 5499.0 5533.0 5567.0 5601.0 5635.0 5669.0 5703.0 5737.0 5805.0 5839.0 5874.0 5908.0
agregarAgente --UnidadTermicaSimple
200.0
100.0
agregarAgente --DemandaFija
473.7 462.0 449.4 440.4 436.8 444.9 452.1 459.3 466.5 474.6 481.8 487.2 495.3 507.0 519.6 530.4 542.1 554.7 566.4 568.2 564.6 565.5 566.4 568.2 570.0 570.9 572.7 566.4 564.6 564.6 563.7 562.8 562.8 562.8 562.8 565.5 570.0 585.3 600.6 615.0 629.4 643.8 659.1 659.1 651.0 671.7 693.3 714.0 735.6 756.3 777.9 768.9 760.8 773.4 786.0 797.7 810.3 822.9 835.5 836.4 840.0 855.3 871.5 888.6 903.9 920.1 935.4 938.1 934.5 883.2 832.8 781.5 731.1 679.8 628.5 622.2 610.5 581.7 554.7 526.8 498.0 471.0 442.2 437.7 436.8 435.0 435.0 435.0 434.1 434.1 433.2 436.8 429.6 412.5 396.3 380.1 363.9 347.7 330.6 319.8 312.6 334.2 356.7 379.2 401.7 424.2 446.7 449.4 458.4 477.3 497.1 516.0 535.8 555.6 574.5 579.9 573.6 546.6 520.5 494.4 466.5 441.3 413.4 402.6 397.2 402.6 408.0 414.3 420.6 426.9 432.3 437.7 447.6 451.2 456.6 461.1 465.6 470.1 473.7 480.0 477.3 471.9 465.6 458.4 451.2 445.8 438.6 431.4 435.0 438.6 443.1 447.6 453.0 457.5 462.9 472.8 484.5 479.1 474.6 470.1 464.7 460.2 455.7 457.5 444.9 445.8 444.0 443.1 442.2 441.3 440.4 426.0 422.4 439.5 457.5 475.5 493.5 511.5 528.6 539.4 552.9 564.6 575.4 585.3 597.0 606.9 616.8 620.4 606.9 588.0 569.1 549.3 530.4 510.6 489.9 472.8 462.9 466.5 471.0 474.6 478.2 481.8 484.5 492.6 506.1 510.6 516.0 520.5 525.9 530.4 535.8 542.1 539.4 523.2 507.0 490.8 474.6 458.4 443.1 433.2 414.3 404.4 395.4 385.5 376.5 366.6 356.7 347.7 339.6 342.3 344.1 345.9 348.6 350.4 351.3 354.0 350.4 351.3 351.3 351.3 351.3 351.3 350.4 345.9 340.5 344.1 346.8 350.4 353.1 357.6 361.2 361.2 363.9 366.6 370.2 372.9 376.5 381.0 383.7 386.4 389.1 371.1 354.9 337.8 320.7 303.6 287.4 287.4 287.4 279.3 270.3 263.1 254.1 246.0 237.9 237.9 240.6 262.2 284.7 306.3 327.9 350.4 372.0 372.9 371.1 341.4 309.9 279.3 248.7 217.2 187.5 184.8 182.1 215.4 248.7 283.8 317.1 351.3 385.5 386.4 388.2 390.9 392.7 396.3 398.1 401.7 403.5 405.3 404.4 369.3 335.1 300.0 264.0 228.9 194.7 192.0 190.2 220.8 251.4 281.1 311.7 341.4 372.0 372.9 378.3 381.9 385.5 388.2 391.8 395.4 398.1 402.6 402.6 389.1 374.7 361.2 347.7 333.3 319.8 316.2 313.5 349.5 384.6 420.6 454.8 490.8 526.8 527.7 533.1 536.7 539.4 543.9 546.6 551.1 553.8 558.3 557.4 520.5 483.6 445.8
crearDespacho --mercado --conDemandaTotal
4
0.02 0.07 0.145 1.0
370.0 600.0 2400.0 4000.0
727.82 709.85 690.49 676.66 671.13 683.57 694.63 705.7 716.76 729.2 740.27 748.56 761.01 778.99 798.35 814.94 832.92 852.28 870.25 873.02 867.49 868.87 870.25 873.02 875.78 877.17 879.93 870.25 867.49 867.49 866.1 864.72 864.72 864.72 864.72 868.87 875.78 899.29 922.8 944.92 967.05 989.17 1012.68 1012.68 1000.24 1032.04 1065.23 1097.03 1130.22 1162.03 1195.21 1181.39 1168.94 1188.3 1207.66 1225.64 1245.0 1264.35 1283.71 1285.1 1290.63 1314.14 1339.03 1365.3 1388.81 1413.7 1437.21 1441.36 1435.82 1357.0 1279.57 1200.75 1123.31 1044.49 965.67 955.99 938.01 893.76 852.28 809.41 765.16 723.67 679.42 672.51 671.13 668.36 668.36 668.36 666.98 666.98 665.6 671.13 660.06 633.79 608.9 584.01 559.12 534.23 507.95 491.36 480.3 513.49 548.06 582.63 617.2 651.77 686.34 690.49 704.31 733.35 763.78 792.81 823.24 853.66 882.7 890.99 881.31 839.83 799.73 759.63 716.76 678.04 635.17 618.58 610.28 618.58 626.88 636.56 646.24 655.92 664.21 672.51 687.72 693.25 701.55 708.46 715.38 722.29 727.82 737.5 733.35 725.06 715.38 704.31 693.25 684.95 673.89 662.83 668.36 673.89 680.81 687.72 696.02 702.93 711.23 726.44 744.42 736.12 729.2 722.29 713.99 707.08 700.17 702.93 683.57 684.95 682.19 680.81 679.42 678.04 676.66 654.53 649.0 675.28 702.93 730.59 758.24 785.9 812.17 828.77 849.51 867.49 884.08 899.29 917.27 932.48 947.69 953.22 932.48 903.44 874.4 843.98 814.94 784.52 752.71 726.44 711.23 716.76 723.67 729.2 734.74 740.27 744.42 756.86 777.6 784.52 792.81 799.73 808.03 814.94 823.24 832.92 828.77 803.88 778.99 754.1 729.2 704.31 680.81 665.6 636.56 621.35 607.52 592.31 578.48 563.27 548.06 534.23 521.78 525.93 528.7 531.46 535.61 538.38 539.76 543.91 538.38 539.76 539.76 539.76 539.76 539.76 538.38 531.46 523.17 528.7 532.85 538.38 542.52 549.44 554.97 554.97 559.12 563.27 568.8 572.95 578.48 585.39 589.54 593.69 597.84 570.18 545.29 519.02 492.74 466.47 441.58 441.58 441.58 429.13 415.31 404.24 390.42 377.97 365.52 365.52 369.67 402.86 437.43 470.62 503.81 538.38 571.56 572.95 570.18 524.55 476.15 429.13 382.12 333.72 288.09 283.94 279.79 330.95 382.12 436.05 487.21 539.76 592.31 593.69 596.45 600.6 603.37 608.9 611.67 617.2 619.96 622.73 621.35 567.42 514.87 460.94 405.63 351.7 299.15 295.0 292.24 339.25 386.27 431.9 478.92 524.55 571.56 572.95 581.24 586.77 592.31 596.45 601.99 607.52 611.67 618.58 618.58 597.84 575.71 554.97 534.23 512.1 491.36 485.83 481.68 536.99 590.92 646.24 698.78 754.1 809.41 810.79 819.09 824.62 828.77 835.68 839.83 846.74 850.89 857.81 856.42 799.73 743.03 684.95
configurarSolver --Gurobi
resolver --noConstante ejecuciones/bancos/recombinados/v1/directo/sgtm/v1_sgtm_000339.csv
finalizar
