inicializar --t 360
agregarAgente --SaltoGrande
0
1681415995.0
5942.0 5976.0 6010.0 6044.0 6077.0 6075.0 6074.0 6072.0 6071.0 6069.0 6068.0 6066.0 6063.0 6062.0 6060.0 6059.0 6057.0 6056.0 6054.0 6053.0 6050.0 6048.0 6047.0 6045.0 6044.0 6042.0 6041.0 6039.0 6020.0 6003.0 5985.0 5967.0 5949.0 5932.0 5914.0 5896.0 5861.0 5843.0 5825.0 5807.0 5790.0 5772.0 5754.0 5736.0 5701.0 5683.0 5665.0 5648.0 5630.0 5612.0 5594.0 5577.0 5528.0 5497.0 5467.0 5436.0 5405.0 5374.0 5343.0 5312.0 5251.0 5220.0 5189.0 5158.0 5128.0 5097.0 5066.0 5035.0 4974.0 4943.0 4912.0 4881.0 4850.0 4819.0 4789.0 4758.0 4701.0 4675.0 4650.0 4624.0 4598.0 4572.0 4546.0 4520.0 4469.0 4443.0 4417.0 4391.0 4366.0 4340.0 4314.0 4288.0 4237.0 4211.0 4185.0 4159.0 4133.0 4107.0 4082.0 4056.0 4016.0 4003.0 3989.0 3976.0 3962.0 3949.0 3935.0 3922.0 3894.0 3881.0 3867.0 3854.0 3840.0 3827.0 3813.0 3800.0 3772.0 3759.0 3745.0 3732.0 3718.0 3705.0 3691.0 3678.0 3644.0 3623.0 3603.0 3583.0 3562.0 3542.0 3522.0 3501.0 3461.0 3440.0 3420.0 3400.0 3379.0 3359.0 3339.0 3318.0 3278.0 3257.0 3237.0 3217.0 3196.0 3176.0 3156.0 3135.0 3094.0 3073.0 3053.0 3032.0 3011.0 2990.0 2970.0 2949.0 2907.0 2886.0 2866.0 2845.0 2824.0 2803.0 2783.0 2762.0 2720.0 2699.0 2679.0 2658.0 2637.0 2616.0 2596.0 2575.0 2541.0 2527.0 2514.0 2500.0 2487.0 2473.0 2460.0 2446.0 2419.0 2406.0 2392.0 2379.0 2365.0 2352.0 2338.0 2325.0 2298.0 2284.0 2271.0 2257.0 2244.0 2230.0 2217.0 2203.0 2183.0 2175.0 2168.0 2160.0 2153.0 2146.0 2138.0 2131.0 2116.0 2109.0 2101.0 2094.0 2086.0 2079.0 2071.0 2064.0 2049.0 2042.0 2034.0 2027.0 2020.0 2012.0 2005.0 1997.0 1985.0 1981.0 1976.0 1972.0 1967.0 1962.0 1958.0 1953.0 1944.0 1939.0 1935.0 1930.0 1926.0 1921.0 1917.0 1912.0 1903.0 1898.0 1894.0 1889.0 1884.0 1880.0 1875.0 1871.0 1864.0 1862.0 1861.0 1859.0 1857.0 1855.0 1854.0 1852.0 1848.0 1846.0 1845.0 1843.0 1841.0 1839.0 1838.0 1836.0 1832.0 1830.0 1829.0 1827.0 1825.0 1823.0 1822.0 1820.0 1820.0 1822.0 1824.0 1826.0 1829.0 1831.0 1833.0 1835.0 1839.0 1841.0 1843.0 1845.0 1848.0 1850.0 1852.0 1854.0 1858.0 1860.0 1862.0 1864.0 1867.0 1869.0 1871.0 1873.0 1878.0 1882.0 1885.0 1888.0 1892.0 1895.0 1899.0 1902.0 1909.0 1912.0 1915.0 1919.0 1922.0 1926.0 1929.0 1932.0 1939.0 1942.0 1946.0 1949.0 1953.0 1956.0 1959.0 1963.0 1969.0 1973.0 1976.0 1980.0 1983.0 1987.0 1990.0 1994.0 2000.0 2004.0 2007.0 2011.0 2014.0 2018.0 2021.0 2025.0 2031.0 2035.0 2038.0 2042.0 2045.0 2049.0 2052.0 2056.0 2055.0 2051.0 2047.0 2043.0 2039.0 2035.0 2030.0 2026.0 2018.0 2014.0 2010.0 2006.0 2002.0 1998.0 1994.0 1990.0 1982.0 1978.0 1973.0 1969.0
agregarAgente --UnidadTermicaSimple
200.0
100.0
agregarAgente --DemandaFija
349.5 303.6 259.5 259.5 259.5 324.3 390.9 456.6 522.3 588.9 653.7 653.7 653.7 638.4 623.1 607.8 593.4 577.2 561.9 561.9 561.9 497.1 432.3 368.4 303.6 238.8 174.0 174.0 174.0 217.2 259.5 301.8 345.0 387.3 428.7 428.7 428.7 473.7 517.8 561.9 606.9 651.0 696.0 696.0 696.0 595.2 494.4 392.7 291.9 190.2 89.4 89.4 89.4 82.2 74.1 66.9 58.8 51.6 44.4 44.4 44.4 79.5 115.5 151.5 186.6 222.6 258.6 258.6 258.6 239.7 221.7 201.9 183.9 165.0 147.0 147.0 147.0 219.0 291.0 363.0 434.1 507.0 578.1 578.1 578.1 613.2 647.4 681.6 716.7 750.9 785.1 785.1 785.1 693.3 603.3 511.5 419.7 328.8 237.9 237.9 237.9 289.2 342.3 393.6 444.9 497.1 548.4 548.4 548.4 498.9 447.6 397.2 347.7 296.4 246.0 246.0 246.0 211.8 178.5 145.2 111.9 77.7 44.4 44.4 44.4 66.9 90.3 113.7 137.1 159.6 183.0 183.0 183.0 258.6 333.3 408.9 484.5 559.2 635.7 635.7 635.7 540.3 444.9 350.4 255.0 159.6 64.2 64.2 64.2 63.3 62.4 62.4 61.5 60.6 60.6 60.6 60.6 167.7 275.7 383.7 491.7 599.7 705.9 705.9 705.9 660.0 614.1 567.3 521.4 474.6 427.8 427.8 427.8 480.0 531.3 582.6 634.8 685.2 737.4 737.4 737.4 741.9 745.5 750.0 753.6 758.1 761.7 761.7 761.7 676.2 592.5 507.0 421.5 336.0 252.3 252.3 252.3 345.9 439.5 534.0 628.5 723.0 816.6 816.6 816.6 789.6 762.6 736.5 709.5 681.6 655.5 655.5 655.5 568.2 481.8 395.4 308.1 221.7 135.3 135.3 135.3 228.9 321.6 415.2 509.7 603.3 696.0 696.0 696.0 721.2 744.6 768.9 792.3 816.6 840.9 840.9 840.9 750.0 659.1 568.2 478.2 387.3 296.4 296.4 296.4 417.0 536.7 657.3 777.9 897.6 1018.2 1018.2 1018.2 960.6 901.2 843.6 785.1 727.5 669.0 669.0 669.0 602.4 534.9 468.3 400.8 333.3 266.7 266.7 266.7 284.7 303.6 321.6 340.5 359.4 377.4 377.4 377.4 395.4 413.4 431.4 449.4 468.3 486.3 486.3 486.3 462.9 437.7 414.3 390.0 366.6 342.3 342.3 342.3 314.4 286.5 258.6 231.6 202.8 174.9 174.9 174.9 201.0 227.1 252.3 277.5 302.7 327.9 327.9 327.9 330.6 333.3 336.0 339.6 342.3 345.0 345.0 345.0 386.4 426.9 469.2 510.6 551.1 593.4 593.4 593.4 644.7 695.1 747.3 797.7 849.9 900.3 900.3 900.3 813.0 725.7 637.5 549.3 462.0 373.8 373.8 373.8 448.5 523.2 598.8 672.6 748.2 822.0 822.0 822.0 786.9 751.8 717.6 681.6 646.5 611.4 611.4 611.4 521.4 432.3 343.2
crearDespacho --mercado --conDemandaTotal
4
0.02 0.07 0.145 1.0
370.0 600.0 2400.0 4000.0
533.01 463.01 395.75 395.75 395.75 494.58 596.15 696.34 796.54 898.11 996.93 996.93 996.93 973.6 950.26 926.93 904.97 880.26 856.93 856.93 856.93 758.11 659.28 561.83 463.01 364.18 265.36 265.36 265.36 331.24 395.75 460.26 526.15 590.66 653.79 653.79 653.79 722.42 789.68 856.93 925.56 992.81 1061.44 1061.44 1061.44 907.72 753.99 598.89 445.16 290.07 136.34 136.34 136.34 125.36 113.01 102.03 89.67 78.69 67.71 67.71 67.71 121.24 176.14 231.05 284.58 339.48 394.38 394.38 394.38 365.56 338.11 307.91 280.46 251.63 224.18 224.18 224.18 333.99 443.79 553.6 662.03 773.2 881.64 881.64 881.64 935.17 987.32 1039.48 1093.01 1145.17 1197.32 1197.32 1197.32 1057.32 920.07 780.07 640.07 501.44 362.81 362.81 362.81 441.05 522.03 600.26 678.5 758.11 836.34 836.34 836.34 760.85 682.62 605.75 530.26 452.03 375.16 375.16 375.16 323.01 272.22 221.44 170.65 118.5 67.71 67.71 67.71 102.03 137.71 173.4 209.09 243.4 279.09 279.09 279.09 394.38 508.3 623.6 738.89 852.81 969.48 969.48 969.48 823.99 678.5 534.38 388.89 243.4 97.91 97.91 97.91 96.54 95.16 95.16 93.79 92.42 92.42 92.42 92.42 255.75 420.46 585.17 749.87 914.58 1076.54 1076.54 1076.54 1006.54 936.54 865.17 795.17 723.79 652.42 652.42 652.42 732.03 810.26 888.5 968.11 1044.97 1124.58 1124.58 1124.58 1131.44 1136.93 1143.79 1149.28 1156.15 1161.64 1161.64 1161.64 1031.24 903.6 773.2 642.81 512.42 384.77 384.77 384.77 527.52 670.26 814.38 958.5 1102.62 1245.36 1245.36 1245.36 1204.19 1163.01 1123.21 1082.03 1039.48 999.68 999.68 999.68 866.54 734.77 603.01 469.87 338.11 206.34 206.34 206.34 349.09 490.46 633.2 777.32 920.07 1061.44 1061.44 1061.44 1099.87 1135.56 1172.62 1208.3 1245.36 1282.42 1282.42 1282.42 1143.79 1005.17 866.54 729.28 590.66 452.03 452.03 452.03 635.95 818.5 1002.42 1186.34 1368.89 1552.82 1552.82 1552.82 1464.97 1374.38 1286.54 1197.32 1109.48 1020.26 1020.26 1020.26 918.7 815.75 714.19 611.24 508.3 406.73 406.73 406.73 434.18 463.01 490.46 519.28 548.11 575.56 575.56 575.56 603.01 630.46 657.91 685.36 714.19 741.64 741.64 741.64 705.95 667.52 631.83 594.77 559.09 522.03 522.03 522.03 479.48 436.93 394.38 353.2 309.28 266.73 266.73 266.73 306.54 346.34 384.77 423.2 461.64 500.07 500.07 500.07 504.18 508.3 512.42 517.91 522.03 526.15 526.15 526.15 589.28 651.05 715.56 778.7 840.46 904.97 904.97 904.97 983.21 1060.07 1139.68 1216.54 1296.15 1373.01 1373.01 1373.01 1239.87 1106.74 972.23 837.71 704.58 570.07 570.07 570.07 683.99 797.91 913.21 1025.75 1141.05 1253.6 1253.6 1253.6 1200.07 1146.54 1094.38 1039.48 985.95 932.42 932.42 932.42 795.17 659.28 523.4
configurarSolver --Gurobi
resolver --noConstante ejecuciones/bancos/recombinados/v1/directo/sgtm/v1_sgtm_000011.csv
finalizar
