inicializar --t 360
agregarAgente --SaltoGrande
0.002545
2688826244.0
2958.0 2954.0 2950.0 2945.0 2950.0 2958.0 2967.0 2976.0 2984.0 2993.0 3001.0 3010.0 3027.0 3036.0 3045.0 3053.0 3062.0 3070.0 3079.0 3088.0 3105.0 3114.0 3122.0 3131.0 3139.0 3148.0 3157.0 3165.0 3161.0 3149.0 3136.0 3123.0 3110.0 3098.0 3085.0 3072.0 3047.0 3034.0 3022.0 3009.0 2996.0 2983.0 2971.0 2958.0 2933.0 2920.0 2907.0 2895.0 2882.0 2869.0 2856.0 2844.0 2810.0 2789.0 2769.0 2748.0 2727.0 2706.0 2686.0 2665.0 2623.0 2602.0 2582.0 2561.0 2540.0 2519.0 2499.0 2478.0 2436.0 2415.0 2395.0 2374.0 2353.0 2332.0 2312.0 2291.0 2284.0 2299.0 2313.0 2327.0 2342.0 2356.0 2370.0 2385.0 2413.0 2428.0 2442.0 2456.0 2471.0 2485.0 2499.0 2514.0 2542.0 2557.0 2571.0 2585.0 2600.0 2614.0 2628.0 2643.0 2676.0 2695.0 2714.0 2733.0 2752.0 2771.0 2790.0 2809.0 2847.0 2866.0 2885.0 2904.0 2924.0 2943.0 2962.0 2981.0 3019.0 3038.0 3057.0 3076.0 3095.0 3114.0 3133.0 3152.0 3183.0 3194.0 3206.0 3217.0 3229.0 3240.0 3252.0 3263.0 3286.0 3298.0 3309.0 3321.0 3332.0 3344.0 3355.0 3367.0 3390.0 3401.0 3413.0 3424.0 3436.0 3447.0 3459.0 3470.0 3485.0 3489.0 3492.0 3496.0 3499.0 3503.0 3506.0 3510.0 3516.0 3520.0 3523.0 3527.0 3530.0 3534.0 3537.0 3541.0 3547.0 3551.0 3554.0 3558.0 3561.0 3565.0 3568.0 3572.0 3565.0 3556.0 3546.0 3536.0 3526.0 3517.0 3507.0 3497.0 3478.0 3468.0 3458.0 3448.0 3439.0 3429.0 3419.0 3409.0 3390.0 3380.0 3370.0 3361.0 3351.0 3341.0 3331.0 3322.0 3351.0 3390.0 3428.0 3467.0 3506.0 3545.0 3583.0 3622.0 3700.0 3739.0 3777.0 3816.0 3855.0 3894.0 3932.0 3971.0 4049.0 4088.0 4126.0 4165.0 4204.0 4243.0 4281.0 4320.0 4520.0 4680.0 4841.0 5002.0 5163.0 5323.0 5484.0 5645.0 5966.0 6127.0 6288.0 6449.0 6609.0 6770.0 6931.0 7092.0 7413.0 7574.0 7735.0 7895.0 8056.0 8217.0 8378.0 8538.0 8774.0 8850.0 8925.0 9000.0 9075.0 9151.0 9226.0 9301.0 9452.0 9527.0 9602.0 9677.0 9753.0 9828.0 9903.0 9978.0 10129.0 10204.0 10279.0 10355.0 10430.0 10505.0 10580.0 10656.0 10773.0 10814.0 10856.0 10897.0 10939.0 10981.0 11022.0 11064.0 11147.0 11189.0 11230.0 11272.0 11313.0 11355.0 11396.0 11438.0 11521.0 11563.0 11604.0 11646.0 11688.0 11729.0 11771.0 11812.0 11871.0 11888.0 11904.0 11921.0 11938.0 11955.0 11971.0 11988.0 12022.0 12039.0 12055.0 12072.0 12089.0 12106.0 12122.0 12139.0 12173.0 12190.0 12206.0 12223.0 12240.0 12257.0 12273.0 12290.0 12308.0 12310.0 12311.0 12313.0 12314.0 12316.0 12317.0 12319.0 12321.0 12323.0 12324.0 12326.0 12327.0 12329.0 12330.0 12332.0 12334.0 12336.0 12337.0 12339.0 12340.0 12342.0 12343.0 12345.0 12357.0 12367.0 12378.0 12389.0 12399.0 12410.0 12420.0 12431.0 12452.0 12463.0 12474.0 12484.0 12495.0 12505.0 12516.0 12527.0 12548.0 12559.0 12569.0 12580.0
agregarAgente --UnidadTermicaSimple
200.0
100.0
agregarAgente --DemandaFija
219.0 190.2 162.3 162.3 162.3 228.9 295.5 362.1 428.7 495.3 561.9 561.9 561.9 516.0 471.0 424.2 379.2 332.4 286.5 286.5 286.5 246.9 205.5 165.9 125.4 84.0 44.4 44.4 44.4 70.5 97.5 124.5 150.6 177.6 203.7 203.7 203.7 290.1 376.5 462.9 548.4 634.8 721.2 721.2 721.2 695.1 670.8 645.6 621.3 596.1 570.9 570.9 570.9 595.2 618.6 642.0 665.4 688.8 714.0 714.0 714.0 714.0 714.0 714.9 714.9 715.8 715.8 715.8 715.8 606.9 498.0 389.1 280.2 170.4 61.5 61.5 61.5 94.8 126.3 157.8 190.2 222.6 255.0 255.0 255.0 305.4 356.7 408.0 458.4 510.6 561.0 561.0 561.0 586.2 610.5 634.8 659.1 683.4 708.6 708.6 708.6 751.8 794.1 838.2 881.4 923.7 967.8 967.8 967.8 969.6 971.4 974.1 975.9 977.7 980.4 980.4 980.4 929.1 878.7 827.4 777.0 726.6 675.3 675.3 675.3 714.0 750.9 788.7 825.6 863.4 901.2 901.2 901.2 933.6 966.9 999.3 1031.7 1064.1 1097.4 1097.4 1097.4 967.8 839.1 709.5 579.9 450.3 321.6 321.6 321.6 370.2 417.9 467.4 515.1 562.8 612.3 612.3 612.3 660.0 709.5 758.1 806.7 856.2 904.8 904.8 904.8 865.2 825.6 786.9 747.3 708.6 668.1 668.1 668.1 704.1 741.0 777.0 813.0 849.0 885.0 885.0 885.0 892.2 898.5 905.7 912.9 919.2 926.4 926.4 926.4 844.5 761.7 678.9 597.9 515.1 432.3 432.3 432.3 482.7 533.1 582.6 633.9 683.4 733.8 733.8 733.8 713.1 691.5 670.8 650.1 628.5 607.8 607.8 607.8 550.2 492.6 435.0 377.4 318.9 262.2 262.2 262.2 320.7 379.2 437.7 497.1 555.6 615.0 615.0 615.0 597.0 579.0 561.9 544.8 527.7 510.6 510.6 510.6 455.7 401.7 347.7 292.8 238.8 183.9 183.9 183.9 245.1 304.5 365.7 426.0 487.2 546.6 546.6 546.6 579.0 612.3 644.7 677.1 710.4 743.7 743.7 743.7 678.0 613.2 548.4 483.6 418.8 354.0 354.0 354.0 405.3 455.7 507.0 558.3 609.6 660.0 660.0 660.0 653.7 647.4 641.1 634.8 627.6 621.3 621.3 621.3 574.5 527.7 480.9 434.1 387.3 341.4 341.4 341.4 361.2 381.0 400.8 420.6 440.4 460.2 460.2 460.2 456.6 453.9 450.3 446.7 444.0 440.4 440.4 440.4 408.0 375.6 344.1 310.8 278.4 246.0 246.0 246.0 305.4 366.6 426.0 487.2 546.6 606.9 606.9 606.9 603.3 598.8 595.2 590.7 587.1 581.7 581.7 581.7 535.8 489.9 444.0 398.1 352.2 305.4 305.4 305.4 379.2 451.2 525.0 597.9 670.8 743.7 743.7 743.7 757.2 769.8 783.3 796.8 809.4 822.9 822.9 822.9 759.0 693.3 629.4
crearDespacho --mercado --conDemandaTotal
4
0.02 0.07 0.145 1.0
370.0 600.0 2400.0 4000.0
269.98 234.47 200.08 200.08 200.08 282.18 364.28 446.39 528.49 610.59 692.69 692.69 692.69 636.11 580.63 522.94 467.47 409.77 353.19 353.19 353.19 304.37 253.33 204.52 154.59 103.55 54.73 54.73 54.73 86.91 120.19 153.48 185.65 218.94 251.12 251.12 251.12 357.63 464.14 570.65 676.05 782.56 889.07 889.07 889.07 856.9 826.94 795.88 765.92 734.85 703.79 703.79 703.79 733.74 762.59 791.44 820.28 849.13 880.2 880.2 880.2 880.2 880.2 881.31 881.31 882.42 882.42 882.42 882.42 748.17 613.92 479.67 345.42 210.06 75.82 75.82 75.82 116.87 155.7 194.53 234.47 274.41 314.36 314.36 314.36 376.49 439.73 502.97 565.1 629.45 691.58 691.58 691.58 722.65 752.61 782.56 812.52 842.47 873.54 873.54 873.54 926.8 978.94 1033.31 1086.56 1138.71 1193.07 1193.07 1193.07 1195.29 1197.51 1200.84 1203.06 1205.28 1208.61 1208.61 1208.61 1145.37 1083.23 1019.99 957.86 895.73 832.49 832.49 832.49 880.2 925.69 972.28 1017.77 1064.37 1110.97 1110.97 1110.97 1150.91 1191.96 1231.91 1271.85 1311.79 1352.84 1352.84 1352.84 1193.07 1034.42 874.65 714.88 555.12 396.46 396.46 396.46 456.37 515.17 576.2 635.0 693.8 754.82 754.82 754.82 813.63 874.65 934.56 994.47 1055.5 1115.41 1115.41 1115.41 1066.59 1017.77 970.07 921.25 873.54 823.61 823.61 823.61 867.99 913.48 957.86 1002.24 1046.62 1091.0 1091.0 1091.0 1099.88 1107.64 1116.52 1125.39 1133.16 1142.04 1142.04 1142.04 1041.07 939.0 836.93 737.07 635.0 532.93 532.93 532.93 595.06 657.19 718.21 781.45 842.47 904.61 904.61 904.61 879.09 852.46 826.94 801.42 774.8 749.28 749.28 749.28 678.27 607.26 536.25 465.25 393.13 323.23 323.23 323.23 395.35 467.47 539.58 612.81 684.93 758.15 758.15 758.15 735.96 713.77 692.69 671.61 650.53 629.45 629.45 629.45 561.77 495.2 428.63 360.95 294.39 226.71 226.71 226.71 302.15 375.38 450.82 525.16 600.6 673.83 673.83 673.83 713.77 754.82 794.77 834.71 875.76 916.81 916.81 916.81 835.82 755.93 676.05 596.17 516.28 436.4 436.4 436.4 499.64 561.77 625.01 688.25 751.5 813.63 813.63 813.63 805.86 798.09 790.33 782.56 773.69 765.92 765.92 765.92 708.23 650.53 592.84 535.14 477.45 420.87 420.87 420.87 445.28 469.68 494.09 518.5 542.91 567.32 567.32 567.32 562.88 559.55 555.12 550.68 547.35 542.91 542.91 542.91 502.97 463.03 424.2 383.14 343.2 303.26 303.26 303.26 376.49 451.93 525.16 600.6 673.83 748.17 748.17 748.17 743.73 738.18 733.74 728.2 723.76 717.1 717.1 717.1 660.52 603.93 547.35 490.77 434.18 376.49 376.49 376.49 467.47 556.23 647.2 737.07 826.94 916.81 916.81 916.81 933.45 948.99 965.63 982.27 997.8 1014.45 1014.45 1014.45 935.67 854.68 775.9
configurarSolver --Gurobi
resolver --noConstante ejecuciones/bancos/recombinados/v1/directo/sgtm/v1_sgtm_000166.csv
finalizar
