inicializar --t 360
agregarAgente --SaltoGrande
0.00323
1696918051.0
2524.0 2527.0 2529.0 2532.0 2550.0 2566.0 2582.0 2598.0 2613.0 2629.0 2645.0 2661.0 2693.0 2709.0 2725.0 2741.0 2756.0 2772.0 2788.0 2804.0 2836.0 2852.0 2868.0 2884.0 2899.0 2915.0 2931.0 2947.0 2992.0 3022.0 3051.0 3080.0 3110.0 3139.0 3169.0 3198.0 3257.0 3286.0 3315.0 3345.0 3374.0 3404.0 3433.0 3462.0 3521.0 3550.0 3580.0 3609.0 3639.0 3668.0 3697.0 3727.0 3836.0 3916.0 3996.0 4076.0 4156.0 4236.0 4315.0 4395.0 4555.0 4635.0 4715.0 4795.0 4875.0 4955.0 5035.0 5115.0 5275.0 5355.0 5434.0 5514.0 5594.0 5674.0 5754.0 5834.0 5880.0 5847.0 5813.0 5780.0 5746.0 5713.0 5679.0 5646.0 5578.0 5545.0 5511.0 5478.0 5444.0 5411.0 5377.0 5344.0 5276.0 5243.0 5209.0 5176.0 5142.0 5109.0 5075.0 5042.0 5002.0 4996.0 4990.0 4984.0 4977.0 4971.0 4965.0 4959.0 4947.0 4941.0 4935.0 4929.0 4922.0 4916.0 4910.0 4904.0 4892.0 4886.0 4880.0 4874.0 4867.0 4861.0 4855.0 4849.0 4844.0 4844.0 4845.0 4846.0 4847.0 4847.0 4848.0 4849.0 4850.0 4851.0 4852.0 4853.0 4853.0 4854.0 4855.0 4856.0 4857.0 4858.0 4859.0 4859.0 4860.0 4861.0 4862.0 4862.0 4892.0 4921.0 4950.0 4979.0 5008.0 5037.0 5066.0 5095.0 5153.0 5182.0 5211.0 5240.0 5268.0 5297.0 5326.0 5355.0 5413.0 5442.0 5471.0 5500.0 5529.0 5558.0 5587.0 5616.0 5694.0 5743.0 5793.0 5842.0 5891.0 5940.0 5989.0 6038.0 6137.0 6186.0 6235.0 6284.0 6334.0 6383.0 6432.0 6481.0 6580.0 6629.0 6678.0 6727.0 6776.0 6825.0 6875.0 6924.0 7007.0 7041.0 7076.0 7110.0 7144.0 7178.0 7212.0 7246.0 7315.0 7349.0 7383.0 7417.0 7452.0 7486.0 7520.0 7554.0 7623.0 7657.0 7691.0 7725.0 7759.0 7793.0 7828.0 7862.0 7929.0 7962.0 7996.0 8029.0 8062.0 8095.0 8129.0 8162.0 8228.0 8261.0 8295.0 8328.0 8361.0 8394.0 8428.0 8461.0 8527.0 8560.0 8594.0 8627.0 8660.0 8693.0 8727.0 8760.0 8809.0 8826.0 8842.0 8858.0 8874.0 8891.0 8907.0 8923.0 8956.0 8972.0 8989.0 9005.0 9021.0 9037.0 9054.0 9070.0 9103.0 9119.0 9135.0 9152.0 9168.0 9184.0 9200.0 9217.0 9234.0 9236.0 9237.0 9239.0 9240.0 9242.0 9243.0 9245.0 9248.0 9249.0 9251.0 9252.0 9254.0 9255.0 9257.0 9258.0 9261.0 9263.0 9264.0 9266.0 9267.0 9269.0 9270.0 9272.0 9239.0 9205.0 9172.0 9138.0 9104.0 9070.0 9037.0 9003.0 8935.0 8901.0 8868.0 8834.0 8800.0 8766.0 8733.0 8699.0 8631.0 8597.0 8564.0 8530.0 8496.0 8462.0 8429.0 8395.0 8324.0 8287.0 8250.0 8213.0 8177.0 8140.0 8103.0 8066.0 7992.0 7955.0 7918.0 7881.0 7845.0 7808.0 7771.0 7734.0 7660.0 7623.0 7586.0 7549.0 7513.0 7476.0 7439.0 7402.0 7332.0 7298.0 7265.0 7231.0 7198.0 7164.0 7131.0 7097.0 7030.0 6997.0 6963.0 6930.0 6896.0 6863.0 6829.0 6796.0 6729.0 6695.0 6662.0 6628.0
agregarAgente --UnidadTermicaSimple
200.0
100.0
agregarAgente --DemandaFija
196.2 167.4 138.6 138.6 138.6 150.6 162.6 174.6 186.0 198.0 210.6 210.6 210.6 219.0 227.4 235.8 244.2 252.0 260.4 260.4 260.4 220.8 180.0 140.4 99.6 60.0 19.8 19.8 19.8 62.4 105.0 147.6 190.2 232.8 275.4 275.4 275.4 297.0 317.4 338.4 359.4 381.0 402.0 402.0 402.0 414.6 427.8 441.0 454.2 467.4 480.6 480.6 480.6 506.4 531.6 558.0 583.8 609.6 635.4 635.4 635.4 648.0 660.6 672.6 685.2 698.4 710.4 710.4 710.4 663.0 615.6 567.6 519.6 472.8 424.8 424.8 424.8 454.8 484.2 514.2 544.2 573.6 603.0 603.0 603.0 604.8 606.6 608.4 610.2 612.0 613.8 613.8 613.8 565.8 517.2 469.2 421.2 373.2 324.6 324.6 324.6 343.8 362.4 382.2 400.8 420.0 438.6 438.6 438.6 421.8 404.4 387.6 370.8 352.8 336.0 336.0 336.0 306.0 275.4 245.4 215.4 184.8 154.8 154.8 154.8 162.0 168.6 175.2 181.8 188.4 195.0 195.0 195.0 199.2 202.8 207.0 211.2 214.8 219.0 219.0 219.0 183.6 148.8 114.0 79.2 44.4 9.6 9.6 9.6 13.2 17.4 21.0 25.2 28.8 33.0 33.0 33.0 48.6 63.6 78.0 93.0 108.0 123.6 123.6 123.6 105.0 87.0 69.0 51.6 33.0 15.0 15.0 15.0 85.2 155.4 225.6 295.2 364.8 435.0 435.0 435.0 414.0 393.0 372.0 350.4 329.4 308.4 308.4 308.4 295.2 280.8 267.6 254.4 240.6 227.4 227.4 227.4 301.2 375.0 448.2 522.6 596.4 670.2 670.2 670.2 684.0 698.4 712.8 726.6 740.4 754.8 754.8 754.8 714.6 674.4 634.8 594.0 554.4 514.2 514.2 514.2 531.6 550.2 568.2 585.6 603.6 622.2 622.2 622.2 586.8 552.0 517.2 482.4 447.0 412.8 412.8 412.8 370.2 326.4 283.2 240.6 197.4 154.8 154.8 154.8 162.0 169.8 177.0 184.8 192.0 199.8 199.8 199.8 217.2 234.6 252.0 268.8 286.2 303.6 303.6 303.6 289.2 274.2 259.8 244.8 230.4 216.0 216.0 216.0 246.6 277.8 309.0 340.2 371.4 402.6 402.6 402.6 446.4 490.8 535.2 579.6 624.0 667.8 667.8 667.8 636.0 603.6 571.8 540.0 508.2 476.4 476.4 476.4 484.2 491.4 499.2 507.0 514.8 522.6 522.6 522.6 496.8 471.0 445.2 419.4 393.6 367.2 367.2 367.2 315.6 262.8 211.2 159.0 106.2 54.6 54.6 54.6 127.8 199.8 273.0 345.6 418.8 492.0 492.0 492.0 510.0 528.0 546.6 564.6 582.6 600.6 600.6 600.6 543.0 484.2 426.0 367.8 310.2 251.4 251.4 251.4 288.0 323.4 359.4 395.4 431.4 467.4 467.4 467.4 457.8 447.0 436.8 426.6 417.0 406.8 406.8 406.8 352.2 297.6 243.0
crearDespacho --mercado --conDemandaTotal
4
0.02 0.07 0.145 1.0
370.0 600.0 2400.0 4000.0
385.38 328.81 272.24 272.24 272.24 295.81 319.38 342.95 365.34 388.91 413.66 413.66 413.66 430.16 446.66 463.16 479.66 494.98 511.48 511.48 511.48 433.7 353.56 275.78 195.64 117.85 38.89 38.89 38.89 122.57 206.24 289.92 373.59 457.27 540.94 540.94 540.94 583.37 623.44 664.69 705.94 748.37 789.61 789.61 789.61 814.36 840.29 866.22 892.15 918.07 944.0 944.0 944.0 994.68 1044.18 1096.03 1146.71 1197.39 1248.06 1248.06 1248.06 1272.81 1297.56 1321.13 1345.88 1371.81 1395.38 1395.38 1395.38 1302.27 1209.17 1114.89 1020.61 928.68 834.4 834.4 834.4 893.33 951.07 1010.0 1068.93 1126.67 1184.42 1184.42 1184.42 1187.96 1191.49 1195.03 1198.56 1202.1 1205.64 1205.64 1205.64 1111.35 1015.89 921.61 827.33 733.05 637.58 637.58 637.58 675.3 711.83 750.72 787.26 824.97 861.5 861.5 861.5 828.51 794.33 761.33 728.33 692.98 659.98 659.98 659.98 601.05 540.94 482.02 423.09 362.99 304.06 304.06 304.06 318.2 331.17 344.13 357.09 370.06 383.02 383.02 383.02 391.27 398.34 406.59 414.84 421.91 430.16 430.16 430.16 360.63 292.28 223.92 155.57 87.21 18.86 18.86 18.86 25.93 34.18 41.25 49.5 56.57 64.82 64.82 64.82 95.46 124.92 153.21 182.67 212.14 242.78 242.78 242.78 206.24 170.89 135.53 101.35 64.82 29.46 29.46 29.46 167.35 305.24 443.13 579.84 716.55 854.43 854.43 854.43 813.19 771.94 730.69 688.26 647.01 605.76 605.76 605.76 579.84 551.55 525.62 499.7 472.59 446.66 446.66 446.66 591.62 736.58 880.36 1026.5 1171.46 1316.42 1316.42 1316.42 1343.52 1371.81 1400.09 1427.2 1454.31 1482.59 1482.59 1482.59 1403.63 1324.67 1246.88 1166.74 1088.96 1010.0 1010.0 1010.0 1044.18 1080.71 1116.07 1150.24 1185.6 1222.13 1222.13 1222.13 1152.6 1084.25 1015.89 947.54 878.0 810.83 810.83 810.83 727.15 641.12 556.27 472.59 387.74 304.06 304.06 304.06 318.2 333.52 347.67 362.99 377.13 392.45 392.45 392.45 426.63 460.8 494.98 527.98 562.16 596.34 596.34 596.34 568.05 538.59 510.3 480.84 452.56 424.27 424.27 424.27 484.38 545.66 606.94 668.23 729.51 790.79 790.79 790.79 876.83 964.04 1051.25 1138.46 1225.67 1311.7 1311.7 1311.7 1249.24 1185.6 1123.14 1060.68 998.21 935.75 935.75 935.75 951.07 965.22 980.54 995.86 1011.18 1026.5 1026.5 1026.5 975.82 925.15 874.47 823.79 773.12 721.26 721.26 721.26 619.91 516.2 414.84 312.31 208.6 107.25 107.25 107.25 251.03 392.45 536.23 678.83 822.61 966.39 966.39 966.39 1001.75 1037.11 1073.64 1109.0 1144.35 1179.71 1179.71 1179.71 1066.57 951.07 836.76 722.44 609.3 493.8 493.8 493.8 565.69 635.23 705.94 776.65 847.36 918.07 918.07 918.07 899.22 878.0 857.97 837.93 819.08 799.04 799.04 799.04 691.8 584.55 477.3
configurarSolver --Gurobi
resolver --noConstante ejecuciones/bancos/recombinados/v1/directo/sgtm/v1_sgtm_000315.csv
finalizar
