inicializar --t 360
agregarAgente --SaltoGrande
0.001251
1731181336.0
1965.0 1961.0 1957.0 1953.0 1947.0 1946.0 1944.0 1943.0 1941.0 1939.0 1938.0 1936.0 1933.0 1931.0 1930.0 1928.0 1927.0 1925.0 1924.0 1922.0 1919.0 1917.0 1916.0 1914.0 1912.0 1911.0 1909.0 1908.0 1908.0 1909.0 1911.0 1913.0 1915.0 1916.0 1918.0 1920.0 1923.0 1925.0 1926.0 1928.0 1930.0 1932.0 1933.0 1935.0 1938.0 1940.0 1942.0 1943.0 1945.0 1947.0 1949.0 1950.0 1961.0 1971.0 1980.0 1989.0 1999.0 2008.0 2018.0 2027.0 2046.0 2055.0 2064.0 2074.0 2083.0 2093.0 2102.0 2111.0 2130.0 2139.0 2149.0 2158.0 2168.0 2177.0 2186.0 2196.0 2212.0 2219.0 2226.0 2233.0 2240.0 2247.0 2255.0 2262.0 2276.0 2283.0 2290.0 2297.0 2304.0 2311.0 2318.0 2325.0 2339.0 2346.0 2354.0 2361.0 2368.0 2375.0 2382.0 2389.0 2395.0 2393.0 2392.0 2391.0 2389.0 2388.0 2387.0 2385.0 2383.0 2381.0 2380.0 2379.0 2377.0 2376.0 2375.0 2373.0 2371.0 2369.0 2368.0 2367.0 2365.0 2364.0 2363.0 2361.0 2358.0 2356.0 2354.0 2351.0 2349.0 2347.0 2345.0 2343.0 2339.0 2336.0 2334.0 2332.0 2330.0 2328.0 2326.0 2323.0 2319.0 2317.0 2315.0 2313.0 2311.0 2308.0 2306.0 2304.0 2308.0 2314.0 2320.0 2326.0 2331.0 2337.0 2343.0 2349.0 2361.0 2367.0 2373.0 2379.0 2384.0 2390.0 2396.0 2402.0 2414.0 2420.0 2426.0 2432.0 2437.0 2443.0 2449.0 2455.0 2449.0 2437.0 2425.0 2413.0 2401.0 2389.0 2378.0 2366.0 2342.0 2330.0 2318.0 2306.0 2294.0 2282.0 2270.0 2258.0 2234.0 2222.0 2211.0 2199.0 2187.0 2175.0 2163.0 2151.0 2134.0 2128.0 2123.0 2117.0 2112.0 2106.0 2101.0 2095.0 2084.0 2079.0 2073.0 2068.0 2062.0 2057.0 2051.0 2046.0 2035.0 2029.0 2024.0 2018.0 2013.0 2007.0 2002.0 1996.0 1993.0 1995.0 1998.0 2000.0 2002.0 2004.0 2006.0 2008.0 2013.0 2015.0 2017.0 2019.0 2022.0 2024.0 2026.0 2028.0 2033.0 2035.0 2037.0 2039.0 2041.0 2043.0 2046.0 2048.0 2063.0 2076.0 2088.0 2101.0 2114.0 2127.0 2140.0 2153.0 2178.0 2191.0 2204.0 2217.0 2229.0 2242.0 2255.0 2268.0 2293.0 2306.0 2319.0 2332.0 2345.0 2358.0 2370.0 2383.0 2402.0 2407.0 2413.0 2419.0 2425.0 2430.0 2436.0 2442.0 2453.0 2459.0 2464.0 2470.0 2476.0 2482.0 2487.0 2493.0 2504.0 2510.0 2516.0 2521.0 2527.0 2533.0 2539.0 2544.0 2569.0 2588.0 2607.0 2627.0 2646.0 2665.0 2684.0 2703.0 2741.0 2761.0 2780.0 2799.0 2818.0 2837.0 2856.0 2876.0 2914.0 2933.0 2952.0 2971.0 2990.0 3010.0 3029.0 3048.0 3087.0 3107.0 3127.0 3147.0 3167.0 3187.0 3206.0 3226.0 3266.0 3286.0 3306.0 3326.0 3346.0 3366.0 3386.0 3406.0 3446.0 3466.0 3485.0 3505.0 3525.0 3545.0 3565.0 3585.0 3641.0 3677.0 3712.0 3748.0 3784.0 3820.0 3856.0 3892.0 3963.0 3999.0 4035.0 4071.0 4106.0 4142.0 4178.0 4214.0 4285.0 4321.0 4357.0 4393.0
agregarAgente --UnidadTermicaSimple
200.0
100.0
agregarAgente --DemandaFija
192.0 171.6 151.2 147.6 147.6 172.2 196.2 219.6 243.6 267.6 291.0 295.8 302.4 283.8 265.2 246.6 228.0 209.4 190.2 192.6 196.2 196.8 197.4 198.0 198.6 199.8 200.4 201.0 204.6 209.4 213.6 218.4 222.6 227.4 232.2 234.6 240.6 241.8 243.6 245.4 247.2 249.0 251.4 253.8 246.0 234.6 223.2 212.4 201.6 190.8 179.4 169.2 154.2 150.6 147.6 144.6 141.6 138.0 134.4 129.6 125.4 129.6 135.0 139.8 144.0 149.4 153.6 154.8 154.2 151.8 149.4 147.0 144.0 141.0 138.6 137.4 135.6 167.4 198.6 231.0 262.8 294.6 326.4 326.4 324.6 318.0 311.4 305.4 299.4 292.8 286.2 284.4 283.8 258.6 232.8 207.0 181.8 156.0 130.8 131.4 133.2 160.8 187.8 216.0 243.6 271.2 298.8 299.4 300.6 295.2 289.8 284.4 278.4 273.0 267.6 268.2 268.2 248.4 228.6 209.4 189.6 169.8 150.0 149.4 150.0 165.0 180.0 194.4 210.6 225.0 240.0 240.6 243.6 255.6 268.2 280.2 292.8 304.8 317.4 318.6 316.8 295.2 274.2 252.0 230.4 208.8 187.8 184.2 181.2 168.0 154.2 141.6 128.4 115.8 102.6 102.6 104.4 118.2 133.2 147.0 161.4 175.2 189.6 190.8 190.2 183.0 176.4 168.6 161.4 154.2 147.0 145.8 150.0 153.0 154.8 157.2 159.6 161.4 163.8 169.8 174.6 180.6 186.6 193.2 199.2 205.2 211.8 211.2 205.8 191.4 177.0 162.0 148.2 133.2 119.4 113.4 111.6 133.8 156.6 179.4 202.2 225.0 247.8 252.0 257.4 265.2 273.0 281.4 289.2 297.0 305.4 305.4 301.8 270.6 240.0 209.4 178.2 147.0 117.0 112.2 108.6 133.8 159.6 185.4 211.2 235.8 262.2 263.4 264.0 263.4 262.8 262.8 262.8 262.2 262.2 261.0 258.6 232.2 207.0 181.2 155.4 129.6 103.8 102.6 100.2 123.6 147.6 171.6 195.0 218.4 243.0 241.8 241.8 243.0 243.6 244.8 246.6 246.6 248.4 249.0 248.4 224.4 200.4 177.0 152.4 128.4 104.4 103.8 103.8 124.2 145.2 166.2 187.2 207.6 228.6 229.8 231.6 240.0 247.8 256.2 264.0 271.8 279.6 280.2 279.0 246.0 214.2 181.8 149.4 117.0 84.6 82.2 81.6 96.6 112.2 127.8 142.8 157.8 173.4 174.6 175.8 183.6 192.0 200.4 208.8 216.6 225.6 225.6 223.8 204.0 184.2 164.4 144.6 124.8 105.6 103.8 102.0 116.4 131.4 145.8 160.8 175.8 190.2 190.2 190.2 204.0 218.4 231.6 245.4 259.2 272.4 273.0 273.0 249.0 225.0 201.6 177.6 153.6 130.2 129.6 129.0 131.4 133.2 135.6 137.4 140.4 142.2 142.2 141.0 162.6 183.0 203.4 223.8 244.8 265.2 264.0 264.6 241.8 219.0 196.8
crearDespacho --mercado --conDemandaTotal
4
0.02 0.07 0.145 1.0
370.0 600.0 2400.0 4000.0
674.35 602.7 531.05 518.41 518.41 604.81 689.1 771.29 855.58 939.87 1022.06 1038.92 1062.1 996.77 931.44 866.12 800.79 735.46 668.03 676.46 689.1 691.21 693.31 695.42 697.53 701.74 703.85 705.96 718.6 735.46 750.21 767.07 781.82 798.68 815.54 823.97 845.04 849.26 855.58 861.9 868.22 874.55 882.98 891.4 864.01 823.97 783.93 746.0 708.07 670.13 630.09 594.27 541.59 528.94 518.41 507.87 497.33 484.69 472.04 455.19 440.43 455.19 474.15 491.01 505.76 524.73 539.48 543.69 541.59 533.16 524.73 516.3 505.76 495.22 486.8 482.58 476.26 587.95 697.53 811.33 923.01 1034.7 1146.39 1146.39 1140.07 1116.89 1093.71 1072.64 1051.56 1028.38 1005.2 998.88 996.77 908.26 817.65 727.03 638.52 547.91 459.4 461.51 467.83 564.77 659.6 758.64 855.58 952.52 1049.46 1051.56 1055.78 1036.81 1017.85 998.88 977.81 958.84 939.87 941.98 941.98 872.44 802.9 735.46 665.92 596.38 526.84 524.73 526.84 579.52 632.2 682.78 739.68 790.25 842.94 845.04 855.58 897.73 941.98 984.13 1028.38 1070.53 1114.78 1119.0 1112.68 1036.81 963.05 885.08 809.22 733.35 659.6 646.95 636.42 590.06 541.59 497.33 450.97 406.72 360.36 360.36 366.68 415.15 467.83 516.3 566.87 615.34 665.92 670.13 668.03 642.74 619.56 592.16 566.87 541.59 516.3 512.08 526.84 537.37 543.69 552.12 560.55 566.87 575.3 596.38 613.24 634.31 655.38 678.56 699.64 720.71 743.89 741.78 722.82 672.24 621.67 568.98 520.51 467.83 419.36 398.29 391.97 469.94 550.02 630.09 710.17 790.25 870.33 885.08 904.05 931.44 958.84 988.34 1015.74 1043.13 1072.64 1072.64 1059.99 950.41 842.94 735.46 625.88 516.3 410.93 394.07 381.43 469.94 560.55 651.17 741.78 828.18 920.91 925.12 927.23 925.12 923.01 923.01 923.01 920.91 920.91 916.69 908.26 815.54 727.03 636.42 545.8 455.19 364.57 360.36 351.93 434.11 518.41 602.7 684.89 767.07 853.47 849.26 849.26 853.47 855.58 859.79 866.12 866.12 872.44 874.55 872.44 788.15 703.85 621.67 535.26 450.97 366.68 364.57 364.57 436.22 509.98 583.73 657.49 729.14 802.9 807.11 813.43 842.94 870.33 899.83 927.23 954.63 982.02 984.13 979.91 864.01 752.32 638.52 524.73 410.93 297.13 288.71 286.6 339.28 394.07 448.86 501.55 554.23 609.02 613.24 617.45 644.85 674.35 703.85 733.35 760.75 792.36 792.36 786.04 716.5 646.95 577.41 507.87 438.33 370.89 364.57 358.25 408.82 461.51 512.08 564.77 617.45 668.03 668.03 668.03 716.5 767.07 813.43 861.9 910.37 956.73 958.84 958.84 874.55 790.25 708.07 623.77 539.48 457.29 455.19 453.08 461.51 467.83 476.26 482.58 493.12 499.44 499.44 495.22 571.09 642.74 714.39 786.04 859.79 931.44 927.23 929.34 849.26 769.18 691.21
configurarSolver --Gurobi
resolver --noConstante ejecuciones/bancos/recombinados/v1/directo/sgtm/v1_sgtm_000016.csv
finalizar
