inicializar --t 360
agregarAgente --SaltoGrande
0.00335
2719162864.0
4902.0 4901.0 4900.0 4900.0 4901.0 4903.0 4905.0 4907.0 4908.0 4910.0 4912.0 4914.0 4918.0 4920.0 4922.0 4924.0 4925.0 4927.0 4929.0 4931.0 4935.0 4937.0 4939.0 4941.0 4942.0 4944.0 4946.0 4948.0 4941.0 4932.0 4923.0 4914.0 4906.0 4897.0 4888.0 4879.0 4861.0 4852.0 4843.0 4834.0 4826.0 4817.0 4808.0 4799.0 4781.0 4772.0 4763.0 4754.0 4746.0 4737.0 4728.0 4719.0 4726.0 4741.0 4757.0 4773.0 4789.0 4804.0 4820.0 4836.0 4867.0 4883.0 4899.0 4915.0 4930.0 4946.0 4962.0 4978.0 5009.0 5025.0 5041.0 5056.0 5072.0 5088.0 5104.0 5119.0 5153.0 5171.0 5189.0 5207.0 5225.0 5243.0 5261.0 5279.0 5315.0 5333.0 5351.0 5369.0 5386.0 5404.0 5422.0 5440.0 5476.0 5494.0 5512.0 5530.0 5548.0 5566.0 5584.0 5602.0 5636.0 5653.0 5669.0 5686.0 5702.0 5718.0 5735.0 5751.0 5784.0 5800.0 5817.0 5833.0 5850.0 5866.0 5883.0 5899.0 5932.0 5948.0 5965.0 5981.0 5997.0 6014.0 6030.0 6047.0 6060.0 6058.0 6055.0 6052.0 6049.0 6047.0 6044.0 6041.0 6036.0 6033.0 6031.0 6028.0 6025.0 6022.0 6020.0 6017.0 6012.0 6009.0 6006.0 6004.0 6001.0 5998.0 5995.0 5993.0 5959.0 5929.0 5898.0 5868.0 5837.0 5807.0 5776.0 5746.0 5685.0 5654.0 5624.0 5593.0 5563.0 5532.0 5502.0 5471.0 5410.0 5380.0 5349.0 5319.0 5288.0 5258.0 5227.0 5197.0 5153.0 5139.0 5126.0 5112.0 5099.0 5085.0 5072.0 5058.0 5031.0 5018.0 5004.0 4991.0 4977.0 4964.0 4950.0 4937.0 4910.0 4896.0 4883.0 4869.0 4856.0 4842.0 4829.0 4815.0 4777.0 4752.0 4728.0 4703.0 4678.0 4653.0 4628.0 4603.0 4554.0 4529.0 4504.0 4479.0 4455.0 4430.0 4405.0 4380.0 4331.0 4306.0 4281.0 4256.0 4231.0 4206.0 4182.0 4157.0 4112.0 4091.0 4071.0 4050.0 4030.0 4009.0 3989.0 3968.0 3927.0 3907.0 3886.0 3866.0 3845.0 3825.0 3804.0 3784.0 3743.0 3722.0 3702.0 3681.0 3661.0 3640.0 3620.0 3599.0 3582.0 3584.0 3587.0 3590.0 3592.0 3595.0 3598.0 3600.0 3606.0 3608.0 3611.0 3614.0 3616.0 3619.0 3622.0 3624.0 3630.0 3632.0 3635.0 3638.0 3640.0 3643.0 3646.0 3648.0 3649.0 3647.0 3645.0 3643.0 3640.0 3638.0 3636.0 3634.0 3630.0 3628.0 3626.0 3624.0 3621.0 3619.0 3617.0 3615.0 3611.0 3609.0 3607.0 3605.0 3602.0 3600.0 3598.0 3596.0 3585.0 3575.0 3566.0 3556.0 3547.0 3537.0 3528.0 3518.0 3500.0 3490.0 3481.0 3471.0 3462.0 3452.0 3443.0 3433.0 3415.0 3405.0 3396.0 3386.0 3377.0 3367.0 3358.0 3348.0 3332.0 3324.0 3317.0 3309.0 3302.0 3294.0 3287.0 3279.0 3264.0 3257.0 3249.0 3242.0 3234.0 3227.0 3219.0 3212.0 3197.0 3189.0 3182.0 3174.0 3167.0 3159.0 3152.0 3144.0 3132.0 3126.0 3121.0 3116.0 3111.0 3105.0 3100.0 3095.0 3084.0 3079.0 3073.0 3068.0 3063.0 3058.0 3052.0 3047.0 3036.0 3031.0 3026.0 3020.0
agregarAgente --UnidadTermicaSimple
200.0
100.0
agregarAgente --DemandaFija
999.3 996.6 993.0 995.7 992.1 996.6 1001.1 1004.7 1009.2 1012.8 1017.3 1011.9 1007.4 1007.4 1007.4 1008.3 1008.3 1009.2 1009.2 1010.1 1009.2 1001.1 993.0 984.9 975.9 967.8 961.5 959.7 961.5 971.4 980.4 990.3 999.3 1009.2 1018.2 1020.9 1026.3 1029.9 1032.6 1034.4 1037.1 1038.9 1041.6 1044.3 1046.1 1038.9 1031.7 1024.5 1018.2 1011.0 1004.7 1002.9 995.7 992.1 989.4 985.8 983.1 980.4 977.7 971.4 972.3 978.6 984.9 992.1 998.4 1004.7 1011.9 1018.2 1032.6 1022.7 1012.8 1003.8 993.0 984.0 973.2 981.3 990.3 1005.6 1020.0 1034.4 1049.7 1063.2 1079.4 1080.3 1071.3 1064.1 1056.0 1047.9 1040.7 1032.6 1024.5 1014.6 1009.2 999.3 989.4 979.5 969.6 959.7 949.8 954.3 966.9 984.0 1002.9 1020.0 1038.9 1056.0 1074.9 1081.2 1089.3 1094.7 1101.9 1107.3 1114.5 1120.8 1127.1 1129.8 1122.6 1086.6 1050.6 1014.6 978.6 941.7 906.6 898.5 895.8 901.2 907.5 912.9 917.4 922.8 928.2 935.4 941.7 953.4 963.3 973.2 984.0 994.8 1004.7 1005.6 997.5 977.7 957.9 937.2 917.4 897.6 877.8 868.8 864.3 865.2 866.1 866.1 867.0 867.0 867.0 870.6 874.2 884.1 894.0 903.0 912.9 922.8 932.7 933.6 924.6 911.1 897.6 883.2 870.6 857.1 842.7 833.7 828.3 827.4 826.5 825.6 825.6 824.7 824.7 827.4 830.1 839.1 847.2 856.2 865.2 873.3 882.3 881.4 872.4 856.2 839.1 822.0 804.0 787.8 770.7 761.7 757.2 759.9 761.7 764.4 767.1 768.0 770.7 775.2 782.4 795.0 806.7 818.4 831.0 841.8 853.5 857.1 852.6 836.4 820.2 804.0 787.8 771.6 756.3 747.3 730.2 722.1 714.0 706.8 700.5 692.4 685.2 677.1 677.1 701.4 726.6 750.9 776.1 800.4 825.6 832.8 841.8 846.3 850.8 856.2 860.7 866.1 870.6 870.6 878.7 885.9 892.2 899.4 907.5 914.7 921.9 929.1 943.5 956.1 968.7 983.1 995.7 1008.3 1021.8 1029.0 1029.9 1018.2 1005.6 993.0 980.4 967.8 956.1 949.8 942.6 949.8 957.9 966.0 974.1 981.3 989.4 987.6 989.4 993.0 996.6 999.3 1002.9 1006.5 1010.1 1013.7 1003.8 977.7 950.7 925.5 899.4 873.3 847.2 834.6 831.9 856.2 879.6 903.0 927.3 950.7 974.1 986.7 1002.0 1011.9 1021.8 1031.7 1040.7 1050.6 1060.5 1065.0 1064.1 1049.7 1036.2 1020.9 1007.4 993.0 979.5 973.2 971.4 968.7 966.0 963.3 960.6 957.9 955.2 960.6 964.2 964.2 965.1 964.2 966.0 965.1 966.0 966.0 950.7 921.9 892.2 863.4 833.7 804.9 776.1 763.5 758.1 768.0 779.7 789.6 800.4 811.2 821.1 830.1 842.7 839.1 836.4 832.8 830.1 827.4 823.8 828.3 819.3 795.9 773.4 751.8
crearDespacho --mercado --conDemandaTotal
4
0.02 0.07 0.145 1.0
370.0 600.0 2400.0 4000.0
999.3 996.6 993.0 995.7 992.1 996.6 1001.1 1004.7 1009.2 1012.8 1017.3 1011.9 1007.4 1007.4 1007.4 1008.3 1008.3 1009.2 1009.2 1010.1 1009.2 1001.1 993.0 984.9 975.9 967.8 961.5 959.7 961.5 971.4 980.4 990.3 999.3 1009.2 1018.2 1020.9 1026.3 1029.9 1032.6 1034.4 1037.1 1038.9 1041.6 1044.3 1046.1 1038.9 1031.7 1024.5 1018.2 1011.0 1004.7 1002.9 995.7 992.1 989.4 985.8 983.1 980.4 977.7 971.4 972.3 978.6 984.9 992.1 998.4 1004.7 1011.9 1018.2 1032.6 1022.7 1012.8 1003.8 993.0 984.0 973.2 981.3 990.3 1005.6 1020.0 1034.4 1049.7 1063.2 1079.4 1080.3 1071.3 1064.1 1056.0 1047.9 1040.7 1032.6 1024.5 1014.6 1009.2 999.3 989.4 979.5 969.6 959.7 949.8 954.3 966.9 984.0 1002.9 1020.0 1038.9 1056.0 1074.9 1081.2 1089.3 1094.7 1101.9 1107.3 1114.5 1120.8 1127.1 1129.8 1122.6 1086.6 1050.6 1014.6 978.6 941.7 906.6 898.5 895.8 901.2 907.5 912.9 917.4 922.8 928.2 935.4 941.7 953.4 963.3 973.2 984.0 994.8 1004.7 1005.6 997.5 977.7 957.9 937.2 917.4 897.6 877.8 868.8 864.3 865.2 866.1 866.1 867.0 867.0 867.0 870.6 874.2 884.1 894.0 903.0 912.9 922.8 932.7 933.6 924.6 911.1 897.6 883.2 870.6 857.1 842.7 833.7 828.3 827.4 826.5 825.6 825.6 824.7 824.7 827.4 830.1 839.1 847.2 856.2 865.2 873.3 882.3 881.4 872.4 856.2 839.1 822.0 804.0 787.8 770.7 761.7 757.2 759.9 761.7 764.4 767.1 768.0 770.7 775.2 782.4 795.0 806.7 818.4 831.0 841.8 853.5 857.1 852.6 836.4 820.2 804.0 787.8 771.6 756.3 747.3 730.2 722.1 714.0 706.8 700.5 692.4 685.2 677.1 677.1 701.4 726.6 750.9 776.1 800.4 825.6 832.8 841.8 846.3 850.8 856.2 860.7 866.1 870.6 870.6 878.7 885.9 892.2 899.4 907.5 914.7 921.9 929.1 943.5 956.1 968.7 983.1 995.7 1008.3 1021.8 1029.0 1029.9 1018.2 1005.6 993.0 980.4 967.8 956.1 949.8 942.6 949.8 957.9 966.0 974.1 981.3 989.4 987.6 989.4 993.0 996.6 999.3 1002.9 1006.5 1010.1 1013.7 1003.8 977.7 950.7 925.5 899.4 873.3 847.2 834.6 831.9 856.2 879.6 903.0 927.3 950.7 974.1 986.7 1002.0 1011.9 1021.8 1031.7 1040.7 1050.6 1060.5 1065.0 1064.1 1049.7 1036.2 1020.9 1007.4 993.0 979.5 973.2 971.4 968.7 966.0 963.3 960.6 957.9 955.2 960.6 964.2 964.2 965.1 964.2 966.0 965.1 966.0 966.0 950.7 921.9 892.2 863.4 833.7 804.9 776.1 763.5 758.1 768.0 779.7 789.6 800.4 811.2 821.1 830.1 842.7 839.1 836.4 832.8 830.1 827.4 823.8 828.3 819.3 795.9 773.4 751.8
configurarSolver --Gurobi
resolver --noConstante ejecuciones/bancos/recombinados/v1/directo/sgtm/v1_sgtm_000216.csv
finalizar
