inicializar --t 360
agregarAgente --SaltoGrande
0.000296
2309268442.0
2861.0 2866.0 2871.0 2876.0 2885.0 2889.0 2893.0 2897.0 2902.0 2906.0 2910.0 2914.0 2922.0 2926.0 2930.0 2934.0 2939.0 2943.0 2947.0 2951.0 2959.0 2963.0 2967.0 2971.0 2976.0 2980.0 2984.0 2988.0 2984.0 2977.0 2969.0 2961.0 2954.0 2946.0 2938.0 2931.0 2915.0 2908.0 2900.0 2892.0 2885.0 2877.0 2869.0 2862.0 2846.0 2839.0 2831.0 2823.0 2816.0 2808.0 2800.0 2793.0 2778.0 2771.0 2764.0 2758.0 2751.0 2744.0 2737.0 2730.0 2716.0 2710.0 2703.0 2696.0 2689.0 2682.0 2675.0 2669.0 2655.0 2648.0 2641.0 2634.0 2627.0 2621.0 2614.0 2607.0 2590.0 2581.0 2571.0 2561.0 2552.0 2542.0 2533.0 2523.0 2504.0 2494.0 2484.0 2475.0 2465.0 2456.0 2446.0 2436.0 2417.0 2407.0 2398.0 2388.0 2379.0 2369.0 2359.0 2350.0 2338.0 2336.0 2334.0 2332.0 2330.0 2328.0 2326.0 2324.0 2320.0 2318.0 2316.0 2314.0 2312.0 2310.0 2308.0 2306.0 2302.0 2300.0 2298.0 2296.0 2294.0 2292.0 2290.0 2288.0 2280.0 2274.0 2268.0 2261.0 2255.0 2249.0 2243.0 2237.0 2225.0 2218.0 2212.0 2206.0 2200.0 2194.0 2188.0 2181.0 2169.0 2163.0 2157.0 2151.0 2145.0 2138.0 2132.0 2126.0 2119.0 2118.0 2117.0 2116.0 2115.0 2114.0 2114.0 2113.0 2111.0 2110.0 2109.0 2108.0 2107.0 2106.0 2105.0 2104.0 2102.0 2101.0 2101.0 2100.0 2099.0 2098.0 2097.0 2096.0 2089.0 2083.0 2077.0 2072.0 2066.0 2060.0 2054.0 2048.0 2036.0 2031.0 2025.0 2019.0 2013.0 2007.0 2001.0 1996.0 1984.0 1978.0 1972.0 1966.0 1960.0 1955.0 1949.0 1943.0 1932.0 1927.0 1922.0 1917.0 1912.0 1907.0 1901.0 1896.0 1886.0 1881.0 1876.0 1871.0 1866.0 1861.0 1856.0 1851.0 1841.0 1836.0 1830.0 1825.0 1820.0 1815.0 1810.0 1805.0 1787.0 1774.0 1761.0 1748.0 1735.0 1722.0 1710.0 1697.0 1671.0 1658.0 1645.0 1632.0 1619.0 1606.0 1593.0 1580.0 1554.0 1541.0 1529.0 1516.0 1503.0 1490.0 1477.0 1464.0 1448.0 1445.0 1442.0 1439.0 1436.0 1433.0 1430.0 1427.0 1421.0 1418.0 1415.0 1412.0 1410.0 1407.0 1404.0 1401.0 1395.0 1392.0 1389.0 1386.0 1383.0 1380.0 1377.0 1374.0 1361.0 1351.0 1341.0 1331.0 1322.0 1312.0 1302.0 1292.0 1272.0 1262.0 1252.0 1242.0 1233.0 1223.0 1213.0 1203.0 1183.0 1173.0 1163.0 1153.0 1144.0 1134.0 1124.0 1114.0 1100.0 1095.0 1091.0 1087.0 1083.0 1078.0 1074.0 1070.0 1061.0 1057.0 1053.0 1049.0 1044.0 1040.0 1036.0 1032.0 1023.0 1019.0 1015.0 1010.0 1006.0 1002.0 998.0 993.0 989.0 988.0 988.0 988.0 987.0 987.0 986.0 986.0 985.0 985.0 985.0 984.0 984.0 983.0 983.0 983.0 982.0 982.0 981.0 981.0 980.0 980.0 980.0 979.0 981.0 982.0 984.0 986.0 987.0 989.0 991.0 992.0 996.0 997.0 999.0 1001.0 1002.0 1004.0 1006.0 1007.0 1011.0 1012.0 1014.0 1016.0
agregarAgente --UnidadTermicaSimple
200.0
100.0
agregarAgente --DemandaFija
365.7 361.2 354.9 350.4 351.3 356.7 362.1 367.5 373.8 378.3 383.7 389.1 399.9 404.4 408.0 413.4 417.9 421.5 426.0 430.5 419.7 405.3 389.1 373.8 359.4 344.1 328.8 314.4 297.3 295.5 292.8 291.9 290.1 287.4 286.5 283.8 293.7 305.4 318.0 329.7 341.4 352.2 364.8 376.5 379.2 370.2 362.1 354.0 345.9 337.8 328.8 318.9 318.0 326.1 334.2 341.4 348.6 355.8 363.9 372.0 382.8 386.4 389.1 392.7 395.4 399.0 402.6 405.3 392.7 375.6 359.4 342.3 326.1 309.9 292.8 277.5 264.9 270.3 275.7 280.2 285.6 291.0 295.5 300.9 312.6 318.9 325.2 332.4 338.7 345.0 352.2 358.5 361.2 356.7 352.2 348.6 345.0 341.4 336.9 333.3 334.2 339.6 345.0 350.4 354.9 361.2 365.7 371.1 377.4 380.1 382.8 384.6 387.3 390.0 392.7 392.7 380.1 364.8 349.5 334.2 319.8 303.6 288.3 274.8 260.4 258.6 255.9 253.2 251.4 248.7 246.9 245.1 255.0 267.6 279.3 291.9 303.6 316.2 327.9 340.5 347.7 343.2 338.7 333.3 329.7 324.3 319.8 315.3 320.7 333.3 343.2 354.0 366.6 376.5 387.3 398.1 410.7 413.4 415.2 416.1 418.8 420.6 421.5 424.2 417.0 408.0 399.0 390.0 381.0 372.0 363.9 354.9 352.2 358.5 364.8 371.1 377.4 382.8 389.1 395.4 408.0 412.5 417.9 422.4 426.9 433.2 437.7 442.2 439.5 432.3 424.2 417.0 408.9 401.7 392.7 385.5 375.6 372.9 370.2 368.4 365.7 363.0 361.2 358.5 357.6 388.2 418.8 450.3 480.0 511.5 543.0 544.8 539.4 543.0 548.4 552.0 556.5 560.1 565.5 557.4 557.4 602.4 649.2 695.1 741.0 787.8 833.7 841.8 850.8 851.7 852.6 853.5 854.4 855.3 857.1 857.1 845.4 836.4 826.5 816.6 806.7 797.7 787.8 776.1 768.0 771.6 776.1 779.7 784.2 787.8 792.3 795.9 804.9 806.7 808.5 810.3 813.0 814.8 816.6 822.9 817.5 790.5 765.3 738.3 711.3 685.2 659.1 647.4 633.0 629.4 625.8 623.1 619.5 615.9 613.2 609.6 615.0 624.0 632.1 641.1 648.3 657.3 665.4 674.4 672.6 693.3 714.0 734.7 754.5 775.2 795.0 785.1 776.1 786.0 795.9 806.7 817.5 826.5 837.3 838.2 840.9 843.6 847.2 850.8 853.5 857.1 859.8 862.5 861.6 840.0 819.3 797.7 777.0 755.4 734.7 731.1 734.7 749.1 763.5 777.9 791.4 805.8 821.1 827.4 836.4 847.2 858.9 871.5 883.2 894.0 906.6 909.3 904.8 885.9 868.8 850.8 831.9 813.9 795.9 788.7 782.4 795.9 809.4 822.9 835.5 849.0 861.6 863.4 866.1 865.2 864.3 863.4 862.5 862.5 861.6 861.6 857.1 842.7 829.2 815.7
crearDespacho --mercado --conDemandaTotal
4
0.02 0.07 0.145 1.0
370.0 600.0 2400.0 4000.0
520.61 514.2 505.23 498.82 500.11 507.79 515.48 523.17 532.14 538.54 546.23 553.92 569.29 575.7 580.82 588.51 594.92 600.04 606.45 612.85 597.48 576.98 553.92 532.14 511.64 489.86 468.08 447.58 423.23 420.67 416.83 415.54 412.98 409.14 407.86 404.01 418.11 434.76 452.7 469.36 486.01 501.39 519.32 535.98 539.82 527.01 515.48 503.95 492.42 480.89 468.08 453.98 452.7 464.23 475.76 486.01 496.26 506.51 518.04 529.57 544.95 550.07 553.92 559.04 562.89 568.01 573.14 576.98 559.04 534.7 511.64 487.29 464.23 441.17 416.83 395.05 377.11 384.8 392.48 398.89 406.58 414.26 420.67 428.36 445.01 453.98 462.95 473.2 482.17 491.14 501.39 510.36 514.2 507.79 501.39 496.26 491.14 486.01 479.61 474.48 475.76 483.45 491.14 498.82 505.23 514.2 520.61 528.29 537.26 541.1 544.95 547.51 551.35 555.2 559.04 559.04 541.1 519.32 497.54 475.76 455.26 432.2 410.42 391.2 370.7 368.14 364.3 360.45 357.89 354.05 351.48 348.92 363.01 380.95 397.61 415.54 432.2 450.14 466.79 484.73 494.98 488.57 482.17 474.48 469.36 461.67 455.26 448.86 456.54 474.48 488.57 503.95 521.89 535.98 551.35 566.73 584.67 588.51 591.07 592.35 596.2 598.76 600.04 603.89 593.64 580.82 568.01 555.2 542.39 529.57 518.04 505.23 501.39 510.36 519.32 528.29 537.26 544.95 553.92 562.89 580.82 587.23 594.92 601.32 607.73 616.7 623.1 629.51 625.67 615.42 603.89 593.64 582.1 571.85 559.04 548.79 534.7 530.86 527.01 524.45 520.61 516.76 514.2 510.36 509.07 552.64 596.2 641.04 683.32 728.16 773.01 775.57 767.88 773.01 780.69 785.82 792.23 797.35 805.04 793.51 793.51 857.57 924.19 989.53 1054.88 1121.5 1186.84 1198.37 1211.19 1212.47 1213.75 1215.03 1216.31 1217.59 1220.16 1220.16 1203.5 1190.69 1176.59 1162.5 1148.41 1135.59 1121.5 1104.84 1093.31 1098.44 1104.84 1109.97 1116.38 1121.5 1127.91 1133.03 1145.84 1148.41 1150.97 1153.53 1157.38 1159.94 1162.5 1171.47 1163.78 1125.34 1089.47 1051.03 1012.6 975.44 938.29 921.63 901.13 896.0 890.88 887.04 881.91 876.79 872.94 867.82 875.51 888.32 899.85 912.66 922.91 935.72 947.25 960.07 957.5 986.97 1016.44 1045.91 1074.1 1103.56 1131.75 1117.66 1104.84 1118.94 1133.03 1148.41 1163.78 1176.59 1191.97 1193.25 1197.09 1200.94 1206.06 1211.19 1215.03 1220.16 1224.0 1227.84 1226.56 1195.81 1166.34 1135.59 1106.13 1075.38 1045.91 1040.78 1045.91 1066.41 1086.91 1107.41 1126.63 1147.13 1168.91 1177.87 1190.69 1206.06 1222.72 1240.66 1257.31 1272.69 1290.62 1294.47 1288.06 1261.15 1236.81 1211.19 1184.28 1158.66 1133.03 1122.78 1113.81 1133.03 1152.25 1171.47 1189.41 1208.62 1226.56 1229.12 1232.97 1231.69 1230.41 1229.12 1227.84 1227.84 1226.56 1226.56 1220.16 1199.66 1180.44 1161.22
configurarSolver --Gurobi
resolver --noConstante ejecuciones/bancos/recombinados/v1/directo/sgtm/v1_sgtm_000020.csv
finalizar
