inicializar --t 360
agregarAgente --SaltoGrande
0.000173
2200464102.0
5841.0 5865.0 5888.0 5912.0 5953.0 5970.0 5987.0 6004.0 6021.0 6038.0 6055.0 6072.0 6106.0 6123.0 6140.0 6157.0 6174.0 6191.0 6208.0 6225.0 6259.0 6276.0 6293.0 6310.0 6327.0 6344.0 6361.0 6378.0 6406.0 6417.0 6428.0 6439.0 6450.0 6461.0 6471.0 6482.0 6504.0 6515.0 6526.0 6537.0 6548.0 6559.0 6570.0 6581.0 6603.0 6614.0 6624.0 6635.0 6646.0 6657.0 6668.0 6679.0 6698.0 6705.0 6713.0 6721.0 6728.0 6736.0 6743.0 6751.0 6766.0 6774.0 6782.0 6789.0 6797.0 6804.0 6812.0 6820.0 6835.0 6843.0 6850.0 6858.0 6865.0 6873.0 6881.0 6888.0 6869.0 6842.0 6815.0 6788.0 6761.0 6734.0 6707.0 6680.0 6626.0 6599.0 6572.0 6545.0 6519.0 6492.0 6465.0 6438.0 6384.0 6357.0 6330.0 6303.0 6276.0 6249.0 6222.0 6195.0 6142.0 6117.0 6091.0 6065.0 6040.0 6014.0 5988.0 5963.0 5911.0 5886.0 5860.0 5834.0 5809.0 5783.0 5757.0 5732.0 5680.0 5655.0 5629.0 5603.0 5578.0 5552.0 5526.0 5501.0 5452.0 5429.0 5405.0 5382.0 5359.0 5336.0 5313.0 5290.0 5243.0 5220.0 5197.0 5174.0 5150.0 5127.0 5104.0 5081.0 5034.0 5011.0 4988.0 4965.0 4942.0 4919.0 4895.0 4872.0 4818.0 4786.0 4755.0 4723.0 4692.0 4661.0 4629.0 4598.0 4535.0 4504.0 4472.0 4441.0 4409.0 4378.0 4346.0 4315.0 4252.0 4221.0 4189.0 4158.0 4127.0 4095.0 4064.0 4032.0 4003.0 4006.0 4008.0 4011.0 4013.0 4016.0 4018.0 4021.0 4025.0 4028.0 4030.0 4033.0 4035.0 4038.0 4040.0 4043.0 4047.0 4050.0 4052.0 4055.0 4057.0 4060.0 4062.0 4065.0 4065.0 4062.0 4060.0 4057.0 4055.0 4052.0 4050.0 4047.0 4042.0 4040.0 4037.0 4035.0 4032.0 4030.0 4027.0 4025.0 4020.0 4017.0 4015.0 4012.0 4010.0 4007.0 4005.0 4002.0 4002.0 4005.0 4007.0 4009.0 4012.0 4014.0 4017.0 4019.0 4024.0 4026.0 4028.0 4031.0 4033.0 4036.0 4038.0 4040.0 4045.0 4047.0 4050.0 4052.0 4055.0 4057.0 4059.0 4062.0 4071.0 4078.0 4085.0 4092.0 4099.0 4106.0 4113.0 4120.0 4134.0 4141.0 4148.0 4155.0 4163.0 4170.0 4177.0 4184.0 4198.0 4205.0 4212.0 4219.0 4226.0 4233.0 4240.0 4247.0 4265.0 4276.0 4287.0 4299.0 4310.0 4321.0 4332.0 4343.0 4365.0 4377.0 4388.0 4399.0 4410.0 4421.0 4432.0 4444.0 4466.0 4477.0 4488.0 4499.0 4510.0 4522.0 4533.0 4544.0 4567.0 4578.0 4590.0 4601.0 4613.0 4625.0 4636.0 4648.0 4671.0 4683.0 4694.0 4706.0 4717.0 4729.0 4740.0 4752.0 4775.0 4787.0 4798.0 4810.0 4822.0 4833.0 4845.0 4856.0 4879.0 4889.0 4900.0 4911.0 4922.0 4932.0 4943.0 4954.0 4975.0 4986.0 4997.0 5008.0 5018.0 5029.0 5040.0 5051.0 5072.0 5083.0 5094.0 5104.0 5115.0 5126.0 5137.0 5147.0 5192.0 5226.0 5260.0 5294.0 5328.0 5362.0 5397.0 5431.0 5499.0 5533.0 5567.0 5601.0 5635.0 5669.0 5703.0 5737.0 5805.0 5839.0 5874.0 5908.0
agregarAgente --UnidadTermicaSimple
200.0
100.0
agregarAgente --DemandaFija
654.6 638.4 621.3 621.3 621.3 696.9 773.4 850.8 926.4 1002.9 1079.4 1079.4 1079.4 1028.1 977.7 925.5 875.1 823.8 773.4 773.4 773.4 711.3 649.2 587.1 525.0 463.8 400.8 400.8 400.8 507.0 614.1 720.3 825.6 931.8 1038.9 1038.9 1038.9 996.6 954.3 911.1 868.8 825.6 783.3 783.3 783.3 762.6 741.9 722.1 700.5 679.8 659.1 659.1 659.1 687.9 716.7 745.5 773.4 801.3 831.0 831.0 831.0 880.5 929.1 979.5 1029.0 1079.4 1128.0 1128.0 1128.0 1058.7 989.4 920.1 851.7 781.5 713.1 713.1 713.1 732.9 752.7 773.4 793.2 813.0 834.6 834.6 834.6 850.8 867.0 884.1 900.3 917.4 933.6 933.6 933.6 912.0 891.3 869.7 848.1 826.5 804.9 804.9 804.9 848.1 890.4 932.7 975.9 1017.3 1059.6 1059.6 1059.6 1040.7 1020.9 1001.1 982.2 962.4 942.6 942.6 942.6 890.4 837.3 784.2 732.0 678.9 626.7 626.7 626.7 670.8 714.9 759.0 803.1 847.2 891.3 891.3 891.3 878.7 865.2 852.6 840.0 825.6 813.0 813.0 813.0 834.6 855.3 876.0 896.7 917.4 938.1 938.1 938.1 991.2 1043.4 1095.6 1147.8 1200.9 1252.2 1252.2 1252.2 1263.9 1276.5 1288.2 1299.9 1311.6 1325.1 1325.1 1325.1 1269.3 1215.3 1160.4 1106.4 1051.5 996.6 996.6 996.6 1031.7 1066.8 1102.8 1137.0 1172.1 1208.1 1208.1 1208.1 1181.1 1155.0 1128.9 1102.8 1076.7 1049.7 1049.7 1049.7 1009.2 968.7 928.2 887.7 847.2 805.8 805.8 805.8 759.9 713.1 665.4 618.6 570.9 524.1 524.1 524.1 490.8 455.7 422.4 388.2 354.9 319.8 319.8 319.8 322.5 325.2 327.9 330.6 333.3 336.0 336.0 336.0 389.1 442.2 495.3 548.4 601.5 654.6 654.6 654.6 618.6 581.7 545.7 509.7 473.7 436.8 436.8 436.8 410.7 384.6 358.5 332.4 306.3 280.2 280.2 280.2 299.1 317.1 336.0 354.9 373.8 392.7 392.7 392.7 370.2 347.7 325.2 302.7 281.1 258.6 258.6 258.6 232.5 206.4 181.2 155.1 129.9 104.7 104.7 104.7 182.1 259.5 336.9 415.2 493.5 570.9 570.9 570.9 626.7 681.6 738.3 793.2 849.0 903.9 903.9 903.9 876.9 849.9 822.0 795.9 768.9 741.9 741.9 741.9 708.6 673.5 640.2 606.0 571.8 537.6 537.6 537.6 496.2 453.9 412.5 371.1 328.8 287.4 287.4 287.4 309.0 330.6 353.1 374.7 395.4 417.0 417.0 417.0 477.3 535.8 596.1 654.6 714.0 773.4 773.4 773.4 712.2 650.1 588.9 526.8 465.6 403.5 403.5 403.5 379.2 354.9 329.7 305.4 281.1 256.8 256.8 256.8 334.2 413.4 491.7 569.1 648.3 726.6 726.6 726.6 743.7 760.8 777.9 795.0 812.1 829.2 829.2 829.2 751.8 672.6 594.3
crearDespacho --mercado --conDemandaTotal
4
0.02 0.07 0.145 1.0
370.0 600.0 2400.0 4000.0
702.83 685.44 667.08 667.08 667.08 748.25 830.39 913.49 994.66 1076.8 1158.94 1158.94 1158.94 1103.86 1049.74 993.7 939.58 884.5 830.39 830.39 830.39 763.71 697.04 630.36 563.68 497.97 430.33 430.33 430.33 544.36 659.35 773.38 886.43 1000.46 1115.45 1115.45 1115.45 1070.03 1024.62 978.23 932.82 886.43 841.02 841.02 841.02 818.79 796.57 775.31 752.12 729.89 707.67 707.67 707.67 738.59 769.51 800.43 830.39 860.34 892.23 892.23 892.23 945.38 997.56 1051.67 1104.82 1158.94 1211.12 1211.12 1211.12 1136.71 1062.3 987.9 914.46 839.08 765.64 765.64 765.64 786.9 808.16 830.39 851.65 872.91 896.1 896.1 896.1 913.49 930.88 949.24 966.64 985.0 1002.39 1002.39 1002.39 979.2 956.98 933.78 910.59 887.4 864.21 864.21 864.21 910.59 956.01 1001.43 1047.81 1092.26 1137.68 1137.68 1137.68 1117.38 1096.12 1074.87 1054.57 1033.31 1012.06 1012.06 1012.06 956.01 899.0 841.98 785.94 728.92 672.88 672.88 672.88 720.23 767.58 814.93 862.28 909.63 956.98 956.98 956.98 943.45 928.95 915.42 901.9 886.43 872.91 872.91 872.91 896.1 918.32 940.55 962.77 985.0 1007.22 1007.22 1007.22 1064.24 1120.28 1176.33 1232.38 1289.39 1344.47 1344.47 1344.47 1357.03 1370.56 1383.12 1395.68 1408.24 1422.74 1422.74 1422.74 1362.83 1304.85 1245.9 1187.92 1128.98 1070.03 1070.03 1070.03 1107.72 1145.41 1184.06 1220.78 1258.47 1297.12 1297.12 1297.12 1268.13 1240.11 1212.08 1184.06 1156.04 1127.05 1127.05 1127.05 1083.56 1040.08 996.59 953.11 909.63 865.18 865.18 865.18 815.89 765.64 714.43 664.18 612.97 562.72 562.72 562.72 526.96 489.28 453.52 416.8 381.05 343.36 343.36 343.36 346.26 349.16 352.06 354.96 357.86 360.76 360.76 360.76 417.77 474.78 531.8 588.81 645.82 702.83 702.83 702.83 664.18 624.56 585.91 547.26 508.6 468.99 468.99 468.99 440.96 412.94 384.92 356.89 328.87 300.85 300.85 300.85 321.14 340.47 360.76 381.05 401.34 421.64 421.64 421.64 397.48 373.32 349.16 325.0 301.81 277.65 277.65 277.65 249.63 221.61 194.55 166.53 139.47 112.41 112.41 112.41 195.52 278.62 361.72 445.79 529.86 612.97 612.97 612.97 672.88 731.82 792.7 851.65 911.56 970.5 970.5 970.5 941.51 912.52 882.57 854.55 825.56 796.57 796.57 796.57 760.81 723.13 687.37 650.65 613.93 577.21 577.21 577.21 532.76 487.35 442.89 398.44 353.03 308.58 308.58 308.58 331.77 354.96 379.12 402.31 424.53 447.73 447.73 447.73 512.47 575.28 640.02 702.83 766.61 830.39 830.39 830.39 764.68 698.0 632.29 565.62 499.91 433.23 433.23 433.23 407.14 381.05 353.99 327.9 301.81 275.72 275.72 275.72 358.83 443.86 527.93 611.03 696.07 780.14 780.14 780.14 798.5 816.86 835.22 853.58 871.94 890.3 890.3 890.3 807.2 722.16 638.09
configurarSolver --Gurobi
resolver --noConstante ejecuciones/bancos/recombinados/v1/directo/sgtm/v1_sgtm_000399.csv
finalizar
