inicializar --t 360
agregarAgente --SaltoGrande
0.001109
2719162864.0
4902.0 4901.0 4900.0 4900.0 4901.0 4903.0 4905.0 4907.0 4908.0 4910.0 4912.0 4914.0 4918.0 4920.0 4922.0 4924.0 4925.0 4927.0 4929.0 4931.0 4935.0 4937.0 4939.0 4941.0 4942.0 4944.0 4946.0 4948.0 4941.0 4932.0 4923.0 4914.0 4906.0 4897.0 4888.0 4879.0 4861.0 4852.0 4843.0 4834.0 4826.0 4817.0 4808.0 4799.0 4781.0 4772.0 4763.0 4754.0 4746.0 4737.0 4728.0 4719.0 4726.0 4741.0 4757.0 4773.0 4789.0 4804.0 4820.0 4836.0 4867.0 4883.0 4899.0 4915.0 4930.0 4946.0 4962.0 4978.0 5009.0 5025.0 5041.0 5056.0 5072.0 5088.0 5104.0 5119.0 5153.0 5171.0 5189.0 5207.0 5225.0 5243.0 5261.0 5279.0 5315.0 5333.0 5351.0 5369.0 5386.0 5404.0 5422.0 5440.0 5476.0 5494.0 5512.0 5530.0 5548.0 5566.0 5584.0 5602.0 5636.0 5653.0 5669.0 5686.0 5702.0 5718.0 5735.0 5751.0 5784.0 5800.0 5817.0 5833.0 5850.0 5866.0 5883.0 5899.0 5932.0 5948.0 5965.0 5981.0 5997.0 6014.0 6030.0 6047.0 6060.0 6058.0 6055.0 6052.0 6049.0 6047.0 6044.0 6041.0 6036.0 6033.0 6031.0 6028.0 6025.0 6022.0 6020.0 6017.0 6012.0 6009.0 6006.0 6004.0 6001.0 5998.0 5995.0 5993.0 5959.0 5929.0 5898.0 5868.0 5837.0 5807.0 5776.0 5746.0 5685.0 5654.0 5624.0 5593.0 5563.0 5532.0 5502.0 5471.0 5410.0 5380.0 5349.0 5319.0 5288.0 5258.0 5227.0 5197.0 5153.0 5139.0 5126.0 5112.0 5099.0 5085.0 5072.0 5058.0 5031.0 5018.0 5004.0 4991.0 4977.0 4964.0 4950.0 4937.0 4910.0 4896.0 4883.0 4869.0 4856.0 4842.0 4829.0 4815.0 4777.0 4752.0 4728.0 4703.0 4678.0 4653.0 4628.0 4603.0 4554.0 4529.0 4504.0 4479.0 4455.0 4430.0 4405.0 4380.0 4331.0 4306.0 4281.0 4256.0 4231.0 4206.0 4182.0 4157.0 4112.0 4091.0 4071.0 4050.0 4030.0 4009.0 3989.0 3968.0 3927.0 3907.0 3886.0 3866.0 3845.0 3825.0 3804.0 3784.0 3743.0 3722.0 3702.0 3681.0 3661.0 3640.0 3620.0 3599.0 3582.0 3584.0 3587.0 3590.0 3592.0 3595.0 3598.0 3600.0 3606.0 3608.0 3611.0 3614.0 3616.0 3619.0 3622.0 3624.0 3630.0 3632.0 3635.0 3638.0 3640.0 3643.0 3646.0 3648.0 3649.0 3647.0 3645.0 3643.0 3640.0 3638.0 3636.0 3634.0 3630.0 3628.0 3626.0 3624.0 3621.0 3619.0 3617.0 3615.0 3611.0 3609.0 3607.0 3605.0 3602.0 3600.0 3598.0 3596.0 3585.0 3575.0 3566.0 3556.0 3547.0 3537.0 3528.0 3518.0 3500.0 3490.0 3481.0 3471.0 3462.0 3452.0 3443.0 3433.0 3415.0 3405.0 3396.0 3386.0 3377.0 3367.0 3358.0 3348.0 3332.0 3324.0 3317.0 3309.0 3302.0 3294.0 3287.0 3279.0 3264.0 3257.0 3249.0 3242.0 3234.0 3227.0 3219.0 3212.0 3197.0 3189.0 3182.0 3174.0 3167.0 3159.0 3152.0 3144.0 3132.0 3126.0 3121.0 3116.0 3111.0 3105.0 3100.0 3095.0 3084.0 3079.0 3073.0 3068.0 3063.0 3058.0 3052.0 3047.0 3036.0 3031.0 3026.0 3020.0
agregarAgente --UnidadTermicaSimple
200.0
100.0
agregarAgente --DemandaFija
558.6 488.4 418.2 418.2 418.2 463.8 508.8 554.4 599.4 645.0 690.6 690.6 690.6 715.8 740.4 765.0 790.2 815.4 840.0 840.0 840.0 799.2 758.4 718.2 676.8 636.6 595.2 595.2 595.2 628.2 661.2 693.6 726.6 759.0 792.0 792.0 792.0 822.6 853.2 884.4 915.0 946.2 976.8 976.8 976.8 889.8 802.8 715.2 628.2 541.2 454.2 454.2 454.2 471.0 487.2 504.0 520.8 538.2 554.4 554.4 554.4 572.4 589.8 607.8 626.4 643.8 661.8 661.8 661.8 586.2 510.6 435.0 359.4 283.8 208.8 208.8 208.8 294.6 380.4 466.2 552.0 637.8 723.6 723.6 723.6 712.8 702.0 690.6 679.8 669.0 658.8 658.8 658.8 568.8 478.8 388.8 299.4 209.4 118.8 118.8 118.8 180.6 242.4 303.6 364.8 426.6 488.4 488.4 488.4 489.0 489.6 490.2 491.4 492.0 492.6 492.6 492.6 438.0 383.4 328.8 273.6 219.0 164.4 164.4 164.4 255.0 346.2 436.8 528.0 619.2 710.4 710.4 710.4 673.8 637.8 601.8 565.8 529.2 493.8 493.8 493.8 415.2 336.6 258.0 180.0 101.4 22.8 22.8 22.8 49.2 75.6 101.4 127.8 153.6 180.0 180.0 180.0 213.0 246.0 279.0 312.6 345.6 379.2 379.2 379.2 395.4 411.0 426.6 442.8 459.0 474.6 474.6 474.6 501.6 528.6 556.2 583.2 610.2 637.8 637.8 637.8 616.2 594.0 572.4 550.8 529.2 507.6 507.6 507.6 478.8 449.4 421.2 392.4 363.0 334.8 334.8 334.8 355.8 377.4 399.0 420.0 441.0 462.6 462.6 462.6 445.8 429.0 412.8 396.0 379.2 362.4 362.4 362.4 327.6 292.8 257.4 222.6 187.2 152.4 152.4 152.4 232.2 312.0 391.8 471.6 551.4 631.2 631.2 631.2 676.2 721.8 766.8 812.4 857.4 902.4 902.4 902.4 838.8 775.2 712.2 648.0 584.4 520.8 520.8 520.8 567.6 613.8 660.6 708.0 754.2 801.0 801.0 801.0 778.2 755.4 733.2 710.4 687.6 664.8 664.8 664.8 607.8 551.4 493.8 436.8 380.4 323.4 323.4 323.4 379.2 435.0 490.8 546.6 602.4 658.2 658.2 658.2 666.6 675.0 684.0 692.4 701.4 709.8 709.8 709.8 619.2 528.0 437.4 346.8 256.2 165.6 165.6 165.6 216.6 267.0 318.6 369.6 420.0 471.6 471.6 471.6 513.0 555.6 597.6 640.2 681.6 724.2 724.2 724.2 699.0 673.2 648.0 622.8 597.0 571.8 571.8 571.8 593.4 614.4 636.0 657.6 678.6 700.2 700.2 700.2 688.8 678.0 667.2 656.4 645.6 634.8 634.8 634.8 601.2 568.2 535.8 502.2 469.2 435.6 435.6 435.6 494.4 553.2 612.0 670.8 729.6 788.4 788.4 788.4 808.8 829.2 849.6 870.6 891.0 910.8 910.8 910.8 868.8 826.2 783.6
crearDespacho --mercado --conDemandaTotal
4
0.02 0.07 0.145 1.0
370.0 600.0 2400.0 4000.0
909.79 795.46 681.12 681.12 681.12 755.39 828.68 902.95 976.25 1050.51 1124.78 1124.78 1124.78 1165.83 1205.89 1245.96 1287.0 1328.05 1368.11 1368.11 1368.11 1301.66 1235.21 1169.74 1102.31 1036.83 969.4 969.4 969.4 1023.15 1076.9 1129.67 1183.42 1236.19 1289.93 1289.93 1289.93 1339.77 1389.61 1440.43 1490.26 1541.08 1590.92 1590.92 1590.92 1449.22 1307.52 1164.85 1023.15 881.45 739.76 739.76 739.76 767.12 793.5 820.87 848.23 876.57 902.95 902.95 902.95 932.27 960.61 989.93 1020.22 1048.56 1077.88 1077.88 1077.88 954.75 831.62 708.49 585.36 462.23 340.07 340.07 340.07 479.82 619.56 759.3 899.04 1038.79 1178.53 1178.53 1178.53 1160.94 1143.35 1124.78 1107.19 1089.6 1072.99 1072.99 1072.99 926.41 779.82 633.24 487.63 341.05 193.49 193.49 193.49 294.14 394.8 494.47 594.15 694.81 795.46 795.46 795.46 796.44 797.41 798.39 800.35 801.32 802.3 802.3 802.3 713.37 624.45 535.52 445.61 356.69 267.76 267.76 267.76 415.32 563.86 711.42 859.96 1008.49 1157.03 1157.03 1157.03 1097.42 1038.79 980.15 921.52 861.91 804.25 804.25 804.25 676.24 548.22 420.21 293.17 165.15 37.13 37.13 37.13 80.13 123.13 165.15 208.15 250.17 293.17 293.17 293.17 346.91 400.66 454.41 509.13 562.88 617.6 617.6 617.6 643.99 669.4 694.81 721.19 747.58 772.98 772.98 772.98 816.96 860.93 905.89 949.86 993.84 1038.79 1038.79 1038.79 1003.61 967.45 932.27 897.09 861.91 826.73 826.73 826.73 779.82 731.94 686.01 639.1 591.22 545.29 545.29 545.29 579.49 614.67 649.85 684.06 718.26 753.44 753.44 753.44 726.08 698.71 672.33 644.97 617.6 590.24 590.24 590.24 533.56 476.88 419.23 362.55 304.89 248.21 248.21 248.21 378.19 508.16 638.13 768.1 898.07 1028.04 1028.04 1028.04 1101.33 1175.6 1248.89 1323.16 1396.45 1469.74 1469.74 1469.74 1366.16 1262.57 1159.96 1055.4 951.81 848.23 848.23 848.23 924.45 999.7 1075.92 1153.12 1228.37 1304.59 1304.59 1304.59 1267.46 1230.32 1194.17 1157.03 1119.9 1082.76 1082.76 1082.76 989.93 898.07 804.25 711.42 619.56 526.72 526.72 526.72 617.6 708.49 799.37 890.25 981.13 1072.01 1072.01 1072.01 1085.69 1099.38 1114.03 1127.71 1142.37 1156.05 1156.05 1156.05 1008.49 859.96 712.4 564.83 417.27 269.71 269.71 269.71 352.78 434.86 518.91 601.97 684.06 768.1 768.1 768.1 835.53 904.91 973.31 1042.7 1110.12 1179.51 1179.51 1179.51 1138.46 1096.44 1055.4 1014.36 972.34 931.29 931.29 931.29 966.47 1000.68 1035.86 1071.04 1105.24 1140.42 1140.42 1140.42 1121.85 1104.26 1086.67 1069.08 1051.49 1033.9 1033.9 1033.9 979.18 925.43 872.66 817.94 764.19 709.46 709.46 709.46 805.23 901.0 996.77 1092.53 1188.3 1284.07 1284.07 1284.07 1317.3 1350.52 1383.75 1417.95 1451.18 1483.42 1483.42 1483.42 1415.02 1345.64 1276.25
configurarSolver --Gurobi
resolver --noConstante ejecuciones/bancos/recombinados/v1/directo/sgtm/v1_sgtm_000121.csv
finalizar
