inicializar --t 360
agregarAgente --SaltoGrande
0.001841
2618270994.0
4997.0 4998.0 4999.0 4999.0 4991.0 4982.0 4973.0 4964.0 4955.0 4946.0 4938.0 4929.0 4911.0 4902.0 4893.0 4884.0 4875.0 4866.0 4857.0 4848.0 4830.0 4821.0 4813.0 4804.0 4795.0 4786.0 4777.0 4768.0 4755.0 4752.0 4748.0 4745.0 4741.0 4737.0 4734.0 4730.0 4723.0 4719.0 4716.0 4712.0 4709.0 4705.0 4702.0 4698.0 4691.0 4687.0 4684.0 4680.0 4676.0 4673.0 4669.0 4666.0 4676.0 4690.0 4704.0 4718.0 4732.0 4746.0 4760.0 4774.0 4802.0 4816.0 4830.0 4844.0 4859.0 4873.0 4887.0 4901.0 4929.0 4943.0 4957.0 4971.0 4985.0 4999.0 5013.0 5027.0 5037.0 5033.0 5028.0 5024.0 5020.0 5016.0 5011.0 5007.0 4999.0 4995.0 4990.0 4986.0 4982.0 4978.0 4973.0 4969.0 4961.0 4957.0 4952.0 4948.0 4944.0 4940.0 4935.0 4931.0 4931.0 4936.0 4940.0 4944.0 4948.0 4953.0 4957.0 4961.0 4970.0 4974.0 4979.0 4983.0 4987.0 4991.0 4996.0 5000.0 5009.0 5013.0 5017.0 5022.0 5026.0 5030.0 5034.0 5039.0 5032.0 5022.0 5011.0 5001.0 4990.0 4979.0 4969.0 4958.0 4937.0 4926.0 4916.0 4905.0 4895.0 4884.0 4874.0 4863.0 4842.0 4831.0 4821.0 4810.0 4799.0 4789.0 4778.0 4768.0 4746.0 4734.0 4723.0 4711.0 4700.0 4688.0 4677.0 4665.0 4643.0 4631.0 4620.0 4608.0 4597.0 4585.0 4574.0 4562.0 4540.0 4528.0 4517.0 4505.0 4494.0 4482.0 4471.0 4459.0 4473.0 4499.0 4524.0 4550.0 4575.0 4601.0 4626.0 4652.0 4703.0 4728.0 4754.0 4779.0 4805.0 4830.0 4856.0 4881.0 4932.0 4958.0 4983.0 5009.0 5034.0 5060.0 5085.0 5111.0 5168.0 5199.0 5231.0 5262.0 5294.0 5325.0 5357.0 5388.0 5451.0 5483.0 5514.0 5546.0 5577.0 5609.0 5640.0 5672.0 5735.0 5766.0 5798.0 5829.0 5861.0 5892.0 5924.0 5955.0 5983.0 5979.0 5976.0 5972.0 5968.0 5964.0 5960.0 5956.0 5949.0 5945.0 5941.0 5937.0 5934.0 5930.0 5926.0 5922.0 5915.0 5911.0 5907.0 5903.0 5899.0 5895.0 5892.0 5888.0 5877.0 5871.0 5864.0 5857.0 5851.0 5844.0 5837.0 5831.0 5817.0 5811.0 5804.0 5797.0 5791.0 5784.0 5777.0 5771.0 5757.0 5751.0 5744.0 5737.0 5731.0 5724.0 5717.0 5711.0 5695.0 5686.0 5677.0 5668.0 5659.0 5650.0 5641.0 5632.0 5614.0 5605.0 5596.0 5587.0 5578.0 5569.0 5560.0 5551.0 5533.0 5524.0 5515.0 5506.0 5497.0 5488.0 5479.0 5470.0 5459.0 5456.0 5454.0 5452.0 5449.0 5447.0 5444.0 5442.0 5437.0 5435.0 5433.0 5430.0 5428.0 5425.0 5423.0 5421.0 5416.0 5414.0 5411.0 5409.0 5406.0 5404.0 5402.0 5399.0 5452.0 5507.0 5562.0 5617.0 5671.0 5726.0 5781.0 5836.0 5946.0 6001.0 6056.0 6111.0 6165.0 6220.0 6275.0 6330.0 6440.0 6495.0 6550.0 6605.0 6659.0 6714.0 6769.0 6824.0 6861.0 6844.0 6826.0 6809.0 6791.0 6773.0 6756.0 6738.0 6703.0 6685.0 6668.0 6650.0 6633.0 6615.0 6598.0 6580.0 6545.0 6527.0 6510.0 6492.0
agregarAgente --UnidadTermicaSimple
200.0
100.0
agregarAgente --DemandaFija
291.0 255.9 222.6 223.5 223.5 258.6 294.6 329.7 365.7 401.7 436.8 435.9 433.2 431.4 431.4 429.6 427.8 426.9 426.0 425.1 426.0 385.5 344.1 303.6 262.2 221.7 181.2 183.0 181.2 211.8 241.5 270.3 300.0 330.6 360.3 355.8 352.2 345.0 338.7 330.6 324.3 316.2 309.9 309.9 311.7 289.2 266.7 244.2 220.8 199.2 175.8 177.6 176.7 217.2 257.7 298.2 338.7 380.1 420.6 417.9 415.2 419.7 425.1 430.5 435.9 441.3 446.7 446.7 449.4 416.1 383.7 351.3 318.9 285.6 255.0 255.9 255.9 262.2 268.5 274.8 282.0 288.3 294.6 293.7 291.9 296.4 301.8 307.2 312.6 318.0 324.3 324.3 324.3 296.4 270.3 242.4 214.5 187.5 160.5 160.5 162.3 188.4 214.5 239.7 264.9 291.0 317.1 317.1 316.2 285.6 255.9 226.2 195.6 165.9 136.2 134.4 135.3 131.7 128.1 123.6 119.1 114.6 111.0 112.8 117.3 120.0 121.8 124.5 126.3 128.1 130.8 132.6 133.5 134.4 135.3 135.3 135.3 137.1 137.1 136.2 131.7 133.5 136.2 138.9 140.7 143.4 145.2 141.6 139.8 138.0 136.2 133.5 131.7 129.9 128.1 129.0 130.8 132.6 135.3 138.0 140.7 143.4 145.2 147.0 148.8 164.1 178.5 192.9 207.3 223.5 237.0 237.9 239.7 309.0 379.2 447.6 516.9 586.2 656.4 657.3 654.6 657.3 660.0 662.7 665.4 667.2 669.9 668.1 669.0 614.1 558.3 502.5 446.7 391.8 336.0 339.6 341.4 400.8 459.3 518.7 578.1 636.6 695.1 694.2 696.9 707.7 716.7 726.6 736.5 746.4 756.3 759.0 759.9 698.7 640.2 579.0 519.6 458.4 399.9 398.1 396.3 454.8 514.2 572.7 631.2 689.7 749.1 749.1 747.3 750.9 754.5 757.2 760.8 765.3 768.0 767.1 768.0 705.0 643.8 581.7 519.6 458.4 395.4 399.0 404.4 458.4 512.4 565.5 620.4 674.4 727.5 729.3 732.9 739.2 745.5 751.8 759.0 764.4 771.6 772.5 778.8 728.4 678.0 627.6 577.2 526.8 476.4 481.8 488.1 537.6 588.0 638.4 688.8 739.2 790.5 790.5 793.2 775.2 756.3 738.3 719.4 700.5 682.5 685.2 689.7 625.8 561.0 498.0 435.0 372.0 307.2 308.1 309.9 302.7 295.5 288.3 282.0 274.8 267.6 267.6 268.5 284.7 300.0 315.3 330.6 345.9 361.2 362.1 361.2 345.0 328.8 313.5 296.4 281.1 265.8 263.1 265.8 268.5 272.1 274.8 277.5 280.2 283.8 288.3 294.6 297.3 299.1 301.8 303.6 306.3 308.1 310.8 303.6 295.5 286.5 277.5 267.6 258.6 250.5 241.5 236.1 239.7 243.3 246.0 249.6 253.2 256.8 260.4 266.7 270.3 273.9 277.5 280.2 283.8 287.4 291.0 284.7 274.8 264.9 255.0
crearDespacho --mercado --conDemandaTotal
4
0.02 0.07 0.145 1.0
370.0 600.0 2400.0 4000.0
526.17 462.71 402.5 404.12 404.12 467.59 532.68 596.15 661.24 726.34 789.8 788.17 783.29 780.04 780.04 776.78 773.53 771.9 770.27 768.65 770.27 697.04 622.19 548.96 474.1 400.87 327.64 330.89 327.64 382.97 436.67 488.74 542.45 597.78 651.48 643.34 636.83 623.81 612.42 597.78 586.38 571.74 560.35 560.35 563.6 522.92 482.24 441.55 399.24 360.18 317.87 321.13 319.5 392.73 465.96 539.19 612.42 687.28 760.51 755.63 750.75 758.88 768.65 778.41 788.17 797.94 807.7 807.7 812.59 752.37 693.79 635.2 576.62 516.41 461.08 462.71 462.71 474.1 485.49 496.88 509.9 521.29 532.68 531.06 527.8 535.94 545.7 555.47 565.23 574.99 586.38 586.38 586.38 535.94 488.74 438.3 387.85 339.03 290.21 290.21 293.46 340.66 387.85 433.41 478.98 526.17 573.37 573.37 571.74 516.41 462.71 409.0 353.68 299.97 246.27 243.02 244.64 238.13 231.62 223.49 215.35 207.21 200.71 203.96 212.1 216.98 220.23 225.12 228.37 231.62 236.51 239.76 241.39 243.02 244.64 244.64 244.64 247.9 247.9 246.27 238.13 241.39 246.27 251.15 254.41 259.29 262.54 256.03 252.78 249.53 246.27 241.39 238.13 234.88 231.62 233.25 236.51 239.76 244.64 249.53 254.41 259.29 262.54 265.8 269.05 296.72 322.76 348.79 374.83 404.12 428.53 430.16 433.41 558.72 685.65 809.33 934.64 1059.94 1186.87 1188.5 1183.62 1188.5 1193.38 1198.26 1203.15 1206.4 1211.28 1208.03 1209.66 1110.39 1009.49 908.6 807.7 708.44 607.54 614.05 617.3 724.71 830.49 937.89 1045.29 1151.07 1256.85 1255.22 1260.1 1279.63 1295.9 1313.81 1331.71 1349.61 1367.51 1372.39 1374.02 1263.36 1157.58 1046.92 939.52 828.86 723.08 719.83 716.57 822.35 929.75 1035.53 1141.31 1247.08 1354.49 1354.49 1351.23 1357.74 1364.25 1369.14 1375.64 1383.78 1388.66 1387.04 1388.66 1274.75 1164.09 1051.8 939.52 828.86 714.94 721.45 731.22 828.86 926.5 1022.51 1121.78 1219.42 1315.43 1318.69 1325.2 1336.59 1347.98 1359.37 1372.39 1382.15 1395.17 1396.8 1408.19 1317.06 1225.93 1134.8 1043.67 952.54 861.41 871.17 882.56 972.06 1063.2 1154.33 1245.46 1336.59 1429.35 1429.35 1434.23 1401.68 1367.51 1334.96 1300.79 1266.61 1234.07 1238.95 1247.08 1131.54 1014.38 900.46 786.55 672.63 555.47 557.09 560.35 547.33 534.31 521.29 509.9 496.88 483.86 483.86 485.49 514.78 542.45 570.11 597.78 625.44 653.11 654.73 653.11 623.81 594.52 566.86 535.94 508.27 480.61 475.73 480.61 485.49 492.0 496.88 501.76 506.65 513.15 521.29 532.68 537.56 540.82 545.7 548.96 553.84 557.09 561.97 548.96 534.31 518.04 501.76 483.86 467.59 452.94 436.67 426.91 433.41 439.92 444.81 451.32 457.82 464.33 470.84 482.24 488.74 495.25 501.76 506.65 513.15 519.66 526.17 514.78 496.88 478.98 461.08
configurarSolver --Gurobi
resolver --noConstante ejecuciones/bancos/recombinados/v1/directo/sgtm/v1_sgtm_000434.csv
finalizar
