inicializar --t 360
agregarAgente --SaltoGrande
0.000282
2032464238.0
9542.0 9596.0 9651.0 9705.0 9773.0 9786.0 9799.0 9812.0 9826.0 9839.0 9852.0 9865.0 9891.0 9904.0 9917.0 9930.0 9944.0 9957.0 9970.0 9983.0 10009.0 10022.0 10035.0 10048.0 10062.0 10075.0 10088.0 10101.0 10110.0 10106.0 10102.0 10097.0 10093.0 10089.0 10085.0 10081.0 10073.0 10068.0 10064.0 10060.0 10056.0 10052.0 10048.0 10043.0 10035.0 10031.0 10027.0 10023.0 10019.0 10014.0 10010.0 10006.0 9993.0 9984.0 9975.0 9966.0 9957.0 9948.0 9939.0 9930.0 9912.0 9903.0 9894.0 9885.0 9876.0 9867.0 9858.0 9849.0 9831.0 9822.0 9813.0 9804.0 9795.0 9786.0 9777.0 9768.0 9705.0 9651.0 9596.0 9542.0 9488.0 9434.0 9380.0 9326.0 9217.0 9163.0 9109.0 9055.0 9000.0 8946.0 8892.0 8838.0 8729.0 8675.0 8621.0 8567.0 8513.0 8459.0 8404.0 8350.0 8257.0 8218.0 8179.0 8140.0 8101.0 8062.0 8023.0 7984.0 7906.0 7867.0 7828.0 7789.0 7751.0 7712.0 7673.0 7634.0 7556.0 7517.0 7478.0 7439.0 7400.0 7361.0 7322.0 7283.0 7210.0 7177.0 7143.0 7109.0 7075.0 7042.0 7008.0 6974.0 6907.0 6873.0 6839.0 6805.0 6772.0 6738.0 6704.0 6670.0 6603.0 6569.0 6535.0 6502.0 6468.0 6434.0 6400.0 6367.0 6302.0 6271.0 6240.0 6208.0 6177.0 6146.0 6115.0 6084.0 6022.0 5990.0 5959.0 5928.0 5897.0 5866.0 5835.0 5803.0 5741.0 5710.0 5679.0 5648.0 5617.0 5585.0 5554.0 5523.0 5481.0 5470.0 5459.0 5448.0 5437.0 5426.0 5415.0 5404.0 5382.0 5371.0 5360.0 5349.0 5339.0 5328.0 5317.0 5306.0 5284.0 5273.0 5262.0 5251.0 5240.0 5229.0 5218.0 5207.0 5196.0 5195.0 5195.0 5194.0 5194.0 5194.0 5193.0 5193.0 5192.0 5192.0 5191.0 5191.0 5190.0 5190.0 5189.0 5189.0 5188.0 5188.0 5187.0 5187.0 5187.0 5186.0 5186.0 5185.0 5187.0 5190.0 5192.0 5194.0 5197.0 5199.0 5201.0 5204.0 5208.0 5211.0 5213.0 5215.0 5218.0 5220.0 5222.0 5225.0 5229.0 5232.0 5234.0 5236.0 5239.0 5241.0 5243.0 5246.0 5252.0 5257.0 5261.0 5265.0 5269.0 5274.0 5278.0 5282.0 5291.0 5295.0 5299.0 5303.0 5308.0 5312.0 5316.0 5320.0 5329.0 5333.0 5337.0 5342.0 5346.0 5350.0 5354.0 5359.0 5354.0 5346.0 5337.0 5328.0 5319.0 5311.0 5302.0 5293.0 5276.0 5267.0 5259.0 5250.0 5241.0 5232.0 5224.0 5215.0 5198.0 5189.0 5180.0 5172.0 5163.0 5154.0 5145.0 5137.0 5126.0 5123.0 5121.0 5118.0 5116.0 5113.0 5111.0 5108.0 5103.0 5101.0 5098.0 5096.0 5093.0 5091.0 5088.0 5086.0 5081.0 5078.0 5076.0 5073.0 5071.0 5068.0 5066.0 5063.0 5058.0 5055.0 5052.0 5049.0 5047.0 5044.0 5041.0 5038.0 5032.0 5029.0 5026.0 5023.0 5021.0 5018.0 5015.0 5012.0 5006.0 5003.0 5000.0 4997.0 4995.0 4992.0 4989.0 4986.0 4984.0 4984.0 4985.0 4986.0 4986.0 4987.0 4987.0 4988.0 4989.0 4990.0 4991.0 4991.0 4992.0 4992.0 4993.0 4994.0 4995.0 4996.0 4996.0 4997.0
agregarAgente --UnidadTermicaSimple
200.0
100.0
agregarAgente --DemandaFija
561.0 531.6 503.4 503.4 503.4 550.8 597.6 645.0 691.8 739.8 787.2 787.2 787.2 752.4 718.8 684.0 650.4 616.8 582.0 582.0 582.0 545.4 507.6 470.4 433.2 396.0 358.2 358.2 358.2 406.8 455.4 503.4 551.4 599.4 648.0 648.0 648.0 619.2 589.8 561.0 531.6 502.8 474.0 474.0 474.0 454.2 433.8 414.0 394.2 374.4 354.0 354.0 354.0 393.0 431.4 471.0 509.4 548.4 586.8 586.8 586.8 589.2 591.0 593.4 595.2 597.0 599.4 599.4 599.4 570.0 541.2 511.8 482.4 453.6 424.2 424.2 424.2 459.6 493.8 528.6 564.0 598.8 634.2 634.2 634.2 565.8 498.0 430.2 362.4 295.2 227.4 227.4 227.4 222.6 217.2 212.4 207.6 201.6 196.8 196.8 196.8 210.0 222.6 235.2 247.8 260.4 273.0 273.0 273.0 276.0 279.0 282.0 285.0 288.0 291.0 291.0 291.0 313.8 336.6 360.0 383.4 406.2 429.0 429.0 429.0 454.2 479.4 504.0 529.2 554.4 579.6 579.6 579.6 580.2 580.8 582.0 582.6 583.8 584.4 584.4 584.4 552.6 520.2 488.4 456.6 424.2 392.4 392.4 392.4 430.8 469.8 508.8 547.8 586.2 625.8 625.8 625.8 604.8 585.0 564.6 544.2 523.8 503.4 503.4 503.4 447.6 392.4 336.0 280.2 225.0 169.2 169.2 169.2 248.4 327.6 406.8 486.6 565.8 645.0 645.0 645.0 632.4 619.8 607.2 594.6 582.0 569.4 569.4 569.4 495.0 421.2 346.8 272.4 198.6 124.8 124.8 124.8 195.0 265.2 336.0 406.2 477.0 547.2 547.2 547.2 570.0 593.4 616.8 639.6 662.4 685.2 685.2 685.2 604.2 523.2 442.8 361.8 280.8 199.8 199.8 199.8 176.4 153.0 129.6 105.6 82.8 59.4 59.4 59.4 81.6 103.8 126.6 148.8 171.0 193.8 193.8 193.8 212.4 230.4 249.0 267.0 285.0 304.2 304.2 304.2 351.0 399.0 446.4 493.8 541.8 589.2 589.2 589.2 590.4 592.2 593.4 595.2 596.4 598.2 598.2 598.2 547.2 495.6 444.0 393.0 340.8 289.8 289.8 289.8 312.6 335.4 358.2 381.6 404.4 427.2 427.2 427.2 443.4 460.2 477.0 493.2 509.4 525.6 525.6 525.6 484.2 441.6 400.2 357.6 316.2 273.6 273.6 273.6 327.6 381.0 434.4 487.8 541.8 595.2 595.2 595.2 549.0 502.2 456.0 409.8 363.0 316.8 316.8 316.8 289.8 261.6 234.0 207.0 178.8 151.2 151.2 151.2 127.8 103.8 80.4 57.0 33.0 9.6 9.6 9.6 73.8 137.4 201.0 265.2 329.4 393.6 393.6 393.6 391.2 389.4 387.0 385.2 382.8 381.0 381.0 381.0 414.6 448.8 483.0 516.6 551.4 585.0 585.0 585.0 568.2 551.4 534.6 517.2 499.8 483.0 483.0 483.0 406.2 329.4 252.0
crearDespacho --mercado --conDemandaTotal
4
0.02 0.07 0.145 1.0
370.0 600.0 2400.0 4000.0
982.45 930.97 881.58 881.58 881.58 964.59 1046.55 1129.56 1211.52 1295.58 1378.58 1378.58 1378.58 1317.64 1258.8 1197.86 1139.01 1080.17 1019.23 1019.23 1019.23 955.13 888.94 823.79 758.64 693.5 627.3 627.3 627.3 712.41 797.52 881.58 965.64 1049.7 1134.81 1134.81 1134.81 1084.37 1032.89 982.45 930.97 880.53 830.09 830.09 830.09 795.42 759.69 725.02 690.34 655.67 619.94 619.94 619.94 688.24 755.49 824.84 892.09 960.39 1027.63 1027.63 1027.63 1031.84 1034.99 1039.19 1042.34 1045.5 1049.7 1049.7 1049.7 998.21 947.78 896.29 844.8 794.37 742.88 742.88 742.88 804.88 864.77 925.71 987.71 1048.65 1110.64 1110.64 1110.64 990.86 872.12 753.39 634.65 516.97 398.23 398.23 398.23 389.83 380.37 371.97 363.56 353.05 344.65 344.65 344.65 367.76 389.83 411.89 433.96 456.03 478.09 478.09 478.09 483.35 488.6 493.85 499.11 504.36 509.61 509.61 509.61 549.54 589.47 630.45 671.43 711.36 751.29 751.29 751.29 795.42 839.55 882.63 926.76 970.89 1015.03 1015.03 1015.03 1016.08 1017.13 1019.23 1020.28 1022.38 1023.43 1023.43 1023.43 967.74 911.0 855.31 799.62 742.88 687.19 687.19 687.19 754.44 822.74 891.04 959.34 1026.58 1095.93 1095.93 1095.93 1059.16 1024.48 988.76 953.03 917.31 881.58 881.58 881.58 783.86 687.19 588.42 490.7 394.03 296.31 296.31 296.31 435.01 573.71 712.41 852.16 990.86 1129.56 1129.56 1129.56 1107.49 1085.43 1063.36 1041.29 1019.23 997.16 997.16 997.16 866.87 737.63 607.33 477.04 347.8 218.56 218.56 218.56 341.49 464.43 588.42 711.36 835.35 958.28 958.28 958.28 998.21 1039.19 1080.17 1120.1 1160.03 1199.96 1199.96 1199.96 1058.11 916.25 775.45 633.6 491.75 349.9 349.9 349.9 308.92 267.94 226.96 184.93 145.0 104.02 104.02 104.02 142.9 181.78 221.71 260.59 299.46 339.39 339.39 339.39 371.97 403.49 436.06 467.58 499.11 532.73 532.73 532.73 614.69 698.75 781.76 864.77 948.83 1031.84 1031.84 1031.84 1033.94 1037.09 1039.19 1042.34 1044.45 1047.6 1047.6 1047.6 958.28 867.92 777.56 688.24 596.83 507.51 507.51 507.51 547.44 587.37 627.3 668.28 708.21 748.13 748.13 748.13 776.5 805.93 835.35 863.72 892.09 920.46 920.46 920.46 847.96 773.35 700.85 626.25 553.75 479.14 479.14 479.14 573.71 667.23 760.74 854.26 948.83 1042.34 1042.34 1042.34 961.44 879.48 798.57 717.66 635.7 554.8 554.8 554.8 507.51 458.13 409.79 362.51 313.12 264.79 264.79 264.79 223.81 181.78 140.8 99.82 57.79 16.81 16.81 16.81 129.24 240.62 352.0 464.43 576.86 689.29 689.29 689.29 685.09 681.94 677.73 674.58 670.38 667.23 667.23 667.23 726.07 785.96 845.85 904.7 965.64 1024.48 1024.48 1024.48 995.06 965.64 936.22 905.75 875.28 845.85 845.85 845.85 711.36 576.86 441.32
configurarSolver --Gurobi
resolver --noConstante ejecuciones/bancos/recombinados/v1/directo/sgtm/v1_sgtm_000311.csv
finalizar
