inicializar --t 360
agregarAgente --SaltoGrande
0.000332
1681415995.0
5942.0 5976.0 6010.0 6044.0 6077.0 6075.0 6074.0 6072.0 6071.0 6069.0 6068.0 6066.0 6063.0 6062.0 6060.0 6059.0 6057.0 6056.0 6054.0 6053.0 6050.0 6048.0 6047.0 6045.0 6044.0 6042.0 6041.0 6039.0 6020.0 6003.0 5985.0 5967.0 5949.0 5932.0 5914.0 5896.0 5861.0 5843.0 5825.0 5807.0 5790.0 5772.0 5754.0 5736.0 5701.0 5683.0 5665.0 5648.0 5630.0 5612.0 5594.0 5577.0 5528.0 5497.0 5467.0 5436.0 5405.0 5374.0 5343.0 5312.0 5251.0 5220.0 5189.0 5158.0 5128.0 5097.0 5066.0 5035.0 4974.0 4943.0 4912.0 4881.0 4850.0 4819.0 4789.0 4758.0 4701.0 4675.0 4650.0 4624.0 4598.0 4572.0 4546.0 4520.0 4469.0 4443.0 4417.0 4391.0 4366.0 4340.0 4314.0 4288.0 4237.0 4211.0 4185.0 4159.0 4133.0 4107.0 4082.0 4056.0 4016.0 4003.0 3989.0 3976.0 3962.0 3949.0 3935.0 3922.0 3894.0 3881.0 3867.0 3854.0 3840.0 3827.0 3813.0 3800.0 3772.0 3759.0 3745.0 3732.0 3718.0 3705.0 3691.0 3678.0 3644.0 3623.0 3603.0 3583.0 3562.0 3542.0 3522.0 3501.0 3461.0 3440.0 3420.0 3400.0 3379.0 3359.0 3339.0 3318.0 3278.0 3257.0 3237.0 3217.0 3196.0 3176.0 3156.0 3135.0 3094.0 3073.0 3053.0 3032.0 3011.0 2990.0 2970.0 2949.0 2907.0 2886.0 2866.0 2845.0 2824.0 2803.0 2783.0 2762.0 2720.0 2699.0 2679.0 2658.0 2637.0 2616.0 2596.0 2575.0 2541.0 2527.0 2514.0 2500.0 2487.0 2473.0 2460.0 2446.0 2419.0 2406.0 2392.0 2379.0 2365.0 2352.0 2338.0 2325.0 2298.0 2284.0 2271.0 2257.0 2244.0 2230.0 2217.0 2203.0 2183.0 2175.0 2168.0 2160.0 2153.0 2146.0 2138.0 2131.0 2116.0 2109.0 2101.0 2094.0 2086.0 2079.0 2071.0 2064.0 2049.0 2042.0 2034.0 2027.0 2020.0 2012.0 2005.0 1997.0 1985.0 1981.0 1976.0 1972.0 1967.0 1962.0 1958.0 1953.0 1944.0 1939.0 1935.0 1930.0 1926.0 1921.0 1917.0 1912.0 1903.0 1898.0 1894.0 1889.0 1884.0 1880.0 1875.0 1871.0 1864.0 1862.0 1861.0 1859.0 1857.0 1855.0 1854.0 1852.0 1848.0 1846.0 1845.0 1843.0 1841.0 1839.0 1838.0 1836.0 1832.0 1830.0 1829.0 1827.0 1825.0 1823.0 1822.0 1820.0 1820.0 1822.0 1824.0 1826.0 1829.0 1831.0 1833.0 1835.0 1839.0 1841.0 1843.0 1845.0 1848.0 1850.0 1852.0 1854.0 1858.0 1860.0 1862.0 1864.0 1867.0 1869.0 1871.0 1873.0 1878.0 1882.0 1885.0 1888.0 1892.0 1895.0 1899.0 1902.0 1909.0 1912.0 1915.0 1919.0 1922.0 1926.0 1929.0 1932.0 1939.0 1942.0 1946.0 1949.0 1953.0 1956.0 1959.0 1963.0 1969.0 1973.0 1976.0 1980.0 1983.0 1987.0 1990.0 1994.0 2000.0 2004.0 2007.0 2011.0 2014.0 2018.0 2021.0 2025.0 2031.0 2035.0 2038.0 2042.0 2045.0 2049.0 2052.0 2056.0 2055.0 2051.0 2047.0 2043.0 2039.0 2035.0 2030.0 2026.0 2018.0 2014.0 2010.0 2006.0 2002.0 1998.0 1994.0 1990.0 1982.0 1978.0 1973.0 1969.0
agregarAgente --UnidadTermicaSimple
200.0
100.0
agregarAgente --DemandaFija
324.3 281.1 237.9 237.9 237.9 255.9 273.9 291.9 309.0 327.0 345.9 345.9 345.9 358.5 371.1 383.7 396.3 408.0 420.6 420.6 420.6 361.2 300.0 240.6 179.4 120.0 59.7 59.7 59.7 123.6 187.5 251.4 315.3 379.2 443.1 443.1 443.1 475.5 506.1 537.6 569.1 601.5 633.0 633.0 633.0 651.9 671.7 691.5 711.3 731.1 750.9 750.9 750.9 789.6 827.4 867.0 905.7 944.4 983.1 983.1 983.1 1002.0 1020.9 1038.9 1057.8 1077.6 1095.6 1095.6 1095.6 1024.5 953.4 881.4 809.4 739.2 667.2 667.2 667.2 712.2 756.3 801.3 846.3 890.4 934.5 934.5 934.5 937.2 939.9 942.6 945.3 948.0 950.7 950.7 950.7 878.7 805.8 733.8 661.8 589.8 516.9 516.9 516.9 545.7 573.6 603.3 631.2 660.0 687.9 687.9 687.9 662.7 636.6 611.4 586.2 559.2 534.0 534.0 534.0 489.0 443.1 398.1 353.1 307.2 262.2 262.2 262.2 273.0 282.9 292.8 302.7 312.6 322.5 322.5 322.5 328.8 334.2 340.5 346.8 352.2 358.5 358.5 358.5 305.4 253.2 201.0 148.8 96.6 44.4 44.4 44.4 49.8 56.1 61.5 67.8 73.2 79.5 79.5 79.5 102.9 125.4 147.0 169.5 192.0 215.4 215.4 215.4 187.5 160.5 133.5 107.4 79.5 52.5 52.5 52.5 157.8 263.1 368.4 472.8 577.2 682.5 682.5 682.5 651.0 619.5 588.0 555.6 524.1 492.6 492.6 492.6 472.8 451.2 431.4 411.6 390.9 371.1 371.1 371.1 481.8 592.5 702.3 813.9 924.6 1035.3 1035.3 1035.3 1056.0 1077.6 1099.2 1119.9 1140.6 1162.2 1162.2 1162.2 1101.9 1041.6 982.2 921.0 861.6 801.3 801.3 801.3 827.4 855.3 882.3 908.4 935.4 963.3 963.3 963.3 910.2 858.0 805.8 753.6 700.5 649.2 649.2 649.2 585.3 519.6 454.8 390.9 326.1 262.2 262.2 262.2 273.0 284.7 295.5 307.2 318.0 329.7 329.7 329.7 355.8 381.9 408.0 433.2 459.3 485.4 485.4 485.4 463.8 441.3 419.7 397.2 375.6 354.0 354.0 354.0 399.9 446.7 493.5 540.3 587.1 633.9 633.9 633.9 699.6 766.2 832.8 899.4 966.0 1031.7 1031.7 1031.7 984.0 935.4 887.7 840.0 792.3 744.6 744.6 744.6 756.3 767.1 778.8 790.5 802.2 813.9 813.9 813.9 775.2 736.5 697.8 659.1 620.4 580.8 580.8 580.8 503.4 424.2 346.8 268.5 189.3 111.9 111.9 111.9 221.7 329.7 439.5 548.4 658.2 768.0 768.0 768.0 795.0 822.0 849.9 876.9 903.9 930.9 930.9 930.9 844.5 756.3 669.0 581.7 495.3 407.1 407.1 407.1 462.0 515.1 569.1 623.1 677.1 731.1 731.1 731.1 716.7 700.5 685.2 669.9 655.5 640.2 640.2 640.2 558.3 476.4 394.5
crearDespacho --mercado --conDemandaTotal
4
0.02 0.07 0.145 1.0
370.0 600.0 2400.0 4000.0
388.59 336.82 285.06 285.06 285.06 306.63 328.2 349.77 370.25 391.82 414.47 414.47 414.47 429.57 444.67 459.76 474.86 488.88 503.98 503.98 503.98 432.8 359.47 288.3 214.96 143.79 71.53 71.53 71.53 148.1 224.67 301.24 377.8 454.37 530.94 530.94 530.94 569.76 606.43 644.17 681.92 720.74 758.48 758.48 758.48 781.13 804.85 828.58 852.31 876.03 899.76 899.76 899.76 946.13 991.42 1038.87 1085.24 1131.61 1177.99 1177.99 1177.99 1200.63 1223.28 1244.85 1267.49 1291.22 1312.79 1312.79 1312.79 1227.59 1142.4 1056.12 969.85 885.74 799.46 799.46 799.46 853.38 906.23 960.15 1014.07 1066.91 1119.75 1119.75 1119.75 1122.99 1126.22 1129.46 1132.69 1135.93 1139.16 1139.16 1139.16 1052.89 965.54 879.27 792.99 706.72 619.37 619.37 619.37 653.88 687.31 722.9 756.33 790.84 824.27 824.27 824.27 794.07 762.8 732.6 702.41 670.05 639.86 639.86 639.86 585.94 530.94 477.02 423.1 368.1 314.18 314.18 314.18 327.12 338.98 350.84 362.71 374.57 386.43 386.43 386.43 393.98 400.45 408.0 415.55 422.02 429.57 429.57 429.57 365.94 303.39 240.85 178.3 115.75 53.2 53.2 53.2 59.67 67.22 73.69 81.24 87.71 95.26 95.26 95.26 123.3 150.26 176.14 203.1 230.06 258.1 258.1 258.1 224.67 192.32 159.96 128.69 95.26 62.91 62.91 62.91 189.08 315.26 441.43 566.53 691.62 817.8 817.8 817.8 780.05 742.31 704.56 665.74 628.0 590.25 590.25 590.25 566.53 540.64 516.92 493.19 468.39 444.67 444.67 444.67 577.31 709.95 841.52 975.24 1107.89 1240.53 1240.53 1240.53 1265.34 1291.22 1317.1 1341.9 1366.71 1392.59 1392.59 1392.59 1320.34 1248.08 1176.91 1103.58 1032.4 960.15 960.15 960.15 991.42 1024.85 1057.2 1088.48 1120.83 1154.26 1154.26 1154.26 1090.63 1028.09 965.54 902.99 839.36 777.89 777.89 777.89 701.33 622.6 544.96 468.39 390.74 314.18 314.18 314.18 327.12 341.14 354.08 368.1 381.04 395.06 395.06 395.06 426.33 457.61 488.88 519.08 550.35 581.62 581.62 581.62 555.74 528.78 502.9 475.94 450.06 424.18 424.18 424.18 479.17 535.25 591.33 647.41 703.48 759.56 759.56 759.56 838.29 918.09 997.89 1077.69 1157.5 1236.22 1236.22 1236.22 1179.06 1120.83 1063.67 1006.52 949.36 892.21 892.21 892.21 906.23 919.17 933.19 947.21 961.22 975.24 975.24 975.24 928.87 882.5 836.13 789.76 743.39 695.94 695.94 695.94 603.19 508.29 415.55 321.73 226.83 134.08 134.08 134.08 265.65 395.06 526.62 657.11 788.68 920.25 920.25 920.25 952.6 984.95 1018.38 1050.73 1083.09 1115.44 1115.44 1115.44 1011.91 906.23 801.62 697.01 593.49 487.8 487.8 487.8 553.58 617.21 681.92 746.62 811.33 876.03 876.03 876.03 858.78 839.36 821.03 802.7 785.44 767.11 767.11 767.11 668.98 570.84 472.7
configurarSolver --Gurobi
resolver --noConstante ejecuciones/bancos/recombinados/v1/directo/sgtm/v1_sgtm_000294.csv
finalizar
