inicializar --t 360
agregarAgente --SaltoGrande
0.000925
2256096256.0
2346.0 2347.0 2348.0 2348.0 2350.0 2352.0 2353.0 2355.0 2356.0 2357.0 2359.0 2360.0 2363.0 2364.0 2366.0 2367.0 2369.0 2370.0 2372.0 2373.0 2376.0 2377.0 2379.0 2380.0 2381.0 2383.0 2384.0 2386.0 2376.0 2365.0 2355.0 2344.0 2333.0 2322.0 2311.0 2300.0 2279.0 2268.0 2257.0 2246.0 2236.0 2225.0 2214.0 2203.0 2182.0 2171.0 2160.0 2149.0 2138.0 2127.0 2117.0 2106.0 2092.0 2089.0 2086.0 2083.0 2080.0 2077.0 2074.0 2071.0 2065.0 2062.0 2059.0 2056.0 2052.0 2049.0 2046.0 2043.0 2037.0 2034.0 2031.0 2028.0 2025.0 2022.0 2019.0 2016.0 2001.0 1989.0 1977.0 1964.0 1952.0 1940.0 1928.0 1916.0 1892.0 1879.0 1867.0 1855.0 1843.0 1831.0 1819.0 1806.0 1782.0 1770.0 1758.0 1746.0 1734.0 1721.0 1709.0 1697.0 1677.0 1669.0 1661.0 1653.0 1646.0 1638.0 1630.0 1622.0 1606.0 1598.0 1590.0 1582.0 1575.0 1567.0 1559.0 1551.0 1535.0 1527.0 1519.0 1511.0 1504.0 1496.0 1488.0 1480.0 1473.0 1473.0 1474.0 1475.0 1475.0 1476.0 1477.0 1477.0 1479.0 1479.0 1480.0 1481.0 1481.0 1482.0 1483.0 1483.0 1485.0 1485.0 1486.0 1487.0 1487.0 1488.0 1489.0 1489.0 1488.0 1486.0 1483.0 1481.0 1479.0 1477.0 1475.0 1473.0 1468.0 1466.0 1464.0 1462.0 1459.0 1457.0 1455.0 1453.0 1448.0 1446.0 1444.0 1442.0 1440.0 1438.0 1435.0 1433.0 1436.0 1441.0 1446.0 1451.0 1455.0 1460.0 1465.0 1470.0 1480.0 1485.0 1490.0 1495.0 1499.0 1504.0 1509.0 1514.0 1524.0 1529.0 1534.0 1539.0 1543.0 1548.0 1553.0 1558.0 1560.0 1557.0 1554.0 1551.0 1548.0 1545.0 1542.0 1539.0 1533.0 1530.0 1527.0 1524.0 1521.0 1518.0 1515.0 1512.0 1506.0 1503.0 1500.0 1497.0 1494.0 1491.0 1488.0 1485.0 1491.0 1499.0 1508.0 1517.0 1526.0 1534.0 1543.0 1552.0 1569.0 1578.0 1586.0 1595.0 1604.0 1613.0 1621.0 1630.0 1647.0 1656.0 1665.0 1673.0 1682.0 1691.0 1700.0 1708.0 1714.0 1711.0 1709.0 1706.0 1703.0 1700.0 1698.0 1695.0 1689.0 1686.0 1684.0 1681.0 1678.0 1675.0 1673.0 1670.0 1664.0 1661.0 1659.0 1656.0 1653.0 1650.0 1648.0 1645.0 1650.0 1658.0 1667.0 1675.0 1683.0 1691.0 1699.0 1707.0 1724.0 1732.0 1740.0 1748.0 1757.0 1765.0 1773.0 1781.0 1798.0 1806.0 1814.0 1822.0 1830.0 1838.0 1847.0 1855.0 1873.0 1882.0 1892.0 1901.0 1911.0 1920.0 1930.0 1939.0 1958.0 1968.0 1977.0 1987.0 1996.0 2006.0 2015.0 2025.0 2044.0 2053.0 2063.0 2072.0 2082.0 2091.0 2101.0 2110.0 2129.0 2139.0 2148.0 2157.0 2167.0 2176.0 2185.0 2195.0 2213.0 2223.0 2232.0 2241.0 2251.0 2260.0 2269.0 2279.0 2297.0 2307.0 2316.0 2325.0 2335.0 2344.0 2353.0 2363.0 2382.0 2391.0 2401.0 2411.0 2420.0 2430.0 2440.0 2449.0 2469.0 2478.0 2488.0 2498.0 2507.0 2517.0 2527.0 2536.0 2556.0 2565.0 2575.0 2585.0
agregarAgente --UnidadTermicaSimple
200.0
100.0
agregarAgente --DemandaFija
196.2 167.4 138.6 138.6 138.6 150.6 162.6 174.6 186.0 198.0 210.6 210.6 210.6 219.0 227.4 235.8 244.2 252.0 260.4 260.4 260.4 220.8 180.0 140.4 99.6 60.0 19.8 19.8 19.8 62.4 105.0 147.6 190.2 232.8 275.4 275.4 275.4 297.0 317.4 338.4 359.4 381.0 402.0 402.0 402.0 414.6 427.8 441.0 454.2 467.4 480.6 480.6 480.6 506.4 531.6 558.0 583.8 609.6 635.4 635.4 635.4 648.0 660.6 672.6 685.2 698.4 710.4 710.4 710.4 663.0 615.6 567.6 519.6 472.8 424.8 424.8 424.8 454.8 484.2 514.2 544.2 573.6 603.0 603.0 603.0 604.8 606.6 608.4 610.2 612.0 613.8 613.8 613.8 565.8 517.2 469.2 421.2 373.2 324.6 324.6 324.6 343.8 362.4 382.2 400.8 420.0 438.6 438.6 438.6 421.8 404.4 387.6 370.8 352.8 336.0 336.0 336.0 306.0 275.4 245.4 215.4 184.8 154.8 154.8 154.8 162.0 168.6 175.2 181.8 188.4 195.0 195.0 195.0 199.2 202.8 207.0 211.2 214.8 219.0 219.0 219.0 183.6 148.8 114.0 79.2 44.4 9.6 9.6 9.6 13.2 17.4 21.0 25.2 28.8 33.0 33.0 33.0 48.6 63.6 78.0 93.0 108.0 123.6 123.6 123.6 105.0 87.0 69.0 51.6 33.0 15.0 15.0 15.0 85.2 155.4 225.6 295.2 364.8 435.0 435.0 435.0 414.0 393.0 372.0 350.4 329.4 308.4 308.4 308.4 295.2 280.8 267.6 254.4 240.6 227.4 227.4 227.4 301.2 375.0 448.2 522.6 596.4 670.2 670.2 670.2 684.0 698.4 712.8 726.6 740.4 754.8 754.8 754.8 714.6 674.4 634.8 594.0 554.4 514.2 514.2 514.2 531.6 550.2 568.2 585.6 603.6 622.2 622.2 622.2 586.8 552.0 517.2 482.4 447.0 412.8 412.8 412.8 370.2 326.4 283.2 240.6 197.4 154.8 154.8 154.8 162.0 169.8 177.0 184.8 192.0 199.8 199.8 199.8 217.2 234.6 252.0 268.8 286.2 303.6 303.6 303.6 289.2 274.2 259.8 244.8 230.4 216.0 216.0 216.0 246.6 277.8 309.0 340.2 371.4 402.6 402.6 402.6 446.4 490.8 535.2 579.6 624.0 667.8 667.8 667.8 636.0 603.6 571.8 540.0 508.2 476.4 476.4 476.4 484.2 491.4 499.2 507.0 514.8 522.6 522.6 522.6 496.8 471.0 445.2 419.4 393.6 367.2 367.2 367.2 315.6 262.8 211.2 159.0 106.2 54.6 54.6 54.6 127.8 199.8 273.0 345.6 418.8 492.0 492.0 492.0 510.0 528.0 546.6 564.6 582.6 600.6 600.6 600.6 543.0 484.2 426.0 367.8 310.2 251.4 251.4 251.4 288.0 323.4 359.4 395.4 431.4 467.4 467.4 467.4 457.8 447.0 436.8 426.6 417.0 406.8 406.8 406.8 352.2 297.6 243.0
crearDespacho --mercado --conDemandaTotal
4
0.02 0.07 0.145 1.0
370.0 600.0 2400.0 4000.0
385.38 328.81 272.24 272.24 272.24 295.81 319.38 342.95 365.34 388.91 413.66 413.66 413.66 430.16 446.66 463.16 479.66 494.98 511.48 511.48 511.48 433.7 353.56 275.78 195.64 117.85 38.89 38.89 38.89 122.57 206.24 289.92 373.59 457.27 540.94 540.94 540.94 583.37 623.44 664.69 705.94 748.37 789.61 789.61 789.61 814.36 840.29 866.22 892.15 918.07 944.0 944.0 944.0 994.68 1044.18 1096.03 1146.71 1197.39 1248.06 1248.06 1248.06 1272.81 1297.56 1321.13 1345.88 1371.81 1395.38 1395.38 1395.38 1302.27 1209.17 1114.89 1020.61 928.68 834.4 834.4 834.4 893.33 951.07 1010.0 1068.93 1126.67 1184.42 1184.42 1184.42 1187.96 1191.49 1195.03 1198.56 1202.1 1205.64 1205.64 1205.64 1111.35 1015.89 921.61 827.33 733.05 637.58 637.58 637.58 675.3 711.83 750.72 787.26 824.97 861.5 861.5 861.5 828.51 794.33 761.33 728.33 692.98 659.98 659.98 659.98 601.05 540.94 482.02 423.09 362.99 304.06 304.06 304.06 318.2 331.17 344.13 357.09 370.06 383.02 383.02 383.02 391.27 398.34 406.59 414.84 421.91 430.16 430.16 430.16 360.63 292.28 223.92 155.57 87.21 18.86 18.86 18.86 25.93 34.18 41.25 49.5 56.57 64.82 64.82 64.82 95.46 124.92 153.21 182.67 212.14 242.78 242.78 242.78 206.24 170.89 135.53 101.35 64.82 29.46 29.46 29.46 167.35 305.24 443.13 579.84 716.55 854.43 854.43 854.43 813.19 771.94 730.69 688.26 647.01 605.76 605.76 605.76 579.84 551.55 525.62 499.7 472.59 446.66 446.66 446.66 591.62 736.58 880.36 1026.5 1171.46 1316.42 1316.42 1316.42 1343.52 1371.81 1400.09 1427.2 1454.31 1482.59 1482.59 1482.59 1403.63 1324.67 1246.88 1166.74 1088.96 1010.0 1010.0 1010.0 1044.18 1080.71 1116.07 1150.24 1185.6 1222.13 1222.13 1222.13 1152.6 1084.25 1015.89 947.54 878.0 810.83 810.83 810.83 727.15 641.12 556.27 472.59 387.74 304.06 304.06 304.06 318.2 333.52 347.67 362.99 377.13 392.45 392.45 392.45 426.63 460.8 494.98 527.98 562.16 596.34 596.34 596.34 568.05 538.59 510.3 480.84 452.56 424.27 424.27 424.27 484.38 545.66 606.94 668.23 729.51 790.79 790.79 790.79 876.83 964.04 1051.25 1138.46 1225.67 1311.7 1311.7 1311.7 1249.24 1185.6 1123.14 1060.68 998.21 935.75 935.75 935.75 951.07 965.22 980.54 995.86 1011.18 1026.5 1026.5 1026.5 975.82 925.15 874.47 823.79 773.12 721.26 721.26 721.26 619.91 516.2 414.84 312.31 208.6 107.25 107.25 107.25 251.03 392.45 536.23 678.83 822.61 966.39 966.39 966.39 1001.75 1037.11 1073.64 1109.0 1144.35 1179.71 1179.71 1179.71 1066.57 951.07 836.76 722.44 609.3 493.8 493.8 493.8 565.69 635.23 705.94 776.65 847.36 918.07 918.07 918.07 899.22 878.0 857.97 837.93 819.08 799.04 799.04 799.04 691.8 584.55 477.3
configurarSolver --Gurobi
resolver --noConstante ejecuciones/bancos/recombinados/v1/directo/sgtm/v1_sgtm_000102.csv
finalizar
