inicializar --t 360
agregarAgente --SaltoGrande
0.002298
2133902914.0
4486.0 4478.0 4469.0 4461.0 4450.0 4446.0 4443.0 4439.0 4436.0 4433.0 4429.0 4426.0 4419.0 4416.0 4412.0 4409.0 4405.0 4402.0 4398.0 4395.0 4388.0 4385.0 4381.0 4378.0 4375.0 4371.0 4368.0 4364.0 4356.0 4351.0 4345.0 4340.0 4335.0 4330.0 4324.0 4319.0 4309.0 4304.0 4298.0 4293.0 4288.0 4283.0 4277.0 4272.0 4262.0 4257.0 4251.0 4246.0 4241.0 4236.0 4230.0 4225.0 4213.0 4206.0 4198.0 4191.0 4184.0 4177.0 4170.0 4163.0 4148.0 4141.0 4134.0 4127.0 4119.0 4112.0 4105.0 4098.0 4083.0 4076.0 4069.0 4062.0 4055.0 4048.0 4040.0 4033.0 4013.0 4000.0 3986.0 3973.0 3960.0 3947.0 3933.0 3920.0 3894.0 3881.0 3867.0 3854.0 3841.0 3828.0 3814.0 3801.0 3775.0 3762.0 3748.0 3735.0 3722.0 3709.0 3695.0 3682.0 3661.0 3653.0 3645.0 3637.0 3629.0 3621.0 3613.0 3605.0 3589.0 3581.0 3573.0 3565.0 3556.0 3548.0 3540.0 3532.0 3516.0 3508.0 3500.0 3492.0 3484.0 3476.0 3468.0 3460.0 3446.0 3440.0 3434.0 3428.0 3422.0 3416.0 3410.0 3404.0 3392.0 3386.0 3380.0 3374.0 3368.0 3362.0 3356.0 3350.0 3338.0 3332.0 3326.0 3320.0 3314.0 3308.0 3302.0 3296.0 3314.0 3339.0 3363.0 3388.0 3412.0 3437.0 3461.0 3486.0 3535.0 3559.0 3584.0 3608.0 3633.0 3657.0 3682.0 3706.0 3755.0 3780.0 3804.0 3829.0 3853.0 3878.0 3902.0 3927.0 3983.0 4015.0 4046.0 4078.0 4110.0 4142.0 4174.0 4206.0 4269.0 4301.0 4333.0 4365.0 4396.0 4428.0 4460.0 4492.0 4555.0 4587.0 4619.0 4651.0 4683.0 4715.0 4746.0 4778.0 4787.0 4765.0 4742.0 4720.0 4697.0 4675.0 4652.0 4630.0 4585.0 4562.0 4540.0 4517.0 4495.0 4472.0 4450.0 4427.0 4382.0 4360.0 4337.0 4315.0 4292.0 4270.0 4247.0 4225.0 4182.0 4162.0 4142.0 4122.0 4103.0 4083.0 4063.0 4043.0 4003.0 3983.0 3963.0 3943.0 3924.0 3904.0 3884.0 3864.0 3824.0 3804.0 3784.0 3764.0 3745.0 3725.0 3705.0 3685.0 3649.0 3633.0 3617.0 3601.0 3585.0 3569.0 3553.0 3537.0 3505.0 3489.0 3473.0 3457.0 3441.0 3425.0 3409.0 3393.0 3361.0 3345.0 3329.0 3313.0 3297.0 3281.0 3265.0 3249.0 3225.0 3218.0 3210.0 3202.0 3195.0 3187.0 3180.0 3172.0 3157.0 3149.0 3141.0 3134.0 3126.0 3119.0 3111.0 3103.0 3088.0 3080.0 3073.0 3065.0 3058.0 3050.0 3042.0 3035.0 3024.0 3022.0 3019.0 3017.0 3014.0 3012.0 3009.0 3007.0 3002.0 2999.0 2997.0 2994.0 2992.0 2989.0 2987.0 2984.0 2979.0 2977.0 2974.0 2972.0 2969.0 2967.0 2964.0 2962.0 2958.0 2958.0 2957.0 2957.0 2956.0 2956.0 2955.0 2955.0 2954.0 2953.0 2953.0 2952.0 2952.0 2951.0 2951.0 2950.0 2949.0 2949.0 2948.0 2948.0 2947.0 2947.0 2946.0 2946.0 2938.0 2932.0 2925.0 2918.0 2911.0 2905.0 2898.0 2891.0 2878.0 2871.0 2864.0 2857.0 2851.0 2844.0 2837.0 2830.0 2817.0 2810.0 2803.0 2797.0
agregarAgente --UnidadTermicaSimple
200.0
100.0
agregarAgente --DemandaFija
253.2 164.1 74.1 74.1 74.1 102.0 128.1 155.1 182.1 208.2 236.1 236.1 236.1 252.3 268.5 283.8 300.0 316.2 331.5 331.5 331.5 316.2 300.0 283.8 267.6 251.4 236.1 236.1 236.1 301.8 368.4 435.0 501.6 567.3 634.8 634.8 634.8 631.2 628.5 625.8 622.2 619.5 616.8 616.8 616.8 611.4 606.9 602.4 597.9 593.4 588.9 588.9 588.9 616.8 645.6 674.4 702.3 732.0 760.8 760.8 760.8 750.0 739.2 728.4 717.6 705.9 696.0 696.0 696.0 702.3 709.5 715.8 722.1 728.4 734.7 734.7 734.7 760.8 787.8 814.8 841.8 868.8 895.8 895.8 895.8 883.2 870.6 857.1 844.5 831.9 818.4 818.4 818.4 772.5 726.6 678.9 633.0 586.2 539.4 539.4 539.4 465.6 390.0 315.3 241.5 165.9 92.1 92.1 92.1 93.9 95.7 97.5 99.3 102.0 103.8 103.8 103.8 94.8 84.9 75.9 66.9 57.9 48.9 48.9 48.9 72.3 96.6 120.0 143.4 166.8 190.2 190.2 190.2 275.7 362.1 447.6 534.0 620.4 705.9 705.9 705.9 655.5 605.1 553.8 503.4 453.0 402.6 402.6 402.6 393.6 384.6 375.6 366.6 357.6 348.6 348.6 348.6 369.3 390.0 411.6 432.3 453.0 474.6 474.6 474.6 443.1 411.6 381.0 350.4 318.0 287.4 287.4 287.4 293.7 300.0 306.3 312.6 318.9 325.2 325.2 325.2 353.1 379.2 405.3 432.3 458.4 486.3 486.3 486.3 489.0 491.7 494.4 497.1 499.8 502.5 502.5 502.5 526.8 550.2 574.5 599.7 623.1 647.4 647.4 647.4 633.0 617.7 603.3 588.9 572.7 558.3 558.3 558.3 516.0 474.6 431.4 389.1 347.7 304.5 304.5 304.5 308.1 311.7 314.4 318.0 321.6 324.3 324.3 324.3 356.7 389.1 420.6 452.1 484.5 516.0 516.0 516.0 506.1 497.1 487.2 478.2 468.3 458.4 458.4 458.4 520.5 582.6 645.6 707.7 769.8 831.9 831.9 831.9 862.5 893.1 923.7 955.2 984.9 1015.5 1015.5 1015.5 942.6 870.6 797.7 725.7 652.8 579.9 579.9 579.9 599.7 617.7 635.7 654.6 672.6 691.5 691.5 691.5 643.8 597.0 549.3 502.5 454.8 408.0 408.0 408.0 378.3 349.5 319.8 290.1 261.3 232.5 232.5 232.5 276.6 321.6 366.6 411.6 455.7 501.6 501.6 501.6 528.6 555.6 582.6 610.5 637.5 665.4 665.4 665.4 651.9 638.4 625.8 612.3 598.8 586.2 586.2 586.2 669.9 755.4 840.0 924.6 1009.2 1094.7 1094.7 1094.7 1065.0 1036.2 1007.4 978.6 949.8 921.0 921.0 921.0 782.4 644.7 507.0 369.3 231.6 93.9 93.9 93.9 169.5 246.9 322.5 399.9 476.4 552.9 552.9 552.9 552.0 551.1 550.2 549.3 548.4 547.5 547.5 547.5 561.9 577.2 593.4
crearDespacho --mercado --conDemandaTotal
4
0.02 0.07 0.145 1.0
370.0 600.0 2400.0 4000.0
339.92 220.3 99.48 99.48 99.48 136.94 171.97 208.22 244.47 279.51 316.96 316.96 316.96 338.71 360.46 381.0 402.75 424.5 445.04 445.04 445.04 424.5 402.75 381.0 359.25 337.51 316.96 316.96 316.96 405.17 494.58 583.99 673.4 761.6 852.22 852.22 852.22 847.39 843.76 840.14 835.3 831.68 828.06 828.06 828.06 820.81 814.76 808.72 802.68 796.64 790.6 790.6 790.6 828.06 866.72 905.38 942.84 982.71 1021.38 1021.38 1021.38 1006.88 992.38 977.88 963.38 947.67 934.38 934.38 934.38 942.84 952.51 960.96 969.42 977.88 986.34 986.34 986.34 1021.38 1057.62 1093.87 1130.12 1166.37 1202.61 1202.61 1202.61 1185.7 1168.78 1150.66 1133.74 1116.83 1098.7 1098.7 1098.7 1037.08 975.46 911.42 849.8 786.97 724.15 724.15 724.15 625.07 523.58 423.29 324.21 222.72 123.64 123.64 123.64 126.06 128.48 130.89 133.31 136.94 139.35 139.35 139.35 127.27 113.98 101.9 89.81 77.73 65.65 65.65 65.65 97.06 129.69 161.1 192.51 223.93 255.34 255.34 255.34 370.13 486.12 600.9 716.9 832.89 947.67 947.67 947.67 880.01 812.35 743.48 675.82 608.15 540.49 540.49 540.49 528.41 516.33 504.24 492.16 480.08 468.0 468.0 468.0 495.79 523.58 552.57 580.36 608.15 637.15 637.15 637.15 594.86 552.57 511.49 470.41 426.92 385.84 385.84 385.84 394.29 402.75 411.21 419.67 428.12 436.58 436.58 436.58 474.04 509.08 544.12 580.36 615.4 652.86 652.86 652.86 656.48 660.11 663.73 667.36 670.98 674.61 674.61 674.61 707.23 738.64 771.27 805.1 836.51 869.14 869.14 869.14 849.8 829.26 809.93 790.6 768.85 749.52 749.52 749.52 692.73 637.15 579.16 522.37 466.79 408.79 408.79 408.79 413.62 418.46 422.08 426.92 431.75 435.37 435.37 435.37 478.87 522.37 564.66 606.95 650.44 692.73 692.73 692.73 679.44 667.36 654.07 641.98 628.69 615.4 615.4 615.4 698.77 782.14 866.72 950.09 1033.46 1116.83 1116.83 1116.83 1157.91 1198.99 1240.07 1282.36 1322.23 1363.31 1363.31 1363.31 1265.44 1168.78 1070.91 974.25 876.39 778.52 778.52 778.52 805.1 829.26 853.43 878.8 902.97 928.34 928.34 928.34 864.3 801.47 737.44 674.61 610.57 547.74 547.74 547.74 507.87 469.2 429.33 389.46 350.8 312.13 312.13 312.13 371.34 431.75 492.16 552.57 611.78 673.4 673.4 673.4 709.65 745.89 782.14 819.6 855.85 893.3 893.3 893.3 875.18 857.05 840.14 822.01 803.89 786.97 786.97 786.97 899.34 1014.13 1127.7 1241.28 1354.85 1469.64 1469.64 1469.64 1429.76 1391.1 1352.44 1313.77 1275.11 1236.44 1236.44 1236.44 1050.37 865.51 680.65 495.79 310.92 126.06 126.06 126.06 227.55 331.46 432.96 536.87 639.57 742.27 742.27 742.27 741.06 739.85 738.64 737.44 736.23 735.02 735.02 735.02 754.35 774.89 796.64
configurarSolver --Gurobi
resolver --noConstante ejecuciones/bancos/recombinados/v1/directo/sgtm/v1_sgtm_000469.csv
finalizar
