inicializar --t 360
agregarAgente --SaltoGrande
0.001187
2032464238.0
9542.0 9596.0 9651.0 9705.0 9773.0 9786.0 9799.0 9812.0 9826.0 9839.0 9852.0 9865.0 9891.0 9904.0 9917.0 9930.0 9944.0 9957.0 9970.0 9983.0 10009.0 10022.0 10035.0 10048.0 10062.0 10075.0 10088.0 10101.0 10110.0 10106.0 10102.0 10097.0 10093.0 10089.0 10085.0 10081.0 10073.0 10068.0 10064.0 10060.0 10056.0 10052.0 10048.0 10043.0 10035.0 10031.0 10027.0 10023.0 10019.0 10014.0 10010.0 10006.0 9993.0 9984.0 9975.0 9966.0 9957.0 9948.0 9939.0 9930.0 9912.0 9903.0 9894.0 9885.0 9876.0 9867.0 9858.0 9849.0 9831.0 9822.0 9813.0 9804.0 9795.0 9786.0 9777.0 9768.0 9705.0 9651.0 9596.0 9542.0 9488.0 9434.0 9380.0 9326.0 9217.0 9163.0 9109.0 9055.0 9000.0 8946.0 8892.0 8838.0 8729.0 8675.0 8621.0 8567.0 8513.0 8459.0 8404.0 8350.0 8257.0 8218.0 8179.0 8140.0 8101.0 8062.0 8023.0 7984.0 7906.0 7867.0 7828.0 7789.0 7751.0 7712.0 7673.0 7634.0 7556.0 7517.0 7478.0 7439.0 7400.0 7361.0 7322.0 7283.0 7210.0 7177.0 7143.0 7109.0 7075.0 7042.0 7008.0 6974.0 6907.0 6873.0 6839.0 6805.0 6772.0 6738.0 6704.0 6670.0 6603.0 6569.0 6535.0 6502.0 6468.0 6434.0 6400.0 6367.0 6302.0 6271.0 6240.0 6208.0 6177.0 6146.0 6115.0 6084.0 6022.0 5990.0 5959.0 5928.0 5897.0 5866.0 5835.0 5803.0 5741.0 5710.0 5679.0 5648.0 5617.0 5585.0 5554.0 5523.0 5481.0 5470.0 5459.0 5448.0 5437.0 5426.0 5415.0 5404.0 5382.0 5371.0 5360.0 5349.0 5339.0 5328.0 5317.0 5306.0 5284.0 5273.0 5262.0 5251.0 5240.0 5229.0 5218.0 5207.0 5196.0 5195.0 5195.0 5194.0 5194.0 5194.0 5193.0 5193.0 5192.0 5192.0 5191.0 5191.0 5190.0 5190.0 5189.0 5189.0 5188.0 5188.0 5187.0 5187.0 5187.0 5186.0 5186.0 5185.0 5187.0 5190.0 5192.0 5194.0 5197.0 5199.0 5201.0 5204.0 5208.0 5211.0 5213.0 5215.0 5218.0 5220.0 5222.0 5225.0 5229.0 5232.0 5234.0 5236.0 5239.0 5241.0 5243.0 5246.0 5252.0 5257.0 5261.0 5265.0 5269.0 5274.0 5278.0 5282.0 5291.0 5295.0 5299.0 5303.0 5308.0 5312.0 5316.0 5320.0 5329.0 5333.0 5337.0 5342.0 5346.0 5350.0 5354.0 5359.0 5354.0 5346.0 5337.0 5328.0 5319.0 5311.0 5302.0 5293.0 5276.0 5267.0 5259.0 5250.0 5241.0 5232.0 5224.0 5215.0 5198.0 5189.0 5180.0 5172.0 5163.0 5154.0 5145.0 5137.0 5126.0 5123.0 5121.0 5118.0 5116.0 5113.0 5111.0 5108.0 5103.0 5101.0 5098.0 5096.0 5093.0 5091.0 5088.0 5086.0 5081.0 5078.0 5076.0 5073.0 5071.0 5068.0 5066.0 5063.0 5058.0 5055.0 5052.0 5049.0 5047.0 5044.0 5041.0 5038.0 5032.0 5029.0 5026.0 5023.0 5021.0 5018.0 5015.0 5012.0 5006.0 5003.0 5000.0 4997.0 4995.0 4992.0 4989.0 4986.0 4984.0 4984.0 4985.0 4986.0 4986.0 4987.0 4987.0 4988.0 4989.0 4990.0 4991.0 4991.0 4992.0 4992.0 4993.0 4994.0 4995.0 4996.0 4996.0 4997.0
agregarAgente --UnidadTermicaSimple
200.0
100.0
agregarAgente --DemandaFija
162.0 162.6 163.8 164.4 165.6 172.2 179.4 186.6 193.2 200.4 207.6 207.6 209.4 207.0 204.0 201.6 198.0 194.4 192.0 194.4 196.2 192.0 187.8 183.6 179.4 175.2 171.0 169.8 168.0 168.0 168.0 167.4 168.0 168.6 168.0 166.8 166.2 164.4 163.8 162.0 160.8 159.0 157.8 158.4 164.4 187.2 209.4 232.2 254.4 277.2 299.4 304.8 309.0 322.8 337.8 352.2 366.0 381.0 394.8 394.2 390.0 385.8 382.2 378.0 374.4 370.2 366.6 363.0 354.6 333.6 312.0 290.4 268.8 247.8 226.2 221.4 220.2 232.2 244.2 256.8 268.2 280.2 292.2 295.2 302.4 302.4 302.4 302.4 303.0 302.4 303.0 306.6 304.2 292.2 279.6 267.0 255.0 242.4 230.4 225.0 217.2 217.8 218.4 218.4 219.0 219.6 220.2 217.8 224.4 232.2 240.0 248.4 256.8 265.2 273.0 280.2 279.0 255.0 231.0 206.4 182.4 157.8 133.8 124.8 121.8 125.4 129.6 133.2 138.0 142.2 145.8 151.8 162.6 168.0 173.4 178.8 183.6 189.6 194.4 199.8 196.2 187.8 179.4 170.4 162.0 153.0 144.6 135.6 125.4 123.0 121.2 119.4 117.6 115.8 114.0 112.2 114.6 120.0 124.8 129.6 135.0 139.8 144.6 149.4 150.6 147.0 144.0 139.8 136.2 133.2 129.6 125.4 118.8 114.6 111.0 107.4 103.8 100.2 96.0 92.4 94.2 99.0 104.4 109.2 114.6 119.4 124.2 129.6 133.8 135.6 136.2 137.4 139.2 139.8 141.0 139.8 145.2 151.8 158.4 165.0 171.6 178.2 184.8 190.8 198.6 197.4 196.8 196.2 195.6 194.4 193.8 195.6 190.2 184.8 178.2 173.4 166.8 160.8 154.8 147.6 144.6 148.2 151.2 154.2 156.6 159.6 163.2 167.4 173.4 174.6 175.8 177.0 178.2 179.4 180.6 181.8 175.8 169.2 162.0 154.2 147.6 140.4 133.8 126.6 127.2 135.6 144.0 152.4 160.8 169.2 177.0 185.4 197.4 201.6 205.2 209.4 213.0 217.2 221.4 225.0 219.6 211.2 202.8 193.8 184.8 176.4 167.4 157.8 153.6 158.4 163.2 168.6 173.4 178.2 183.0 189.0 197.4 203.4 209.4 215.4 221.4 227.4 233.4 235.8 229.8 225.0 219.0 214.2 208.8 202.8 198.0 189.0 181.2 190.2 199.2 208.2 217.2 225.6 234.6 235.2 242.4 251.4 261.0 270.0 278.4 288.0 297.0 302.4 303.6 315.6 328.8 341.4 354.0 366.0 378.6 373.8 370.2 372.0 373.2 374.4 376.2 378.0 379.2 381.0 386.4 389.4 393.6 397.2 400.8 405.0 408.0 412.2 416.4 386.4 355.8 325.2 294.6 264.6 233.4 233.4 222.6 219.6 216.6 213.6 210.6 207.6 204.0 193.2 186.0 208.8 231.6 253.8 276.6 298.8 321.0 324.6 326.4 313.2 300.6 288.0
crearDespacho --mercado --conDemandaTotal
4
0.02 0.07 0.145 1.0
370.0 600.0 2400.0 4000.0
601.99 604.22 608.67 610.9 615.36 639.89 666.64 693.4 717.92 744.68 771.43 771.43 778.12 769.2 758.06 749.14 735.76 722.38 713.46 722.38 729.07 713.46 697.86 682.25 666.64 651.04 635.43 630.97 624.28 624.28 624.28 622.05 624.28 626.51 624.28 619.82 617.59 610.9 608.67 601.99 597.53 590.84 586.38 588.61 610.9 695.63 778.12 862.85 945.34 1030.06 1112.56 1132.63 1148.23 1199.51 1255.25 1308.76 1360.04 1415.78 1467.06 1464.83 1449.22 1433.62 1420.24 1404.63 1391.26 1375.65 1362.27 1348.89 1317.68 1239.64 1159.38 1079.12 998.85 920.82 840.55 822.71 818.25 862.85 907.44 954.26 996.62 1041.21 1085.8 1096.95 1123.71 1123.71 1123.71 1123.71 1125.94 1123.71 1125.94 1139.31 1130.4 1085.8 1038.98 992.16 947.57 900.75 856.16 836.09 807.11 809.34 811.57 811.57 813.8 816.03 818.25 809.34 833.86 862.85 891.83 923.04 954.26 985.47 1014.46 1041.21 1036.75 947.57 858.39 766.97 677.79 586.38 497.2 463.75 452.6 465.98 481.59 494.97 512.8 528.41 541.79 564.08 604.22 624.28 644.35 664.41 682.25 704.55 722.38 742.45 729.07 697.86 666.64 633.2 601.99 568.54 537.33 503.88 465.98 457.06 450.37 443.69 437.0 430.31 423.62 416.93 425.85 445.92 463.75 481.59 501.65 519.49 537.33 555.16 559.62 546.25 535.1 519.49 506.11 494.97 481.59 465.98 441.46 425.85 412.47 399.09 385.72 372.34 356.73 343.35 350.04 367.88 387.95 405.78 425.85 443.69 461.52 481.59 497.2 503.88 506.11 510.57 517.26 519.49 523.95 519.49 539.56 564.08 588.61 613.13 637.66 662.18 686.71 709.01 737.99 733.53 731.3 729.07 726.84 722.38 720.15 726.84 706.78 686.71 662.18 644.35 619.82 597.53 575.23 548.48 537.33 550.71 561.85 573.0 581.92 593.07 606.44 622.05 644.35 648.81 653.27 657.73 662.18 666.64 671.1 675.56 653.27 628.74 601.99 573.0 548.48 521.72 497.2 470.44 472.67 503.88 535.1 566.31 597.53 628.74 657.73 688.94 733.53 749.14 762.52 778.12 791.5 807.11 822.71 836.09 816.03 784.81 753.6 720.15 686.71 655.5 622.05 586.38 570.77 588.61 606.44 626.51 644.35 662.18 680.02 702.32 733.53 755.83 778.12 800.42 822.71 845.01 867.31 876.22 853.93 836.09 813.8 795.96 775.89 753.6 735.76 702.32 673.33 706.78 740.22 773.66 807.11 838.32 871.76 873.99 900.75 934.19 969.87 1003.31 1034.52 1070.2 1103.64 1123.71 1128.17 1172.76 1221.81 1268.63 1315.45 1360.04 1406.86 1389.03 1375.65 1382.34 1386.8 1391.26 1397.94 1404.63 1409.09 1415.78 1435.85 1447.0 1462.6 1475.98 1489.36 1504.96 1516.11 1531.72 1547.33 1435.85 1322.14 1208.43 1094.72 983.24 867.31 867.31 827.17 816.03 804.88 793.73 782.58 771.43 758.06 717.92 691.17 775.89 860.62 943.11 1027.83 1110.33 1192.82 1206.2 1212.89 1163.84 1117.02 1070.2
configurarSolver --Gurobi
resolver --noConstante ejecuciones/bancos/recombinados/v1/directo/sgtm/v1_sgtm_000001.csv
finalizar
