inicializar --t 360
agregarAgente --SaltoGrande
0
2625516646.0
2912.0 2908.0 2904.0 2901.0 2914.0 2931.0 2948.0 2964.0 2981.0 2998.0 3015.0 3032.0 3066.0 3082.0 3099.0 3116.0 3133.0 3150.0 3167.0 3183.0 3217.0 3234.0 3251.0 3268.0 3285.0 3301.0 3318.0 3335.0 3339.0 3326.0 3313.0 3300.0 3287.0 3274.0 3261.0 3248.0 3222.0 3209.0 3196.0 3183.0 3170.0 3157.0 3144.0 3131.0 3105.0 3092.0 3079.0 3066.0 3053.0 3040.0 3027.0 3014.0 2998.0 2994.0 2991.0 2987.0 2984.0 2980.0 2977.0 2973.0 2966.0 2963.0 2959.0 2956.0 2952.0 2949.0 2945.0 2942.0 2935.0 2931.0 2928.0 2924.0 2921.0 2917.0 2914.0 2910.0 2899.0 2891.0 2883.0 2875.0 2866.0 2858.0 2850.0 2842.0 2826.0 2818.0 2810.0 2802.0 2793.0 2785.0 2777.0 2769.0 2753.0 2745.0 2737.0 2729.0 2720.0 2712.0 2704.0 2696.0 2686.0 2684.0 2683.0 2681.0 2679.0 2677.0 2675.0 2673.0 2670.0 2668.0 2666.0 2664.0 2663.0 2661.0 2659.0 2657.0 2654.0 2652.0 2650.0 2648.0 2646.0 2644.0 2643.0 2641.0 2629.0 2620.0 2610.0 2601.0 2591.0 2582.0 2572.0 2563.0 2544.0 2534.0 2525.0 2515.0 2506.0 2496.0 2487.0 2477.0 2458.0 2449.0 2439.0 2430.0 2420.0 2411.0 2401.0 2392.0 2384.0 2386.0 2389.0 2391.0 2393.0 2395.0 2398.0 2400.0 2404.0 2406.0 2409.0 2411.0 2413.0 2415.0 2418.0 2420.0 2424.0 2426.0 2429.0 2431.0 2433.0 2435.0 2438.0 2440.0 2453.0 2464.0 2475.0 2486.0 2496.0 2507.0 2518.0 2529.0 2551.0 2562.0 2573.0 2584.0 2594.0 2605.0 2616.0 2627.0 2649.0 2660.0 2671.0 2682.0 2692.0 2703.0 2714.0 2725.0 2739.0 2742.0 2745.0 2748.0 2751.0 2754.0 2757.0 2760.0 2766.0 2769.0 2772.0 2775.0 2778.0 2781.0 2784.0 2787.0 2793.0 2796.0 2799.0 2802.0 2805.0 2808.0 2811.0 2814.0 2817.0 2818.0 2818.0 2818.0 2819.0 2819.0 2819.0 2820.0 2820.0 2821.0 2821.0 2821.0 2822.0 2822.0 2822.0 2823.0 2823.0 2824.0 2824.0 2824.0 2825.0 2825.0 2825.0 2826.0 2821.0 2817.0 2812.0 2807.0 2802.0 2798.0 2793.0 2788.0 2779.0 2774.0 2770.0 2765.0 2760.0 2755.0 2751.0 2746.0 2737.0 2732.0 2727.0 2723.0 2718.0 2713.0 2708.0 2704.0 2689.0 2679.0 2670.0 2660.0 2650.0 2640.0 2630.0 2620.0 2601.0 2591.0 2581.0 2571.0 2562.0 2552.0 2542.0 2532.0 2513.0 2503.0 2493.0 2483.0 2473.0 2463.0 2454.0 2444.0 2431.0 2429.0 2426.0 2423.0 2421.0 2418.0 2415.0 2413.0 2407.0 2405.0 2402.0 2399.0 2397.0 2394.0 2391.0 2389.0 2383.0 2381.0 2378.0 2375.0 2373.0 2370.0 2367.0 2365.0 2361.0 2360.0 2359.0 2357.0 2356.0 2355.0 2354.0 2353.0 2351.0 2349.0 2348.0 2347.0 2346.0 2345.0 2344.0 2342.0 2340.0 2339.0 2338.0 2337.0 2336.0 2334.0 2333.0 2332.0 2332.0 2332.0 2333.0 2334.0 2334.0 2335.0 2336.0 2336.0 2338.0 2338.0 2339.0 2340.0 2340.0 2341.0 2342.0 2342.0 2344.0 2344.0 2345.0 2346.0
agregarAgente --UnidadTermicaSimple
200.0
100.0
agregarAgente --DemandaFija
294.0 290.4 286.8 280.8 283.2 291.0 298.2 306.0 313.8 321.6 329.4 337.8 345.6 342.6 339.0 336.0 333.0 329.4 327.0 325.8 325.2 331.2 337.8 343.2 349.2 354.6 360.6 360.6 360.6 355.8 351.6 347.4 342.6 337.8 333.0 333.0 330.6 331.2 332.4 332.4 333.0 333.6 334.8 333.0 326.4 321.6 316.2 309.6 304.8 299.4 293.4 289.2 282.6 278.4 274.2 270.6 265.8 262.2 258.0 256.2 257.4 265.2 271.8 278.4 286.2 292.8 299.4 301.8 299.4 289.8 280.8 270.0 261.0 250.8 241.2 235.2 227.4 223.2 220.2 216.6 213.0 210.0 206.4 202.8 202.8 209.4 214.8 220.8 226.2 232.8 238.2 241.2 238.8 230.4 220.8 212.4 203.4 194.4 185.4 179.4 177.0 181.2 186.0 190.2 195.0 199.2 204.0 208.2 213.6 219.0 224.4 229.8 235.2 239.4 245.4 246.0 241.2 231.6 222.6 213.6 204.6 195.6 186.6 180.0 171.6 169.2 165.6 162.0 158.4 154.8 151.8 150.0 153.6 162.0 171.0 179.4 187.8 196.8 205.2 210.0 207.6 199.8 192.0 184.2 175.8 168.0 160.8 152.4 145.8 144.6 142.2 140.4 138.6 136.8 134.4 136.2 144.6 151.2 157.8 163.8 170.4 177.0 183.0 189.6 191.4 193.2 194.4 196.2 196.8 198.6 200.4 196.2 200.4 207.6 213.6 220.2 226.2 233.4 239.4 249.0 258.6 255.6 252.6 249.6 246.6 243.6 240.6 240.6 233.4 225.6 218.4 210.6 204.0 196.2 189.0 181.2 181.2 188.4 196.2 202.8 210.6 217.2 225.0 231.6 239.4 239.4 240.0 240.0 240.6 240.6 241.2 241.8 231.6 222.0 211.8 202.2 192.0 182.4 172.2 162.6 156.0 159.6 162.6 166.8 169.8 173.4 177.0 180.6 187.8 192.0 196.2 200.4 204.0 208.2 212.4 216.6 211.8 202.2 193.8 184.8 175.2 166.8 157.8 148.2 142.2 145.2 148.2 150.6 153.6 156.6 159.0 162.0 169.8 175.2 180.0 185.4 190.8 196.2 201.0 206.4 204.0 196.8 189.6 182.4 175.2 168.6 160.8 154.2 151.8 156.6 161.4 166.2 171.0 175.8 181.2 185.4 193.2 195.6 198.0 200.4 202.8 205.8 208.2 210.6 205.8 198.6 192.6 186.0 179.4 172.8 165.6 158.4 151.2 151.2 150.6 150.6 150.0 148.8 148.2 148.8 157.2 165.6 174.0 181.8 190.2 198.6 207.0 214.8 217.8 212.4 206.4 201.0 195.6 189.6 184.2 178.8 172.8 171.6 171.0 169.8 169.2 168.0 166.8 166.2 172.8 179.4 186.6 193.8 200.4 207.6 214.8 222.0 222.0 216.0 210.6 204.6 198.6 193.2 187.2 180.6 175.8 176.4 177.6 178.2 180.0 180.6 181.8 183.6 192.0 198.6 204.6 211.2 217.8 223.8 229.8 235.8 238.8 235.2 231.6 228.0
crearDespacho --mercado --conDemandaTotal
4
0.02 0.07 0.145 1.0
370.0 600.0 2400.0 4000.0
950.78 939.13 927.49 908.09 915.85 941.07 964.36 989.58 1014.81 1040.03 1065.26 1092.42 1117.65 1107.94 1096.3 1086.6 1076.9 1065.26 1057.49 1053.61 1051.67 1071.08 1092.42 1109.88 1129.29 1146.75 1166.15 1166.15 1166.15 1150.63 1137.05 1123.47 1107.94 1092.42 1076.9 1076.9 1069.14 1071.08 1074.96 1074.96 1076.9 1078.84 1082.72 1076.9 1055.55 1040.03 1022.57 1001.22 985.7 968.24 948.83 935.25 913.91 900.33 886.74 875.1 859.58 847.94 834.35 828.53 832.41 857.64 878.98 900.33 925.55 946.89 968.24 976.0 968.24 937.19 908.09 873.16 844.06 811.07 780.02 760.62 735.4 721.81 712.11 700.47 688.83 679.13 667.48 655.84 655.84 677.18 694.65 714.05 731.51 752.86 770.32 780.02 772.26 745.1 714.05 686.89 657.78 628.68 599.57 580.17 572.41 585.99 601.51 615.09 630.62 644.2 659.72 673.3 690.77 708.23 725.69 743.16 760.62 774.2 793.61 795.55 780.02 748.98 719.87 690.77 661.66 632.56 603.45 582.11 554.94 547.18 535.54 523.9 512.25 500.61 490.91 485.09 496.73 523.9 553.0 580.17 607.33 636.44 663.6 679.13 671.36 646.14 620.91 595.69 568.52 543.3 520.02 492.85 471.51 467.63 459.86 454.04 448.22 442.4 434.64 440.46 467.63 488.97 510.31 529.72 551.06 572.41 591.81 613.15 618.97 624.8 628.68 634.5 636.44 642.26 648.08 634.5 648.08 671.36 690.77 712.11 731.51 754.8 774.2 805.25 836.29 826.59 816.89 807.19 797.49 787.79 778.08 778.08 754.8 729.57 706.29 681.07 659.72 634.5 611.21 585.99 585.99 609.27 634.5 655.84 681.07 702.41 727.63 748.98 774.2 774.2 776.14 776.14 778.08 778.08 780.02 781.96 748.98 717.93 684.95 653.9 620.91 589.87 556.88 525.84 504.49 516.14 525.84 539.42 549.12 560.76 572.41 584.05 607.33 620.91 634.5 648.08 659.72 673.3 686.89 700.47 684.95 653.9 626.74 597.63 566.58 539.42 510.31 479.27 459.86 469.57 479.27 487.03 496.73 506.43 514.19 523.9 549.12 566.58 582.11 599.57 617.03 634.5 650.02 667.48 659.72 636.44 613.15 589.87 566.58 545.24 520.02 498.67 490.91 506.43 521.96 537.48 553.0 568.52 585.99 599.57 624.8 632.56 640.32 648.08 655.84 665.54 673.3 681.07 665.54 642.26 622.85 601.51 580.17 558.82 535.54 512.25 488.97 488.97 487.03 487.03 485.09 481.21 479.27 481.21 508.37 535.54 562.7 587.93 615.09 642.26 669.42 694.65 704.35 686.89 667.48 650.02 632.56 613.15 595.69 578.23 558.82 554.94 553.0 549.12 547.18 543.3 539.42 537.48 558.82 580.17 603.45 626.74 648.08 671.36 694.65 717.93 717.93 698.53 681.07 661.66 642.26 624.8 605.39 584.05 568.52 570.47 574.35 576.29 582.11 584.05 587.93 593.75 620.91 642.26 661.66 683.01 704.35 723.75 743.16 762.56 772.26 760.62 748.98 737.34
configurarSolver --Gurobi
resolver --noConstante ejecuciones/bancos/recombinados/v1/directo/sgtm/v1_sgtm_000225.csv
finalizar
