inicializar --t 360
agregarAgente --SaltoGrande
0.000102
2032464238.0
9542.0 9596.0 9651.0 9705.0 9773.0 9786.0 9799.0 9812.0 9826.0 9839.0 9852.0 9865.0 9891.0 9904.0 9917.0 9930.0 9944.0 9957.0 9970.0 9983.0 10009.0 10022.0 10035.0 10048.0 10062.0 10075.0 10088.0 10101.0 10110.0 10106.0 10102.0 10097.0 10093.0 10089.0 10085.0 10081.0 10073.0 10068.0 10064.0 10060.0 10056.0 10052.0 10048.0 10043.0 10035.0 10031.0 10027.0 10023.0 10019.0 10014.0 10010.0 10006.0 9993.0 9984.0 9975.0 9966.0 9957.0 9948.0 9939.0 9930.0 9912.0 9903.0 9894.0 9885.0 9876.0 9867.0 9858.0 9849.0 9831.0 9822.0 9813.0 9804.0 9795.0 9786.0 9777.0 9768.0 9705.0 9651.0 9596.0 9542.0 9488.0 9434.0 9380.0 9326.0 9217.0 9163.0 9109.0 9055.0 9000.0 8946.0 8892.0 8838.0 8729.0 8675.0 8621.0 8567.0 8513.0 8459.0 8404.0 8350.0 8257.0 8218.0 8179.0 8140.0 8101.0 8062.0 8023.0 7984.0 7906.0 7867.0 7828.0 7789.0 7751.0 7712.0 7673.0 7634.0 7556.0 7517.0 7478.0 7439.0 7400.0 7361.0 7322.0 7283.0 7210.0 7177.0 7143.0 7109.0 7075.0 7042.0 7008.0 6974.0 6907.0 6873.0 6839.0 6805.0 6772.0 6738.0 6704.0 6670.0 6603.0 6569.0 6535.0 6502.0 6468.0 6434.0 6400.0 6367.0 6302.0 6271.0 6240.0 6208.0 6177.0 6146.0 6115.0 6084.0 6022.0 5990.0 5959.0 5928.0 5897.0 5866.0 5835.0 5803.0 5741.0 5710.0 5679.0 5648.0 5617.0 5585.0 5554.0 5523.0 5481.0 5470.0 5459.0 5448.0 5437.0 5426.0 5415.0 5404.0 5382.0 5371.0 5360.0 5349.0 5339.0 5328.0 5317.0 5306.0 5284.0 5273.0 5262.0 5251.0 5240.0 5229.0 5218.0 5207.0 5196.0 5195.0 5195.0 5194.0 5194.0 5194.0 5193.0 5193.0 5192.0 5192.0 5191.0 5191.0 5190.0 5190.0 5189.0 5189.0 5188.0 5188.0 5187.0 5187.0 5187.0 5186.0 5186.0 5185.0 5187.0 5190.0 5192.0 5194.0 5197.0 5199.0 5201.0 5204.0 5208.0 5211.0 5213.0 5215.0 5218.0 5220.0 5222.0 5225.0 5229.0 5232.0 5234.0 5236.0 5239.0 5241.0 5243.0 5246.0 5252.0 5257.0 5261.0 5265.0 5269.0 5274.0 5278.0 5282.0 5291.0 5295.0 5299.0 5303.0 5308.0 5312.0 5316.0 5320.0 5329.0 5333.0 5337.0 5342.0 5346.0 5350.0 5354.0 5359.0 5354.0 5346.0 5337.0 5328.0 5319.0 5311.0 5302.0 5293.0 5276.0 5267.0 5259.0 5250.0 5241.0 5232.0 5224.0 5215.0 5198.0 5189.0 5180.0 5172.0 5163.0 5154.0 5145.0 5137.0 5126.0 5123.0 5121.0 5118.0 5116.0 5113.0 5111.0 5108.0 5103.0 5101.0 5098.0 5096.0 5093.0 5091.0 5088.0 5086.0 5081.0 5078.0 5076.0 5073.0 5071.0 5068.0 5066.0 5063.0 5058.0 5055.0 5052.0 5049.0 5047.0 5044.0 5041.0 5038.0 5032.0 5029.0 5026.0 5023.0 5021.0 5018.0 5015.0 5012.0 5006.0 5003.0 5000.0 4997.0 4995.0 4992.0 4989.0 4986.0 4984.0 4984.0 4985.0 4986.0 4986.0 4987.0 4987.0 4988.0 4989.0 4990.0 4991.0 4991.0 4992.0 4992.0 4993.0 4994.0 4995.0 4996.0 4996.0 4997.0
agregarAgente --UnidadTermicaSimple
200.0
100.0
agregarAgente --DemandaFija
148.2 112.8 78.0 78.0 78.0 142.2 206.4 270.0 334.2 397.8 462.0 462.0 462.0 437.4 414.0 390.0 365.4 341.4 317.4 317.4 317.4 279.0 240.6 202.2 163.8 126.0 87.0 87.0 87.0 151.8 217.2 281.4 346.2 411.0 475.8 475.8 475.8 462.6 448.2 434.4 420.6 406.8 393.0 393.0 393.0 354.0 315.0 275.4 237.0 197.4 159.0 159.0 159.0 224.4 289.8 354.6 420.0 485.4 550.8 550.8 550.8 534.0 516.6 499.2 482.4 465.6 447.6 447.6 447.6 402.0 355.2 309.6 262.8 217.2 170.4 170.4 170.4 221.4 271.8 322.2 373.2 423.6 474.0 474.0 474.0 493.8 513.6 534.0 553.8 573.0 592.8 592.8 592.8 547.8 502.2 457.2 411.6 366.0 321.6 321.6 321.6 395.4 469.8 543.6 618.0 691.2 765.6 765.6 765.6 754.8 743.4 732.6 721.8 711.0 700.2 700.2 700.2 684.6 670.2 655.8 640.8 626.4 611.4 611.4 611.4 612.6 613.8 614.4 616.2 617.4 618.6 618.6 618.6 600.0 582.6 564.6 546.6 528.6 510.6 510.6 510.6 490.2 469.8 448.2 427.8 407.4 387.0 387.0 387.0 357.6 328.8 300.0 270.6 241.8 213.0 213.0 213.0 216.0 219.0 222.0 225.0 228.0 231.0 231.0 231.0 235.8 240.6 246.0 250.8 256.2 261.0 261.0 261.0 307.8 354.0 400.8 447.0 493.8 540.6 540.6 540.6 545.4 550.8 555.6 561.0 565.8 571.2 571.2 571.2 544.8 518.4 492.0 465.6 438.6 412.8 412.8 412.8 448.2 484.2 519.6 556.2 591.6 627.6 627.6 627.6 604.8 582.6 559.8 537.6 514.2 492.0 492.0 492.0 473.4 455.4 436.2 417.6 399.0 381.0 381.0 381.0 406.2 430.8 456.6 481.8 507.0 531.6 531.6 531.6 494.4 456.6 418.2 380.4 342.6 304.8 304.8 304.8 299.4 294.0 289.2 283.2 277.8 273.0 273.0 273.0 295.2 316.8 338.4 360.0 382.2 404.4 404.4 404.4 381.6 358.8 336.0 313.8 291.0 268.2 268.2 268.2 266.4 264.6 262.8 261.0 259.2 257.4 257.4 257.4 320.4 384.0 446.4 510.0 573.0 636.6 636.6 636.6 600.0 563.4 526.8 490.8 454.2 417.6 417.6 417.6 391.2 364.2 337.8 311.4 284.4 258.6 258.6 258.6 328.8 399.0 469.2 539.4 609.0 679.2 679.2 679.2 649.2 618.6 588.0 558.0 527.4 497.4 497.4 497.4 475.8 454.2 432.0 410.4 388.8 366.6 366.6 366.6 412.2 457.2 502.2 547.8 592.2 637.8 637.8 637.8 623.4 609.0 594.6 580.2 566.4 552.0 552.0 552.0 526.2 501.0 476.4 450.6 425.4 400.8 400.8 400.8 464.4 527.4 591.0 655.2 718.8 782.4 782.4 782.4 764.4 746.4 728.4 711.0 692.4 675.0 675.0 675.0 646.2 618.0 589.2
crearDespacho --mercado --conDemandaTotal
4
0.02 0.07 0.145 1.0
370.0 600.0 2400.0 4000.0
262.64 199.91 138.23 138.23 138.23 252.01 365.79 478.5 592.27 704.99 818.76 818.76 818.76 775.17 733.7 691.16 647.57 605.03 562.5 562.5 562.5 494.45 426.4 358.34 290.29 223.3 154.18 154.18 154.18 269.02 384.93 498.7 613.54 728.38 843.22 843.22 843.22 819.83 794.31 769.85 745.39 720.94 696.48 696.48 696.48 627.36 558.25 488.07 420.02 349.84 281.78 281.78 281.78 397.69 513.59 628.43 744.33 860.23 976.14 976.14 976.14 946.36 915.53 884.69 854.92 825.14 793.24 793.24 793.24 712.43 629.49 548.68 465.74 384.93 301.99 301.99 301.99 392.37 481.69 571.01 661.39 750.71 840.03 840.03 840.03 875.12 910.21 946.36 981.45 1015.48 1050.57 1050.57 1050.57 970.82 890.01 810.26 729.44 648.63 569.94 569.94 569.94 700.73 832.59 963.38 1095.23 1224.96 1356.81 1356.81 1356.81 1337.67 1317.47 1298.33 1279.19 1260.05 1240.91 1240.91 1240.91 1213.26 1187.74 1162.22 1135.64 1110.12 1083.53 1083.53 1083.53 1085.66 1087.79 1088.85 1092.04 1094.17 1096.29 1096.29 1096.29 1063.33 1032.49 1000.59 968.69 936.79 904.89 904.89 904.89 868.74 832.59 794.31 758.15 722.0 685.85 685.85 685.85 633.74 582.7 531.66 479.56 428.52 377.48 377.48 377.48 382.8 388.12 393.43 398.75 404.07 409.38 409.38 409.38 417.89 426.4 435.97 444.47 454.04 462.55 462.55 462.55 545.49 627.36 710.3 792.18 875.12 958.06 958.06 958.06 966.57 976.14 984.64 994.21 1002.72 1012.29 1012.29 1012.29 965.5 918.72 871.93 825.14 777.29 731.57 731.57 731.57 794.31 858.11 920.84 985.71 1048.44 1112.24 1112.24 1112.24 1071.84 1032.49 992.09 952.74 911.27 871.93 871.93 871.93 838.97 807.07 773.04 740.08 707.11 675.21 675.21 675.21 719.87 763.47 809.19 853.85 898.51 942.11 942.11 942.11 876.18 809.19 741.14 674.15 607.16 540.17 540.17 540.17 530.6 521.03 512.52 501.89 492.32 483.82 483.82 483.82 523.16 561.44 599.72 638.0 677.34 716.68 716.68 716.68 676.28 635.87 595.46 556.12 515.71 475.31 475.31 475.31 472.12 468.93 465.74 462.55 459.36 456.17 456.17 456.17 567.82 680.53 791.12 903.83 1015.48 1128.19 1128.19 1128.19 1063.33 998.47 933.6 869.8 804.94 740.08 740.08 740.08 693.29 645.44 598.65 551.87 504.02 458.3 458.3 458.3 582.7 707.11 831.52 955.93 1079.28 1203.69 1203.69 1203.69 1150.52 1096.29 1042.06 988.9 934.67 881.5 881.5 881.5 843.22 804.94 765.6 727.32 689.04 649.69 649.69 649.69 730.51 810.26 890.01 970.82 1049.51 1130.32 1130.32 1130.32 1104.8 1079.28 1053.76 1028.24 1003.78 978.26 978.26 978.26 932.54 887.88 844.28 798.56 753.9 710.3 710.3 710.3 823.02 934.67 1047.38 1161.16 1273.87 1386.58 1386.58 1386.58 1354.68 1322.78 1290.88 1260.05 1227.08 1196.25 1196.25 1196.25 1145.21 1095.23 1044.19
configurarSolver --Gurobi
resolver --noConstante ejecuciones/bancos/recombinados/v1/directo/sgtm/v1_sgtm_000223.csv
finalizar
