inicializar --t 360
agregarAgente --SaltoGrande
0.000536
2200464102.0
5841.0 5865.0 5888.0 5912.0 5953.0 5970.0 5987.0 6004.0 6021.0 6038.0 6055.0 6072.0 6106.0 6123.0 6140.0 6157.0 6174.0 6191.0 6208.0 6225.0 6259.0 6276.0 6293.0 6310.0 6327.0 6344.0 6361.0 6378.0 6406.0 6417.0 6428.0 6439.0 6450.0 6461.0 6471.0 6482.0 6504.0 6515.0 6526.0 6537.0 6548.0 6559.0 6570.0 6581.0 6603.0 6614.0 6624.0 6635.0 6646.0 6657.0 6668.0 6679.0 6698.0 6705.0 6713.0 6721.0 6728.0 6736.0 6743.0 6751.0 6766.0 6774.0 6782.0 6789.0 6797.0 6804.0 6812.0 6820.0 6835.0 6843.0 6850.0 6858.0 6865.0 6873.0 6881.0 6888.0 6869.0 6842.0 6815.0 6788.0 6761.0 6734.0 6707.0 6680.0 6626.0 6599.0 6572.0 6545.0 6519.0 6492.0 6465.0 6438.0 6384.0 6357.0 6330.0 6303.0 6276.0 6249.0 6222.0 6195.0 6142.0 6117.0 6091.0 6065.0 6040.0 6014.0 5988.0 5963.0 5911.0 5886.0 5860.0 5834.0 5809.0 5783.0 5757.0 5732.0 5680.0 5655.0 5629.0 5603.0 5578.0 5552.0 5526.0 5501.0 5452.0 5429.0 5405.0 5382.0 5359.0 5336.0 5313.0 5290.0 5243.0 5220.0 5197.0 5174.0 5150.0 5127.0 5104.0 5081.0 5034.0 5011.0 4988.0 4965.0 4942.0 4919.0 4895.0 4872.0 4818.0 4786.0 4755.0 4723.0 4692.0 4661.0 4629.0 4598.0 4535.0 4504.0 4472.0 4441.0 4409.0 4378.0 4346.0 4315.0 4252.0 4221.0 4189.0 4158.0 4127.0 4095.0 4064.0 4032.0 4003.0 4006.0 4008.0 4011.0 4013.0 4016.0 4018.0 4021.0 4025.0 4028.0 4030.0 4033.0 4035.0 4038.0 4040.0 4043.0 4047.0 4050.0 4052.0 4055.0 4057.0 4060.0 4062.0 4065.0 4065.0 4062.0 4060.0 4057.0 4055.0 4052.0 4050.0 4047.0 4042.0 4040.0 4037.0 4035.0 4032.0 4030.0 4027.0 4025.0 4020.0 4017.0 4015.0 4012.0 4010.0 4007.0 4005.0 4002.0 4002.0 4005.0 4007.0 4009.0 4012.0 4014.0 4017.0 4019.0 4024.0 4026.0 4028.0 4031.0 4033.0 4036.0 4038.0 4040.0 4045.0 4047.0 4050.0 4052.0 4055.0 4057.0 4059.0 4062.0 4071.0 4078.0 4085.0 4092.0 4099.0 4106.0 4113.0 4120.0 4134.0 4141.0 4148.0 4155.0 4163.0 4170.0 4177.0 4184.0 4198.0 4205.0 4212.0 4219.0 4226.0 4233.0 4240.0 4247.0 4265.0 4276.0 4287.0 4299.0 4310.0 4321.0 4332.0 4343.0 4365.0 4377.0 4388.0 4399.0 4410.0 4421.0 4432.0 4444.0 4466.0 4477.0 4488.0 4499.0 4510.0 4522.0 4533.0 4544.0 4567.0 4578.0 4590.0 4601.0 4613.0 4625.0 4636.0 4648.0 4671.0 4683.0 4694.0 4706.0 4717.0 4729.0 4740.0 4752.0 4775.0 4787.0 4798.0 4810.0 4822.0 4833.0 4845.0 4856.0 4879.0 4889.0 4900.0 4911.0 4922.0 4932.0 4943.0 4954.0 4975.0 4986.0 4997.0 5008.0 5018.0 5029.0 5040.0 5051.0 5072.0 5083.0 5094.0 5104.0 5115.0 5126.0 5137.0 5147.0 5192.0 5226.0 5260.0 5294.0 5328.0 5362.0 5397.0 5431.0 5499.0 5533.0 5567.0 5601.0 5635.0 5669.0 5703.0 5737.0 5805.0 5839.0 5874.0 5908.0
agregarAgente --UnidadTermicaSimple
200.0
100.0
agregarAgente --DemandaFija
782.4 727.5 672.6 672.6 672.6 714.0 755.4 796.8 839.1 880.5 921.9 921.9 921.9 946.2 969.6 993.0 1017.3 1040.7 1064.1 1064.1 1064.1 1003.8 943.5 882.3 822.9 762.6 702.3 702.3 703.2 748.2 793.2 837.3 882.3 927.3 972.3 973.2 973.2 988.5 1003.8 1019.1 1033.5 1048.8 1064.1 1064.1 1064.1 1000.2 938.1 874.2 811.2 747.3 684.3 684.3 685.2 731.1 777.0 824.7 870.6 917.4 963.3 963.3 963.3 975.0 985.8 997.5 1008.3 1019.1 1029.9 1029.9 1030.8 972.3 914.7 856.2 799.5 741.0 682.5 682.5 683.4 722.1 762.6 802.2 841.8 880.5 921.0 921.9 922.8 932.7 943.5 953.4 963.3 974.1 984.0 984.9 984.0 926.4 868.8 811.2 752.7 695.1 636.6 635.7 633.9 666.3 700.5 733.8 766.2 800.4 833.7 831.0 830.1 857.1 884.1 911.1 937.2 965.1 992.1 993.0 992.1 930.0 868.8 807.6 745.5 685.2 624.0 622.2 620.4 638.4 655.5 672.6 690.6 707.7 724.8 723.9 721.2 741.0 759.9 778.8 799.5 818.4 838.2 837.3 831.9 790.5 749.1 706.8 665.4 624.0 581.7 578.1 573.6 615.9 659.1 703.2 746.4 789.6 832.8 832.8 832.8 852.6 870.6 889.5 908.4 928.2 946.2 946.2 932.7 890.4 848.1 806.7 764.4 723.0 680.7 668.1 661.8 676.2 690.6 705.9 720.3 734.7 750.0 756.3 763.5 779.7 795.9 812.1 828.3 844.5 860.7 860.7 846.3 808.5 770.7 732.0 694.2 656.4 618.6 604.2 602.4 616.8 633.0 647.4 662.7 678.9 693.3 705.9 721.2 732.0 741.9 752.7 763.5 774.3 784.2 786.9 781.5 763.5 743.7 724.8 706.8 687.0 668.1 660.0 658.2 674.4 689.7 705.9 720.3 736.5 751.8 759.0 767.1 780.6 794.1 806.7 820.2 833.7 847.2 847.2 841.8 813.9 787.8 761.7 734.7 707.7 681.6 676.2 666.3 665.4 663.6 663.6 661.8 660.9 659.1 654.6 653.7 668.1 682.5 697.8 712.2 727.5 741.9 744.6 733.8 723.9 714.9 705.0 696.0 686.1 676.2 662.7 650.1 657.3 665.4 673.5 680.7 688.8 696.0 696.0 705.9 728.4 750.0 771.6 794.1 816.6 840.0 849.9 849.9 831.9 813.0 795.0 776.1 758.1 739.2 730.2 735.6 748.2 759.9 771.6 784.2 795.9 808.5 822.0 837.3 836.4 835.5 835.5 834.6 833.7 832.8 833.7 821.1 807.6 795.0 781.5 768.9 755.4 742.8 729.3 726.6 741.0 757.2 772.5 787.8 803.1 818.4 830.1 846.3 866.1 885.9 905.7 924.6 944.4 964.2 969.6 967.8 926.4 885.0 843.6 802.2 759.9 720.3 712.2 711.3 715.8 720.3 723.9 729.3 733.8 738.3 743.7 754.5 775.2 796.8 817.5 839.1 859.8 880.5 885.0 875.1 833.7 792.3 750.0
crearDespacho --mercado --conDemandaTotal
4
0.02 0.07 0.145 1.0
370.0 600.0 2400.0 4000.0
782.4 727.5 672.6 672.6 672.6 714.0 755.4 796.8 839.1 880.5 921.9 921.9 921.9 946.2 969.6 993.0 1017.3 1040.7 1064.1 1064.1 1064.1 1003.8 943.5 882.3 822.9 762.6 702.3 702.3 703.2 748.2 793.2 837.3 882.3 927.3 972.3 973.2 973.2 988.5 1003.8 1019.1 1033.5 1048.8 1064.1 1064.1 1064.1 1000.2 938.1 874.2 811.2 747.3 684.3 684.3 685.2 731.1 777.0 824.7 870.6 917.4 963.3 963.3 963.3 975.0 985.8 997.5 1008.3 1019.1 1029.9 1029.9 1030.8 972.3 914.7 856.2 799.5 741.0 682.5 682.5 683.4 722.1 762.6 802.2 841.8 880.5 921.0 921.9 922.8 932.7 943.5 953.4 963.3 974.1 984.0 984.9 984.0 926.4 868.8 811.2 752.7 695.1 636.6 635.7 633.9 666.3 700.5 733.8 766.2 800.4 833.7 831.0 830.1 857.1 884.1 911.1 937.2 965.1 992.1 993.0 992.1 930.0 868.8 807.6 745.5 685.2 624.0 622.2 620.4 638.4 655.5 672.6 690.6 707.7 724.8 723.9 721.2 741.0 759.9 778.8 799.5 818.4 838.2 837.3 831.9 790.5 749.1 706.8 665.4 624.0 581.7 578.1 573.6 615.9 659.1 703.2 746.4 789.6 832.8 832.8 832.8 852.6 870.6 889.5 908.4 928.2 946.2 946.2 932.7 890.4 848.1 806.7 764.4 723.0 680.7 668.1 661.8 676.2 690.6 705.9 720.3 734.7 750.0 756.3 763.5 779.7 795.9 812.1 828.3 844.5 860.7 860.7 846.3 808.5 770.7 732.0 694.2 656.4 618.6 604.2 602.4 616.8 633.0 647.4 662.7 678.9 693.3 705.9 721.2 732.0 741.9 752.7 763.5 774.3 784.2 786.9 781.5 763.5 743.7 724.8 706.8 687.0 668.1 660.0 658.2 674.4 689.7 705.9 720.3 736.5 751.8 759.0 767.1 780.6 794.1 806.7 820.2 833.7 847.2 847.2 841.8 813.9 787.8 761.7 734.7 707.7 681.6 676.2 666.3 665.4 663.6 663.6 661.8 660.9 659.1 654.6 653.7 668.1 682.5 697.8 712.2 727.5 741.9 744.6 733.8 723.9 714.9 705.0 696.0 686.1 676.2 662.7 650.1 657.3 665.4 673.5 680.7 688.8 696.0 696.0 705.9 728.4 750.0 771.6 794.1 816.6 840.0 849.9 849.9 831.9 813.0 795.0 776.1 758.1 739.2 730.2 735.6 748.2 759.9 771.6 784.2 795.9 808.5 822.0 837.3 836.4 835.5 835.5 834.6 833.7 832.8 833.7 821.1 807.6 795.0 781.5 768.9 755.4 742.8 729.3 726.6 741.0 757.2 772.5 787.8 803.1 818.4 830.1 846.3 866.1 885.9 905.7 924.6 944.4 964.2 969.6 967.8 926.4 885.0 843.6 802.2 759.9 720.3 712.2 711.3 715.8 720.3 723.9 729.3 733.8 738.3 743.7 754.5 775.2 796.8 817.5 839.1 859.8 880.5 885.0 875.1 833.7 792.3 750.0
configurarSolver --Gurobi
resolver --noConstante ejecuciones/bancos/recombinados/v1/directo/sgtm/v1_sgtm_000116.csv
finalizar
