inicializar --t 360
agregarAgente --SaltoGrande
0.00076
2108599337.0
3015.0 3010.0 3005.0 2999.0 2991.0 2987.0 2984.0 2980.0 2977.0 2973.0 2970.0 2966.0 2960.0 2956.0 2953.0 2949.0 2946.0 2942.0 2939.0 2935.0 2929.0 2925.0 2922.0 2918.0 2915.0 2911.0 2908.0 2904.0 2907.0 2912.0 2918.0 2924.0 2929.0 2935.0 2941.0 2946.0 2958.0 2963.0 2969.0 2975.0 2980.0 2986.0 2992.0 2997.0 3009.0 3014.0 3020.0 3026.0 3031.0 3037.0 3043.0 3048.0 3063.0 3072.0 3082.0 3091.0 3100.0 3109.0 3118.0 3127.0 3146.0 3155.0 3164.0 3173.0 3183.0 3192.0 3201.0 3210.0 3229.0 3238.0 3247.0 3256.0 3265.0 3274.0 3284.0 3293.0 3304.0 3306.0 3308.0 3310.0 3312.0 3314.0 3317.0 3319.0 3323.0 3325.0 3327.0 3329.0 3331.0 3333.0 3335.0 3337.0 3341.0 3343.0 3346.0 3348.0 3350.0 3352.0 3354.0 3356.0 3354.0 3350.0 3347.0 3343.0 3339.0 3335.0 3332.0 3328.0 3320.0 3316.0 3313.0 3309.0 3305.0 3301.0 3298.0 3294.0 3286.0 3282.0 3279.0 3275.0 3271.0 3267.0 3264.0 3260.0 3251.0 3245.0 3240.0 3234.0 3229.0 3223.0 3218.0 3212.0 3201.0 3196.0 3190.0 3185.0 3179.0 3174.0 3168.0 3163.0 3152.0 3146.0 3141.0 3135.0 3130.0 3124.0 3119.0 3113.0 3106.0 3104.0 3103.0 3101.0 3099.0 3097.0 3095.0 3093.0 3090.0 3088.0 3086.0 3084.0 3083.0 3081.0 3079.0 3077.0 3074.0 3072.0 3070.0 3068.0 3066.0 3064.0 3063.0 3061.0 3066.0 3072.0 3079.0 3086.0 3092.0 3099.0 3106.0 3112.0 3126.0 3132.0 3139.0 3146.0 3152.0 3159.0 3166.0 3172.0 3186.0 3192.0 3199.0 3206.0 3212.0 3219.0 3226.0 3232.0 3239.0 3239.0 3239.0 3239.0 3239.0 3239.0 3239.0 3239.0 3239.0 3239.0 3239.0 3239.0 3239.0 3239.0 3239.0 3239.0 3239.0 3239.0 3239.0 3239.0 3239.0 3239.0 3239.0 3239.0 3236.0 3233.0 3229.0 3226.0 3223.0 3220.0 3217.0 3214.0 3207.0 3204.0 3201.0 3198.0 3194.0 3191.0 3188.0 3185.0 3178.0 3175.0 3172.0 3169.0 3166.0 3163.0 3159.0 3156.0 3147.0 3141.0 3135.0 3130.0 3124.0 3118.0 3112.0 3106.0 3094.0 3089.0 3083.0 3077.0 3071.0 3065.0 3059.0 3054.0 3042.0 3036.0 3030.0 3024.0 3018.0 3013.0 3007.0 3001.0 2993.0 2992.0 2990.0 2988.0 2987.0 2985.0 2983.0 2982.0 2978.0 2977.0 2975.0 2973.0 2972.0 2970.0 2968.0 2967.0 2963.0 2962.0 2960.0 2958.0 2957.0 2955.0 2953.0 2952.0 2941.0 2931.0 2922.0 2913.0 2904.0 2894.0 2885.0 2876.0 2857.0 2848.0 2839.0 2830.0 2820.0 2811.0 2802.0 2793.0 2774.0 2765.0 2756.0 2746.0 2737.0 2728.0 2719.0 2709.0 2702.0 2703.0 2705.0 2707.0 2708.0 2710.0 2712.0 2713.0 2717.0 2718.0 2720.0 2722.0 2723.0 2725.0 2727.0 2728.0 2732.0 2733.0 2735.0 2737.0 2738.0 2740.0 2742.0 2743.0 2750.0 2755.0 2760.0 2765.0 2770.0 2775.0 2780.0 2785.0 2795.0 2800.0 2805.0 2810.0 2816.0 2821.0 2826.0 2831.0 2841.0 2846.0 2851.0 2856.0
agregarAgente --UnidadTermicaSimple
200.0
100.0
agregarAgente --DemandaFija
324.3 281.1 237.9 237.9 237.9 255.9 273.9 291.9 309.0 327.0 345.9 345.9 345.9 358.5 371.1 383.7 396.3 408.0 420.6 420.6 420.6 361.2 300.0 240.6 179.4 120.0 59.7 59.7 59.7 123.6 187.5 251.4 315.3 379.2 443.1 443.1 443.1 475.5 506.1 537.6 569.1 601.5 633.0 633.0 633.0 651.9 671.7 691.5 711.3 731.1 750.9 750.9 750.9 789.6 827.4 867.0 905.7 944.4 983.1 983.1 983.1 1002.0 1020.9 1038.9 1057.8 1077.6 1095.6 1095.6 1095.6 1024.5 953.4 881.4 809.4 739.2 667.2 667.2 667.2 712.2 756.3 801.3 846.3 890.4 934.5 934.5 934.5 937.2 939.9 942.6 945.3 948.0 950.7 950.7 950.7 878.7 805.8 733.8 661.8 589.8 516.9 516.9 516.9 545.7 573.6 603.3 631.2 660.0 687.9 687.9 687.9 662.7 636.6 611.4 586.2 559.2 534.0 534.0 534.0 489.0 443.1 398.1 353.1 307.2 262.2 262.2 262.2 273.0 282.9 292.8 302.7 312.6 322.5 322.5 322.5 328.8 334.2 340.5 346.8 352.2 358.5 358.5 358.5 305.4 253.2 201.0 148.8 96.6 44.4 44.4 44.4 49.8 56.1 61.5 67.8 73.2 79.5 79.5 79.5 102.9 125.4 147.0 169.5 192.0 215.4 215.4 215.4 187.5 160.5 133.5 107.4 79.5 52.5 52.5 52.5 157.8 263.1 368.4 472.8 577.2 682.5 682.5 682.5 651.0 619.5 588.0 555.6 524.1 492.6 492.6 492.6 472.8 451.2 431.4 411.6 390.9 371.1 371.1 371.1 481.8 592.5 702.3 813.9 924.6 1035.3 1035.3 1035.3 1056.0 1077.6 1099.2 1119.9 1140.6 1162.2 1162.2 1162.2 1101.9 1041.6 982.2 921.0 861.6 801.3 801.3 801.3 827.4 855.3 882.3 908.4 935.4 963.3 963.3 963.3 910.2 858.0 805.8 753.6 700.5 649.2 649.2 649.2 585.3 519.6 454.8 390.9 326.1 262.2 262.2 262.2 273.0 284.7 295.5 307.2 318.0 329.7 329.7 329.7 355.8 381.9 408.0 433.2 459.3 485.4 485.4 485.4 463.8 441.3 419.7 397.2 375.6 354.0 354.0 354.0 399.9 446.7 493.5 540.3 587.1 633.9 633.9 633.9 699.6 766.2 832.8 899.4 966.0 1031.7 1031.7 1031.7 984.0 935.4 887.7 840.0 792.3 744.6 744.6 744.6 756.3 767.1 778.8 790.5 802.2 813.9 813.9 813.9 775.2 736.5 697.8 659.1 620.4 580.8 580.8 580.8 503.4 424.2 346.8 268.5 189.3 111.9 111.9 111.9 221.7 329.7 439.5 548.4 658.2 768.0 768.0 768.0 795.0 822.0 849.9 876.9 903.9 930.9 930.9 930.9 844.5 756.3 669.0 581.7 495.3 407.1 407.1 407.1 462.0 515.1 569.1 623.1 677.1 731.1 731.1 731.1 716.7 700.5 685.2 669.9 655.5 640.2 640.2 640.2 558.3 476.4 394.5
crearDespacho --mercado --conDemandaTotal
4
0.02 0.07 0.145 1.0
370.0 600.0 2400.0 4000.0
388.59 336.82 285.06 285.06 285.06 306.63 328.2 349.77 370.25 391.82 414.47 414.47 414.47 429.57 444.67 459.76 474.86 488.88 503.98 503.98 503.98 432.8 359.47 288.3 214.96 143.79 71.53 71.53 71.53 148.1 224.67 301.24 377.8 454.37 530.94 530.94 530.94 569.76 606.43 644.17 681.92 720.74 758.48 758.48 758.48 781.13 804.85 828.58 852.31 876.03 899.76 899.76 899.76 946.13 991.42 1038.87 1085.24 1131.61 1177.99 1177.99 1177.99 1200.63 1223.28 1244.85 1267.49 1291.22 1312.79 1312.79 1312.79 1227.59 1142.4 1056.12 969.85 885.74 799.46 799.46 799.46 853.38 906.23 960.15 1014.07 1066.91 1119.75 1119.75 1119.75 1122.99 1126.22 1129.46 1132.69 1135.93 1139.16 1139.16 1139.16 1052.89 965.54 879.27 792.99 706.72 619.37 619.37 619.37 653.88 687.31 722.9 756.33 790.84 824.27 824.27 824.27 794.07 762.8 732.6 702.41 670.05 639.86 639.86 639.86 585.94 530.94 477.02 423.1 368.1 314.18 314.18 314.18 327.12 338.98 350.84 362.71 374.57 386.43 386.43 386.43 393.98 400.45 408.0 415.55 422.02 429.57 429.57 429.57 365.94 303.39 240.85 178.3 115.75 53.2 53.2 53.2 59.67 67.22 73.69 81.24 87.71 95.26 95.26 95.26 123.3 150.26 176.14 203.1 230.06 258.1 258.1 258.1 224.67 192.32 159.96 128.69 95.26 62.91 62.91 62.91 189.08 315.26 441.43 566.53 691.62 817.8 817.8 817.8 780.05 742.31 704.56 665.74 628.0 590.25 590.25 590.25 566.53 540.64 516.92 493.19 468.39 444.67 444.67 444.67 577.31 709.95 841.52 975.24 1107.89 1240.53 1240.53 1240.53 1265.34 1291.22 1317.1 1341.9 1366.71 1392.59 1392.59 1392.59 1320.34 1248.08 1176.91 1103.58 1032.4 960.15 960.15 960.15 991.42 1024.85 1057.2 1088.48 1120.83 1154.26 1154.26 1154.26 1090.63 1028.09 965.54 902.99 839.36 777.89 777.89 777.89 701.33 622.6 544.96 468.39 390.74 314.18 314.18 314.18 327.12 341.14 354.08 368.1 381.04 395.06 395.06 395.06 426.33 457.61 488.88 519.08 550.35 581.62 581.62 581.62 555.74 528.78 502.9 475.94 450.06 424.18 424.18 424.18 479.17 535.25 591.33 647.41 703.48 759.56 759.56 759.56 838.29 918.09 997.89 1077.69 1157.5 1236.22 1236.22 1236.22 1179.06 1120.83 1063.67 1006.52 949.36 892.21 892.21 892.21 906.23 919.17 933.19 947.21 961.22 975.24 975.24 975.24 928.87 882.5 836.13 789.76 743.39 695.94 695.94 695.94 603.19 508.29 415.55 321.73 226.83 134.08 134.08 134.08 265.65 395.06 526.62 657.11 788.68 920.25 920.25 920.25 952.6 984.95 1018.38 1050.73 1083.09 1115.44 1115.44 1115.44 1011.91 906.23 801.62 697.01 593.49 487.8 487.8 487.8 553.58 617.21 681.92 746.62 811.33 876.03 876.03 876.03 858.78 839.36 821.03 802.7 785.44 767.11 767.11 767.11 668.98 570.84 472.7
configurarSolver --Gurobi
resolver --noConstante ejecuciones/bancos/recombinados/v1/directo/sgtm/v1_sgtm_000076.csv
finalizar
