inicializar --t 360
agregarAgente --SaltoGrande
0.002298
2108599337.0
3015.0 3010.0 3005.0 2999.0 2991.0 2987.0 2984.0 2980.0 2977.0 2973.0 2970.0 2966.0 2960.0 2956.0 2953.0 2949.0 2946.0 2942.0 2939.0 2935.0 2929.0 2925.0 2922.0 2918.0 2915.0 2911.0 2908.0 2904.0 2907.0 2912.0 2918.0 2924.0 2929.0 2935.0 2941.0 2946.0 2958.0 2963.0 2969.0 2975.0 2980.0 2986.0 2992.0 2997.0 3009.0 3014.0 3020.0 3026.0 3031.0 3037.0 3043.0 3048.0 3063.0 3072.0 3082.0 3091.0 3100.0 3109.0 3118.0 3127.0 3146.0 3155.0 3164.0 3173.0 3183.0 3192.0 3201.0 3210.0 3229.0 3238.0 3247.0 3256.0 3265.0 3274.0 3284.0 3293.0 3304.0 3306.0 3308.0 3310.0 3312.0 3314.0 3317.0 3319.0 3323.0 3325.0 3327.0 3329.0 3331.0 3333.0 3335.0 3337.0 3341.0 3343.0 3346.0 3348.0 3350.0 3352.0 3354.0 3356.0 3354.0 3350.0 3347.0 3343.0 3339.0 3335.0 3332.0 3328.0 3320.0 3316.0 3313.0 3309.0 3305.0 3301.0 3298.0 3294.0 3286.0 3282.0 3279.0 3275.0 3271.0 3267.0 3264.0 3260.0 3251.0 3245.0 3240.0 3234.0 3229.0 3223.0 3218.0 3212.0 3201.0 3196.0 3190.0 3185.0 3179.0 3174.0 3168.0 3163.0 3152.0 3146.0 3141.0 3135.0 3130.0 3124.0 3119.0 3113.0 3106.0 3104.0 3103.0 3101.0 3099.0 3097.0 3095.0 3093.0 3090.0 3088.0 3086.0 3084.0 3083.0 3081.0 3079.0 3077.0 3074.0 3072.0 3070.0 3068.0 3066.0 3064.0 3063.0 3061.0 3066.0 3072.0 3079.0 3086.0 3092.0 3099.0 3106.0 3112.0 3126.0 3132.0 3139.0 3146.0 3152.0 3159.0 3166.0 3172.0 3186.0 3192.0 3199.0 3206.0 3212.0 3219.0 3226.0 3232.0 3239.0 3239.0 3239.0 3239.0 3239.0 3239.0 3239.0 3239.0 3239.0 3239.0 3239.0 3239.0 3239.0 3239.0 3239.0 3239.0 3239.0 3239.0 3239.0 3239.0 3239.0 3239.0 3239.0 3239.0 3236.0 3233.0 3229.0 3226.0 3223.0 3220.0 3217.0 3214.0 3207.0 3204.0 3201.0 3198.0 3194.0 3191.0 3188.0 3185.0 3178.0 3175.0 3172.0 3169.0 3166.0 3163.0 3159.0 3156.0 3147.0 3141.0 3135.0 3130.0 3124.0 3118.0 3112.0 3106.0 3094.0 3089.0 3083.0 3077.0 3071.0 3065.0 3059.0 3054.0 3042.0 3036.0 3030.0 3024.0 3018.0 3013.0 3007.0 3001.0 2993.0 2992.0 2990.0 2988.0 2987.0 2985.0 2983.0 2982.0 2978.0 2977.0 2975.0 2973.0 2972.0 2970.0 2968.0 2967.0 2963.0 2962.0 2960.0 2958.0 2957.0 2955.0 2953.0 2952.0 2941.0 2931.0 2922.0 2913.0 2904.0 2894.0 2885.0 2876.0 2857.0 2848.0 2839.0 2830.0 2820.0 2811.0 2802.0 2793.0 2774.0 2765.0 2756.0 2746.0 2737.0 2728.0 2719.0 2709.0 2702.0 2703.0 2705.0 2707.0 2708.0 2710.0 2712.0 2713.0 2717.0 2718.0 2720.0 2722.0 2723.0 2725.0 2727.0 2728.0 2732.0 2733.0 2735.0 2737.0 2738.0 2740.0 2742.0 2743.0 2750.0 2755.0 2760.0 2765.0 2770.0 2775.0 2780.0 2785.0 2795.0 2800.0 2805.0 2810.0 2816.0 2821.0 2826.0 2831.0 2841.0 2846.0 2851.0 2856.0
agregarAgente --UnidadTermicaSimple
200.0
100.0
agregarAgente --DemandaFija
999.3 996.6 993.0 995.7 992.1 996.6 1001.1 1004.7 1009.2 1012.8 1017.3 1011.9 1007.4 1007.4 1007.4 1008.3 1008.3 1009.2 1009.2 1010.1 1009.2 1001.1 993.0 984.9 975.9 967.8 961.5 959.7 961.5 971.4 980.4 990.3 999.3 1009.2 1018.2 1020.9 1026.3 1029.9 1032.6 1034.4 1037.1 1038.9 1041.6 1044.3 1046.1 1038.9 1031.7 1024.5 1018.2 1011.0 1004.7 1002.9 995.7 992.1 989.4 985.8 983.1 980.4 977.7 971.4 972.3 978.6 984.9 992.1 998.4 1004.7 1011.9 1018.2 1032.6 1022.7 1012.8 1003.8 993.0 984.0 973.2 981.3 990.3 1005.6 1020.0 1034.4 1049.7 1063.2 1079.4 1080.3 1071.3 1064.1 1056.0 1047.9 1040.7 1032.6 1024.5 1014.6 1009.2 999.3 989.4 979.5 969.6 959.7 949.8 954.3 966.9 984.0 1002.9 1020.0 1038.9 1056.0 1074.9 1081.2 1089.3 1094.7 1101.9 1107.3 1114.5 1120.8 1127.1 1129.8 1122.6 1086.6 1050.6 1014.6 978.6 941.7 906.6 898.5 895.8 901.2 907.5 912.9 917.4 922.8 928.2 935.4 941.7 953.4 963.3 973.2 984.0 994.8 1004.7 1005.6 997.5 977.7 957.9 937.2 917.4 897.6 877.8 868.8 864.3 865.2 866.1 866.1 867.0 867.0 867.0 870.6 874.2 884.1 894.0 903.0 912.9 922.8 932.7 933.6 924.6 911.1 897.6 883.2 870.6 857.1 842.7 833.7 828.3 827.4 826.5 825.6 825.6 824.7 824.7 827.4 830.1 839.1 847.2 856.2 865.2 873.3 882.3 881.4 872.4 856.2 839.1 822.0 804.0 787.8 770.7 761.7 757.2 759.9 761.7 764.4 767.1 768.0 770.7 775.2 782.4 795.0 806.7 818.4 831.0 841.8 853.5 857.1 852.6 836.4 820.2 804.0 787.8 771.6 756.3 747.3 730.2 722.1 714.0 706.8 700.5 692.4 685.2 677.1 677.1 701.4 726.6 750.9 776.1 800.4 825.6 832.8 841.8 846.3 850.8 856.2 860.7 866.1 870.6 870.6 878.7 885.9 892.2 899.4 907.5 914.7 921.9 929.1 943.5 956.1 968.7 983.1 995.7 1008.3 1021.8 1029.0 1029.9 1018.2 1005.6 993.0 980.4 967.8 956.1 949.8 942.6 949.8 957.9 966.0 974.1 981.3 989.4 987.6 989.4 993.0 996.6 999.3 1002.9 1006.5 1010.1 1013.7 1003.8 977.7 950.7 925.5 899.4 873.3 847.2 834.6 831.9 856.2 879.6 903.0 927.3 950.7 974.1 986.7 1002.0 1011.9 1021.8 1031.7 1040.7 1050.6 1060.5 1065.0 1064.1 1049.7 1036.2 1020.9 1007.4 993.0 979.5 973.2 971.4 968.7 966.0 963.3 960.6 957.9 955.2 960.6 964.2 964.2 965.1 964.2 966.0 965.1 966.0 966.0 950.7 921.9 892.2 863.4 833.7 804.9 776.1 763.5 758.1 768.0 779.7 789.6 800.4 811.2 821.1 830.1 842.7 839.1 836.4 832.8 830.1 827.4 823.8 828.3 819.3 795.9 773.4 751.8
crearDespacho --mercado --conDemandaTotal
4
0.02 0.07 0.145 1.0
370.0 600.0 2400.0 4000.0
999.3 996.6 993.0 995.7 992.1 996.6 1001.1 1004.7 1009.2 1012.8 1017.3 1011.9 1007.4 1007.4 1007.4 1008.3 1008.3 1009.2 1009.2 1010.1 1009.2 1001.1 993.0 984.9 975.9 967.8 961.5 959.7 961.5 971.4 980.4 990.3 999.3 1009.2 1018.2 1020.9 1026.3 1029.9 1032.6 1034.4 1037.1 1038.9 1041.6 1044.3 1046.1 1038.9 1031.7 1024.5 1018.2 1011.0 1004.7 1002.9 995.7 992.1 989.4 985.8 983.1 980.4 977.7 971.4 972.3 978.6 984.9 992.1 998.4 1004.7 1011.9 1018.2 1032.6 1022.7 1012.8 1003.8 993.0 984.0 973.2 981.3 990.3 1005.6 1020.0 1034.4 1049.7 1063.2 1079.4 1080.3 1071.3 1064.1 1056.0 1047.9 1040.7 1032.6 1024.5 1014.6 1009.2 999.3 989.4 979.5 969.6 959.7 949.8 954.3 966.9 984.0 1002.9 1020.0 1038.9 1056.0 1074.9 1081.2 1089.3 1094.7 1101.9 1107.3 1114.5 1120.8 1127.1 1129.8 1122.6 1086.6 1050.6 1014.6 978.6 941.7 906.6 898.5 895.8 901.2 907.5 912.9 917.4 922.8 928.2 935.4 941.7 953.4 963.3 973.2 984.0 994.8 1004.7 1005.6 997.5 977.7 957.9 937.2 917.4 897.6 877.8 868.8 864.3 865.2 866.1 866.1 867.0 867.0 867.0 870.6 874.2 884.1 894.0 903.0 912.9 922.8 932.7 933.6 924.6 911.1 897.6 883.2 870.6 857.1 842.7 833.7 828.3 827.4 826.5 825.6 825.6 824.7 824.7 827.4 830.1 839.1 847.2 856.2 865.2 873.3 882.3 881.4 872.4 856.2 839.1 822.0 804.0 787.8 770.7 761.7 757.2 759.9 761.7 764.4 767.1 768.0 770.7 775.2 782.4 795.0 806.7 818.4 831.0 841.8 853.5 857.1 852.6 836.4 820.2 804.0 787.8 771.6 756.3 747.3 730.2 722.1 714.0 706.8 700.5 692.4 685.2 677.1 677.1 701.4 726.6 750.9 776.1 800.4 825.6 832.8 841.8 846.3 850.8 856.2 860.7 866.1 870.6 870.6 878.7 885.9 892.2 899.4 907.5 914.7 921.9 929.1 943.5 956.1 968.7 983.1 995.7 1008.3 1021.8 1029.0 1029.9 1018.2 1005.6 993.0 980.4 967.8 956.1 949.8 942.6 949.8 957.9 966.0 974.1 981.3 989.4 987.6 989.4 993.0 996.6 999.3 1002.9 1006.5 1010.1 1013.7 1003.8 977.7 950.7 925.5 899.4 873.3 847.2 834.6 831.9 856.2 879.6 903.0 927.3 950.7 974.1 986.7 1002.0 1011.9 1021.8 1031.7 1040.7 1050.6 1060.5 1065.0 1064.1 1049.7 1036.2 1020.9 1007.4 993.0 979.5 973.2 971.4 968.7 966.0 963.3 960.6 957.9 955.2 960.6 964.2 964.2 965.1 964.2 966.0 965.1 966.0 966.0 950.7 921.9 892.2 863.4 833.7 804.9 776.1 763.5 758.1 768.0 779.7 789.6 800.4 811.2 821.1 830.1 842.7 839.1 836.4 832.8 830.1 827.4 823.8 828.3 819.3 795.9 773.4 751.8
configurarSolver --Gurobi
resolver --noConstante ejecuciones/bancos/recombinados/v1/directo/sgtm/v1_sgtm_000360.csv
finalizar
