inicializar --t 360
agregarAgente --SaltoGrande
0
2719162864.0
4902.0 4901.0 4900.0 4900.0 4901.0 4903.0 4905.0 4907.0 4908.0 4910.0 4912.0 4914.0 4918.0 4920.0 4922.0 4924.0 4925.0 4927.0 4929.0 4931.0 4935.0 4937.0 4939.0 4941.0 4942.0 4944.0 4946.0 4948.0 4941.0 4932.0 4923.0 4914.0 4906.0 4897.0 4888.0 4879.0 4861.0 4852.0 4843.0 4834.0 4826.0 4817.0 4808.0 4799.0 4781.0 4772.0 4763.0 4754.0 4746.0 4737.0 4728.0 4719.0 4726.0 4741.0 4757.0 4773.0 4789.0 4804.0 4820.0 4836.0 4867.0 4883.0 4899.0 4915.0 4930.0 4946.0 4962.0 4978.0 5009.0 5025.0 5041.0 5056.0 5072.0 5088.0 5104.0 5119.0 5153.0 5171.0 5189.0 5207.0 5225.0 5243.0 5261.0 5279.0 5315.0 5333.0 5351.0 5369.0 5386.0 5404.0 5422.0 5440.0 5476.0 5494.0 5512.0 5530.0 5548.0 5566.0 5584.0 5602.0 5636.0 5653.0 5669.0 5686.0 5702.0 5718.0 5735.0 5751.0 5784.0 5800.0 5817.0 5833.0 5850.0 5866.0 5883.0 5899.0 5932.0 5948.0 5965.0 5981.0 5997.0 6014.0 6030.0 6047.0 6060.0 6058.0 6055.0 6052.0 6049.0 6047.0 6044.0 6041.0 6036.0 6033.0 6031.0 6028.0 6025.0 6022.0 6020.0 6017.0 6012.0 6009.0 6006.0 6004.0 6001.0 5998.0 5995.0 5993.0 5959.0 5929.0 5898.0 5868.0 5837.0 5807.0 5776.0 5746.0 5685.0 5654.0 5624.0 5593.0 5563.0 5532.0 5502.0 5471.0 5410.0 5380.0 5349.0 5319.0 5288.0 5258.0 5227.0 5197.0 5153.0 5139.0 5126.0 5112.0 5099.0 5085.0 5072.0 5058.0 5031.0 5018.0 5004.0 4991.0 4977.0 4964.0 4950.0 4937.0 4910.0 4896.0 4883.0 4869.0 4856.0 4842.0 4829.0 4815.0 4777.0 4752.0 4728.0 4703.0 4678.0 4653.0 4628.0 4603.0 4554.0 4529.0 4504.0 4479.0 4455.0 4430.0 4405.0 4380.0 4331.0 4306.0 4281.0 4256.0 4231.0 4206.0 4182.0 4157.0 4112.0 4091.0 4071.0 4050.0 4030.0 4009.0 3989.0 3968.0 3927.0 3907.0 3886.0 3866.0 3845.0 3825.0 3804.0 3784.0 3743.0 3722.0 3702.0 3681.0 3661.0 3640.0 3620.0 3599.0 3582.0 3584.0 3587.0 3590.0 3592.0 3595.0 3598.0 3600.0 3606.0 3608.0 3611.0 3614.0 3616.0 3619.0 3622.0 3624.0 3630.0 3632.0 3635.0 3638.0 3640.0 3643.0 3646.0 3648.0 3649.0 3647.0 3645.0 3643.0 3640.0 3638.0 3636.0 3634.0 3630.0 3628.0 3626.0 3624.0 3621.0 3619.0 3617.0 3615.0 3611.0 3609.0 3607.0 3605.0 3602.0 3600.0 3598.0 3596.0 3585.0 3575.0 3566.0 3556.0 3547.0 3537.0 3528.0 3518.0 3500.0 3490.0 3481.0 3471.0 3462.0 3452.0 3443.0 3433.0 3415.0 3405.0 3396.0 3386.0 3377.0 3367.0 3358.0 3348.0 3332.0 3324.0 3317.0 3309.0 3302.0 3294.0 3287.0 3279.0 3264.0 3257.0 3249.0 3242.0 3234.0 3227.0 3219.0 3212.0 3197.0 3189.0 3182.0 3174.0 3167.0 3159.0 3152.0 3144.0 3132.0 3126.0 3121.0 3116.0 3111.0 3105.0 3100.0 3095.0 3084.0 3079.0 3073.0 3068.0 3063.0 3058.0 3052.0 3047.0 3036.0 3031.0 3026.0 3020.0
agregarAgente --UnidadTermicaSimple
200.0
100.0
agregarAgente --DemandaFija
561.0 531.6 503.4 503.4 503.4 550.8 597.6 645.0 691.8 739.8 787.2 787.2 787.2 752.4 718.8 684.0 650.4 616.8 582.0 582.0 582.0 545.4 507.6 470.4 433.2 396.0 358.2 358.2 358.2 406.8 455.4 503.4 551.4 599.4 648.0 648.0 648.0 619.2 589.8 561.0 531.6 502.8 474.0 474.0 474.0 454.2 433.8 414.0 394.2 374.4 354.0 354.0 354.0 393.0 431.4 471.0 509.4 548.4 586.8 586.8 586.8 589.2 591.0 593.4 595.2 597.0 599.4 599.4 599.4 570.0 541.2 511.8 482.4 453.6 424.2 424.2 424.2 459.6 493.8 528.6 564.0 598.8 634.2 634.2 634.2 565.8 498.0 430.2 362.4 295.2 227.4 227.4 227.4 222.6 217.2 212.4 207.6 201.6 196.8 196.8 196.8 210.0 222.6 235.2 247.8 260.4 273.0 273.0 273.0 276.0 279.0 282.0 285.0 288.0 291.0 291.0 291.0 313.8 336.6 360.0 383.4 406.2 429.0 429.0 429.0 454.2 479.4 504.0 529.2 554.4 579.6 579.6 579.6 580.2 580.8 582.0 582.6 583.8 584.4 584.4 584.4 552.6 520.2 488.4 456.6 424.2 392.4 392.4 392.4 430.8 469.8 508.8 547.8 586.2 625.8 625.8 625.8 604.8 585.0 564.6 544.2 523.8 503.4 503.4 503.4 447.6 392.4 336.0 280.2 225.0 169.2 169.2 169.2 248.4 327.6 406.8 486.6 565.8 645.0 645.0 645.0 632.4 619.8 607.2 594.6 582.0 569.4 569.4 569.4 495.0 421.2 346.8 272.4 198.6 124.8 124.8 124.8 195.0 265.2 336.0 406.2 477.0 547.2 547.2 547.2 570.0 593.4 616.8 639.6 662.4 685.2 685.2 685.2 604.2 523.2 442.8 361.8 280.8 199.8 199.8 199.8 176.4 153.0 129.6 105.6 82.8 59.4 59.4 59.4 81.6 103.8 126.6 148.8 171.0 193.8 193.8 193.8 212.4 230.4 249.0 267.0 285.0 304.2 304.2 304.2 351.0 399.0 446.4 493.8 541.8 589.2 589.2 589.2 590.4 592.2 593.4 595.2 596.4 598.2 598.2 598.2 547.2 495.6 444.0 393.0 340.8 289.8 289.8 289.8 312.6 335.4 358.2 381.6 404.4 427.2 427.2 427.2 443.4 460.2 477.0 493.2 509.4 525.6 525.6 525.6 484.2 441.6 400.2 357.6 316.2 273.6 273.6 273.6 327.6 381.0 434.4 487.8 541.8 595.2 595.2 595.2 549.0 502.2 456.0 409.8 363.0 316.8 316.8 316.8 289.8 261.6 234.0 207.0 178.8 151.2 151.2 151.2 127.8 103.8 80.4 57.0 33.0 9.6 9.6 9.6 73.8 137.4 201.0 265.2 329.4 393.6 393.6 393.6 391.2 389.4 387.0 385.2 382.8 381.0 381.0 381.0 414.6 448.8 483.0 516.6 551.4 585.0 585.0 585.0 568.2 551.4 534.6 517.2 499.8 483.0 483.0 483.0 406.2 329.4 252.0
crearDespacho --mercado --conDemandaTotal
4
0.02 0.07 0.145 1.0
370.0 600.0 2400.0 4000.0
982.45 930.97 881.58 881.58 881.58 964.59 1046.55 1129.56 1211.52 1295.58 1378.58 1378.58 1378.58 1317.64 1258.8 1197.86 1139.01 1080.17 1019.23 1019.23 1019.23 955.13 888.94 823.79 758.64 693.5 627.3 627.3 627.3 712.41 797.52 881.58 965.64 1049.7 1134.81 1134.81 1134.81 1084.37 1032.89 982.45 930.97 880.53 830.09 830.09 830.09 795.42 759.69 725.02 690.34 655.67 619.94 619.94 619.94 688.24 755.49 824.84 892.09 960.39 1027.63 1027.63 1027.63 1031.84 1034.99 1039.19 1042.34 1045.5 1049.7 1049.7 1049.7 998.21 947.78 896.29 844.8 794.37 742.88 742.88 742.88 804.88 864.77 925.71 987.71 1048.65 1110.64 1110.64 1110.64 990.86 872.12 753.39 634.65 516.97 398.23 398.23 398.23 389.83 380.37 371.97 363.56 353.05 344.65 344.65 344.65 367.76 389.83 411.89 433.96 456.03 478.09 478.09 478.09 483.35 488.6 493.85 499.11 504.36 509.61 509.61 509.61 549.54 589.47 630.45 671.43 711.36 751.29 751.29 751.29 795.42 839.55 882.63 926.76 970.89 1015.03 1015.03 1015.03 1016.08 1017.13 1019.23 1020.28 1022.38 1023.43 1023.43 1023.43 967.74 911.0 855.31 799.62 742.88 687.19 687.19 687.19 754.44 822.74 891.04 959.34 1026.58 1095.93 1095.93 1095.93 1059.16 1024.48 988.76 953.03 917.31 881.58 881.58 881.58 783.86 687.19 588.42 490.7 394.03 296.31 296.31 296.31 435.01 573.71 712.41 852.16 990.86 1129.56 1129.56 1129.56 1107.49 1085.43 1063.36 1041.29 1019.23 997.16 997.16 997.16 866.87 737.63 607.33 477.04 347.8 218.56 218.56 218.56 341.49 464.43 588.42 711.36 835.35 958.28 958.28 958.28 998.21 1039.19 1080.17 1120.1 1160.03 1199.96 1199.96 1199.96 1058.11 916.25 775.45 633.6 491.75 349.9 349.9 349.9 308.92 267.94 226.96 184.93 145.0 104.02 104.02 104.02 142.9 181.78 221.71 260.59 299.46 339.39 339.39 339.39 371.97 403.49 436.06 467.58 499.11 532.73 532.73 532.73 614.69 698.75 781.76 864.77 948.83 1031.84 1031.84 1031.84 1033.94 1037.09 1039.19 1042.34 1044.45 1047.6 1047.6 1047.6 958.28 867.92 777.56 688.24 596.83 507.51 507.51 507.51 547.44 587.37 627.3 668.28 708.21 748.13 748.13 748.13 776.5 805.93 835.35 863.72 892.09 920.46 920.46 920.46 847.96 773.35 700.85 626.25 553.75 479.14 479.14 479.14 573.71 667.23 760.74 854.26 948.83 1042.34 1042.34 1042.34 961.44 879.48 798.57 717.66 635.7 554.8 554.8 554.8 507.51 458.13 409.79 362.51 313.12 264.79 264.79 264.79 223.81 181.78 140.8 99.82 57.79 16.81 16.81 16.81 129.24 240.62 352.0 464.43 576.86 689.29 689.29 689.29 685.09 681.94 677.73 674.58 670.38 667.23 667.23 667.23 726.07 785.96 845.85 904.7 965.64 1024.48 1024.48 1024.48 995.06 965.64 936.22 905.75 875.28 845.85 845.85 845.85 711.36 576.86 441.32
configurarSolver --Gurobi
resolver --noConstante ejecuciones/bancos/recombinados/v1/directo/sgtm/v1_sgtm_000257.csv
finalizar
