inicializar --t 360
agregarAgente --SaltoGrande
0.000867
1681415995.0
5942.0 5976.0 6010.0 6044.0 6077.0 6075.0 6074.0 6072.0 6071.0 6069.0 6068.0 6066.0 6063.0 6062.0 6060.0 6059.0 6057.0 6056.0 6054.0 6053.0 6050.0 6048.0 6047.0 6045.0 6044.0 6042.0 6041.0 6039.0 6020.0 6003.0 5985.0 5967.0 5949.0 5932.0 5914.0 5896.0 5861.0 5843.0 5825.0 5807.0 5790.0 5772.0 5754.0 5736.0 5701.0 5683.0 5665.0 5648.0 5630.0 5612.0 5594.0 5577.0 5528.0 5497.0 5467.0 5436.0 5405.0 5374.0 5343.0 5312.0 5251.0 5220.0 5189.0 5158.0 5128.0 5097.0 5066.0 5035.0 4974.0 4943.0 4912.0 4881.0 4850.0 4819.0 4789.0 4758.0 4701.0 4675.0 4650.0 4624.0 4598.0 4572.0 4546.0 4520.0 4469.0 4443.0 4417.0 4391.0 4366.0 4340.0 4314.0 4288.0 4237.0 4211.0 4185.0 4159.0 4133.0 4107.0 4082.0 4056.0 4016.0 4003.0 3989.0 3976.0 3962.0 3949.0 3935.0 3922.0 3894.0 3881.0 3867.0 3854.0 3840.0 3827.0 3813.0 3800.0 3772.0 3759.0 3745.0 3732.0 3718.0 3705.0 3691.0 3678.0 3644.0 3623.0 3603.0 3583.0 3562.0 3542.0 3522.0 3501.0 3461.0 3440.0 3420.0 3400.0 3379.0 3359.0 3339.0 3318.0 3278.0 3257.0 3237.0 3217.0 3196.0 3176.0 3156.0 3135.0 3094.0 3073.0 3053.0 3032.0 3011.0 2990.0 2970.0 2949.0 2907.0 2886.0 2866.0 2845.0 2824.0 2803.0 2783.0 2762.0 2720.0 2699.0 2679.0 2658.0 2637.0 2616.0 2596.0 2575.0 2541.0 2527.0 2514.0 2500.0 2487.0 2473.0 2460.0 2446.0 2419.0 2406.0 2392.0 2379.0 2365.0 2352.0 2338.0 2325.0 2298.0 2284.0 2271.0 2257.0 2244.0 2230.0 2217.0 2203.0 2183.0 2175.0 2168.0 2160.0 2153.0 2146.0 2138.0 2131.0 2116.0 2109.0 2101.0 2094.0 2086.0 2079.0 2071.0 2064.0 2049.0 2042.0 2034.0 2027.0 2020.0 2012.0 2005.0 1997.0 1985.0 1981.0 1976.0 1972.0 1967.0 1962.0 1958.0 1953.0 1944.0 1939.0 1935.0 1930.0 1926.0 1921.0 1917.0 1912.0 1903.0 1898.0 1894.0 1889.0 1884.0 1880.0 1875.0 1871.0 1864.0 1862.0 1861.0 1859.0 1857.0 1855.0 1854.0 1852.0 1848.0 1846.0 1845.0 1843.0 1841.0 1839.0 1838.0 1836.0 1832.0 1830.0 1829.0 1827.0 1825.0 1823.0 1822.0 1820.0 1820.0 1822.0 1824.0 1826.0 1829.0 1831.0 1833.0 1835.0 1839.0 1841.0 1843.0 1845.0 1848.0 1850.0 1852.0 1854.0 1858.0 1860.0 1862.0 1864.0 1867.0 1869.0 1871.0 1873.0 1878.0 1882.0 1885.0 1888.0 1892.0 1895.0 1899.0 1902.0 1909.0 1912.0 1915.0 1919.0 1922.0 1926.0 1929.0 1932.0 1939.0 1942.0 1946.0 1949.0 1953.0 1956.0 1959.0 1963.0 1969.0 1973.0 1976.0 1980.0 1983.0 1987.0 1990.0 1994.0 2000.0 2004.0 2007.0 2011.0 2014.0 2018.0 2021.0 2025.0 2031.0 2035.0 2038.0 2042.0 2045.0 2049.0 2052.0 2056.0 2055.0 2051.0 2047.0 2043.0 2039.0 2035.0 2030.0 2026.0 2018.0 2014.0 2010.0 2006.0 2002.0 1998.0 1994.0 1990.0 1982.0 1978.0 1973.0 1969.0
agregarAgente --UnidadTermicaSimple
200.0
100.0
agregarAgente --DemandaFija
295.8 295.8 295.8 295.8 295.8 311.4 327.6 343.8 359.4 376.2 392.4 392.4 392.4 379.8 367.2 355.2 342.6 330.6 318.6 318.6 318.6 338.4 358.2 378.6 398.4 418.2 438.0 438.0 438.0 470.4 501.6 532.8 564.6 595.8 628.2 628.2 628.2 624.6 621.0 617.4 613.2 609.6 606.6 606.6 606.6 577.2 547.8 517.8 489.0 459.6 429.6 429.6 429.6 436.8 444.0 452.4 459.6 466.8 474.0 474.0 474.0 478.2 482.4 486.6 490.2 494.4 498.6 498.6 498.6 469.8 439.8 411.0 381.6 352.2 322.8 322.8 322.8 339.0 354.6 370.8 386.4 402.0 417.6 417.6 417.6 424.8 431.4 438.6 445.2 453.0 459.6 459.6 459.6 408.6 357.6 307.2 256.2 205.8 154.8 154.8 154.8 187.2 220.8 253.8 286.2 319.8 352.8 352.8 352.8 380.4 408.0 435.6 463.8 491.4 518.4 518.4 518.4 495.6 472.2 448.8 426.0 402.6 379.8 379.8 379.8 360.0 340.8 321.6 302.4 282.6 263.4 263.4 263.4 278.4 294.0 308.4 323.4 337.8 352.8 352.8 352.8 302.4 250.8 199.8 149.4 97.8 47.4 47.4 47.4 97.8 148.8 199.2 250.2 301.2 351.6 351.6 351.6 393.0 433.2 474.6 515.4 556.2 597.0 597.0 597.0 520.2 444.0 367.2 291.0 214.8 138.0 138.0 138.0 208.8 279.0 350.4 421.2 492.0 562.8 562.8 562.8 531.6 501.0 470.4 439.2 408.6 378.0 378.0 378.0 329.4 280.2 232.2 183.0 135.0 86.4 86.4 86.4 146.4 207.0 266.4 326.4 387.0 446.4 446.4 446.4 416.4 387.0 356.4 326.4 296.4 265.8 265.8 265.8 247.8 230.4 212.4 193.8 176.4 158.4 158.4 158.4 255.6 352.8 450.6 548.4 645.6 742.8 742.8 742.8 722.4 701.4 680.4 659.4 638.4 618.0 618.0 618.0 593.4 569.4 545.4 520.8 496.8 472.8 472.8 472.8 543.6 613.8 684.0 754.8 825.6 896.4 896.4 896.4 841.8 788.4 734.4 680.4 626.4 572.4 572.4 572.4 529.2 486.6 444.0 401.4 358.2 315.6 315.6 315.6 385.2 454.8 523.8 592.8 662.4 732.0 732.0 732.0 708.6 684.0 660.0 636.6 612.0 588.0 588.0 588.0 571.8 555.6 540.0 523.2 507.0 490.8 490.8 490.8 524.4 558.6 592.2 626.4 660.0 693.6 693.6 693.6 671.4 649.8 628.2 605.4 583.8 562.2 562.2 562.2 554.4 547.2 540.0 532.2 524.4 517.2 517.2 517.2 509.4 501.0 493.2 485.4 477.0 469.2 469.2 469.2 417.0 364.8 313.2 261.6 210.0 157.8 157.8 157.8 141.6 125.4 108.6 92.4 76.2 60.0 60.0 60.0 91.2 121.8 153.0 184.2 215.4 246.6 246.6 246.6 282.0 318.0 354.0 390.0 425.4 462.0 462.0 462.0 450.0 439.2 427.8
crearDespacho --mercado --conDemandaTotal
4
0.02 0.07 0.145 1.0
370.0 600.0 2400.0 4000.0
561.94 561.94 561.94 561.94 561.94 591.57 622.35 653.12 682.76 714.68 745.45 745.45 745.45 721.51 697.58 674.78 650.85 628.05 605.25 605.25 605.25 642.87 680.48 719.24 756.85 794.46 832.08 832.08 832.08 893.63 952.9 1012.17 1072.58 1131.86 1193.41 1193.41 1193.41 1186.57 1179.73 1172.89 1164.91 1158.07 1152.37 1152.37 1152.37 1096.52 1040.67 983.68 928.96 873.11 816.12 816.12 816.12 829.8 843.48 859.43 873.11 886.79 900.47 900.47 900.47 908.45 916.43 924.41 931.24 939.22 947.2 947.2 947.2 892.49 835.5 780.79 724.93 669.08 613.23 613.23 613.23 644.01 673.64 704.42 734.05 763.69 793.32 793.32 793.32 807.0 819.54 833.22 845.76 860.57 873.11 873.11 873.11 776.23 679.34 583.6 486.71 390.96 294.08 294.08 294.08 355.63 419.46 482.15 543.7 607.53 670.22 670.22 670.22 722.65 775.09 827.52 881.09 933.52 984.82 984.82 984.82 941.5 897.05 852.6 809.28 764.83 721.51 721.51 721.51 683.9 647.43 610.95 574.48 536.86 500.39 500.39 500.39 528.88 558.52 585.87 614.37 641.73 670.22 670.22 670.22 574.48 476.45 379.56 283.82 185.79 90.05 90.05 90.05 185.79 282.68 378.42 475.31 572.2 667.94 667.94 667.94 746.59 822.96 901.61 979.12 1056.63 1134.13 1134.13 1134.13 988.24 843.48 697.58 552.82 408.06 262.16 262.16 262.16 396.66 530.02 665.66 800.16 934.66 1069.16 1069.16 1069.16 1009.89 951.76 893.63 834.36 776.23 718.1 718.1 718.1 625.77 532.3 441.12 347.65 256.46 164.14 164.14 164.14 278.12 393.24 506.09 620.07 735.19 848.04 848.04 848.04 791.04 735.19 677.06 620.07 563.08 504.95 504.95 504.95 470.75 437.7 403.5 368.17 335.11 300.92 300.92 300.92 485.57 670.22 856.02 1041.81 1226.46 1411.11 1411.11 1411.11 1372.36 1332.47 1292.57 1252.68 1212.78 1174.03 1174.03 1174.03 1127.3 1081.7 1036.11 989.38 943.78 898.19 898.19 898.19 1032.69 1166.05 1299.41 1433.91 1568.41 1702.91 1702.91 1702.91 1599.19 1497.74 1395.16 1292.57 1189.99 1087.4 1087.4 1087.4 1005.33 924.41 843.48 762.55 680.48 599.55 599.55 599.55 731.77 863.99 995.08 1126.16 1258.38 1390.6 1390.6 1390.6 1346.14 1299.41 1253.82 1209.36 1162.63 1117.04 1117.04 1117.04 1086.26 1055.49 1025.85 993.94 963.16 932.38 932.38 932.38 996.22 1061.19 1125.02 1189.99 1253.82 1317.65 1317.65 1317.65 1275.47 1234.44 1193.41 1150.09 1109.06 1068.02 1068.02 1068.02 1053.21 1039.53 1025.85 1011.03 996.22 982.54 982.54 982.54 967.72 951.76 936.94 922.13 906.17 891.35 891.35 891.35 792.18 693.02 594.99 496.97 398.94 299.78 299.78 299.78 269.0 238.23 206.31 175.53 144.76 113.98 113.98 113.98 173.25 231.39 290.66 349.93 409.2 468.47 468.47 468.47 535.72 604.11 672.5 740.89 808.14 877.67 877.67 877.67 854.88 834.36 812.7
configurarSolver --Gurobi
resolver --noConstante ejecuciones/bancos/recombinados/v1/directo/sgtm/v1_sgtm_000035.csv
finalizar
