inicializar --t 360
agregarAgente --SaltoGrande
0.000543
2108599337.0
3015.0 3010.0 3005.0 2999.0 2991.0 2987.0 2984.0 2980.0 2977.0 2973.0 2970.0 2966.0 2960.0 2956.0 2953.0 2949.0 2946.0 2942.0 2939.0 2935.0 2929.0 2925.0 2922.0 2918.0 2915.0 2911.0 2908.0 2904.0 2907.0 2912.0 2918.0 2924.0 2929.0 2935.0 2941.0 2946.0 2958.0 2963.0 2969.0 2975.0 2980.0 2986.0 2992.0 2997.0 3009.0 3014.0 3020.0 3026.0 3031.0 3037.0 3043.0 3048.0 3063.0 3072.0 3082.0 3091.0 3100.0 3109.0 3118.0 3127.0 3146.0 3155.0 3164.0 3173.0 3183.0 3192.0 3201.0 3210.0 3229.0 3238.0 3247.0 3256.0 3265.0 3274.0 3284.0 3293.0 3304.0 3306.0 3308.0 3310.0 3312.0 3314.0 3317.0 3319.0 3323.0 3325.0 3327.0 3329.0 3331.0 3333.0 3335.0 3337.0 3341.0 3343.0 3346.0 3348.0 3350.0 3352.0 3354.0 3356.0 3354.0 3350.0 3347.0 3343.0 3339.0 3335.0 3332.0 3328.0 3320.0 3316.0 3313.0 3309.0 3305.0 3301.0 3298.0 3294.0 3286.0 3282.0 3279.0 3275.0 3271.0 3267.0 3264.0 3260.0 3251.0 3245.0 3240.0 3234.0 3229.0 3223.0 3218.0 3212.0 3201.0 3196.0 3190.0 3185.0 3179.0 3174.0 3168.0 3163.0 3152.0 3146.0 3141.0 3135.0 3130.0 3124.0 3119.0 3113.0 3106.0 3104.0 3103.0 3101.0 3099.0 3097.0 3095.0 3093.0 3090.0 3088.0 3086.0 3084.0 3083.0 3081.0 3079.0 3077.0 3074.0 3072.0 3070.0 3068.0 3066.0 3064.0 3063.0 3061.0 3066.0 3072.0 3079.0 3086.0 3092.0 3099.0 3106.0 3112.0 3126.0 3132.0 3139.0 3146.0 3152.0 3159.0 3166.0 3172.0 3186.0 3192.0 3199.0 3206.0 3212.0 3219.0 3226.0 3232.0 3239.0 3239.0 3239.0 3239.0 3239.0 3239.0 3239.0 3239.0 3239.0 3239.0 3239.0 3239.0 3239.0 3239.0 3239.0 3239.0 3239.0 3239.0 3239.0 3239.0 3239.0 3239.0 3239.0 3239.0 3236.0 3233.0 3229.0 3226.0 3223.0 3220.0 3217.0 3214.0 3207.0 3204.0 3201.0 3198.0 3194.0 3191.0 3188.0 3185.0 3178.0 3175.0 3172.0 3169.0 3166.0 3163.0 3159.0 3156.0 3147.0 3141.0 3135.0 3130.0 3124.0 3118.0 3112.0 3106.0 3094.0 3089.0 3083.0 3077.0 3071.0 3065.0 3059.0 3054.0 3042.0 3036.0 3030.0 3024.0 3018.0 3013.0 3007.0 3001.0 2993.0 2992.0 2990.0 2988.0 2987.0 2985.0 2983.0 2982.0 2978.0 2977.0 2975.0 2973.0 2972.0 2970.0 2968.0 2967.0 2963.0 2962.0 2960.0 2958.0 2957.0 2955.0 2953.0 2952.0 2941.0 2931.0 2922.0 2913.0 2904.0 2894.0 2885.0 2876.0 2857.0 2848.0 2839.0 2830.0 2820.0 2811.0 2802.0 2793.0 2774.0 2765.0 2756.0 2746.0 2737.0 2728.0 2719.0 2709.0 2702.0 2703.0 2705.0 2707.0 2708.0 2710.0 2712.0 2713.0 2717.0 2718.0 2720.0 2722.0 2723.0 2725.0 2727.0 2728.0 2732.0 2733.0 2735.0 2737.0 2738.0 2740.0 2742.0 2743.0 2750.0 2755.0 2760.0 2765.0 2770.0 2775.0 2780.0 2785.0 2795.0 2800.0 2805.0 2810.0 2816.0 2821.0 2826.0 2831.0 2841.0 2846.0 2851.0 2856.0
agregarAgente --UnidadTermicaSimple
200.0
100.0
agregarAgente --DemandaFija
148.2 112.8 78.0 78.0 78.0 142.2 206.4 270.0 334.2 397.8 462.0 462.0 462.0 437.4 414.0 390.0 365.4 341.4 317.4 317.4 317.4 279.0 240.6 202.2 163.8 126.0 87.0 87.0 87.0 151.8 217.2 281.4 346.2 411.0 475.8 475.8 475.8 462.6 448.2 434.4 420.6 406.8 393.0 393.0 393.0 354.0 315.0 275.4 237.0 197.4 159.0 159.0 159.0 224.4 289.8 354.6 420.0 485.4 550.8 550.8 550.8 534.0 516.6 499.2 482.4 465.6 447.6 447.6 447.6 402.0 355.2 309.6 262.8 217.2 170.4 170.4 170.4 221.4 271.8 322.2 373.2 423.6 474.0 474.0 474.0 493.8 513.6 534.0 553.8 573.0 592.8 592.8 592.8 547.8 502.2 457.2 411.6 366.0 321.6 321.6 321.6 395.4 469.8 543.6 618.0 691.2 765.6 765.6 765.6 754.8 743.4 732.6 721.8 711.0 700.2 700.2 700.2 684.6 670.2 655.8 640.8 626.4 611.4 611.4 611.4 612.6 613.8 614.4 616.2 617.4 618.6 618.6 618.6 600.0 582.6 564.6 546.6 528.6 510.6 510.6 510.6 490.2 469.8 448.2 427.8 407.4 387.0 387.0 387.0 357.6 328.8 300.0 270.6 241.8 213.0 213.0 213.0 216.0 219.0 222.0 225.0 228.0 231.0 231.0 231.0 235.8 240.6 246.0 250.8 256.2 261.0 261.0 261.0 307.8 354.0 400.8 447.0 493.8 540.6 540.6 540.6 545.4 550.8 555.6 561.0 565.8 571.2 571.2 571.2 544.8 518.4 492.0 465.6 438.6 412.8 412.8 412.8 448.2 484.2 519.6 556.2 591.6 627.6 627.6 627.6 604.8 582.6 559.8 537.6 514.2 492.0 492.0 492.0 473.4 455.4 436.2 417.6 399.0 381.0 381.0 381.0 406.2 430.8 456.6 481.8 507.0 531.6 531.6 531.6 494.4 456.6 418.2 380.4 342.6 304.8 304.8 304.8 299.4 294.0 289.2 283.2 277.8 273.0 273.0 273.0 295.2 316.8 338.4 360.0 382.2 404.4 404.4 404.4 381.6 358.8 336.0 313.8 291.0 268.2 268.2 268.2 266.4 264.6 262.8 261.0 259.2 257.4 257.4 257.4 320.4 384.0 446.4 510.0 573.0 636.6 636.6 636.6 600.0 563.4 526.8 490.8 454.2 417.6 417.6 417.6 391.2 364.2 337.8 311.4 284.4 258.6 258.6 258.6 328.8 399.0 469.2 539.4 609.0 679.2 679.2 679.2 649.2 618.6 588.0 558.0 527.4 497.4 497.4 497.4 475.8 454.2 432.0 410.4 388.8 366.6 366.6 366.6 412.2 457.2 502.2 547.8 592.2 637.8 637.8 637.8 623.4 609.0 594.6 580.2 566.4 552.0 552.0 552.0 526.2 501.0 476.4 450.6 425.4 400.8 400.8 400.8 464.4 527.4 591.0 655.2 718.8 782.4 782.4 782.4 764.4 746.4 728.4 711.0 692.4 675.0 675.0 675.0 646.2 618.0 589.2
crearDespacho --mercado --conDemandaTotal
4
0.02 0.07 0.145 1.0
370.0 600.0 2400.0 4000.0
262.64 199.91 138.23 138.23 138.23 252.01 365.79 478.5 592.27 704.99 818.76 818.76 818.76 775.17 733.7 691.16 647.57 605.03 562.5 562.5 562.5 494.45 426.4 358.34 290.29 223.3 154.18 154.18 154.18 269.02 384.93 498.7 613.54 728.38 843.22 843.22 843.22 819.83 794.31 769.85 745.39 720.94 696.48 696.48 696.48 627.36 558.25 488.07 420.02 349.84 281.78 281.78 281.78 397.69 513.59 628.43 744.33 860.23 976.14 976.14 976.14 946.36 915.53 884.69 854.92 825.14 793.24 793.24 793.24 712.43 629.49 548.68 465.74 384.93 301.99 301.99 301.99 392.37 481.69 571.01 661.39 750.71 840.03 840.03 840.03 875.12 910.21 946.36 981.45 1015.48 1050.57 1050.57 1050.57 970.82 890.01 810.26 729.44 648.63 569.94 569.94 569.94 700.73 832.59 963.38 1095.23 1224.96 1356.81 1356.81 1356.81 1337.67 1317.47 1298.33 1279.19 1260.05 1240.91 1240.91 1240.91 1213.26 1187.74 1162.22 1135.64 1110.12 1083.53 1083.53 1083.53 1085.66 1087.79 1088.85 1092.04 1094.17 1096.29 1096.29 1096.29 1063.33 1032.49 1000.59 968.69 936.79 904.89 904.89 904.89 868.74 832.59 794.31 758.15 722.0 685.85 685.85 685.85 633.74 582.7 531.66 479.56 428.52 377.48 377.48 377.48 382.8 388.12 393.43 398.75 404.07 409.38 409.38 409.38 417.89 426.4 435.97 444.47 454.04 462.55 462.55 462.55 545.49 627.36 710.3 792.18 875.12 958.06 958.06 958.06 966.57 976.14 984.64 994.21 1002.72 1012.29 1012.29 1012.29 965.5 918.72 871.93 825.14 777.29 731.57 731.57 731.57 794.31 858.11 920.84 985.71 1048.44 1112.24 1112.24 1112.24 1071.84 1032.49 992.09 952.74 911.27 871.93 871.93 871.93 838.97 807.07 773.04 740.08 707.11 675.21 675.21 675.21 719.87 763.47 809.19 853.85 898.51 942.11 942.11 942.11 876.18 809.19 741.14 674.15 607.16 540.17 540.17 540.17 530.6 521.03 512.52 501.89 492.32 483.82 483.82 483.82 523.16 561.44 599.72 638.0 677.34 716.68 716.68 716.68 676.28 635.87 595.46 556.12 515.71 475.31 475.31 475.31 472.12 468.93 465.74 462.55 459.36 456.17 456.17 456.17 567.82 680.53 791.12 903.83 1015.48 1128.19 1128.19 1128.19 1063.33 998.47 933.6 869.8 804.94 740.08 740.08 740.08 693.29 645.44 598.65 551.87 504.02 458.3 458.3 458.3 582.7 707.11 831.52 955.93 1079.28 1203.69 1203.69 1203.69 1150.52 1096.29 1042.06 988.9 934.67 881.5 881.5 881.5 843.22 804.94 765.6 727.32 689.04 649.69 649.69 649.69 730.51 810.26 890.01 970.82 1049.51 1130.32 1130.32 1130.32 1104.8 1079.28 1053.76 1028.24 1003.78 978.26 978.26 978.26 932.54 887.88 844.28 798.56 753.9 710.3 710.3 710.3 823.02 934.67 1047.38 1161.16 1273.87 1386.58 1386.58 1386.58 1354.68 1322.78 1290.88 1260.05 1227.08 1196.25 1196.25 1196.25 1145.21 1095.23 1044.19
configurarSolver --Gurobi
resolver --noConstante ejecuciones/bancos/recombinados/v1/directo/sgtm/v1_sgtm_000410.csv
finalizar
