inicializar --t 360
agregarAgente --SaltoGrande
0.001162
2200464102.0
5841.0 5865.0 5888.0 5912.0 5953.0 5970.0 5987.0 6004.0 6021.0 6038.0 6055.0 6072.0 6106.0 6123.0 6140.0 6157.0 6174.0 6191.0 6208.0 6225.0 6259.0 6276.0 6293.0 6310.0 6327.0 6344.0 6361.0 6378.0 6406.0 6417.0 6428.0 6439.0 6450.0 6461.0 6471.0 6482.0 6504.0 6515.0 6526.0 6537.0 6548.0 6559.0 6570.0 6581.0 6603.0 6614.0 6624.0 6635.0 6646.0 6657.0 6668.0 6679.0 6698.0 6705.0 6713.0 6721.0 6728.0 6736.0 6743.0 6751.0 6766.0 6774.0 6782.0 6789.0 6797.0 6804.0 6812.0 6820.0 6835.0 6843.0 6850.0 6858.0 6865.0 6873.0 6881.0 6888.0 6869.0 6842.0 6815.0 6788.0 6761.0 6734.0 6707.0 6680.0 6626.0 6599.0 6572.0 6545.0 6519.0 6492.0 6465.0 6438.0 6384.0 6357.0 6330.0 6303.0 6276.0 6249.0 6222.0 6195.0 6142.0 6117.0 6091.0 6065.0 6040.0 6014.0 5988.0 5963.0 5911.0 5886.0 5860.0 5834.0 5809.0 5783.0 5757.0 5732.0 5680.0 5655.0 5629.0 5603.0 5578.0 5552.0 5526.0 5501.0 5452.0 5429.0 5405.0 5382.0 5359.0 5336.0 5313.0 5290.0 5243.0 5220.0 5197.0 5174.0 5150.0 5127.0 5104.0 5081.0 5034.0 5011.0 4988.0 4965.0 4942.0 4919.0 4895.0 4872.0 4818.0 4786.0 4755.0 4723.0 4692.0 4661.0 4629.0 4598.0 4535.0 4504.0 4472.0 4441.0 4409.0 4378.0 4346.0 4315.0 4252.0 4221.0 4189.0 4158.0 4127.0 4095.0 4064.0 4032.0 4003.0 4006.0 4008.0 4011.0 4013.0 4016.0 4018.0 4021.0 4025.0 4028.0 4030.0 4033.0 4035.0 4038.0 4040.0 4043.0 4047.0 4050.0 4052.0 4055.0 4057.0 4060.0 4062.0 4065.0 4065.0 4062.0 4060.0 4057.0 4055.0 4052.0 4050.0 4047.0 4042.0 4040.0 4037.0 4035.0 4032.0 4030.0 4027.0 4025.0 4020.0 4017.0 4015.0 4012.0 4010.0 4007.0 4005.0 4002.0 4002.0 4005.0 4007.0 4009.0 4012.0 4014.0 4017.0 4019.0 4024.0 4026.0 4028.0 4031.0 4033.0 4036.0 4038.0 4040.0 4045.0 4047.0 4050.0 4052.0 4055.0 4057.0 4059.0 4062.0 4071.0 4078.0 4085.0 4092.0 4099.0 4106.0 4113.0 4120.0 4134.0 4141.0 4148.0 4155.0 4163.0 4170.0 4177.0 4184.0 4198.0 4205.0 4212.0 4219.0 4226.0 4233.0 4240.0 4247.0 4265.0 4276.0 4287.0 4299.0 4310.0 4321.0 4332.0 4343.0 4365.0 4377.0 4388.0 4399.0 4410.0 4421.0 4432.0 4444.0 4466.0 4477.0 4488.0 4499.0 4510.0 4522.0 4533.0 4544.0 4567.0 4578.0 4590.0 4601.0 4613.0 4625.0 4636.0 4648.0 4671.0 4683.0 4694.0 4706.0 4717.0 4729.0 4740.0 4752.0 4775.0 4787.0 4798.0 4810.0 4822.0 4833.0 4845.0 4856.0 4879.0 4889.0 4900.0 4911.0 4922.0 4932.0 4943.0 4954.0 4975.0 4986.0 4997.0 5008.0 5018.0 5029.0 5040.0 5051.0 5072.0 5083.0 5094.0 5104.0 5115.0 5126.0 5137.0 5147.0 5192.0 5226.0 5260.0 5294.0 5328.0 5362.0 5397.0 5431.0 5499.0 5533.0 5567.0 5601.0 5635.0 5669.0 5703.0 5737.0 5805.0 5839.0 5874.0 5908.0
agregarAgente --UnidadTermicaSimple
200.0
100.0
agregarAgente --DemandaFija
324.3 281.1 237.9 237.9 237.9 255.9 273.9 291.9 309.0 327.0 345.9 345.9 345.9 358.5 371.1 383.7 396.3 408.0 420.6 420.6 420.6 361.2 300.0 240.6 179.4 120.0 59.7 59.7 59.7 123.6 187.5 251.4 315.3 379.2 443.1 443.1 443.1 475.5 506.1 537.6 569.1 601.5 633.0 633.0 633.0 651.9 671.7 691.5 711.3 731.1 750.9 750.9 750.9 789.6 827.4 867.0 905.7 944.4 983.1 983.1 983.1 1002.0 1020.9 1038.9 1057.8 1077.6 1095.6 1095.6 1095.6 1024.5 953.4 881.4 809.4 739.2 667.2 667.2 667.2 712.2 756.3 801.3 846.3 890.4 934.5 934.5 934.5 937.2 939.9 942.6 945.3 948.0 950.7 950.7 950.7 878.7 805.8 733.8 661.8 589.8 516.9 516.9 516.9 545.7 573.6 603.3 631.2 660.0 687.9 687.9 687.9 662.7 636.6 611.4 586.2 559.2 534.0 534.0 534.0 489.0 443.1 398.1 353.1 307.2 262.2 262.2 262.2 273.0 282.9 292.8 302.7 312.6 322.5 322.5 322.5 328.8 334.2 340.5 346.8 352.2 358.5 358.5 358.5 305.4 253.2 201.0 148.8 96.6 44.4 44.4 44.4 49.8 56.1 61.5 67.8 73.2 79.5 79.5 79.5 102.9 125.4 147.0 169.5 192.0 215.4 215.4 215.4 187.5 160.5 133.5 107.4 79.5 52.5 52.5 52.5 157.8 263.1 368.4 472.8 577.2 682.5 682.5 682.5 651.0 619.5 588.0 555.6 524.1 492.6 492.6 492.6 472.8 451.2 431.4 411.6 390.9 371.1 371.1 371.1 481.8 592.5 702.3 813.9 924.6 1035.3 1035.3 1035.3 1056.0 1077.6 1099.2 1119.9 1140.6 1162.2 1162.2 1162.2 1101.9 1041.6 982.2 921.0 861.6 801.3 801.3 801.3 827.4 855.3 882.3 908.4 935.4 963.3 963.3 963.3 910.2 858.0 805.8 753.6 700.5 649.2 649.2 649.2 585.3 519.6 454.8 390.9 326.1 262.2 262.2 262.2 273.0 284.7 295.5 307.2 318.0 329.7 329.7 329.7 355.8 381.9 408.0 433.2 459.3 485.4 485.4 485.4 463.8 441.3 419.7 397.2 375.6 354.0 354.0 354.0 399.9 446.7 493.5 540.3 587.1 633.9 633.9 633.9 699.6 766.2 832.8 899.4 966.0 1031.7 1031.7 1031.7 984.0 935.4 887.7 840.0 792.3 744.6 744.6 744.6 756.3 767.1 778.8 790.5 802.2 813.9 813.9 813.9 775.2 736.5 697.8 659.1 620.4 580.8 580.8 580.8 503.4 424.2 346.8 268.5 189.3 111.9 111.9 111.9 221.7 329.7 439.5 548.4 658.2 768.0 768.0 768.0 795.0 822.0 849.9 876.9 903.9 930.9 930.9 930.9 844.5 756.3 669.0 581.7 495.3 407.1 407.1 407.1 462.0 515.1 569.1 623.1 677.1 731.1 731.1 731.1 716.7 700.5 685.2 669.9 655.5 640.2 640.2 640.2 558.3 476.4 394.5
crearDespacho --mercado --conDemandaTotal
4
0.02 0.07 0.145 1.0
370.0 600.0 2400.0 4000.0
388.59 336.82 285.06 285.06 285.06 306.63 328.2 349.77 370.25 391.82 414.47 414.47 414.47 429.57 444.67 459.76 474.86 488.88 503.98 503.98 503.98 432.8 359.47 288.3 214.96 143.79 71.53 71.53 71.53 148.1 224.67 301.24 377.8 454.37 530.94 530.94 530.94 569.76 606.43 644.17 681.92 720.74 758.48 758.48 758.48 781.13 804.85 828.58 852.31 876.03 899.76 899.76 899.76 946.13 991.42 1038.87 1085.24 1131.61 1177.99 1177.99 1177.99 1200.63 1223.28 1244.85 1267.49 1291.22 1312.79 1312.79 1312.79 1227.59 1142.4 1056.12 969.85 885.74 799.46 799.46 799.46 853.38 906.23 960.15 1014.07 1066.91 1119.75 1119.75 1119.75 1122.99 1126.22 1129.46 1132.69 1135.93 1139.16 1139.16 1139.16 1052.89 965.54 879.27 792.99 706.72 619.37 619.37 619.37 653.88 687.31 722.9 756.33 790.84 824.27 824.27 824.27 794.07 762.8 732.6 702.41 670.05 639.86 639.86 639.86 585.94 530.94 477.02 423.1 368.1 314.18 314.18 314.18 327.12 338.98 350.84 362.71 374.57 386.43 386.43 386.43 393.98 400.45 408.0 415.55 422.02 429.57 429.57 429.57 365.94 303.39 240.85 178.3 115.75 53.2 53.2 53.2 59.67 67.22 73.69 81.24 87.71 95.26 95.26 95.26 123.3 150.26 176.14 203.1 230.06 258.1 258.1 258.1 224.67 192.32 159.96 128.69 95.26 62.91 62.91 62.91 189.08 315.26 441.43 566.53 691.62 817.8 817.8 817.8 780.05 742.31 704.56 665.74 628.0 590.25 590.25 590.25 566.53 540.64 516.92 493.19 468.39 444.67 444.67 444.67 577.31 709.95 841.52 975.24 1107.89 1240.53 1240.53 1240.53 1265.34 1291.22 1317.1 1341.9 1366.71 1392.59 1392.59 1392.59 1320.34 1248.08 1176.91 1103.58 1032.4 960.15 960.15 960.15 991.42 1024.85 1057.2 1088.48 1120.83 1154.26 1154.26 1154.26 1090.63 1028.09 965.54 902.99 839.36 777.89 777.89 777.89 701.33 622.6 544.96 468.39 390.74 314.18 314.18 314.18 327.12 341.14 354.08 368.1 381.04 395.06 395.06 395.06 426.33 457.61 488.88 519.08 550.35 581.62 581.62 581.62 555.74 528.78 502.9 475.94 450.06 424.18 424.18 424.18 479.17 535.25 591.33 647.41 703.48 759.56 759.56 759.56 838.29 918.09 997.89 1077.69 1157.5 1236.22 1236.22 1236.22 1179.06 1120.83 1063.67 1006.52 949.36 892.21 892.21 892.21 906.23 919.17 933.19 947.21 961.22 975.24 975.24 975.24 928.87 882.5 836.13 789.76 743.39 695.94 695.94 695.94 603.19 508.29 415.55 321.73 226.83 134.08 134.08 134.08 265.65 395.06 526.62 657.11 788.68 920.25 920.25 920.25 952.6 984.95 1018.38 1050.73 1083.09 1115.44 1115.44 1115.44 1011.91 906.23 801.62 697.01 593.49 487.8 487.8 487.8 553.58 617.21 681.92 746.62 811.33 876.03 876.03 876.03 858.78 839.36 821.03 802.7 785.44 767.11 767.11 767.11 668.98 570.84 472.7
configurarSolver --Gurobi
resolver --noConstante ejecuciones/bancos/recombinados/v1/directo/sgtm/v1_sgtm_000228.csv
finalizar
