inicializar --t 360
agregarAgente --SaltoGrande
0.002114
2688826244.0
2958.0 2954.0 2950.0 2945.0 2950.0 2958.0 2967.0 2976.0 2984.0 2993.0 3001.0 3010.0 3027.0 3036.0 3045.0 3053.0 3062.0 3070.0 3079.0 3088.0 3105.0 3114.0 3122.0 3131.0 3139.0 3148.0 3157.0 3165.0 3161.0 3149.0 3136.0 3123.0 3110.0 3098.0 3085.0 3072.0 3047.0 3034.0 3022.0 3009.0 2996.0 2983.0 2971.0 2958.0 2933.0 2920.0 2907.0 2895.0 2882.0 2869.0 2856.0 2844.0 2810.0 2789.0 2769.0 2748.0 2727.0 2706.0 2686.0 2665.0 2623.0 2602.0 2582.0 2561.0 2540.0 2519.0 2499.0 2478.0 2436.0 2415.0 2395.0 2374.0 2353.0 2332.0 2312.0 2291.0 2284.0 2299.0 2313.0 2327.0 2342.0 2356.0 2370.0 2385.0 2413.0 2428.0 2442.0 2456.0 2471.0 2485.0 2499.0 2514.0 2542.0 2557.0 2571.0 2585.0 2600.0 2614.0 2628.0 2643.0 2676.0 2695.0 2714.0 2733.0 2752.0 2771.0 2790.0 2809.0 2847.0 2866.0 2885.0 2904.0 2924.0 2943.0 2962.0 2981.0 3019.0 3038.0 3057.0 3076.0 3095.0 3114.0 3133.0 3152.0 3183.0 3194.0 3206.0 3217.0 3229.0 3240.0 3252.0 3263.0 3286.0 3298.0 3309.0 3321.0 3332.0 3344.0 3355.0 3367.0 3390.0 3401.0 3413.0 3424.0 3436.0 3447.0 3459.0 3470.0 3485.0 3489.0 3492.0 3496.0 3499.0 3503.0 3506.0 3510.0 3516.0 3520.0 3523.0 3527.0 3530.0 3534.0 3537.0 3541.0 3547.0 3551.0 3554.0 3558.0 3561.0 3565.0 3568.0 3572.0 3565.0 3556.0 3546.0 3536.0 3526.0 3517.0 3507.0 3497.0 3478.0 3468.0 3458.0 3448.0 3439.0 3429.0 3419.0 3409.0 3390.0 3380.0 3370.0 3361.0 3351.0 3341.0 3331.0 3322.0 3351.0 3390.0 3428.0 3467.0 3506.0 3545.0 3583.0 3622.0 3700.0 3739.0 3777.0 3816.0 3855.0 3894.0 3932.0 3971.0 4049.0 4088.0 4126.0 4165.0 4204.0 4243.0 4281.0 4320.0 4520.0 4680.0 4841.0 5002.0 5163.0 5323.0 5484.0 5645.0 5966.0 6127.0 6288.0 6449.0 6609.0 6770.0 6931.0 7092.0 7413.0 7574.0 7735.0 7895.0 8056.0 8217.0 8378.0 8538.0 8774.0 8850.0 8925.0 9000.0 9075.0 9151.0 9226.0 9301.0 9452.0 9527.0 9602.0 9677.0 9753.0 9828.0 9903.0 9978.0 10129.0 10204.0 10279.0 10355.0 10430.0 10505.0 10580.0 10656.0 10773.0 10814.0 10856.0 10897.0 10939.0 10981.0 11022.0 11064.0 11147.0 11189.0 11230.0 11272.0 11313.0 11355.0 11396.0 11438.0 11521.0 11563.0 11604.0 11646.0 11688.0 11729.0 11771.0 11812.0 11871.0 11888.0 11904.0 11921.0 11938.0 11955.0 11971.0 11988.0 12022.0 12039.0 12055.0 12072.0 12089.0 12106.0 12122.0 12139.0 12173.0 12190.0 12206.0 12223.0 12240.0 12257.0 12273.0 12290.0 12308.0 12310.0 12311.0 12313.0 12314.0 12316.0 12317.0 12319.0 12321.0 12323.0 12324.0 12326.0 12327.0 12329.0 12330.0 12332.0 12334.0 12336.0 12337.0 12339.0 12340.0 12342.0 12343.0 12345.0 12357.0 12367.0 12378.0 12389.0 12399.0 12410.0 12420.0 12431.0 12452.0 12463.0 12474.0 12484.0 12495.0 12505.0 12516.0 12527.0 12548.0 12559.0 12569.0 12580.0
agregarAgente --UnidadTermicaSimple
200.0
100.0
agregarAgente --DemandaFija
867.9 762.6 657.3 657.3 657.3 725.7 793.2 861.6 929.1 997.5 1065.9 1065.9 1065.9 1103.7 1140.6 1177.5 1215.3 1253.1 1290.0 1290.0 1290.0 1228.8 1167.6 1107.3 1045.2 984.9 922.8 922.8 922.8 972.3 1021.8 1070.4 1119.9 1168.5 1218.0 1218.0 1218.0 1263.9 1309.8 1356.6 1402.5 1449.3 1495.2 1495.2 1495.2 1364.7 1234.2 1102.8 972.3 841.8 711.3 711.3 711.3 736.5 760.8 786.0 811.2 837.3 861.6 861.6 861.6 888.6 914.7 941.7 969.6 995.7 1022.7 1022.7 1022.7 909.3 795.9 682.5 569.1 455.7 343.2 343.2 343.2 471.9 600.6 729.3 858.0 986.7 1115.4 1115.4 1115.4 1099.2 1083.0 1065.9 1049.7 1033.5 1018.2 1018.2 1018.2 883.2 748.2 613.2 479.1 344.1 208.2 208.2 208.2 300.9 393.6 485.4 577.2 669.9 762.6 762.6 762.6 763.5 764.4 765.3 767.1 768.0 768.9 768.9 768.9 687.0 605.1 523.2 440.4 358.5 276.6 276.6 276.6 412.5 549.3 685.2 822.0 958.8 1095.6 1095.6 1095.6 1040.7 986.7 932.7 878.7 823.8 770.7 770.7 770.7 652.8 534.9 417.0 300.0 182.1 64.2 64.2 64.2 103.8 143.4 182.1 221.7 260.4 300.0 300.0 300.0 349.5 399.0 448.5 498.9 548.4 598.8 598.8 598.8 623.1 646.5 669.9 694.2 718.5 741.9 741.9 741.9 782.4 822.9 864.3 904.8 945.3 986.7 986.7 986.7 954.3 921.0 888.6 856.2 823.8 791.4 791.4 791.4 748.2 704.1 661.8 618.6 574.5 532.2 532.2 532.2 563.7 596.1 628.5 660.0 691.5 723.9 723.9 723.9 698.7 673.5 649.2 624.0 598.8 573.6 573.6 573.6 521.4 469.2 416.1 363.9 310.8 258.6 258.6 258.6 378.3 498.0 617.7 737.4 857.1 976.8 976.8 976.8 1044.3 1112.7 1180.2 1248.6 1316.1 1383.6 1383.6 1383.6 1288.2 1192.8 1098.3 1002.0 906.6 811.2 811.2 811.2 881.4 950.7 1020.9 1092.0 1161.3 1231.5 1231.5 1231.5 1197.3 1163.1 1129.8 1095.6 1061.4 1027.2 1027.2 1027.2 941.7 857.1 770.7 685.2 600.6 515.1 515.1 515.1 598.8 682.5 766.2 849.9 933.6 1017.3 1017.3 1017.3 1029.9 1042.5 1056.0 1068.6 1082.1 1094.7 1094.7 1094.7 958.8 822.0 686.1 550.2 414.3 278.4 278.4 278.4 354.9 430.5 507.9 584.4 660.0 737.4 737.4 737.4 799.5 863.4 926.4 990.3 1052.4 1116.3 1116.3 1116.3 1078.5 1039.8 1002.0 964.2 925.5 887.7 887.7 887.7 920.1 951.6 984.0 1016.4 1047.9 1080.3 1080.3 1080.3 1063.2 1047.0 1030.8 1014.6 998.4 982.2 982.2 982.2 931.8 882.3 833.7 783.3 733.8 683.4 683.4 683.4 771.6 859.8 948.0 1036.2 1124.4 1212.6 1212.6 1212.6 1243.2 1273.8 1304.4 1335.9 1366.5 1396.2 1396.2 1396.2 1333.2 1269.3 1205.4
crearDespacho --mercado --conDemandaTotal
4
0.02 0.07 0.145 1.0
370.0 600.0 2400.0 4000.0
887.4 779.74 672.07 672.07 672.07 742.01 811.02 880.96 949.98 1019.92 1089.85 1089.85 1089.85 1128.5 1166.23 1203.96 1242.61 1281.26 1318.99 1318.99 1318.99 1256.41 1193.84 1132.18 1068.69 1007.03 943.54 943.54 943.54 994.15 1044.76 1094.45 1145.07 1194.76 1245.37 1245.37 1245.37 1292.3 1339.23 1387.09 1434.02 1481.87 1528.8 1528.8 1528.8 1395.37 1261.94 1127.58 994.15 860.72 727.28 727.28 727.28 753.05 777.9 803.66 829.43 856.12 880.96 880.96 880.96 908.57 935.26 962.86 991.39 1018.08 1045.68 1045.68 1045.68 929.73 813.79 697.84 581.89 465.94 350.91 350.91 350.91 482.5 614.1 745.69 877.28 1008.87 1140.47 1140.47 1140.47 1123.9 1107.34 1089.85 1073.29 1056.73 1041.08 1041.08 1041.08 903.05 765.01 626.98 489.87 351.83 212.88 212.88 212.88 307.66 402.45 496.31 590.17 684.95 779.74 779.74 779.74 780.66 781.58 782.5 784.34 785.26 786.18 786.18 786.18 702.44 618.7 534.96 450.3 366.56 282.82 282.82 282.82 421.77 561.64 700.6 840.47 980.35 1120.22 1120.22 1120.22 1064.09 1008.87 953.66 898.45 842.31 788.02 788.02 788.02 667.47 546.92 426.37 306.74 186.19 65.64 65.64 65.64 106.13 146.62 186.19 226.68 266.25 306.74 306.74 306.74 357.35 407.97 458.58 510.11 560.72 612.26 612.26 612.26 637.1 661.03 684.95 709.8 734.65 758.57 758.57 758.57 799.98 841.39 883.72 925.13 966.54 1008.87 1008.87 1008.87 975.75 941.7 908.57 875.44 842.31 809.18 809.18 809.18 765.01 719.92 676.67 632.5 587.41 544.16 544.16 544.16 576.37 609.5 642.62 674.83 707.04 740.17 740.17 740.17 714.4 688.64 663.79 638.02 612.26 586.49 586.49 586.49 533.12 479.74 425.45 372.08 317.78 264.41 264.41 264.41 386.8 509.19 631.58 753.97 876.36 998.75 998.75 998.75 1067.77 1137.7 1206.72 1276.66 1345.68 1414.69 1414.69 1414.69 1317.15 1219.6 1122.98 1024.52 926.97 829.43 829.43 829.43 901.21 972.06 1043.84 1116.54 1187.4 1259.17 1259.17 1259.17 1224.21 1189.24 1155.19 1120.22 1085.25 1050.28 1050.28 1050.28 962.86 876.36 788.02 700.6 614.1 526.68 526.68 526.68 612.26 697.84 783.42 869.0 954.58 1040.16 1040.16 1040.16 1053.04 1065.93 1079.73 1092.61 1106.42 1119.3 1119.3 1119.3 980.35 840.47 701.52 562.56 423.61 284.66 284.66 284.66 362.88 440.17 519.31 597.53 674.83 753.97 753.97 753.97 817.47 882.8 947.22 1012.55 1076.05 1141.39 1141.39 1141.39 1102.74 1063.17 1024.52 985.87 946.3 907.65 907.65 907.65 940.78 972.98 1006.11 1039.24 1071.45 1104.58 1104.58 1104.58 1087.09 1070.53 1053.96 1037.4 1020.84 1004.27 1004.27 1004.27 952.74 902.13 852.44 800.9 750.29 698.76 698.76 698.76 788.94 879.12 969.3 1059.49 1149.67 1239.85 1239.85 1239.85 1271.14 1302.43 1333.71 1365.92 1397.21 1427.58 1427.58 1427.58 1363.16 1297.82 1232.49
configurarSolver --Gurobi
resolver --noConstante ejecuciones/bancos/recombinados/v1/directo/sgtm/v1_sgtm_000075.csv
finalizar
