inicializar --t 360
agregarAgente --SaltoGrande
0.000867
2625516646.0
2912.0 2908.0 2904.0 2901.0 2914.0 2931.0 2948.0 2964.0 2981.0 2998.0 3015.0 3032.0 3066.0 3082.0 3099.0 3116.0 3133.0 3150.0 3167.0 3183.0 3217.0 3234.0 3251.0 3268.0 3285.0 3301.0 3318.0 3335.0 3339.0 3326.0 3313.0 3300.0 3287.0 3274.0 3261.0 3248.0 3222.0 3209.0 3196.0 3183.0 3170.0 3157.0 3144.0 3131.0 3105.0 3092.0 3079.0 3066.0 3053.0 3040.0 3027.0 3014.0 2998.0 2994.0 2991.0 2987.0 2984.0 2980.0 2977.0 2973.0 2966.0 2963.0 2959.0 2956.0 2952.0 2949.0 2945.0 2942.0 2935.0 2931.0 2928.0 2924.0 2921.0 2917.0 2914.0 2910.0 2899.0 2891.0 2883.0 2875.0 2866.0 2858.0 2850.0 2842.0 2826.0 2818.0 2810.0 2802.0 2793.0 2785.0 2777.0 2769.0 2753.0 2745.0 2737.0 2729.0 2720.0 2712.0 2704.0 2696.0 2686.0 2684.0 2683.0 2681.0 2679.0 2677.0 2675.0 2673.0 2670.0 2668.0 2666.0 2664.0 2663.0 2661.0 2659.0 2657.0 2654.0 2652.0 2650.0 2648.0 2646.0 2644.0 2643.0 2641.0 2629.0 2620.0 2610.0 2601.0 2591.0 2582.0 2572.0 2563.0 2544.0 2534.0 2525.0 2515.0 2506.0 2496.0 2487.0 2477.0 2458.0 2449.0 2439.0 2430.0 2420.0 2411.0 2401.0 2392.0 2384.0 2386.0 2389.0 2391.0 2393.0 2395.0 2398.0 2400.0 2404.0 2406.0 2409.0 2411.0 2413.0 2415.0 2418.0 2420.0 2424.0 2426.0 2429.0 2431.0 2433.0 2435.0 2438.0 2440.0 2453.0 2464.0 2475.0 2486.0 2496.0 2507.0 2518.0 2529.0 2551.0 2562.0 2573.0 2584.0 2594.0 2605.0 2616.0 2627.0 2649.0 2660.0 2671.0 2682.0 2692.0 2703.0 2714.0 2725.0 2739.0 2742.0 2745.0 2748.0 2751.0 2754.0 2757.0 2760.0 2766.0 2769.0 2772.0 2775.0 2778.0 2781.0 2784.0 2787.0 2793.0 2796.0 2799.0 2802.0 2805.0 2808.0 2811.0 2814.0 2817.0 2818.0 2818.0 2818.0 2819.0 2819.0 2819.0 2820.0 2820.0 2821.0 2821.0 2821.0 2822.0 2822.0 2822.0 2823.0 2823.0 2824.0 2824.0 2824.0 2825.0 2825.0 2825.0 2826.0 2821.0 2817.0 2812.0 2807.0 2802.0 2798.0 2793.0 2788.0 2779.0 2774.0 2770.0 2765.0 2760.0 2755.0 2751.0 2746.0 2737.0 2732.0 2727.0 2723.0 2718.0 2713.0 2708.0 2704.0 2689.0 2679.0 2670.0 2660.0 2650.0 2640.0 2630.0 2620.0 2601.0 2591.0 2581.0 2571.0 2562.0 2552.0 2542.0 2532.0 2513.0 2503.0 2493.0 2483.0 2473.0 2463.0 2454.0 2444.0 2431.0 2429.0 2426.0 2423.0 2421.0 2418.0 2415.0 2413.0 2407.0 2405.0 2402.0 2399.0 2397.0 2394.0 2391.0 2389.0 2383.0 2381.0 2378.0 2375.0 2373.0 2370.0 2367.0 2365.0 2361.0 2360.0 2359.0 2357.0 2356.0 2355.0 2354.0 2353.0 2351.0 2349.0 2348.0 2347.0 2346.0 2345.0 2344.0 2342.0 2340.0 2339.0 2338.0 2337.0 2336.0 2334.0 2333.0 2332.0 2332.0 2332.0 2333.0 2334.0 2334.0 2335.0 2336.0 2336.0 2338.0 2338.0 2339.0 2340.0 2340.0 2341.0 2342.0 2342.0 2344.0 2344.0 2345.0 2346.0
agregarAgente --UnidadTermicaSimple
200.0
100.0
agregarAgente --DemandaFija
162.0 162.6 163.8 164.4 165.6 172.2 179.4 186.6 193.2 200.4 207.6 207.6 209.4 207.0 204.0 201.6 198.0 194.4 192.0 194.4 196.2 192.0 187.8 183.6 179.4 175.2 171.0 169.8 168.0 168.0 168.0 167.4 168.0 168.6 168.0 166.8 166.2 164.4 163.8 162.0 160.8 159.0 157.8 158.4 164.4 187.2 209.4 232.2 254.4 277.2 299.4 304.8 309.0 322.8 337.8 352.2 366.0 381.0 394.8 394.2 390.0 385.8 382.2 378.0 374.4 370.2 366.6 363.0 354.6 333.6 312.0 290.4 268.8 247.8 226.2 221.4 220.2 232.2 244.2 256.8 268.2 280.2 292.2 295.2 302.4 302.4 302.4 302.4 303.0 302.4 303.0 306.6 304.2 292.2 279.6 267.0 255.0 242.4 230.4 225.0 217.2 217.8 218.4 218.4 219.0 219.6 220.2 217.8 224.4 232.2 240.0 248.4 256.8 265.2 273.0 280.2 279.0 255.0 231.0 206.4 182.4 157.8 133.8 124.8 121.8 125.4 129.6 133.2 138.0 142.2 145.8 151.8 162.6 168.0 173.4 178.8 183.6 189.6 194.4 199.8 196.2 187.8 179.4 170.4 162.0 153.0 144.6 135.6 125.4 123.0 121.2 119.4 117.6 115.8 114.0 112.2 114.6 120.0 124.8 129.6 135.0 139.8 144.6 149.4 150.6 147.0 144.0 139.8 136.2 133.2 129.6 125.4 118.8 114.6 111.0 107.4 103.8 100.2 96.0 92.4 94.2 99.0 104.4 109.2 114.6 119.4 124.2 129.6 133.8 135.6 136.2 137.4 139.2 139.8 141.0 139.8 145.2 151.8 158.4 165.0 171.6 178.2 184.8 190.8 198.6 197.4 196.8 196.2 195.6 194.4 193.8 195.6 190.2 184.8 178.2 173.4 166.8 160.8 154.8 147.6 144.6 148.2 151.2 154.2 156.6 159.6 163.2 167.4 173.4 174.6 175.8 177.0 178.2 179.4 180.6 181.8 175.8 169.2 162.0 154.2 147.6 140.4 133.8 126.6 127.2 135.6 144.0 152.4 160.8 169.2 177.0 185.4 197.4 201.6 205.2 209.4 213.0 217.2 221.4 225.0 219.6 211.2 202.8 193.8 184.8 176.4 167.4 157.8 153.6 158.4 163.2 168.6 173.4 178.2 183.0 189.0 197.4 203.4 209.4 215.4 221.4 227.4 233.4 235.8 229.8 225.0 219.0 214.2 208.8 202.8 198.0 189.0 181.2 190.2 199.2 208.2 217.2 225.6 234.6 235.2 242.4 251.4 261.0 270.0 278.4 288.0 297.0 302.4 303.6 315.6 328.8 341.4 354.0 366.0 378.6 373.8 370.2 372.0 373.2 374.4 376.2 378.0 379.2 381.0 386.4 389.4 393.6 397.2 400.8 405.0 408.0 412.2 416.4 386.4 355.8 325.2 294.6 264.6 233.4 233.4 222.6 219.6 216.6 213.6 210.6 207.6 204.0 193.2 186.0 208.8 231.6 253.8 276.6 298.8 321.0 324.6 326.4 313.2 300.6 288.0
crearDespacho --mercado --conDemandaTotal
4
0.02 0.07 0.145 1.0
370.0 600.0 2400.0 4000.0
601.99 604.22 608.67 610.9 615.36 639.89 666.64 693.4 717.92 744.68 771.43 771.43 778.12 769.2 758.06 749.14 735.76 722.38 713.46 722.38 729.07 713.46 697.86 682.25 666.64 651.04 635.43 630.97 624.28 624.28 624.28 622.05 624.28 626.51 624.28 619.82 617.59 610.9 608.67 601.99 597.53 590.84 586.38 588.61 610.9 695.63 778.12 862.85 945.34 1030.06 1112.56 1132.63 1148.23 1199.51 1255.25 1308.76 1360.04 1415.78 1467.06 1464.83 1449.22 1433.62 1420.24 1404.63 1391.26 1375.65 1362.27 1348.89 1317.68 1239.64 1159.38 1079.12 998.85 920.82 840.55 822.71 818.25 862.85 907.44 954.26 996.62 1041.21 1085.8 1096.95 1123.71 1123.71 1123.71 1123.71 1125.94 1123.71 1125.94 1139.31 1130.4 1085.8 1038.98 992.16 947.57 900.75 856.16 836.09 807.11 809.34 811.57 811.57 813.8 816.03 818.25 809.34 833.86 862.85 891.83 923.04 954.26 985.47 1014.46 1041.21 1036.75 947.57 858.39 766.97 677.79 586.38 497.2 463.75 452.6 465.98 481.59 494.97 512.8 528.41 541.79 564.08 604.22 624.28 644.35 664.41 682.25 704.55 722.38 742.45 729.07 697.86 666.64 633.2 601.99 568.54 537.33 503.88 465.98 457.06 450.37 443.69 437.0 430.31 423.62 416.93 425.85 445.92 463.75 481.59 501.65 519.49 537.33 555.16 559.62 546.25 535.1 519.49 506.11 494.97 481.59 465.98 441.46 425.85 412.47 399.09 385.72 372.34 356.73 343.35 350.04 367.88 387.95 405.78 425.85 443.69 461.52 481.59 497.2 503.88 506.11 510.57 517.26 519.49 523.95 519.49 539.56 564.08 588.61 613.13 637.66 662.18 686.71 709.01 737.99 733.53 731.3 729.07 726.84 722.38 720.15 726.84 706.78 686.71 662.18 644.35 619.82 597.53 575.23 548.48 537.33 550.71 561.85 573.0 581.92 593.07 606.44 622.05 644.35 648.81 653.27 657.73 662.18 666.64 671.1 675.56 653.27 628.74 601.99 573.0 548.48 521.72 497.2 470.44 472.67 503.88 535.1 566.31 597.53 628.74 657.73 688.94 733.53 749.14 762.52 778.12 791.5 807.11 822.71 836.09 816.03 784.81 753.6 720.15 686.71 655.5 622.05 586.38 570.77 588.61 606.44 626.51 644.35 662.18 680.02 702.32 733.53 755.83 778.12 800.42 822.71 845.01 867.31 876.22 853.93 836.09 813.8 795.96 775.89 753.6 735.76 702.32 673.33 706.78 740.22 773.66 807.11 838.32 871.76 873.99 900.75 934.19 969.87 1003.31 1034.52 1070.2 1103.64 1123.71 1128.17 1172.76 1221.81 1268.63 1315.45 1360.04 1406.86 1389.03 1375.65 1382.34 1386.8 1391.26 1397.94 1404.63 1409.09 1415.78 1435.85 1447.0 1462.6 1475.98 1489.36 1504.96 1516.11 1531.72 1547.33 1435.85 1322.14 1208.43 1094.72 983.24 867.31 867.31 827.17 816.03 804.88 793.73 782.58 771.43 758.06 717.92 691.17 775.89 860.62 943.11 1027.83 1110.33 1192.82 1206.2 1212.89 1163.84 1117.02 1070.2
configurarSolver --Gurobi
resolver --noConstante ejecuciones/bancos/recombinados/v1/directo/sgtm/v1_sgtm_000435.csv
finalizar
