inicializar --t 360
agregarAgente --SaltoGrande
0
1731181336.0
1965.0 1961.0 1957.0 1953.0 1947.0 1946.0 1944.0 1943.0 1941.0 1939.0 1938.0 1936.0 1933.0 1931.0 1930.0 1928.0 1927.0 1925.0 1924.0 1922.0 1919.0 1917.0 1916.0 1914.0 1912.0 1911.0 1909.0 1908.0 1908.0 1909.0 1911.0 1913.0 1915.0 1916.0 1918.0 1920.0 1923.0 1925.0 1926.0 1928.0 1930.0 1932.0 1933.0 1935.0 1938.0 1940.0 1942.0 1943.0 1945.0 1947.0 1949.0 1950.0 1961.0 1971.0 1980.0 1989.0 1999.0 2008.0 2018.0 2027.0 2046.0 2055.0 2064.0 2074.0 2083.0 2093.0 2102.0 2111.0 2130.0 2139.0 2149.0 2158.0 2168.0 2177.0 2186.0 2196.0 2212.0 2219.0 2226.0 2233.0 2240.0 2247.0 2255.0 2262.0 2276.0 2283.0 2290.0 2297.0 2304.0 2311.0 2318.0 2325.0 2339.0 2346.0 2354.0 2361.0 2368.0 2375.0 2382.0 2389.0 2395.0 2393.0 2392.0 2391.0 2389.0 2388.0 2387.0 2385.0 2383.0 2381.0 2380.0 2379.0 2377.0 2376.0 2375.0 2373.0 2371.0 2369.0 2368.0 2367.0 2365.0 2364.0 2363.0 2361.0 2358.0 2356.0 2354.0 2351.0 2349.0 2347.0 2345.0 2343.0 2339.0 2336.0 2334.0 2332.0 2330.0 2328.0 2326.0 2323.0 2319.0 2317.0 2315.0 2313.0 2311.0 2308.0 2306.0 2304.0 2308.0 2314.0 2320.0 2326.0 2331.0 2337.0 2343.0 2349.0 2361.0 2367.0 2373.0 2379.0 2384.0 2390.0 2396.0 2402.0 2414.0 2420.0 2426.0 2432.0 2437.0 2443.0 2449.0 2455.0 2449.0 2437.0 2425.0 2413.0 2401.0 2389.0 2378.0 2366.0 2342.0 2330.0 2318.0 2306.0 2294.0 2282.0 2270.0 2258.0 2234.0 2222.0 2211.0 2199.0 2187.0 2175.0 2163.0 2151.0 2134.0 2128.0 2123.0 2117.0 2112.0 2106.0 2101.0 2095.0 2084.0 2079.0 2073.0 2068.0 2062.0 2057.0 2051.0 2046.0 2035.0 2029.0 2024.0 2018.0 2013.0 2007.0 2002.0 1996.0 1993.0 1995.0 1998.0 2000.0 2002.0 2004.0 2006.0 2008.0 2013.0 2015.0 2017.0 2019.0 2022.0 2024.0 2026.0 2028.0 2033.0 2035.0 2037.0 2039.0 2041.0 2043.0 2046.0 2048.0 2063.0 2076.0 2088.0 2101.0 2114.0 2127.0 2140.0 2153.0 2178.0 2191.0 2204.0 2217.0 2229.0 2242.0 2255.0 2268.0 2293.0 2306.0 2319.0 2332.0 2345.0 2358.0 2370.0 2383.0 2402.0 2407.0 2413.0 2419.0 2425.0 2430.0 2436.0 2442.0 2453.0 2459.0 2464.0 2470.0 2476.0 2482.0 2487.0 2493.0 2504.0 2510.0 2516.0 2521.0 2527.0 2533.0 2539.0 2544.0 2569.0 2588.0 2607.0 2627.0 2646.0 2665.0 2684.0 2703.0 2741.0 2761.0 2780.0 2799.0 2818.0 2837.0 2856.0 2876.0 2914.0 2933.0 2952.0 2971.0 2990.0 3010.0 3029.0 3048.0 3087.0 3107.0 3127.0 3147.0 3167.0 3187.0 3206.0 3226.0 3266.0 3286.0 3306.0 3326.0 3346.0 3366.0 3386.0 3406.0 3446.0 3466.0 3485.0 3505.0 3525.0 3545.0 3565.0 3585.0 3641.0 3677.0 3712.0 3748.0 3784.0 3820.0 3856.0 3892.0 3963.0 3999.0 4035.0 4071.0 4106.0 4142.0 4178.0 4214.0 4285.0 4321.0 4357.0 4393.0
agregarAgente --UnidadTermicaSimple
200.0
100.0
agregarAgente --DemandaFija
654.6 638.4 621.3 621.3 621.3 696.9 773.4 850.8 926.4 1002.9 1079.4 1079.4 1079.4 1028.1 977.7 925.5 875.1 823.8 773.4 773.4 773.4 711.3 649.2 587.1 525.0 463.8 400.8 400.8 400.8 507.0 614.1 720.3 825.6 931.8 1038.9 1038.9 1038.9 996.6 954.3 911.1 868.8 825.6 783.3 783.3 783.3 762.6 741.9 722.1 700.5 679.8 659.1 659.1 659.1 687.9 716.7 745.5 773.4 801.3 831.0 831.0 831.0 880.5 929.1 979.5 1029.0 1079.4 1128.0 1128.0 1128.0 1058.7 989.4 920.1 851.7 781.5 713.1 713.1 713.1 732.9 752.7 773.4 793.2 813.0 834.6 834.6 834.6 850.8 867.0 884.1 900.3 917.4 933.6 933.6 933.6 912.0 891.3 869.7 848.1 826.5 804.9 804.9 804.9 848.1 890.4 932.7 975.9 1017.3 1059.6 1059.6 1059.6 1040.7 1020.9 1001.1 982.2 962.4 942.6 942.6 942.6 890.4 837.3 784.2 732.0 678.9 626.7 626.7 626.7 670.8 714.9 759.0 803.1 847.2 891.3 891.3 891.3 878.7 865.2 852.6 840.0 825.6 813.0 813.0 813.0 834.6 855.3 876.0 896.7 917.4 938.1 938.1 938.1 991.2 1043.4 1095.6 1147.8 1200.9 1252.2 1252.2 1252.2 1263.9 1276.5 1288.2 1299.9 1311.6 1325.1 1325.1 1325.1 1269.3 1215.3 1160.4 1106.4 1051.5 996.6 996.6 996.6 1031.7 1066.8 1102.8 1137.0 1172.1 1208.1 1208.1 1208.1 1181.1 1155.0 1128.9 1102.8 1076.7 1049.7 1049.7 1049.7 1009.2 968.7 928.2 887.7 847.2 805.8 805.8 805.8 759.9 713.1 665.4 618.6 570.9 524.1 524.1 524.1 490.8 455.7 422.4 388.2 354.9 319.8 319.8 319.8 322.5 325.2 327.9 330.6 333.3 336.0 336.0 336.0 389.1 442.2 495.3 548.4 601.5 654.6 654.6 654.6 618.6 581.7 545.7 509.7 473.7 436.8 436.8 436.8 410.7 384.6 358.5 332.4 306.3 280.2 280.2 280.2 299.1 317.1 336.0 354.9 373.8 392.7 392.7 392.7 370.2 347.7 325.2 302.7 281.1 258.6 258.6 258.6 232.5 206.4 181.2 155.1 129.9 104.7 104.7 104.7 182.1 259.5 336.9 415.2 493.5 570.9 570.9 570.9 626.7 681.6 738.3 793.2 849.0 903.9 903.9 903.9 876.9 849.9 822.0 795.9 768.9 741.9 741.9 741.9 708.6 673.5 640.2 606.0 571.8 537.6 537.6 537.6 496.2 453.9 412.5 371.1 328.8 287.4 287.4 287.4 309.0 330.6 353.1 374.7 395.4 417.0 417.0 417.0 477.3 535.8 596.1 654.6 714.0 773.4 773.4 773.4 712.2 650.1 588.9 526.8 465.6 403.5 403.5 403.5 379.2 354.9 329.7 305.4 281.1 256.8 256.8 256.8 334.2 413.4 491.7 569.1 648.3 726.6 726.6 726.6 743.7 760.8 777.9 795.0 812.1 829.2 829.2 829.2 751.8 672.6 594.3
crearDespacho --mercado --conDemandaTotal
4
0.02 0.07 0.145 1.0
370.0 600.0 2400.0 4000.0
702.83 685.44 667.08 667.08 667.08 748.25 830.39 913.49 994.66 1076.8 1158.94 1158.94 1158.94 1103.86 1049.74 993.7 939.58 884.5 830.39 830.39 830.39 763.71 697.04 630.36 563.68 497.97 430.33 430.33 430.33 544.36 659.35 773.38 886.43 1000.46 1115.45 1115.45 1115.45 1070.03 1024.62 978.23 932.82 886.43 841.02 841.02 841.02 818.79 796.57 775.31 752.12 729.89 707.67 707.67 707.67 738.59 769.51 800.43 830.39 860.34 892.23 892.23 892.23 945.38 997.56 1051.67 1104.82 1158.94 1211.12 1211.12 1211.12 1136.71 1062.3 987.9 914.46 839.08 765.64 765.64 765.64 786.9 808.16 830.39 851.65 872.91 896.1 896.1 896.1 913.49 930.88 949.24 966.64 985.0 1002.39 1002.39 1002.39 979.2 956.98 933.78 910.59 887.4 864.21 864.21 864.21 910.59 956.01 1001.43 1047.81 1092.26 1137.68 1137.68 1137.68 1117.38 1096.12 1074.87 1054.57 1033.31 1012.06 1012.06 1012.06 956.01 899.0 841.98 785.94 728.92 672.88 672.88 672.88 720.23 767.58 814.93 862.28 909.63 956.98 956.98 956.98 943.45 928.95 915.42 901.9 886.43 872.91 872.91 872.91 896.1 918.32 940.55 962.77 985.0 1007.22 1007.22 1007.22 1064.24 1120.28 1176.33 1232.38 1289.39 1344.47 1344.47 1344.47 1357.03 1370.56 1383.12 1395.68 1408.24 1422.74 1422.74 1422.74 1362.83 1304.85 1245.9 1187.92 1128.98 1070.03 1070.03 1070.03 1107.72 1145.41 1184.06 1220.78 1258.47 1297.12 1297.12 1297.12 1268.13 1240.11 1212.08 1184.06 1156.04 1127.05 1127.05 1127.05 1083.56 1040.08 996.59 953.11 909.63 865.18 865.18 865.18 815.89 765.64 714.43 664.18 612.97 562.72 562.72 562.72 526.96 489.28 453.52 416.8 381.05 343.36 343.36 343.36 346.26 349.16 352.06 354.96 357.86 360.76 360.76 360.76 417.77 474.78 531.8 588.81 645.82 702.83 702.83 702.83 664.18 624.56 585.91 547.26 508.6 468.99 468.99 468.99 440.96 412.94 384.92 356.89 328.87 300.85 300.85 300.85 321.14 340.47 360.76 381.05 401.34 421.64 421.64 421.64 397.48 373.32 349.16 325.0 301.81 277.65 277.65 277.65 249.63 221.61 194.55 166.53 139.47 112.41 112.41 112.41 195.52 278.62 361.72 445.79 529.86 612.97 612.97 612.97 672.88 731.82 792.7 851.65 911.56 970.5 970.5 970.5 941.51 912.52 882.57 854.55 825.56 796.57 796.57 796.57 760.81 723.13 687.37 650.65 613.93 577.21 577.21 577.21 532.76 487.35 442.89 398.44 353.03 308.58 308.58 308.58 331.77 354.96 379.12 402.31 424.53 447.73 447.73 447.73 512.47 575.28 640.02 702.83 766.61 830.39 830.39 830.39 764.68 698.0 632.29 565.62 499.91 433.23 433.23 433.23 407.14 381.05 353.99 327.9 301.81 275.72 275.72 275.72 358.83 443.86 527.93 611.03 696.07 780.14 780.14 780.14 798.5 816.86 835.22 853.58 871.94 890.3 890.3 890.3 807.2 722.16 638.09
configurarSolver --Gurobi
resolver --noConstante ejecuciones/bancos/recombinados/v1/directo/sgtm/v1_sgtm_000080.csv
finalizar
