inicializar --t 360
agregarAgente --SaltoGrande
0.000124
945778668.0
2594.0 2604.0 2614.0 2623.0 2646.0 2659.0 2673.0 2686.0 2699.0 2712.0 2725.0 2738.0 2765.0 2778.0 2791.0 2804.0 2818.0 2831.0 2844.0 2857.0 2884.0 2897.0 2910.0 2923.0 2936.0 2949.0 2963.0 2976.0 2996.0 3003.0 3010.0 3018.0 3025.0 3032.0 3039.0 3046.0 3060.0 3068.0 3075.0 3082.0 3089.0 3096.0 3103.0 3111.0 3125.0 3132.0 3139.0 3146.0 3153.0 3161.0 3168.0 3175.0 3183.0 3183.0 3184.0 3185.0 3185.0 3186.0 3186.0 3187.0 3188.0 3189.0 3190.0 3190.0 3191.0 3191.0 3192.0 3193.0 3194.0 3195.0 3195.0 3196.0 3196.0 3197.0 3198.0 3198.0 3207.0 3215.0 3222.0 3230.0 3238.0 3246.0 3253.0 3261.0 3277.0 3285.0 3292.0 3300.0 3308.0 3316.0 3323.0 3331.0 3347.0 3355.0 3362.0 3370.0 3378.0 3386.0 3393.0 3401.0 3412.0 3415.0 3418.0 3420.0 3423.0 3426.0 3429.0 3432.0 3438.0 3440.0 3443.0 3446.0 3449.0 3452.0 3455.0 3457.0 3463.0 3466.0 3469.0 3472.0 3475.0 3477.0 3480.0 3483.0 3512.0 3539.0 3565.0 3592.0 3618.0 3645.0 3671.0 3698.0 3751.0 3777.0 3804.0 3830.0 3857.0 3883.0 3910.0 3936.0 3989.0 4016.0 4042.0 4069.0 4095.0 4122.0 4148.0 4175.0 4218.0 4235.0 4251.0 4268.0 4285.0 4302.0 4319.0 4336.0 4369.0 4386.0 4403.0 4420.0 4436.0 4453.0 4470.0 4487.0 4520.0 4537.0 4554.0 4571.0 4588.0 4605.0 4621.0 4638.0 4657.0 4658.0 4660.0 4662.0 4663.0 4665.0 4667.0 4668.0 4672.0 4673.0 4675.0 4677.0 4678.0 4680.0 4682.0 4683.0 4687.0 4688.0 4690.0 4692.0 4693.0 4695.0 4697.0 4698.0 4695.0 4689.0 4684.0 4678.0 4673.0 4667.0 4662.0 4656.0 4645.0 4640.0 4634.0 4629.0 4623.0 4618.0 4612.0 4607.0 4596.0 4590.0 4585.0 4579.0 4574.0 4568.0 4563.0 4557.0 4567.0 4581.0 4596.0 4610.0 4625.0 4639.0 4654.0 4668.0 4698.0 4712.0 4727.0 4741.0 4756.0 4770.0 4785.0 4799.0 4829.0 4843.0 4858.0 4872.0 4887.0 4901.0 4916.0 4930.0 4949.0 4953.0 4958.0 4962.0 4966.0 4970.0 4975.0 4979.0 4987.0 4991.0 4996.0 5000.0 5004.0 5008.0 5013.0 5017.0 5025.0 5029.0 5034.0 5038.0 5042.0 5046.0 5051.0 5055.0 5059.0 5058.0 5058.0 5058.0 5057.0 5057.0 5057.0 5056.0 5056.0 5055.0 5055.0 5055.0 5054.0 5054.0 5054.0 5053.0 5053.0 5052.0 5052.0 5052.0 5051.0 5051.0 5051.0 5050.0 5057.0 5064.0 5070.0 5077.0 5084.0 5091.0 5098.0 5105.0 5118.0 5125.0 5132.0 5139.0 5145.0 5152.0 5159.0 5166.0 5179.0 5186.0 5193.0 5200.0 5207.0 5214.0 5220.0 5227.0 5236.0 5238.0 5241.0 5243.0 5245.0 5247.0 5250.0 5252.0 5256.0 5258.0 5261.0 5263.0 5265.0 5267.0 5270.0 5272.0 5276.0 5278.0 5281.0 5283.0 5285.0 5287.0 5290.0 5292.0 5318.0 5342.0 5365.0 5389.0 5413.0 5437.0 5460.0 5484.0 5532.0 5556.0 5579.0 5603.0 5627.0 5651.0 5674.0 5698.0 5746.0 5770.0 5793.0 5817.0
agregarAgente --UnidadTermicaSimple
200.0
100.0
agregarAgente --DemandaFija
465.6 450.6 435.0 426.0 419.4 437.4 455.4 472.2 490.2 508.2 526.2 528.6 534.0 544.2 553.8 564.0 574.2 584.4 594.6 597.6 595.8 582.0 568.8 555.0 541.8 527.4 514.2 508.2 496.8 493.2 489.0 486.0 481.8 478.2 474.6 468.6 468.0 474.0 480.0 484.8 491.4 496.8 503.4 508.2 511.8 506.4 502.2 497.4 493.2 489.0 483.6 481.8 483.6 490.8 497.4 505.2 511.8 519.6 526.2 529.8 535.8 541.2 547.2 552.0 558.0 563.4 569.4 572.4 568.8 563.4 558.0 552.6 547.2 542.4 537.0 531.0 531.6 541.2 551.4 561.6 571.8 582.0 592.2 598.8 610.2 625.2 640.2 655.8 671.4 687.0 702.6 707.4 712.2 699.0 685.2 672.0 658.8 644.4 631.2 631.2 627.0 625.2 624.0 622.2 621.0 619.2 617.4 612.6 606.6 615.6 624.0 632.4 640.8 649.2 657.6 656.4 658.2 648.6 639.0 630.0 619.8 610.8 601.2 604.2 609.0 607.8 606.6 605.4 604.2 603.0 601.8 604.2 608.4 601.8 594.0 586.8 579.6 572.4 565.2 567.0 568.2 567.0 566.4 565.2 564.0 562.8 562.2 561.6 562.2 565.8 570.0 573.6 577.2 582.0 585.0 585.6 586.2 586.2 587.4 588.0 588.6 589.8 591.0 589.8 585.6 576.6 567.0 558.0 549.0 540.0 530.4 526.8 521.4 518.4 515.4 513.0 509.4 506.4 502.8 501.0 499.2 505.8 511.8 518.4 525.0 531.6 538.8 538.8 535.8 511.8 487.8 463.8 439.8 415.2 391.8 388.2 382.8 380.4 378.6 376.8 374.4 372.0 370.8 367.8 369.0 375.0 380.4 387.0 393.0 398.4 404.4 408.0 407.4 401.4 394.8 388.8 382.8 376.8 370.2 366.6 369.0 375.6 381.6 387.6 394.8 400.8 407.4 414.0 418.8 418.2 417.0 416.4 415.2 414.6 414.0 412.8 408.0 405.0 402.0 399.0 395.4 393.0 389.4 385.8 385.8 385.8 385.8 385.2 385.2 385.2 384.6 388.8 393.0 397.2 400.8 405.6 409.2 413.4 417.0 417.6 411.0 406.2 400.8 395.4 390.6 385.2 379.8 373.2 370.8 391.8 412.8 433.2 454.2 474.6 495.6 499.8 505.2 513.6 522.0 530.4 538.2 546.6 555.6 557.4 547.2 520.8 495.0 468.6 442.8 416.4 390.6 379.2 371.4 380.4 389.4 398.4 408.0 417.0 426.6 429.6 437.4 448.2 459.0 469.8 480.6 492.0 502.8 508.2 504.6 489.6 474.6 460.2 445.2 430.8 415.8 407.4 403.8 409.2 415.2 420.6 426.6 432.0 438.0 442.8 449.4 453.6 457.8 462.0 465.6 469.8 474.0 475.8 468.6 455.4 442.8 429.6 416.4 403.2 390.6 381.0 372.0 376.8 381.0 385.2 389.4 393.6 398.4 398.4 400.8 405.6 409.8 414.0 418.2 422.4 427.2 430.2 427.8 414.6 400.2 386.4
crearDespacho --mercado --conDemandaTotal
4
0.02 0.07 0.145 1.0
370.0 600.0 2400.0 4000.0
649.26 628.35 606.59 594.04 584.84 609.94 635.04 658.47 683.57 708.67 733.77 737.11 744.64 758.87 772.25 786.48 800.7 814.92 829.15 833.33 830.82 811.58 793.17 773.93 755.52 735.44 717.03 708.67 692.77 687.75 681.89 677.71 671.85 666.83 661.81 653.45 652.61 660.98 669.34 676.04 685.24 692.77 701.97 708.67 713.69 706.16 700.3 693.61 687.75 681.89 674.36 671.85 674.36 684.4 693.61 704.48 713.69 724.56 733.77 738.79 747.15 754.68 763.05 769.74 778.11 785.64 794.01 798.19 793.17 785.64 778.11 770.58 763.05 756.36 748.83 740.46 741.3 754.68 768.91 783.13 797.35 811.58 825.8 835.0 850.9 871.82 892.74 914.49 936.24 958.0 979.75 986.44 993.14 974.73 955.49 937.08 918.67 898.59 880.19 880.19 874.33 871.82 870.15 867.64 865.96 863.45 860.94 854.25 845.88 858.43 870.15 881.86 893.57 905.29 917.0 915.33 917.84 904.45 891.06 878.51 864.29 851.74 838.35 842.54 849.23 847.56 845.88 844.21 842.54 840.86 839.19 842.54 848.39 839.19 828.31 818.27 808.23 798.19 788.15 790.66 792.33 790.66 789.82 788.15 786.48 784.8 783.97 783.13 783.97 788.99 794.84 799.86 804.88 811.58 815.76 816.6 817.43 817.43 819.11 819.94 820.78 822.45 824.13 822.45 816.6 804.05 790.66 778.11 765.56 753.01 739.62 734.6 727.07 722.89 718.71 715.36 710.34 706.16 701.14 698.63 696.12 705.32 713.69 722.89 732.09 741.3 751.34 751.34 747.15 713.69 680.22 646.75 613.29 578.98 546.35 541.33 533.8 530.45 527.94 525.43 522.09 518.74 517.07 512.88 514.56 522.92 530.45 539.66 548.02 555.55 563.92 568.94 568.1 559.74 550.53 542.17 533.8 525.43 516.23 511.21 514.56 523.76 532.13 540.49 550.53 558.9 568.1 577.31 584.0 583.16 581.49 580.65 578.98 578.14 577.31 575.63 568.94 564.76 560.57 556.39 551.37 548.02 543.0 537.98 537.98 537.98 537.98 537.15 537.15 537.15 536.31 542.17 548.02 553.88 558.9 565.59 570.61 576.47 581.49 582.33 573.12 566.43 558.9 551.37 544.68 537.15 529.62 520.41 517.07 546.35 575.63 604.08 633.37 661.81 691.1 696.95 704.48 716.2 727.91 739.62 750.5 762.21 774.76 777.27 763.05 726.24 690.26 653.45 617.47 580.65 544.68 528.78 517.9 530.45 543.0 555.55 568.94 581.49 594.88 599.06 609.94 625.0 640.06 655.12 670.18 686.08 701.14 708.67 703.65 682.73 661.81 641.73 620.82 600.74 579.82 568.1 563.08 570.61 578.98 586.51 594.88 602.41 610.78 617.47 626.67 632.53 638.39 644.24 649.26 655.12 660.98 663.49 653.45 635.04 617.47 599.06 580.65 562.25 544.68 531.29 518.74 525.43 531.29 537.15 543.0 548.86 555.55 555.55 558.9 565.59 571.45 577.31 583.16 589.02 595.71 599.9 596.55 578.14 558.06 538.82
configurarSolver --Gurobi
resolver --noConstante ejecuciones/bancos/recombinados/v1/directo/sgtm/v1_sgtm_000029.csv
finalizar
