inicializar --t 360
agregarAgente --SaltoGrande
0.0017
2032464238.0
9542.0 9596.0 9651.0 9705.0 9773.0 9786.0 9799.0 9812.0 9826.0 9839.0 9852.0 9865.0 9891.0 9904.0 9917.0 9930.0 9944.0 9957.0 9970.0 9983.0 10009.0 10022.0 10035.0 10048.0 10062.0 10075.0 10088.0 10101.0 10110.0 10106.0 10102.0 10097.0 10093.0 10089.0 10085.0 10081.0 10073.0 10068.0 10064.0 10060.0 10056.0 10052.0 10048.0 10043.0 10035.0 10031.0 10027.0 10023.0 10019.0 10014.0 10010.0 10006.0 9993.0 9984.0 9975.0 9966.0 9957.0 9948.0 9939.0 9930.0 9912.0 9903.0 9894.0 9885.0 9876.0 9867.0 9858.0 9849.0 9831.0 9822.0 9813.0 9804.0 9795.0 9786.0 9777.0 9768.0 9705.0 9651.0 9596.0 9542.0 9488.0 9434.0 9380.0 9326.0 9217.0 9163.0 9109.0 9055.0 9000.0 8946.0 8892.0 8838.0 8729.0 8675.0 8621.0 8567.0 8513.0 8459.0 8404.0 8350.0 8257.0 8218.0 8179.0 8140.0 8101.0 8062.0 8023.0 7984.0 7906.0 7867.0 7828.0 7789.0 7751.0 7712.0 7673.0 7634.0 7556.0 7517.0 7478.0 7439.0 7400.0 7361.0 7322.0 7283.0 7210.0 7177.0 7143.0 7109.0 7075.0 7042.0 7008.0 6974.0 6907.0 6873.0 6839.0 6805.0 6772.0 6738.0 6704.0 6670.0 6603.0 6569.0 6535.0 6502.0 6468.0 6434.0 6400.0 6367.0 6302.0 6271.0 6240.0 6208.0 6177.0 6146.0 6115.0 6084.0 6022.0 5990.0 5959.0 5928.0 5897.0 5866.0 5835.0 5803.0 5741.0 5710.0 5679.0 5648.0 5617.0 5585.0 5554.0 5523.0 5481.0 5470.0 5459.0 5448.0 5437.0 5426.0 5415.0 5404.0 5382.0 5371.0 5360.0 5349.0 5339.0 5328.0 5317.0 5306.0 5284.0 5273.0 5262.0 5251.0 5240.0 5229.0 5218.0 5207.0 5196.0 5195.0 5195.0 5194.0 5194.0 5194.0 5193.0 5193.0 5192.0 5192.0 5191.0 5191.0 5190.0 5190.0 5189.0 5189.0 5188.0 5188.0 5187.0 5187.0 5187.0 5186.0 5186.0 5185.0 5187.0 5190.0 5192.0 5194.0 5197.0 5199.0 5201.0 5204.0 5208.0 5211.0 5213.0 5215.0 5218.0 5220.0 5222.0 5225.0 5229.0 5232.0 5234.0 5236.0 5239.0 5241.0 5243.0 5246.0 5252.0 5257.0 5261.0 5265.0 5269.0 5274.0 5278.0 5282.0 5291.0 5295.0 5299.0 5303.0 5308.0 5312.0 5316.0 5320.0 5329.0 5333.0 5337.0 5342.0 5346.0 5350.0 5354.0 5359.0 5354.0 5346.0 5337.0 5328.0 5319.0 5311.0 5302.0 5293.0 5276.0 5267.0 5259.0 5250.0 5241.0 5232.0 5224.0 5215.0 5198.0 5189.0 5180.0 5172.0 5163.0 5154.0 5145.0 5137.0 5126.0 5123.0 5121.0 5118.0 5116.0 5113.0 5111.0 5108.0 5103.0 5101.0 5098.0 5096.0 5093.0 5091.0 5088.0 5086.0 5081.0 5078.0 5076.0 5073.0 5071.0 5068.0 5066.0 5063.0 5058.0 5055.0 5052.0 5049.0 5047.0 5044.0 5041.0 5038.0 5032.0 5029.0 5026.0 5023.0 5021.0 5018.0 5015.0 5012.0 5006.0 5003.0 5000.0 4997.0 4995.0 4992.0 4989.0 4986.0 4984.0 4984.0 4985.0 4986.0 4986.0 4987.0 4987.0 4988.0 4989.0 4990.0 4991.0 4991.0 4992.0 4992.0 4993.0 4994.0 4995.0 4996.0 4996.0 4997.0
agregarAgente --UnidadTermicaSimple
200.0
100.0
agregarAgente --DemandaFija
291.9 279.3 265.8 255.9 240.6 235.2 229.8 224.4 218.1 211.8 206.4 202.8 211.8 222.6 234.3 246.0 257.7 267.6 280.2 291.0 295.5 295.5 294.6 293.7 293.7 292.8 291.9 284.7 291.9 308.1 325.2 341.4 357.6 374.7 391.8 405.3 419.7 412.5 407.1 400.8 394.5 389.1 381.9 381.9 378.3 373.8 369.3 365.7 361.2 357.6 353.1 348.6 356.7 364.8 372.9 381.9 390.9 399.0 408.0 419.7 431.4 433.2 435.0 435.9 437.7 438.6 440.4 440.4 441.3 441.3 442.2 441.3 441.3 440.4 440.4 440.4 444.0 447.6 450.3 453.0 456.6 459.3 462.0 464.7 464.7 463.8 463.8 462.9 462.9 462.9 462.0 457.5 454.8 453.9 453.0 452.1 452.1 451.2 451.2 451.2 453.9 466.5 479.1 491.7 504.3 517.8 531.3 533.1 535.8 549.3 563.7 576.3 589.8 603.3 616.8 616.8 606.0 579.0 551.1 524.1 496.2 468.3 440.4 428.7 416.1 408.0 399.9 390.9 384.6 375.6 367.5 365.7 369.3 396.3 423.3 450.3 477.3 504.3 530.4 536.7 538.5 515.1 490.8 466.5 443.1 418.8 394.5 391.8 385.5 390.0 395.4 401.7 406.2 411.6 416.1 415.2 419.7 438.6 457.5 475.5 494.4 512.4 531.3 538.5 540.3 528.6 516.0 502.5 491.7 479.1 467.4 462.9 457.5 443.1 428.7 414.3 400.8 386.4 372.9 372.0 381.0 412.5 444.0 475.5 507.0 538.5 570.0 579.0 589.8 578.1 568.2 556.5 545.7 534.0 525.0 525.9 536.7 552.0 567.3 581.7 597.0 611.4 625.8 635.7 645.6 634.8 624.0 612.3 601.5 588.9 578.1 579.0 579.9 575.4 570.9 568.2 562.8 558.3 553.8 554.7 559.2 563.7 567.3 570.9 574.5 578.1 582.6 586.2 590.7 598.8 606.9 614.1 621.3 628.5 637.5 638.4 636.6 625.8 616.8 606.9 597.9 587.1 578.1 574.5 576.3 583.5 590.7 597.9 605.1 612.3 619.5 624.0 629.4 635.7 643.8 650.1 657.3 662.7 669.9 671.7 669.9 657.3 646.5 635.7 624.0 612.3 600.6 597.9 597.9 603.3 609.6 614.1 619.5 624.0 629.4 633.0 635.7 638.4 641.1 643.8 646.5 649.2 651.9 651.9 650.1 644.7 638.4 631.2 624.9 619.5 612.3 611.4 611.4 615.9 621.3 626.7 631.2 636.6 642.0 643.8 644.7 643.8 642.0 641.1 639.3 638.4 636.6 636.6 633.9 628.5 624.0 619.5 613.2 608.7 603.3 601.5 597.9 597.0 595.2 595.2 594.3 592.5 592.5 591.6 589.8 593.4 597.9 601.5 605.1 607.8 611.4 611.4 597.0 578.1 560.1 541.2 523.2 504.3 485.4 471.0 454.8 453.9 453.0 452.1 451.2 449.4 449.4 447.6 452.1 458.4 465.6 471.9 478.2 484.5 491.7 497.1 494.4 488.1 482.7 476.4
crearDespacho --mercado --conDemandaTotal
4
0.02 0.07 0.145 1.0
370.0 600.0 2400.0 4000.0
405.51 388.01 369.26 355.5 334.25 326.75 319.24 311.74 302.99 294.24 286.74 281.73 294.24 309.24 325.49 341.75 358.0 371.76 389.26 404.26 410.52 410.52 409.27 408.01 408.01 406.76 405.51 395.51 405.51 428.02 451.78 474.28 496.79 520.54 544.3 563.05 583.06 573.05 565.55 556.8 548.05 540.55 530.54 530.54 525.54 519.29 513.04 508.04 501.79 496.79 490.53 484.28 495.54 506.79 518.04 530.54 543.05 554.3 566.8 583.06 599.31 601.81 604.31 605.56 608.06 609.31 611.81 611.81 613.06 613.06 614.31 613.06 613.06 611.81 611.81 611.81 616.81 621.82 625.57 629.32 634.32 638.07 641.82 645.57 645.57 644.32 644.32 643.07 643.07 643.07 641.82 635.57 631.82 630.57 629.32 628.07 628.07 626.82 626.82 626.82 630.57 648.07 665.58 683.08 700.59 719.34 738.09 740.59 744.35 763.1 783.1 800.61 819.36 838.12 856.87 856.87 841.87 804.36 765.6 728.09 689.33 650.57 611.81 595.56 578.06 566.8 555.55 543.05 534.3 521.79 510.54 508.04 513.04 550.55 588.06 625.57 663.08 700.59 736.84 745.6 748.1 715.59 681.83 648.07 615.56 581.81 548.05 544.3 535.55 541.8 549.3 558.05 564.3 571.8 578.06 576.81 583.06 609.31 635.57 660.58 686.83 711.84 738.09 748.1 750.6 734.34 716.84 698.08 683.08 665.58 649.32 643.07 635.57 615.56 595.56 575.56 556.8 536.8 518.04 516.79 529.29 573.05 616.81 660.58 704.34 748.1 791.86 804.36 819.36 803.11 789.36 773.1 758.1 741.85 729.34 730.59 745.6 766.85 788.11 808.11 829.37 849.37 869.38 883.13 896.88 881.88 866.88 850.62 835.62 818.11 803.11 804.36 805.61 799.36 793.11 789.36 781.85 775.6 769.35 770.6 776.85 783.1 788.11 793.11 798.11 803.11 809.36 814.36 820.61 831.87 843.12 853.12 863.12 873.13 885.63 886.88 884.38 869.38 856.87 843.12 830.62 815.61 803.11 798.11 800.61 810.61 820.61 830.62 840.62 850.62 860.62 866.88 874.38 883.13 894.38 903.13 913.14 920.64 930.64 933.14 930.64 913.14 898.13 883.13 866.88 850.62 834.37 830.62 830.62 838.12 846.87 853.12 860.62 866.88 874.38 879.38 883.13 886.88 890.63 894.38 898.13 901.88 905.63 905.63 903.13 895.63 886.88 876.88 868.13 860.62 850.62 849.37 849.37 855.62 863.12 870.63 876.88 884.38 891.88 894.38 895.63 894.38 891.88 890.63 888.13 886.88 884.38 884.38 880.63 873.13 866.88 860.62 851.87 845.62 838.12 835.62 830.62 829.37 826.87 826.87 825.62 823.11 823.11 821.86 819.36 824.36 830.62 835.62 840.62 844.37 849.37 849.37 829.37 803.11 778.1 751.85 726.84 700.59 674.33 654.32 631.82 630.57 629.32 628.07 626.82 624.32 624.32 621.82 628.07 636.82 646.82 655.57 664.33 673.08 683.08 690.58 686.83 678.08 670.58 661.83
configurarSolver --Gurobi
resolver --noConstante ejecuciones/bancos/recombinados/v1/directo/sgtm/v1_sgtm_000089.csv
finalizar
