inicializar --t 360
agregarAgente --SaltoGrande
0.001109
1807461596.0
4016.0 4013.0 4010.0 4008.0 4015.0 4025.0 4034.0 4044.0 4054.0 4064.0 4073.0 4083.0 4103.0 4113.0 4122.0 4132.0 4142.0 4152.0 4161.0 4171.0 4191.0 4201.0 4210.0 4220.0 4230.0 4240.0 4249.0 4259.0 4285.0 4302.0 4318.0 4334.0 4350.0 4367.0 4383.0 4399.0 4432.0 4448.0 4464.0 4480.0 4497.0 4513.0 4529.0 4545.0 4578.0 4594.0 4610.0 4627.0 4643.0 4659.0 4675.0 4692.0 4689.0 4671.0 4652.0 4634.0 4615.0 4597.0 4578.0 4560.0 4523.0 4504.0 4486.0 4467.0 4449.0 4430.0 4412.0 4393.0 4356.0 4338.0 4319.0 4301.0 4282.0 4264.0 4245.0 4227.0 4220.0 4231.0 4243.0 4255.0 4267.0 4278.0 4290.0 4302.0 4325.0 4337.0 4348.0 4360.0 4372.0 4384.0 4395.0 4407.0 4430.0 4442.0 4454.0 4465.0 4477.0 4489.0 4501.0 4512.0 4575.0 4626.0 4677.0 4727.0 4778.0 4829.0 4880.0 4931.0 5033.0 5083.0 5134.0 5185.0 5236.0 5287.0 5338.0 5388.0 5490.0 5541.0 5592.0 5643.0 5694.0 5744.0 5795.0 5846.0 5965.0 6032.0 6100.0 6168.0 6236.0 6303.0 6371.0 6439.0 6574.0 6642.0 6709.0 6777.0 6845.0 6913.0 6980.0 7048.0 7183.0 7251.0 7319.0 7386.0 7454.0 7522.0 7590.0 7657.0 7768.0 7810.0 7853.0 7896.0 7938.0 7981.0 8024.0 8066.0 8152.0 8194.0 8237.0 8280.0 8322.0 8365.0 8408.0 8450.0 8536.0 8578.0 8621.0 8664.0 8706.0 8749.0 8792.0 8834.0 8923.0 8970.0 9016.0 9063.0 9109.0 9156.0 9202.0 9249.0 9342.0 9388.0 9435.0 9481.0 9528.0 9574.0 9621.0 9667.0 9760.0 9807.0 9853.0 9900.0 9946.0 9993.0 10039.0 10086.0 10184.0 10236.0 10289.0 10341.0 10393.0 10445.0 10498.0 10550.0 10654.0 10706.0 10759.0 10811.0 10863.0 10915.0 10968.0 11020.0 11124.0 11176.0 11229.0 11281.0 11333.0 11385.0 11438.0 11490.0 11584.0 11625.0 11667.0 11709.0 11751.0 11792.0 11834.0 11876.0 11959.0 12001.0 12042.0 12084.0 12126.0 12168.0 12209.0 12251.0 12334.0 12376.0 12418.0 12459.0 12501.0 12543.0 12585.0 12626.0 12720.0 12773.0 12825.0 12878.0 12930.0 12983.0 13035.0 13088.0 13193.0 13245.0 13298.0 13350.0 13403.0 13455.0 13508.0 13560.0 13665.0 13718.0 13770.0 13823.0 13875.0 13928.0 13980.0 14033.0 14115.0 14145.0 14175.0 14205.0 14235.0 14265.0 14295.0 14325.0 14385.0 14415.0 14445.0 14475.0 14504.0 14534.0 14564.0 14594.0 14654.0 14684.0 14714.0 14744.0 14774.0 14804.0 14834.0 14864.0 14896.0 14898.0 14900.0 14902.0 14904.0 14906.0 14909.0 14911.0 14915.0 14917.0 14919.0 14921.0 14923.0 14925.0 14927.0 14929.0 14933.0 14935.0 14938.0 14940.0 14942.0 14944.0 14946.0 14948.0 14935.0 14919.0 14904.0 14888.0 14873.0 14857.0 14842.0 14826.0 14795.0 14780.0 14764.0 14749.0 14733.0 14718.0 14702.0 14687.0 14656.0 14640.0 14625.0 14609.0 14594.0 14578.0 14563.0 14547.0 14507.0 14482.0 14457.0 14432.0 14407.0 14382.0 14357.0 14332.0 14282.0 14257.0 14232.0 14207.0 14183.0 14158.0 14133.0 14108.0 14058.0 14033.0 14008.0 13983.0
agregarAgente --UnidadTermicaSimple
200.0
100.0
agregarAgente --DemandaFija
514.8 505.8 495.6 493.2 489.6 497.4 504.6 512.4 519.6 527.4 534.0 534.0 540.6 547.2 553.8 560.4 567.0 573.6 580.8 586.8 586.2 559.8 533.4 507.0 480.6 454.8 428.4 421.8 417.6 439.2 460.8 481.8 503.4 525.0 546.6 549.0 556.2 561.0 567.0 573.0 579.0 584.4 590.4 595.8 592.8 565.8 538.8 512.4 485.4 458.4 432.0 423.6 416.4 433.8 451.8 469.8 487.2 505.2 523.2 525.0 532.8 542.4 552.6 562.2 571.2 581.4 591.0 597.6 600.0 576.0 550.8 526.8 502.2 477.0 453.0 448.8 441.0 456.0 471.0 486.0 501.0 514.8 530.4 526.8 526.8 529.8 532.8 536.4 539.4 542.4 545.4 548.4 548.4 524.4 499.2 474.6 450.0 425.4 400.2 397.2 396.0 412.2 428.4 444.0 460.2 476.4 492.0 494.4 504.6 513.0 522.0 530.4 538.8 547.8 556.2 563.4 561.0 535.8 510.0 485.4 459.6 434.4 409.2 399.6 393.6 408.6 423.6 439.2 454.2 469.8 484.8 487.8 498.6 517.8 537.0 556.2 574.8 594.6 613.2 621.0 619.8 594.0 568.2 541.8 515.4 489.0 463.2 455.4 448.2 462.0 475.8 489.0 502.8 516.6 531.0 531.0 537.0 540.6 545.4 549.0 553.2 557.4 561.6 566.4 562.2 534.6 507.0 479.4 452.4 425.4 397.8 389.4 384.6 390.0 395.4 399.6 405.0 410.4 415.8 419.4 427.2 433.8 439.8 446.4 452.4 459.0 465.0 468.6 465.0 448.2 431.4 414.6 398.4 381.6 364.2 357.0 350.4 366.0 381.0 396.0 411.6 426.6 441.6 443.4 448.8 453.6 459.0 463.2 468.6 473.4 478.8 482.4 481.8 457.2 433.2 408.6 384.6 360.0 335.4 330.6 325.2 342.0 358.8 375.0 391.8 408.6 424.8 424.8 427.2 430.8 434.4 438.0 442.2 446.4 450.0 452.4 450.6 427.2 404.4 381.6 358.2 335.4 312.6 308.4 303.0 320.4 337.8 355.8 373.8 391.2 409.2 408.0 410.4 415.2 421.2 427.2 432.6 438.6 444.0 448.2 449.4 420.0 391.2 363.0 334.8 306.0 277.2 274.8 271.8 283.8 295.8 307.8 319.8 331.8 344.4 344.4 345.6 350.4 356.4 361.2 366.6 372.0 378.0 378.6 379.2 346.2 315.0 282.6 250.2 218.4 185.4 184.8 184.8 194.4 202.8 211.8 220.2 229.8 238.2 239.4 241.8 263.4 283.8 304.2 325.2 345.6 366.6 367.8 367.8 336.0 304.2 273.0 240.6 208.8 177.0 175.8 177.0 216.6 256.8 297.6 337.2 377.4 418.2 420.6 431.4 444.6 457.8 470.4 484.2 496.8 510.0 518.4 517.8 481.2 444.6 408.6 372.0 336.0 299.4 290.4 286.2 312.0 339.0 365.4 391.8 418.8 445.2 450.0 459.0 462.6 466.2 470.4 474.6 477.6 481.8 486.0 481.8 444.0 407.4 369.6
crearDespacho --mercado --conDemandaTotal
4
0.02 0.07 0.145 1.0
370.0 600.0 2400.0 4000.0
1022.29 1004.42 984.17 979.4 972.25 987.74 1002.04 1017.53 1031.82 1047.31 1060.42 1060.42 1073.53 1086.63 1099.74 1112.85 1125.95 1139.06 1153.36 1165.27 1164.08 1111.65 1059.23 1006.8 954.38 903.14 850.72 837.61 829.27 872.17 915.06 956.76 999.65 1042.55 1085.44 1090.21 1104.51 1114.04 1125.95 1137.87 1149.78 1160.5 1172.42 1183.14 1177.19 1123.57 1069.95 1017.53 963.91 910.29 857.87 841.19 826.89 861.44 897.19 932.93 967.48 1003.23 1038.97 1042.55 1058.04 1077.1 1097.36 1116.42 1134.29 1154.55 1173.61 1186.72 1191.48 1143.82 1093.78 1046.12 997.27 947.23 899.57 891.23 875.74 905.53 935.31 965.1 994.89 1022.29 1053.27 1046.12 1046.12 1052.08 1058.04 1065.19 1071.14 1077.1 1083.06 1089.02 1089.02 1041.36 991.31 942.46 893.61 844.76 794.72 788.76 786.38 818.55 850.72 881.7 913.87 946.04 977.02 981.78 1002.04 1018.72 1036.59 1053.27 1069.95 1087.82 1104.51 1118.8 1114.04 1063.99 1012.76 963.91 912.68 862.63 812.59 793.53 781.61 811.4 841.19 872.17 901.95 932.93 962.72 968.68 990.12 1028.25 1066.38 1104.51 1141.44 1180.76 1217.7 1233.19 1230.8 1179.57 1128.33 1075.91 1023.48 971.06 919.83 904.34 890.04 917.44 944.85 971.06 998.46 1025.87 1054.46 1054.46 1066.38 1073.53 1083.06 1090.21 1098.55 1106.89 1115.23 1124.76 1116.42 1061.61 1006.8 952.0 898.38 844.76 789.95 773.27 763.74 774.46 785.19 793.53 804.25 814.97 825.7 832.85 848.34 861.44 873.36 886.46 898.38 911.48 923.4 930.55 923.4 890.04 856.68 823.31 791.14 757.78 723.23 708.93 695.83 726.8 756.59 786.38 817.36 847.14 876.93 880.51 891.23 900.76 911.48 919.83 930.55 940.08 950.8 957.95 956.76 907.91 860.25 811.4 763.74 714.89 666.04 656.51 645.78 679.15 712.51 744.68 778.04 811.4 843.57 843.57 848.34 855.49 862.63 869.78 878.12 886.46 893.61 898.38 894.8 848.34 803.06 757.78 711.32 666.04 620.76 612.42 601.7 636.25 670.81 706.55 742.29 776.85 812.59 810.21 814.97 824.51 836.42 848.34 859.06 870.97 881.7 890.04 892.42 834.04 776.85 720.85 664.85 607.66 550.47 545.7 539.74 563.57 587.4 611.23 635.06 658.89 683.91 683.91 686.29 695.83 707.74 717.27 728.0 738.72 750.63 751.83 753.02 687.49 625.53 561.19 496.85 433.7 368.17 366.98 366.98 386.04 402.72 420.59 437.27 456.34 473.02 475.4 480.17 523.06 563.57 604.08 645.78 686.29 728.0 730.38 730.38 667.23 604.08 542.12 477.78 414.64 351.49 349.1 351.49 430.13 509.95 590.98 669.61 749.44 830.46 835.23 856.68 882.89 909.1 934.12 961.53 986.55 1012.76 1029.44 1028.25 955.57 882.89 811.4 738.72 667.23 594.55 576.68 568.34 619.57 673.19 725.61 778.04 831.66 884.08 893.61 911.48 918.63 925.78 934.12 942.46 948.42 956.76 965.1 956.76 881.7 809.02 733.95
configurarSolver --Gurobi
resolver --noConstante ejecuciones/bancos/recombinados/v1/directo/sgtm/v1_sgtm_000484.csv
finalizar
