inicializar --t 360
agregarAgente --SaltoGrande
0.000867
2618270994.0
4997.0 4998.0 4999.0 4999.0 4991.0 4982.0 4973.0 4964.0 4955.0 4946.0 4938.0 4929.0 4911.0 4902.0 4893.0 4884.0 4875.0 4866.0 4857.0 4848.0 4830.0 4821.0 4813.0 4804.0 4795.0 4786.0 4777.0 4768.0 4755.0 4752.0 4748.0 4745.0 4741.0 4737.0 4734.0 4730.0 4723.0 4719.0 4716.0 4712.0 4709.0 4705.0 4702.0 4698.0 4691.0 4687.0 4684.0 4680.0 4676.0 4673.0 4669.0 4666.0 4676.0 4690.0 4704.0 4718.0 4732.0 4746.0 4760.0 4774.0 4802.0 4816.0 4830.0 4844.0 4859.0 4873.0 4887.0 4901.0 4929.0 4943.0 4957.0 4971.0 4985.0 4999.0 5013.0 5027.0 5037.0 5033.0 5028.0 5024.0 5020.0 5016.0 5011.0 5007.0 4999.0 4995.0 4990.0 4986.0 4982.0 4978.0 4973.0 4969.0 4961.0 4957.0 4952.0 4948.0 4944.0 4940.0 4935.0 4931.0 4931.0 4936.0 4940.0 4944.0 4948.0 4953.0 4957.0 4961.0 4970.0 4974.0 4979.0 4983.0 4987.0 4991.0 4996.0 5000.0 5009.0 5013.0 5017.0 5022.0 5026.0 5030.0 5034.0 5039.0 5032.0 5022.0 5011.0 5001.0 4990.0 4979.0 4969.0 4958.0 4937.0 4926.0 4916.0 4905.0 4895.0 4884.0 4874.0 4863.0 4842.0 4831.0 4821.0 4810.0 4799.0 4789.0 4778.0 4768.0 4746.0 4734.0 4723.0 4711.0 4700.0 4688.0 4677.0 4665.0 4643.0 4631.0 4620.0 4608.0 4597.0 4585.0 4574.0 4562.0 4540.0 4528.0 4517.0 4505.0 4494.0 4482.0 4471.0 4459.0 4473.0 4499.0 4524.0 4550.0 4575.0 4601.0 4626.0 4652.0 4703.0 4728.0 4754.0 4779.0 4805.0 4830.0 4856.0 4881.0 4932.0 4958.0 4983.0 5009.0 5034.0 5060.0 5085.0 5111.0 5168.0 5199.0 5231.0 5262.0 5294.0 5325.0 5357.0 5388.0 5451.0 5483.0 5514.0 5546.0 5577.0 5609.0 5640.0 5672.0 5735.0 5766.0 5798.0 5829.0 5861.0 5892.0 5924.0 5955.0 5983.0 5979.0 5976.0 5972.0 5968.0 5964.0 5960.0 5956.0 5949.0 5945.0 5941.0 5937.0 5934.0 5930.0 5926.0 5922.0 5915.0 5911.0 5907.0 5903.0 5899.0 5895.0 5892.0 5888.0 5877.0 5871.0 5864.0 5857.0 5851.0 5844.0 5837.0 5831.0 5817.0 5811.0 5804.0 5797.0 5791.0 5784.0 5777.0 5771.0 5757.0 5751.0 5744.0 5737.0 5731.0 5724.0 5717.0 5711.0 5695.0 5686.0 5677.0 5668.0 5659.0 5650.0 5641.0 5632.0 5614.0 5605.0 5596.0 5587.0 5578.0 5569.0 5560.0 5551.0 5533.0 5524.0 5515.0 5506.0 5497.0 5488.0 5479.0 5470.0 5459.0 5456.0 5454.0 5452.0 5449.0 5447.0 5444.0 5442.0 5437.0 5435.0 5433.0 5430.0 5428.0 5425.0 5423.0 5421.0 5416.0 5414.0 5411.0 5409.0 5406.0 5404.0 5402.0 5399.0 5452.0 5507.0 5562.0 5617.0 5671.0 5726.0 5781.0 5836.0 5946.0 6001.0 6056.0 6111.0 6165.0 6220.0 6275.0 6330.0 6440.0 6495.0 6550.0 6605.0 6659.0 6714.0 6769.0 6824.0 6861.0 6844.0 6826.0 6809.0 6791.0 6773.0 6756.0 6738.0 6703.0 6685.0 6668.0 6650.0 6633.0 6615.0 6598.0 6580.0 6545.0 6527.0 6510.0 6492.0
agregarAgente --UnidadTermicaSimple
200.0
100.0
agregarAgente --DemandaFija
871.5 827.4 785.1 785.1 785.1 856.2 926.4 997.5 1067.7 1139.7 1210.8 1210.8 1210.8 1158.6 1108.2 1056.0 1005.6 955.2 903.0 903.0 903.0 848.1 791.4 735.6 679.8 624.0 567.3 567.3 567.3 640.2 713.1 785.1 857.1 929.1 1002.0 1002.0 1002.0 958.8 914.7 871.5 827.4 784.2 741.0 741.0 741.0 711.3 680.7 651.0 621.3 591.6 561.0 561.0 561.0 619.5 677.1 736.5 794.1 852.6 910.2 910.2 910.2 913.8 916.5 920.1 922.8 925.5 929.1 929.1 929.1 885.0 841.8 797.7 753.6 710.4 666.3 666.3 666.3 719.4 770.7 822.9 876.0 928.2 981.3 981.3 981.3 878.7 777.0 675.3 573.6 472.8 371.1 371.1 371.1 363.9 355.8 348.6 341.4 332.4 325.2 325.2 325.2 345.0 363.9 382.8 401.7 420.6 439.5 439.5 439.5 444.0 448.5 453.0 457.5 462.0 466.5 466.5 466.5 500.7 534.9 570.0 605.1 639.3 673.5 673.5 673.5 711.3 749.1 786.0 823.8 861.6 899.4 899.4 899.4 900.3 901.2 903.0 903.9 905.7 906.6 906.6 906.6 858.9 810.3 762.6 714.9 666.3 618.6 618.6 618.6 676.2 734.7 793.2 851.7 909.3 968.7 968.7 968.7 937.2 907.5 876.9 846.3 815.7 785.1 785.1 785.1 701.4 618.6 534.0 450.3 367.5 283.8 283.8 283.8 402.6 521.4 640.2 759.9 878.7 997.5 997.5 997.5 978.6 959.7 940.8 921.9 903.0 884.1 884.1 884.1 772.5 661.8 550.2 438.6 327.9 217.2 217.2 217.2 322.5 427.8 534.0 639.3 745.5 850.8 850.8 850.8 885.0 920.1 955.2 989.4 1023.6 1057.8 1057.8 1057.8 936.3 814.8 694.2 572.7 451.2 329.7 329.7 329.7 294.6 259.5 224.4 188.4 154.2 119.1 119.1 119.1 152.4 185.7 219.9 253.2 286.5 320.7 320.7 320.7 348.6 375.6 403.5 430.5 457.5 486.3 486.3 486.3 556.5 628.5 699.6 770.7 842.7 913.8 913.8 913.8 915.6 918.3 920.1 922.8 924.6 927.3 927.3 927.3 850.8 773.4 696.0 619.5 541.2 464.7 464.7 464.7 498.9 533.1 567.3 602.4 636.6 670.8 670.8 670.8 695.1 720.3 745.5 769.8 794.1 818.4 818.4 818.4 756.3 692.4 630.3 566.4 504.3 440.4 440.4 440.4 521.4 601.5 681.6 761.7 842.7 922.8 922.8 922.8 853.5 783.3 714.0 644.7 574.5 505.2 505.2 505.2 464.7 422.4 381.0 340.5 298.2 256.8 256.8 256.8 221.7 185.7 150.6 115.5 79.5 44.4 44.4 44.4 140.7 236.1 331.5 427.8 524.1 620.4 620.4 620.4 616.8 614.1 610.5 607.8 604.2 601.5 601.5 601.5 651.9 703.2 754.5 804.9 857.1 907.5 907.5 907.5 882.3 857.1 831.9 805.8 779.7 754.5 754.5 754.5 639.3 524.1 408.0
crearDespacho --mercado --conDemandaTotal
4
0.02 0.07 0.145 1.0
370.0 600.0 2400.0 4000.0
943.48 895.74 849.94 849.94 849.94 926.91 1002.91 1079.88 1155.88 1233.83 1310.8 1310.8 1310.8 1254.29 1199.73 1143.22 1088.65 1034.09 977.58 977.58 977.58 918.14 856.76 796.35 735.94 675.54 614.15 614.15 614.15 693.07 772.0 849.94 927.89 1005.83 1084.76 1084.76 1084.76 1037.99 990.25 943.48 895.74 848.97 802.2 802.2 802.2 770.05 736.92 704.77 672.61 640.46 607.33 607.33 607.33 670.66 733.02 797.33 859.69 923.02 985.37 985.37 985.37 989.27 992.19 996.09 999.01 1001.94 1005.83 1005.83 1005.83 958.09 911.32 863.58 815.84 769.07 721.33 721.33 721.33 778.82 834.35 890.86 948.35 1004.86 1062.35 1062.35 1062.35 951.27 841.17 731.07 620.97 511.85 401.75 401.75 401.75 393.95 385.19 377.39 369.6 359.85 352.06 352.06 352.06 373.49 393.95 414.42 434.88 455.34 475.8 475.8 475.8 480.67 485.54 490.41 495.29 500.16 505.03 505.03 505.03 542.05 579.08 617.08 655.08 692.1 729.12 729.12 729.12 770.05 810.97 850.92 891.84 932.76 973.68 973.68 973.68 974.66 975.63 977.58 978.55 980.5 981.48 981.48 981.48 929.84 877.22 825.58 773.94 721.33 669.69 669.69 669.69 732.05 795.38 858.71 922.04 984.4 1048.71 1048.71 1048.71 1014.6 982.45 949.32 916.2 883.07 849.94 849.94 849.94 759.33 669.69 578.1 487.49 397.85 307.24 307.24 307.24 435.85 564.46 693.07 822.66 951.27 1079.88 1079.88 1079.88 1059.42 1038.96 1018.5 998.04 977.58 957.12 957.12 957.12 836.3 716.46 595.64 474.82 354.98 235.14 235.14 235.14 349.14 463.13 578.1 692.1 807.07 921.07 921.07 921.07 958.09 996.09 1034.09 1071.11 1108.14 1145.16 1145.16 1145.16 1013.63 882.09 751.53 620.0 488.46 356.93 356.93 356.93 318.93 280.93 242.93 203.96 166.94 128.94 128.94 128.94 164.99 201.04 238.06 274.11 310.16 347.19 347.19 347.19 377.39 406.62 436.83 466.06 495.29 526.46 526.46 526.46 602.46 680.41 757.38 834.35 912.3 989.27 989.27 989.27 991.22 994.14 996.09 999.01 1000.96 1003.89 1003.89 1003.89 921.07 837.28 753.48 670.66 585.9 503.08 503.08 503.08 540.1 577.13 614.15 652.15 689.18 726.2 726.2 726.2 752.51 779.79 807.07 833.38 859.69 885.99 885.99 885.99 818.76 749.59 682.36 613.18 545.95 476.77 476.77 476.77 564.46 651.18 737.89 824.61 912.3 999.01 999.01 999.01 923.99 847.99 772.97 697.95 621.95 546.92 546.92 546.92 503.08 457.29 412.47 368.62 322.83 278.01 278.01 278.01 240.01 201.04 163.04 125.04 86.07 48.07 48.07 48.07 152.32 255.6 358.88 463.13 567.39 671.64 671.64 671.64 667.74 664.82 660.92 658.0 654.1 651.18 651.18 651.18 705.74 761.28 816.81 871.38 927.89 982.45 982.45 982.45 955.17 927.89 900.61 872.35 844.1 816.81 816.81 816.81 692.1 567.39 441.7
configurarSolver --Gurobi
resolver --noConstante ejecuciones/bancos/recombinados/v1/directo/sgtm/v1_sgtm_000196.csv
finalizar
