inicializar --t 360
agregarAgente --SaltoGrande
0.000511
2688826244.0
2958.0 2954.0 2950.0 2945.0 2950.0 2958.0 2967.0 2976.0 2984.0 2993.0 3001.0 3010.0 3027.0 3036.0 3045.0 3053.0 3062.0 3070.0 3079.0 3088.0 3105.0 3114.0 3122.0 3131.0 3139.0 3148.0 3157.0 3165.0 3161.0 3149.0 3136.0 3123.0 3110.0 3098.0 3085.0 3072.0 3047.0 3034.0 3022.0 3009.0 2996.0 2983.0 2971.0 2958.0 2933.0 2920.0 2907.0 2895.0 2882.0 2869.0 2856.0 2844.0 2810.0 2789.0 2769.0 2748.0 2727.0 2706.0 2686.0 2665.0 2623.0 2602.0 2582.0 2561.0 2540.0 2519.0 2499.0 2478.0 2436.0 2415.0 2395.0 2374.0 2353.0 2332.0 2312.0 2291.0 2284.0 2299.0 2313.0 2327.0 2342.0 2356.0 2370.0 2385.0 2413.0 2428.0 2442.0 2456.0 2471.0 2485.0 2499.0 2514.0 2542.0 2557.0 2571.0 2585.0 2600.0 2614.0 2628.0 2643.0 2676.0 2695.0 2714.0 2733.0 2752.0 2771.0 2790.0 2809.0 2847.0 2866.0 2885.0 2904.0 2924.0 2943.0 2962.0 2981.0 3019.0 3038.0 3057.0 3076.0 3095.0 3114.0 3133.0 3152.0 3183.0 3194.0 3206.0 3217.0 3229.0 3240.0 3252.0 3263.0 3286.0 3298.0 3309.0 3321.0 3332.0 3344.0 3355.0 3367.0 3390.0 3401.0 3413.0 3424.0 3436.0 3447.0 3459.0 3470.0 3485.0 3489.0 3492.0 3496.0 3499.0 3503.0 3506.0 3510.0 3516.0 3520.0 3523.0 3527.0 3530.0 3534.0 3537.0 3541.0 3547.0 3551.0 3554.0 3558.0 3561.0 3565.0 3568.0 3572.0 3565.0 3556.0 3546.0 3536.0 3526.0 3517.0 3507.0 3497.0 3478.0 3468.0 3458.0 3448.0 3439.0 3429.0 3419.0 3409.0 3390.0 3380.0 3370.0 3361.0 3351.0 3341.0 3331.0 3322.0 3351.0 3390.0 3428.0 3467.0 3506.0 3545.0 3583.0 3622.0 3700.0 3739.0 3777.0 3816.0 3855.0 3894.0 3932.0 3971.0 4049.0 4088.0 4126.0 4165.0 4204.0 4243.0 4281.0 4320.0 4520.0 4680.0 4841.0 5002.0 5163.0 5323.0 5484.0 5645.0 5966.0 6127.0 6288.0 6449.0 6609.0 6770.0 6931.0 7092.0 7413.0 7574.0 7735.0 7895.0 8056.0 8217.0 8378.0 8538.0 8774.0 8850.0 8925.0 9000.0 9075.0 9151.0 9226.0 9301.0 9452.0 9527.0 9602.0 9677.0 9753.0 9828.0 9903.0 9978.0 10129.0 10204.0 10279.0 10355.0 10430.0 10505.0 10580.0 10656.0 10773.0 10814.0 10856.0 10897.0 10939.0 10981.0 11022.0 11064.0 11147.0 11189.0 11230.0 11272.0 11313.0 11355.0 11396.0 11438.0 11521.0 11563.0 11604.0 11646.0 11688.0 11729.0 11771.0 11812.0 11871.0 11888.0 11904.0 11921.0 11938.0 11955.0 11971.0 11988.0 12022.0 12039.0 12055.0 12072.0 12089.0 12106.0 12122.0 12139.0 12173.0 12190.0 12206.0 12223.0 12240.0 12257.0 12273.0 12290.0 12308.0 12310.0 12311.0 12313.0 12314.0 12316.0 12317.0 12319.0 12321.0 12323.0 12324.0 12326.0 12327.0 12329.0 12330.0 12332.0 12334.0 12336.0 12337.0 12339.0 12340.0 12342.0 12343.0 12345.0 12357.0 12367.0 12378.0 12389.0 12399.0 12410.0 12420.0 12431.0 12452.0 12463.0 12474.0 12484.0 12495.0 12505.0 12516.0 12527.0 12548.0 12559.0 12569.0 12580.0
agregarAgente --UnidadTermicaSimple
200.0
100.0
agregarAgente --DemandaFija
465.6 450.6 435.0 426.0 419.4 437.4 455.4 472.2 490.2 508.2 526.2 528.6 534.0 544.2 553.8 564.0 574.2 584.4 594.6 597.6 595.8 582.0 568.8 555.0 541.8 527.4 514.2 508.2 496.8 493.2 489.0 486.0 481.8 478.2 474.6 468.6 468.0 474.0 480.0 484.8 491.4 496.8 503.4 508.2 511.8 506.4 502.2 497.4 493.2 489.0 483.6 481.8 483.6 490.8 497.4 505.2 511.8 519.6 526.2 529.8 535.8 541.2 547.2 552.0 558.0 563.4 569.4 572.4 568.8 563.4 558.0 552.6 547.2 542.4 537.0 531.0 531.6 541.2 551.4 561.6 571.8 582.0 592.2 598.8 610.2 625.2 640.2 655.8 671.4 687.0 702.6 707.4 712.2 699.0 685.2 672.0 658.8 644.4 631.2 631.2 627.0 625.2 624.0 622.2 621.0 619.2 617.4 612.6 606.6 615.6 624.0 632.4 640.8 649.2 657.6 656.4 658.2 648.6 639.0 630.0 619.8 610.8 601.2 604.2 609.0 607.8 606.6 605.4 604.2 603.0 601.8 604.2 608.4 601.8 594.0 586.8 579.6 572.4 565.2 567.0 568.2 567.0 566.4 565.2 564.0 562.8 562.2 561.6 562.2 565.8 570.0 573.6 577.2 582.0 585.0 585.6 586.2 586.2 587.4 588.0 588.6 589.8 591.0 589.8 585.6 576.6 567.0 558.0 549.0 540.0 530.4 526.8 521.4 518.4 515.4 513.0 509.4 506.4 502.8 501.0 499.2 505.8 511.8 518.4 525.0 531.6 538.8 538.8 535.8 511.8 487.8 463.8 439.8 415.2 391.8 388.2 382.8 380.4 378.6 376.8 374.4 372.0 370.8 367.8 369.0 375.0 380.4 387.0 393.0 398.4 404.4 408.0 407.4 401.4 394.8 388.8 382.8 376.8 370.2 366.6 369.0 375.6 381.6 387.6 394.8 400.8 407.4 414.0 418.8 418.2 417.0 416.4 415.2 414.6 414.0 412.8 408.0 405.0 402.0 399.0 395.4 393.0 389.4 385.8 385.8 385.8 385.8 385.2 385.2 385.2 384.6 388.8 393.0 397.2 400.8 405.6 409.2 413.4 417.0 417.6 411.0 406.2 400.8 395.4 390.6 385.2 379.8 373.2 370.8 391.8 412.8 433.2 454.2 474.6 495.6 499.8 505.2 513.6 522.0 530.4 538.2 546.6 555.6 557.4 547.2 520.8 495.0 468.6 442.8 416.4 390.6 379.2 371.4 380.4 389.4 398.4 408.0 417.0 426.6 429.6 437.4 448.2 459.0 469.8 480.6 492.0 502.8 508.2 504.6 489.6 474.6 460.2 445.2 430.8 415.8 407.4 403.8 409.2 415.2 420.6 426.6 432.0 438.0 442.8 449.4 453.6 457.8 462.0 465.6 469.8 474.0 475.8 468.6 455.4 442.8 429.6 416.4 403.2 390.6 381.0 372.0 376.8 381.0 385.2 389.4 393.6 398.4 398.4 400.8 405.6 409.8 414.0 418.2 422.4 427.2 430.2 427.8 414.6 400.2 386.4
crearDespacho --mercado --conDemandaTotal
4
0.02 0.07 0.145 1.0
370.0 600.0 2400.0 4000.0
649.26 628.35 606.59 594.04 584.84 609.94 635.04 658.47 683.57 708.67 733.77 737.11 744.64 758.87 772.25 786.48 800.7 814.92 829.15 833.33 830.82 811.58 793.17 773.93 755.52 735.44 717.03 708.67 692.77 687.75 681.89 677.71 671.85 666.83 661.81 653.45 652.61 660.98 669.34 676.04 685.24 692.77 701.97 708.67 713.69 706.16 700.3 693.61 687.75 681.89 674.36 671.85 674.36 684.4 693.61 704.48 713.69 724.56 733.77 738.79 747.15 754.68 763.05 769.74 778.11 785.64 794.01 798.19 793.17 785.64 778.11 770.58 763.05 756.36 748.83 740.46 741.3 754.68 768.91 783.13 797.35 811.58 825.8 835.0 850.9 871.82 892.74 914.49 936.24 958.0 979.75 986.44 993.14 974.73 955.49 937.08 918.67 898.59 880.19 880.19 874.33 871.82 870.15 867.64 865.96 863.45 860.94 854.25 845.88 858.43 870.15 881.86 893.57 905.29 917.0 915.33 917.84 904.45 891.06 878.51 864.29 851.74 838.35 842.54 849.23 847.56 845.88 844.21 842.54 840.86 839.19 842.54 848.39 839.19 828.31 818.27 808.23 798.19 788.15 790.66 792.33 790.66 789.82 788.15 786.48 784.8 783.97 783.13 783.97 788.99 794.84 799.86 804.88 811.58 815.76 816.6 817.43 817.43 819.11 819.94 820.78 822.45 824.13 822.45 816.6 804.05 790.66 778.11 765.56 753.01 739.62 734.6 727.07 722.89 718.71 715.36 710.34 706.16 701.14 698.63 696.12 705.32 713.69 722.89 732.09 741.3 751.34 751.34 747.15 713.69 680.22 646.75 613.29 578.98 546.35 541.33 533.8 530.45 527.94 525.43 522.09 518.74 517.07 512.88 514.56 522.92 530.45 539.66 548.02 555.55 563.92 568.94 568.1 559.74 550.53 542.17 533.8 525.43 516.23 511.21 514.56 523.76 532.13 540.49 550.53 558.9 568.1 577.31 584.0 583.16 581.49 580.65 578.98 578.14 577.31 575.63 568.94 564.76 560.57 556.39 551.37 548.02 543.0 537.98 537.98 537.98 537.98 537.15 537.15 537.15 536.31 542.17 548.02 553.88 558.9 565.59 570.61 576.47 581.49 582.33 573.12 566.43 558.9 551.37 544.68 537.15 529.62 520.41 517.07 546.35 575.63 604.08 633.37 661.81 691.1 696.95 704.48 716.2 727.91 739.62 750.5 762.21 774.76 777.27 763.05 726.24 690.26 653.45 617.47 580.65 544.68 528.78 517.9 530.45 543.0 555.55 568.94 581.49 594.88 599.06 609.94 625.0 640.06 655.12 670.18 686.08 701.14 708.67 703.65 682.73 661.81 641.73 620.82 600.74 579.82 568.1 563.08 570.61 578.98 586.51 594.88 602.41 610.78 617.47 626.67 632.53 638.39 644.24 649.26 655.12 660.98 663.49 653.45 635.04 617.47 599.06 580.65 562.25 544.68 531.29 518.74 525.43 531.29 537.15 543.0 548.86 555.55 555.55 558.9 565.59 571.45 577.31 583.16 589.02 595.71 599.9 596.55 578.14 558.06 538.82
configurarSolver --Gurobi
resolver --noConstante ejecuciones/bancos/recombinados/v1/directo/sgtm/v1_sgtm_000341.csv
finalizar
