inicializar --t 360
agregarAgente --SaltoGrande
6.3e-05
2104235473.0
1017.0 1019.0 1021.0 1022.0 1027.0 1030.0 1033.0 1036.0 1040.0 1043.0 1046.0 1049.0 1055.0 1058.0 1061.0 1064.0 1068.0 1071.0 1074.0 1077.0 1083.0 1086.0 1089.0 1092.0 1096.0 1099.0 1102.0 1105.0 1100.0 1093.0 1085.0 1077.0 1069.0 1062.0 1054.0 1046.0 1031.0 1023.0 1016.0 1008.0 1000.0 992.0 985.0 977.0 962.0 954.0 946.0 939.0 931.0 923.0 915.0 908.0 900.0 901.0 901.0 901.0 901.0 902.0 902.0 902.0 903.0 903.0 904.0 904.0 904.0 904.0 905.0 905.0 906.0 906.0 906.0 907.0 907.0 907.0 907.0 908.0 907.0 905.0 904.0 903.0 901.0 900.0 899.0 897.0 895.0 893.0 892.0 891.0 889.0 888.0 887.0 885.0 883.0 881.0 880.0 879.0 877.0 876.0 875.0 873.0 871.0 870.0 869.0 868.0 867.0 866.0 866.0 865.0 863.0 862.0 861.0 860.0 859.0 858.0 857.0 856.0 854.0 853.0 853.0 852.0 851.0 850.0 849.0 848.0 850.0 853.0 856.0 859.0 862.0 865.0 868.0 871.0 877.0 880.0 883.0 886.0 889.0 892.0 895.0 898.0 904.0 907.0 910.0 913.0 916.0 919.0 922.0 925.0 930.0 933.0 935.0 937.0 939.0 942.0 944.0 946.0 951.0 953.0 956.0 958.0 960.0 962.0 965.0 967.0 972.0 974.0 976.0 979.0 981.0 983.0 985.0 988.0 992.0 994.0 995.0 997.0 999.0 1001.0 1002.0 1004.0 1008.0 1010.0 1011.0 1013.0 1015.0 1017.0 1018.0 1020.0 1024.0 1026.0 1027.0 1029.0 1031.0 1033.0 1034.0 1036.0 1052.0 1067.0 1081.0 1096.0 1110.0 1125.0 1139.0 1154.0 1183.0 1197.0 1212.0 1226.0 1241.0 1255.0 1270.0 1284.0 1313.0 1328.0 1342.0 1357.0 1371.0 1386.0 1400.0 1415.0 1429.0 1429.0 1428.0 1428.0 1428.0 1428.0 1427.0 1427.0 1427.0 1427.0 1426.0 1426.0 1426.0 1426.0 1425.0 1425.0 1425.0 1425.0 1424.0 1424.0 1424.0 1424.0 1423.0 1423.0 1491.0 1558.0 1626.0 1693.0 1761.0 1829.0 1896.0 1964.0 2099.0 2167.0 2234.0 2302.0 2369.0 2437.0 2504.0 2572.0 2707.0 2775.0 2842.0 2910.0 2978.0 3045.0 3113.0 3180.0 3294.0 3340.0 3385.0 3431.0 3477.0 3523.0 3569.0 3615.0 3706.0 3752.0 3798.0 3844.0 3889.0 3935.0 3981.0 4027.0 4118.0 4164.0 4210.0 4256.0 4302.0 4348.0 4393.0 4439.0 4466.0 4446.0 4427.0 4407.0 4388.0 4368.0 4349.0 4329.0 4291.0 4271.0 4252.0 4232.0 4213.0 4193.0 4174.0 4154.0 4116.0 4096.0 4077.0 4057.0 4038.0 4018.0 3999.0 3979.0 3929.0 3898.0 3867.0 3836.0 3805.0 3774.0 3743.0 3712.0 3650.0 3619.0 3588.0 3557.0 3526.0 3495.0 3464.0 3433.0 3371.0 3340.0 3309.0 3278.0 3247.0 3216.0 3185.0 3154.0 3097.0 3072.0 3046.0 3020.0 2994.0 2969.0 2943.0 2917.0 2866.0 2840.0 2815.0 2789.0 2763.0 2737.0 2712.0 2686.0 2635.0 2609.0 2583.0 2558.0
agregarAgente --UnidadTermicaSimple
200.0
100.0
agregarAgente --DemandaFija
999.3 996.6 993.0 995.7 992.1 996.6 1001.1 1004.7 1009.2 1012.8 1017.3 1011.9 1007.4 1007.4 1007.4 1008.3 1008.3 1009.2 1009.2 1010.1 1009.2 1001.1 993.0 984.9 975.9 967.8 961.5 959.7 961.5 971.4 980.4 990.3 999.3 1009.2 1018.2 1020.9 1026.3 1029.9 1032.6 1034.4 1037.1 1038.9 1041.6 1044.3 1046.1 1038.9 1031.7 1024.5 1018.2 1011.0 1004.7 1002.9 995.7 992.1 989.4 985.8 983.1 980.4 977.7 971.4 972.3 978.6 984.9 992.1 998.4 1004.7 1011.9 1018.2 1032.6 1022.7 1012.8 1003.8 993.0 984.0 973.2 981.3 990.3 1005.6 1020.0 1034.4 1049.7 1063.2 1079.4 1080.3 1071.3 1064.1 1056.0 1047.9 1040.7 1032.6 1024.5 1014.6 1009.2 999.3 989.4 979.5 969.6 959.7 949.8 954.3 966.9 984.0 1002.9 1020.0 1038.9 1056.0 1074.9 1081.2 1089.3 1094.7 1101.9 1107.3 1114.5 1120.8 1127.1 1129.8 1122.6 1086.6 1050.6 1014.6 978.6 941.7 906.6 898.5 895.8 901.2 907.5 912.9 917.4 922.8 928.2 935.4 941.7 953.4 963.3 973.2 984.0 994.8 1004.7 1005.6 997.5 977.7 957.9 937.2 917.4 897.6 877.8 868.8 864.3 865.2 866.1 866.1 867.0 867.0 867.0 870.6 874.2 884.1 894.0 903.0 912.9 922.8 932.7 933.6 924.6 911.1 897.6 883.2 870.6 857.1 842.7 833.7 828.3 827.4 826.5 825.6 825.6 824.7 824.7 827.4 830.1 839.1 847.2 856.2 865.2 873.3 882.3 881.4 872.4 856.2 839.1 822.0 804.0 787.8 770.7 761.7 757.2 759.9 761.7 764.4 767.1 768.0 770.7 775.2 782.4 795.0 806.7 818.4 831.0 841.8 853.5 857.1 852.6 836.4 820.2 804.0 787.8 771.6 756.3 747.3 730.2 722.1 714.0 706.8 700.5 692.4 685.2 677.1 677.1 701.4 726.6 750.9 776.1 800.4 825.6 832.8 841.8 846.3 850.8 856.2 860.7 866.1 870.6 870.6 878.7 885.9 892.2 899.4 907.5 914.7 921.9 929.1 943.5 956.1 968.7 983.1 995.7 1008.3 1021.8 1029.0 1029.9 1018.2 1005.6 993.0 980.4 967.8 956.1 949.8 942.6 949.8 957.9 966.0 974.1 981.3 989.4 987.6 989.4 993.0 996.6 999.3 1002.9 1006.5 1010.1 1013.7 1003.8 977.7 950.7 925.5 899.4 873.3 847.2 834.6 831.9 856.2 879.6 903.0 927.3 950.7 974.1 986.7 1002.0 1011.9 1021.8 1031.7 1040.7 1050.6 1060.5 1065.0 1064.1 1049.7 1036.2 1020.9 1007.4 993.0 979.5 973.2 971.4 968.7 966.0 963.3 960.6 957.9 955.2 960.6 964.2 964.2 965.1 964.2 966.0 965.1 966.0 966.0 950.7 921.9 892.2 863.4 833.7 804.9 776.1 763.5 758.1 768.0 779.7 789.6 800.4 811.2 821.1 830.1 842.7 839.1 836.4 832.8 830.1 827.4 823.8 828.3 819.3 795.9 773.4 751.8
crearDespacho --mercado --conDemandaTotal
4
0.02 0.07 0.145 1.0
370.0 600.0 2400.0 4000.0
999.3 996.6 993.0 995.7 992.1 996.6 1001.1 1004.7 1009.2 1012.8 1017.3 1011.9 1007.4 1007.4 1007.4 1008.3 1008.3 1009.2 1009.2 1010.1 1009.2 1001.1 993.0 984.9 975.9 967.8 961.5 959.7 961.5 971.4 980.4 990.3 999.3 1009.2 1018.2 1020.9 1026.3 1029.9 1032.6 1034.4 1037.1 1038.9 1041.6 1044.3 1046.1 1038.9 1031.7 1024.5 1018.2 1011.0 1004.7 1002.9 995.7 992.1 989.4 985.8 983.1 980.4 977.7 971.4 972.3 978.6 984.9 992.1 998.4 1004.7 1011.9 1018.2 1032.6 1022.7 1012.8 1003.8 993.0 984.0 973.2 981.3 990.3 1005.6 1020.0 1034.4 1049.7 1063.2 1079.4 1080.3 1071.3 1064.1 1056.0 1047.9 1040.7 1032.6 1024.5 1014.6 1009.2 999.3 989.4 979.5 969.6 959.7 949.8 954.3 966.9 984.0 1002.9 1020.0 1038.9 1056.0 1074.9 1081.2 1089.3 1094.7 1101.9 1107.3 1114.5 1120.8 1127.1 1129.8 1122.6 1086.6 1050.6 1014.6 978.6 941.7 906.6 898.5 895.8 901.2 907.5 912.9 917.4 922.8 928.2 935.4 941.7 953.4 963.3 973.2 984.0 994.8 1004.7 1005.6 997.5 977.7 957.9 937.2 917.4 897.6 877.8 868.8 864.3 865.2 866.1 866.1 867.0 867.0 867.0 870.6 874.2 884.1 894.0 903.0 912.9 922.8 932.7 933.6 924.6 911.1 897.6 883.2 870.6 857.1 842.7 833.7 828.3 827.4 826.5 825.6 825.6 824.7 824.7 827.4 830.1 839.1 847.2 856.2 865.2 873.3 882.3 881.4 872.4 856.2 839.1 822.0 804.0 787.8 770.7 761.7 757.2 759.9 761.7 764.4 767.1 768.0 770.7 775.2 782.4 795.0 806.7 818.4 831.0 841.8 853.5 857.1 852.6 836.4 820.2 804.0 787.8 771.6 756.3 747.3 730.2 722.1 714.0 706.8 700.5 692.4 685.2 677.1 677.1 701.4 726.6 750.9 776.1 800.4 825.6 832.8 841.8 846.3 850.8 856.2 860.7 866.1 870.6 870.6 878.7 885.9 892.2 899.4 907.5 914.7 921.9 929.1 943.5 956.1 968.7 983.1 995.7 1008.3 1021.8 1029.0 1029.9 1018.2 1005.6 993.0 980.4 967.8 956.1 949.8 942.6 949.8 957.9 966.0 974.1 981.3 989.4 987.6 989.4 993.0 996.6 999.3 1002.9 1006.5 1010.1 1013.7 1003.8 977.7 950.7 925.5 899.4 873.3 847.2 834.6 831.9 856.2 879.6 903.0 927.3 950.7 974.1 986.7 1002.0 1011.9 1021.8 1031.7 1040.7 1050.6 1060.5 1065.0 1064.1 1049.7 1036.2 1020.9 1007.4 993.0 979.5 973.2 971.4 968.7 966.0 963.3 960.6 957.9 955.2 960.6 964.2 964.2 965.1 964.2 966.0 965.1 966.0 966.0 950.7 921.9 892.2 863.4 833.7 804.9 776.1 763.5 758.1 768.0 779.7 789.6 800.4 811.2 821.1 830.1 842.7 839.1 836.4 832.8 830.1 827.4 823.8 828.3 819.3 795.9 773.4 751.8
configurarSolver --Gurobi
resolver --noConstante ejecuciones/bancos/recombinados/v1/directo/sgtm/v1_sgtm_000159.csv
finalizar
