inicializar --t 360
agregarAgente --SaltoGrande
0.000623
2108599337.0
3015.0 3010.0 3005.0 2999.0 2991.0 2987.0 2984.0 2980.0 2977.0 2973.0 2970.0 2966.0 2960.0 2956.0 2953.0 2949.0 2946.0 2942.0 2939.0 2935.0 2929.0 2925.0 2922.0 2918.0 2915.0 2911.0 2908.0 2904.0 2907.0 2912.0 2918.0 2924.0 2929.0 2935.0 2941.0 2946.0 2958.0 2963.0 2969.0 2975.0 2980.0 2986.0 2992.0 2997.0 3009.0 3014.0 3020.0 3026.0 3031.0 3037.0 3043.0 3048.0 3063.0 3072.0 3082.0 3091.0 3100.0 3109.0 3118.0 3127.0 3146.0 3155.0 3164.0 3173.0 3183.0 3192.0 3201.0 3210.0 3229.0 3238.0 3247.0 3256.0 3265.0 3274.0 3284.0 3293.0 3304.0 3306.0 3308.0 3310.0 3312.0 3314.0 3317.0 3319.0 3323.0 3325.0 3327.0 3329.0 3331.0 3333.0 3335.0 3337.0 3341.0 3343.0 3346.0 3348.0 3350.0 3352.0 3354.0 3356.0 3354.0 3350.0 3347.0 3343.0 3339.0 3335.0 3332.0 3328.0 3320.0 3316.0 3313.0 3309.0 3305.0 3301.0 3298.0 3294.0 3286.0 3282.0 3279.0 3275.0 3271.0 3267.0 3264.0 3260.0 3251.0 3245.0 3240.0 3234.0 3229.0 3223.0 3218.0 3212.0 3201.0 3196.0 3190.0 3185.0 3179.0 3174.0 3168.0 3163.0 3152.0 3146.0 3141.0 3135.0 3130.0 3124.0 3119.0 3113.0 3106.0 3104.0 3103.0 3101.0 3099.0 3097.0 3095.0 3093.0 3090.0 3088.0 3086.0 3084.0 3083.0 3081.0 3079.0 3077.0 3074.0 3072.0 3070.0 3068.0 3066.0 3064.0 3063.0 3061.0 3066.0 3072.0 3079.0 3086.0 3092.0 3099.0 3106.0 3112.0 3126.0 3132.0 3139.0 3146.0 3152.0 3159.0 3166.0 3172.0 3186.0 3192.0 3199.0 3206.0 3212.0 3219.0 3226.0 3232.0 3239.0 3239.0 3239.0 3239.0 3239.0 3239.0 3239.0 3239.0 3239.0 3239.0 3239.0 3239.0 3239.0 3239.0 3239.0 3239.0 3239.0 3239.0 3239.0 3239.0 3239.0 3239.0 3239.0 3239.0 3236.0 3233.0 3229.0 3226.0 3223.0 3220.0 3217.0 3214.0 3207.0 3204.0 3201.0 3198.0 3194.0 3191.0 3188.0 3185.0 3178.0 3175.0 3172.0 3169.0 3166.0 3163.0 3159.0 3156.0 3147.0 3141.0 3135.0 3130.0 3124.0 3118.0 3112.0 3106.0 3094.0 3089.0 3083.0 3077.0 3071.0 3065.0 3059.0 3054.0 3042.0 3036.0 3030.0 3024.0 3018.0 3013.0 3007.0 3001.0 2993.0 2992.0 2990.0 2988.0 2987.0 2985.0 2983.0 2982.0 2978.0 2977.0 2975.0 2973.0 2972.0 2970.0 2968.0 2967.0 2963.0 2962.0 2960.0 2958.0 2957.0 2955.0 2953.0 2952.0 2941.0 2931.0 2922.0 2913.0 2904.0 2894.0 2885.0 2876.0 2857.0 2848.0 2839.0 2830.0 2820.0 2811.0 2802.0 2793.0 2774.0 2765.0 2756.0 2746.0 2737.0 2728.0 2719.0 2709.0 2702.0 2703.0 2705.0 2707.0 2708.0 2710.0 2712.0 2713.0 2717.0 2718.0 2720.0 2722.0 2723.0 2725.0 2727.0 2728.0 2732.0 2733.0 2735.0 2737.0 2738.0 2740.0 2742.0 2743.0 2750.0 2755.0 2760.0 2765.0 2770.0 2775.0 2780.0 2785.0 2795.0 2800.0 2805.0 2810.0 2816.0 2821.0 2826.0 2831.0 2841.0 2846.0 2851.0 2856.0
agregarAgente --UnidadTermicaSimple
200.0
100.0
agregarAgente --DemandaFija
296.4 298.8 300.6 294.0 286.2 283.8 282.6 281.4 279.6 279.0 277.2 276.0 278.4 286.8 296.4 305.4 314.4 323.4 332.4 336.0 336.6 324.0 310.8 298.2 286.2 273.0 260.4 257.4 257.4 265.8 274.2 282.0 289.8 298.2 306.6 309.0 318.6 334.2 350.4 366.6 382.8 398.4 414.0 421.2 419.4 393.0 366.0 340.2 313.2 286.8 260.4 252.0 250.8 251.4 253.2 255.0 256.8 258.0 259.8 267.0 277.8 304.2 330.6 357.0 383.4 409.8 436.8 439.8 435.6 412.2 389.4 366.6 343.8 320.4 297.6 289.8 283.8 289.2 294.0 298.8 303.6 308.4 313.8 316.2 319.2 334.2 350.4 366.0 381.0 396.6 412.2 412.8 409.8 415.8 421.2 427.8 433.2 438.6 444.0 441.6 437.4 442.8 448.8 453.6 459.6 465.0 471.0 469.8 469.8 459.6 449.4 438.6 428.4 418.2 408.0 408.6 410.4 380.4 351.0 321.6 291.6 262.2 232.2 232.2 229.8 226.2 223.2 219.6 216.6 213.0 210.0 207.0 207.6 211.2 214.2 217.8 220.8 224.4 227.4 231.0 233.4 239.4 245.4 250.2 255.6 261.6 267.0 266.4 272.4 267.0 262.2 256.8 252.0 247.2 241.8 247.8 253.2 246.0 239.4 231.6 225.0 217.8 210.6 209.4 204.6 199.8 195.6 192.0 187.8 184.2 180.6 176.4 174.6 175.2 175.8 177.0 177.0 178.2 178.8 180.0 184.2 186.6 189.0 192.0 193.8 196.2 198.6 201.0 200.4 198.0 195.0 192.0 189.6 186.6 183.6 180.6 181.2 190.2 199.8 209.4 219.0 229.2 238.2 241.2 245.4 247.2 249.0 250.8 252.0 253.8 255.6 256.8 253.2 244.8 235.8 227.4 219.0 210.0 201.0 196.2 195.0 196.2 196.2 197.4 197.4 198.6 198.6 202.8 208.8 211.8 214.2 216.6 219.0 220.8 223.8 226.2 225.6 223.2 220.8 217.8 214.8 212.4 210.0 207.0 209.4 214.2 219.0 223.2 228.0 233.4 237.6 242.4 251.4 255.0 259.2 263.4 267.0 271.2 274.8 279.0 277.8 272.4 266.4 261.0 256.2 250.2 244.8 239.4 236.4 238.8 241.2 243.6 246.0 247.8 250.2 252.6 256.8 258.6 259.8 261.0 262.8 264.6 265.8 267.0 264.0 259.8 255.0 250.2 246.0 241.2 236.4 232.2 223.2 219.0 214.8 210.0 205.8 201.6 197.4 192.6 193.8 199.2 204.0 209.4 214.8 220.2 225.6 231.0 233.4 231.6 229.2 226.2 223.8 221.4 219.0 216.6 222.0 229.8 237.6 245.4 253.2 260.4 268.8 276.0 286.8 289.8 292.8 295.8 298.8 301.8 304.2 307.8 308.4 306.0 303.6 301.2 298.2 295.8 294.0 291.6 291.6 293.4 295.8 297.6 300.0 301.8 304.2 306.0 310.8 313.2 315.6 317.4 319.8 322.2 324.6 327.0 323.4 318.0 312.6 306.6
crearDespacho --mercado --conDemandaTotal
4
0.02 0.07 0.145 1.0
370.0 600.0 2400.0 4000.0
872.84 879.91 885.21 865.77 842.8 835.74 832.2 828.67 823.37 821.6 816.3 812.77 819.83 844.57 872.84 899.34 925.85 952.35 978.85 989.46 991.22 954.12 915.25 878.14 842.8 803.93 766.83 757.99 757.99 782.73 807.47 830.44 853.41 878.14 902.88 909.95 938.22 984.16 1031.86 1079.57 1127.27 1173.21 1219.15 1240.35 1235.05 1157.31 1077.8 1001.82 922.31 844.57 766.83 742.09 738.56 740.32 745.63 750.93 756.23 759.76 765.06 786.26 818.07 895.81 973.55 1051.3 1129.04 1206.78 1286.29 1295.13 1282.76 1213.85 1146.71 1079.57 1012.43 943.52 876.38 853.41 835.74 851.64 865.77 879.91 894.04 908.18 924.08 931.15 939.98 984.16 1031.86 1077.8 1121.97 1167.91 1213.85 1215.62 1206.78 1224.45 1240.35 1259.79 1275.69 1291.59 1307.5 1300.43 1288.06 1303.96 1321.63 1335.77 1353.43 1369.34 1387.0 1383.47 1383.47 1353.43 1323.4 1291.59 1261.56 1231.52 1201.48 1203.25 1208.55 1120.21 1033.63 947.05 858.71 772.13 683.78 683.78 676.72 666.12 657.28 646.68 637.85 627.24 618.41 609.58 611.34 621.94 630.78 641.38 650.21 660.82 669.65 680.25 687.32 704.99 722.66 736.79 752.69 770.36 786.26 784.5 802.17 786.26 772.13 756.23 742.09 727.96 712.05 729.72 745.63 724.42 704.99 682.02 662.58 641.38 620.18 616.64 602.51 588.37 576.0 565.4 553.04 542.43 531.83 519.46 514.16 515.93 517.7 521.23 521.23 524.76 526.53 530.07 542.43 549.5 556.57 565.4 570.7 577.77 584.84 591.91 590.14 583.07 574.24 565.4 558.34 549.5 540.67 531.83 533.6 560.1 588.37 616.64 644.91 674.95 701.45 710.29 722.66 727.96 733.26 738.56 742.09 747.39 752.69 756.23 745.63 720.89 694.39 669.65 644.91 618.41 591.91 577.77 574.24 577.77 577.77 581.31 581.31 584.84 584.84 597.21 614.88 623.71 630.78 637.85 644.91 650.21 659.05 666.12 664.35 657.28 650.21 641.38 632.54 625.48 618.41 609.58 616.64 630.78 644.91 657.28 671.42 687.32 699.69 713.82 740.32 750.93 763.29 775.66 786.26 798.63 809.23 821.6 818.07 802.17 784.5 768.6 754.46 736.79 720.89 704.99 696.15 703.22 710.29 717.36 724.42 729.72 736.79 743.86 756.23 761.53 765.06 768.6 773.9 779.2 782.73 786.26 777.43 765.06 750.93 736.79 724.42 710.29 696.15 683.78 657.28 644.91 632.54 618.41 606.04 593.67 581.31 567.17 570.7 586.61 600.74 616.64 632.54 648.45 664.35 680.25 687.32 682.02 674.95 666.12 659.05 651.98 644.91 637.85 653.75 676.72 699.69 722.66 745.63 766.83 791.56 812.77 844.57 853.41 862.24 871.07 879.91 888.74 895.81 906.41 908.18 901.11 894.04 886.98 878.14 871.07 865.77 858.71 858.71 864.01 871.07 876.38 883.44 888.74 895.81 901.11 915.25 922.31 929.38 934.68 941.75 948.82 955.88 962.95 952.35 936.45 920.55 902.88
configurarSolver --Gurobi
resolver --noConstante ejecuciones/bancos/recombinados/v1/directo/sgtm/v1_sgtm_000440.csv
finalizar
