inicializar --t 360
agregarAgente --SaltoGrande
0.001192
2509064937.0
6595.0 6561.0 6528.0 6494.0 6421.0 6381.0 6341.0 6301.0 6261.0 6221.0 6181.0 6141.0 6061.0 6021.0 5981.0 5941.0 5900.0 5860.0 5820.0 5780.0 5700.0 5660.0 5620.0 5580.0 5540.0 5500.0 5460.0 5420.0 5353.0 5326.0 5299.0 5272.0 5244.0 5217.0 5190.0 5163.0 5109.0 5082.0 5055.0 5028.0 5000.0 4973.0 4946.0 4919.0 4865.0 4838.0 4811.0 4784.0 4756.0 4729.0 4702.0 4675.0 4622.0 4596.0 4570.0 4544.0 4519.0 4493.0 4467.0 4441.0 4389.0 4363.0 4337.0 4311.0 4286.0 4260.0 4234.0 4208.0 4156.0 4130.0 4104.0 4078.0 4053.0 4027.0 4001.0 3975.0 3933.0 3918.0 3902.0 3887.0 3871.0 3856.0 3840.0 3825.0 3794.0 3778.0 3763.0 3747.0 3732.0 3716.0 3701.0 3685.0 3654.0 3639.0 3623.0 3608.0 3592.0 3577.0 3561.0 3546.0 3519.0 3508.0 3497.0 3486.0 3475.0 3464.0 3454.0 3443.0 3421.0 3410.0 3399.0 3388.0 3377.0 3366.0 3355.0 3344.0 3322.0 3311.0 3301.0 3290.0 3279.0 3268.0 3257.0 3246.0 3237.0 3239.0 3241.0 3243.0 3245.0 3247.0 3248.0 3250.0 3254.0 3256.0 3258.0 3260.0 3262.0 3264.0 3266.0 3268.0 3272.0 3274.0 3275.0 3277.0 3279.0 3281.0 3283.0 3285.0 3285.0 3284.0 3282.0 3281.0 3279.0 3277.0 3276.0 3274.0 3271.0 3269.0 3268.0 3266.0 3265.0 3263.0 3262.0 3260.0 3257.0 3255.0 3254.0 3252.0 3250.0 3249.0 3247.0 3246.0 3241.0 3239.0 3236.0 3234.0 3231.0 3229.0 3226.0 3224.0 3218.0 3216.0 3213.0 3211.0 3208.0 3206.0 3203.0 3201.0 3195.0 3193.0 3190.0 3188.0 3185.0 3183.0 3180.0 3178.0 3175.0 3174.0 3174.0 3173.0 3173.0 3173.0 3172.0 3172.0 3171.0 3171.0 3170.0 3170.0 3169.0 3169.0 3168.0 3168.0 3167.0 3167.0 3166.0 3166.0 3166.0 3165.0 3165.0 3164.0 3170.0 3175.0 3181.0 3186.0 3192.0 3198.0 3203.0 3209.0 3220.0 3226.0 3231.0 3237.0 3242.0 3248.0 3253.0 3259.0 3270.0 3276.0 3281.0 3287.0 3293.0 3298.0 3304.0 3309.0 3319.0 3322.0 3326.0 3330.0 3334.0 3337.0 3341.0 3345.0 3352.0 3356.0 3359.0 3363.0 3367.0 3371.0 3374.0 3378.0 3385.0 3389.0 3393.0 3396.0 3400.0 3404.0 3408.0 3411.0 3430.0 3445.0 3459.0 3474.0 3489.0 3504.0 3518.0 3533.0 3563.0 3578.0 3592.0 3607.0 3622.0 3637.0 3651.0 3666.0 3696.0 3711.0 3725.0 3740.0 3755.0 3770.0 3784.0 3799.0 3818.0 3822.0 3825.0 3829.0 3833.0 3837.0 3841.0 3845.0 3852.0 3856.0 3860.0 3864.0 3867.0 3871.0 3875.0 3879.0 3886.0 3890.0 3894.0 3898.0 3902.0 3906.0 3909.0 3913.0 3945.0 3973.0 4001.0 4029.0 4057.0 4085.0 4113.0 4141.0 4197.0 4225.0 4253.0 4281.0 4310.0 4338.0 4366.0 4394.0 4450.0 4478.0 4506.0 4534.0 4562.0 4590.0 4618.0 4646.0 4666.0 4658.0 4649.0 4641.0 4633.0 4625.0 4617.0 4609.0 4592.0 4584.0 4576.0 4568.0 4559.0 4551.0 4543.0 4535.0 4518.0 4510.0 4502.0 4494.0
agregarAgente --UnidadTermicaSimple
200.0
100.0
agregarAgente --DemandaFija
515.1 436.8 358.5 358.5 358.5 479.1 600.6 722.1 842.7 964.2 1085.7 1085.7 1085.7 1056.0 1028.1 1000.2 972.3 943.5 915.6 915.6 915.6 875.1 834.6 793.2 752.7 711.3 669.9 669.9 669.9 768.0 865.2 963.3 1059.6 1157.7 1254.9 1254.9 1254.9 1249.5 1244.1 1238.7 1233.3 1227.9 1222.5 1222.5 1222.5 1142.4 1061.4 981.3 901.2 820.2 741.0 741.0 741.0 785.1 831.0 875.1 920.1 966.0 1010.1 1010.1 1010.1 944.4 879.6 813.9 749.1 683.4 618.6 618.6 618.6 615.9 612.3 609.6 606.9 604.2 601.5 601.5 601.5 651.9 703.2 754.5 805.8 857.1 908.4 908.4 908.4 849.9 790.5 732.9 673.5 615.9 556.5 556.5 556.5 490.8 425.1 359.4 293.7 228.0 162.3 162.3 162.3 230.7 298.2 366.6 434.1 502.5 570.0 570.0 570.0 566.4 562.8 559.2 555.6 552.0 548.4 548.4 548.4 505.2 462.0 417.9 374.7 330.6 287.4 287.4 287.4 427.8 567.3 707.7 848.1 987.6 1128.0 1128.0 1128.0 1108.2 1089.3 1068.6 1049.7 1029.9 1011.0 1011.0 1011.0 938.1 867.0 794.1 723.0 651.0 578.1 578.1 578.1 687.0 795.9 904.8 1013.7 1123.5 1232.4 1232.4 1232.4 1173.0 1115.4 1056.9 998.4 939.9 881.4 881.4 881.4 814.8 750.0 683.4 617.7 551.1 485.4 485.4 485.4 617.7 750.0 882.3 1014.6 1146.9 1279.2 1279.2 1279.2 1233.3 1185.6 1138.8 1092.0 1044.3 998.4 998.4 998.4 900.3 803.1 705.9 608.7 511.5 414.3 414.3 414.3 537.6 660.9 785.1 908.4 1031.7 1155.9 1155.9 1155.9 1116.3 1076.7 1036.2 996.6 957.0 917.4 917.4 917.4 835.5 753.6 671.7 590.7 508.8 426.9 426.9 426.9 471.9 516.0 560.1 605.1 650.1 694.2 694.2 694.2 768.0 841.8 914.7 988.5 1061.4 1135.2 1135.2 1135.2 1047.9 961.5 874.2 786.9 698.7 612.3 612.3 612.3 664.5 717.6 769.8 822.0 875.1 927.3 927.3 927.3 909.3 890.4 872.4 854.4 835.5 816.6 816.6 816.6 746.4 676.2 606.9 535.8 466.5 395.4 395.4 395.4 375.6 355.8 335.1 315.3 294.6 274.8 274.8 274.8 260.4 246.0 231.6 217.2 201.9 187.5 187.5 187.5 189.3 191.1 193.8 195.6 197.4 199.2 199.2 199.2 257.7 314.4 372.0 429.6 487.2 543.9 543.9 543.9 600.6 656.4 713.1 768.9 824.7 882.3 882.3 882.3 829.2 777.9 726.6 674.4 623.1 570.9 570.9 570.9 621.3 670.8 721.2 771.6 821.1 871.5 871.5 871.5 859.8 848.1 836.4 823.8 812.1 800.4 800.4 800.4 698.7 597.0 495.3 393.6 291.0 189.3 189.3 189.3 296.4 403.5 510.6 617.7 724.8 831.9 831.9 831.9 769.8 707.7 645.6 584.4 522.3 460.2 460.2 460.2 408.0 356.7 303.6
crearDespacho --mercado --conDemandaTotal
4
0.02 0.07 0.145 1.0
370.0 600.0 2400.0 4000.0
561.09 475.8 390.51 390.51 390.51 521.88 654.23 786.58 917.94 1050.29 1182.64 1182.64 1182.64 1150.29 1119.9 1089.51 1059.12 1027.74 997.35 997.35 997.35 953.24 909.12 864.02 819.91 774.81 729.71 729.71 729.71 836.57 942.45 1049.31 1154.21 1261.07 1366.95 1366.95 1366.95 1361.07 1355.18 1349.3 1343.42 1337.54 1331.65 1331.65 1331.65 1244.4 1156.17 1068.92 981.67 893.43 807.16 807.16 807.16 855.2 905.2 953.24 1002.25 1052.25 1100.29 1100.29 1100.29 1028.72 958.14 886.57 815.99 744.42 673.83 673.83 673.83 670.89 666.97 664.03 661.09 658.15 655.21 655.21 655.21 710.11 765.99 821.87 877.75 933.63 989.51 989.51 989.51 925.79 861.08 798.34 733.64 670.89 606.19 606.19 606.19 534.62 463.06 391.49 319.92 248.36 176.79 176.79 176.79 251.3 324.83 399.33 472.86 547.37 620.89 620.89 620.89 616.97 613.05 609.13 605.21 601.29 597.37 597.37 597.37 550.31 503.25 455.21 408.16 360.12 313.06 313.06 313.06 466.0 617.95 770.89 923.83 1075.78 1228.72 1228.72 1228.72 1207.15 1186.56 1164.01 1143.43 1121.86 1101.27 1101.27 1101.27 1021.86 944.41 865.0 787.56 709.13 629.72 629.72 629.72 748.34 866.96 985.59 1104.21 1223.82 1342.44 1342.44 1342.44 1277.74 1214.99 1151.27 1087.55 1023.82 960.1 960.1 960.1 887.55 816.97 744.42 672.85 600.31 528.74 528.74 528.74 672.85 816.97 961.08 1105.19 1249.3 1393.42 1393.42 1393.42 1343.42 1291.46 1240.48 1189.5 1137.54 1087.55 1087.55 1087.55 980.69 874.81 768.93 663.05 557.17 451.29 451.29 451.29 585.6 719.91 855.2 989.51 1123.82 1259.11 1259.11 1259.11 1215.97 1172.84 1128.72 1085.58 1042.45 999.31 999.31 999.31 910.1 820.89 731.67 643.44 554.23 465.02 465.02 465.02 514.04 562.07 610.11 659.13 708.15 756.18 756.18 756.18 836.57 916.96 996.37 1076.76 1156.17 1236.56 1236.56 1236.56 1141.47 1047.35 952.26 857.16 761.09 666.97 666.97 666.97 723.83 781.67 838.53 895.39 953.24 1010.1 1010.1 1010.1 990.49 969.9 950.3 930.69 910.1 889.51 889.51 889.51 813.04 736.58 661.09 583.64 508.15 430.7 430.7 430.7 409.14 387.57 365.02 343.45 320.9 299.34 299.34 299.34 283.65 267.96 252.28 236.59 219.93 204.24 204.24 204.24 206.2 208.16 211.1 213.06 215.03 216.99 216.99 216.99 280.71 342.47 405.22 467.96 530.7 592.46 592.46 592.46 654.23 715.01 776.77 837.55 898.34 961.08 961.08 961.08 903.24 847.36 791.48 734.62 678.74 621.87 621.87 621.87 676.77 730.69 785.59 840.49 894.41 949.31 949.31 949.31 936.57 923.83 911.08 897.36 884.61 871.87 871.87 871.87 761.09 650.31 539.52 428.74 316.98 206.2 206.2 206.2 322.87 439.53 556.19 672.85 789.52 906.18 906.18 906.18 838.53 770.89 703.24 636.58 568.94 501.29 501.29 501.29 444.43 388.55 330.71
configurarSolver --Gurobi
resolver --noConstante ejecuciones/bancos/recombinados/v1/directo/sgtm/v1_sgtm_000071.csv
finalizar
