inicializar --t 360
agregarAgente --SaltoGrande
0.000543
2250689819.0
2790.0 2783.0 2776.0 2770.0 2770.0 2778.0 2785.0 2792.0 2800.0 2807.0 2814.0 2822.0 2836.0 2844.0 2851.0 2858.0 2866.0 2873.0 2880.0 2888.0 2902.0 2910.0 2917.0 2924.0 2932.0 2939.0 2946.0 2954.0 2949.0 2936.0 2924.0 2912.0 2899.0 2887.0 2875.0 2862.0 2838.0 2825.0 2813.0 2801.0 2788.0 2776.0 2764.0 2751.0 2727.0 2714.0 2702.0 2690.0 2677.0 2665.0 2653.0 2640.0 2624.0 2619.0 2615.0 2611.0 2606.0 2602.0 2597.0 2593.0 2584.0 2580.0 2576.0 2571.0 2567.0 2562.0 2558.0 2554.0 2545.0 2541.0 2536.0 2532.0 2527.0 2523.0 2519.0 2514.0 2508.0 2505.0 2503.0 2500.0 2498.0 2496.0 2493.0 2491.0 2486.0 2484.0 2481.0 2479.0 2476.0 2474.0 2471.0 2469.0 2464.0 2462.0 2459.0 2457.0 2455.0 2452.0 2450.0 2447.0 2451.0 2457.0 2464.0 2470.0 2476.0 2482.0 2488.0 2494.0 2507.0 2513.0 2519.0 2525.0 2532.0 2538.0 2544.0 2550.0 2563.0 2569.0 2575.0 2581.0 2587.0 2593.0 2600.0 2606.0 2624.0 2636.0 2647.0 2659.0 2671.0 2683.0 2694.0 2706.0 2730.0 2742.0 2753.0 2765.0 2777.0 2789.0 2800.0 2812.0 2836.0 2848.0 2859.0 2871.0 2883.0 2895.0 2906.0 2918.0 2927.0 2924.0 2920.0 2917.0 2914.0 2911.0 2908.0 2905.0 2898.0 2895.0 2892.0 2889.0 2885.0 2882.0 2879.0 2876.0 2869.0 2866.0 2863.0 2860.0 2857.0 2854.0 2850.0 2847.0 2843.0 2842.0 2841.0 2839.0 2838.0 2837.0 2836.0 2835.0 2833.0 2831.0 2830.0 2829.0 2828.0 2827.0 2826.0 2824.0 2822.0 2821.0 2820.0 2819.0 2818.0 2816.0 2815.0 2814.0 2807.0 2801.0 2796.0 2790.0 2784.0 2778.0 2772.0 2766.0 2755.0 2749.0 2743.0 2737.0 2732.0 2726.0 2720.0 2714.0 2703.0 2697.0 2691.0 2685.0 2679.0 2673.0 2668.0 2662.0 2647.0 2637.0 2628.0 2618.0 2609.0 2599.0 2590.0 2580.0 2562.0 2552.0 2543.0 2533.0 2524.0 2514.0 2505.0 2495.0 2477.0 2467.0 2458.0 2448.0 2439.0 2429.0 2420.0 2410.0 2411.0 2422.0 2432.0 2442.0 2452.0 2463.0 2473.0 2483.0 2504.0 2514.0 2524.0 2534.0 2545.0 2555.0 2565.0 2575.0 2596.0 2606.0 2616.0 2627.0 2637.0 2647.0 2657.0 2668.0 2686.0 2695.0 2703.0 2712.0 2720.0 2729.0 2737.0 2746.0 2762.0 2771.0 2779.0 2788.0 2796.0 2805.0 2813.0 2822.0 2838.0 2847.0 2855.0 2864.0 2872.0 2881.0 2889.0 2898.0 2912.0 2918.0 2924.0 2930.0 2936.0 2942.0 2948.0 2954.0 2966.0 2972.0 2978.0 2984.0 2991.0 2997.0 3003.0 3009.0 3021.0 3027.0 3033.0 3039.0 3045.0 3051.0 3057.0 3063.0 3069.0 3068.0 3068.0 3068.0 3067.0 3067.0 3066.0 3066.0 3065.0 3065.0 3065.0 3064.0 3064.0 3063.0 3063.0 3063.0 3062.0 3062.0 3061.0 3061.0 3060.0 3060.0 3060.0 3059.0 3055.0 3050.0 3046.0 3042.0 3037.0 3033.0 3028.0 3024.0 3015.0 3011.0 3007.0 3002.0 2998.0 2993.0 2989.0 2985.0 2976.0 2972.0 2967.0 2963.0
agregarAgente --UnidadTermicaSimple
200.0
100.0
agregarAgente --DemandaFija
273.0 273.9 275.7 276.6 278.4 288.3 299.1 309.9 319.8 330.6 341.4 341.4 344.1 340.5 336.0 332.4 327.0 321.6 318.0 321.6 324.3 318.0 311.7 305.4 299.1 292.8 286.5 284.7 282.0 282.0 282.0 281.1 282.0 282.9 282.0 280.2 279.3 276.6 275.7 273.0 271.2 268.5 266.7 267.6 276.6 310.8 344.1 378.3 411.6 445.8 479.1 487.2 493.5 514.2 536.7 558.3 579.0 601.5 622.2 621.3 615.0 608.7 603.3 597.0 591.6 585.3 579.9 574.5 561.9 530.4 498.0 465.6 433.2 401.7 369.3 362.1 360.3 378.3 396.3 415.2 432.3 450.3 468.3 472.8 483.6 483.6 483.6 483.6 484.5 483.6 484.5 489.9 486.3 468.3 449.4 430.5 412.5 393.6 375.6 367.5 355.8 356.7 357.6 357.6 358.5 359.4 360.3 356.7 366.6 378.3 390.0 402.6 415.2 427.8 439.5 450.3 448.5 412.5 376.5 339.6 303.6 266.7 230.7 217.2 212.7 218.1 224.4 229.8 237.0 243.3 248.7 257.7 273.9 282.0 290.1 298.2 305.4 314.4 321.6 329.7 324.3 311.7 299.1 285.6 273.0 259.5 246.9 233.4 218.1 214.5 211.8 209.1 206.4 203.7 201.0 198.3 201.9 210.0 217.2 224.4 232.5 239.7 246.9 254.1 255.9 250.5 246.0 239.7 234.3 229.8 224.4 218.1 208.2 201.9 196.5 191.1 185.7 180.3 174.0 168.6 171.3 178.5 186.6 193.8 201.9 209.1 216.3 224.4 230.7 233.4 234.3 236.1 238.8 239.7 241.5 239.7 247.8 257.7 267.6 277.5 287.4 297.3 307.2 316.2 327.9 326.1 325.2 324.3 323.4 321.6 320.7 323.4 315.3 307.2 297.3 290.1 280.2 271.2 262.2 251.4 246.9 252.3 256.8 261.3 264.9 269.4 274.8 281.1 290.1 291.9 293.7 295.5 297.3 299.1 300.9 302.7 293.7 283.8 273.0 261.3 251.4 240.6 230.7 219.9 220.8 233.4 246.0 258.6 271.2 283.8 295.5 308.1 326.1 332.4 337.8 344.1 349.5 355.8 362.1 367.5 359.4 346.8 334.2 320.7 307.2 294.6 281.1 266.7 260.4 267.6 274.8 282.9 290.1 297.3 304.5 313.5 326.1 335.1 344.1 353.1 362.1 371.1 380.1 383.7 374.7 367.5 358.5 351.3 343.2 334.2 327.0 313.5 301.8 315.3 328.8 342.3 355.8 368.4 381.9 382.8 393.6 407.1 421.5 435.0 447.6 462.0 475.5 483.6 485.4 503.4 523.2 542.1 561.0 579.0 597.9 590.7 585.3 588.0 589.8 591.6 594.3 597.0 598.8 601.5 609.6 614.1 620.4 625.8 631.2 637.5 642.0 648.3 654.6 609.6 563.7 517.8 471.9 426.9 380.1 380.1 363.9 359.4 354.9 350.4 345.9 341.4 336.0 319.8 309.0 343.2 377.4 410.7 444.9 478.2 511.5 516.9 519.6 499.8 480.9 462.0
crearDespacho --mercado --conDemandaTotal
4
0.02 0.07 0.145 1.0
370.0 600.0 2400.0 4000.0
585.52 587.45 591.31 593.24 597.1 618.33 641.5 664.66 685.89 709.06 732.22 732.22 738.01 730.29 720.64 712.92 701.34 689.75 682.03 689.75 695.54 682.03 668.52 655.01 641.5 627.98 614.47 610.61 604.82 604.82 604.82 602.89 604.82 606.75 604.82 600.96 599.03 593.24 591.31 585.52 581.66 575.87 572.01 573.94 593.24 666.59 738.01 811.36 882.78 956.13 1027.55 1044.93 1058.44 1102.83 1151.09 1197.42 1241.81 1290.07 1334.47 1332.54 1319.03 1305.51 1293.93 1280.42 1268.84 1255.33 1243.74 1232.16 1205.14 1137.58 1068.09 998.6 929.11 861.55 792.06 776.62 772.76 811.36 849.97 890.5 927.18 965.78 1004.39 1014.04 1037.2 1037.2 1037.2 1037.2 1039.13 1037.2 1039.13 1050.72 1042.99 1004.39 963.85 923.32 884.71 844.18 805.57 788.2 763.1 765.03 766.96 766.96 768.9 770.83 772.76 765.03 786.27 811.36 836.45 863.48 890.5 917.53 942.62 965.78 961.92 884.71 807.5 728.36 651.15 572.01 494.8 465.84 456.19 467.77 481.28 492.86 508.31 521.82 533.4 552.7 587.45 604.82 622.19 639.57 655.01 674.31 689.75 707.13 695.54 668.52 641.5 612.54 585.52 556.56 529.54 500.59 467.77 460.05 454.26 448.47 442.68 436.89 431.1 425.31 433.03 450.4 465.84 481.28 498.66 514.1 529.54 544.98 548.84 537.26 527.61 514.1 502.52 492.86 481.28 467.77 446.54 433.03 421.44 409.86 398.28 386.7 373.19 361.61 367.4 382.84 400.21 415.65 433.03 448.47 463.91 481.28 494.8 500.59 502.52 506.38 512.17 514.1 517.96 514.1 531.47 552.7 573.94 595.17 616.4 637.64 658.87 678.17 703.27 699.4 697.47 695.54 693.61 689.75 687.82 693.61 676.24 658.87 637.64 622.19 600.96 581.66 562.36 539.19 529.54 541.12 550.77 560.42 568.15 577.8 589.38 602.89 622.19 626.05 629.91 633.78 637.64 641.5 645.36 649.22 629.91 608.68 585.52 560.42 539.19 516.03 494.8 471.63 473.56 500.59 527.61 554.63 581.66 608.68 633.78 660.8 699.4 712.92 724.5 738.01 749.59 763.1 776.62 788.2 770.83 743.8 716.78 687.82 658.87 631.85 602.89 572.01 558.49 573.94 589.38 606.75 622.19 637.64 653.08 672.38 699.4 718.71 738.01 757.31 776.62 795.92 815.22 822.94 803.64 788.2 768.9 753.45 736.08 716.78 701.34 672.38 647.29 676.24 705.2 734.15 763.1 790.13 819.08 821.01 844.18 873.13 904.01 932.97 959.99 990.88 1019.83 1037.2 1041.06 1079.67 1122.14 1162.67 1203.21 1241.81 1282.35 1266.91 1255.33 1261.12 1264.98 1268.84 1274.63 1280.42 1284.28 1290.07 1307.44 1317.09 1330.61 1342.19 1353.77 1367.28 1376.93 1390.45 1403.96 1307.44 1209.0 1110.55 1012.11 915.6 815.22 815.22 780.48 770.83 761.17 751.52 741.87 732.22 720.64 685.89 662.73 736.08 809.43 880.85 954.2 1025.62 1097.04 1108.62 1114.42 1071.95 1031.41 990.88
configurarSolver --Gurobi
resolver --noConstante ejecuciones/bancos/recombinados/v1/directo/sgtm/v1_sgtm_000187.csv
finalizar
