inicializar --t 360
agregarAgente --SaltoGrande
0.000397
1115367887.0
4429.0 4465.0 4500.0 4536.0 4639.0 4705.0 4772.0 4839.0 4906.0 4972.0 5039.0 5106.0 5239.0 5306.0 5373.0 5440.0 5506.0 5573.0 5640.0 5707.0 5840.0 5907.0 5974.0 6040.0 6107.0 6174.0 6241.0 6307.0 6456.0 6537.0 6619.0 6701.0 6783.0 6864.0 6946.0 7028.0 7191.0 7273.0 7355.0 7437.0 7518.0 7600.0 7682.0 7764.0 7927.0 8009.0 8091.0 8172.0 8254.0 8336.0 8418.0 8499.0 8609.0 8636.0 8664.0 8692.0 8719.0 8747.0 8775.0 8802.0 8858.0 8885.0 8913.0 8941.0 8968.0 8996.0 9024.0 9051.0 9107.0 9134.0 9162.0 9190.0 9217.0 9245.0 9273.0 9300.0 9337.0 9347.0 9356.0 9365.0 9374.0 9384.0 9393.0 9402.0 9421.0 9430.0 9439.0 9448.0 9458.0 9467.0 9476.0 9485.0 9504.0 9513.0 9522.0 9532.0 9541.0 9550.0 9559.0 9569.0 9563.0 9548.0 9533.0 9519.0 9504.0 9489.0 9474.0 9459.0 9429.0 9415.0 9400.0 9385.0 9370.0 9355.0 9340.0 9326.0 9296.0 9281.0 9266.0 9251.0 9236.0 9222.0 9207.0 9192.0 9139.0 9102.0 9064.0 9026.0 8989.0 8951.0 8913.0 8876.0 8800.0 8763.0 8725.0 8687.0 8650.0 8612.0 8574.0 8537.0 8461.0 8424.0 8386.0 8348.0 8311.0 8273.0 8235.0 8198.0 8103.0 8046.0 7988.0 7931.0 7874.0 7817.0 7760.0 7703.0 7588.0 7531.0 7474.0 7417.0 7359.0 7302.0 7245.0 7188.0 7073.0 7016.0 6959.0 6902.0 6845.0 6788.0 6730.0 6673.0 6584.0 6553.0 6521.0 6490.0 6458.0 6427.0 6395.0 6364.0 6301.0 6269.0 6238.0 6206.0 6175.0 6143.0 6112.0 6080.0 6017.0 5986.0 5954.0 5923.0 5891.0 5860.0 5828.0 5797.0 5725.0 5684.0 5644.0 5603.0 5563.0 5523.0 5482.0 5442.0 5361.0 5321.0 5280.0 5240.0 5199.0 5159.0 5118.0 5078.0 4997.0 4957.0 4916.0 4876.0 4836.0 4795.0 4755.0 4714.0 4648.0 4623.0 4597.0 4571.0 4545.0 4520.0 4494.0 4468.0 4417.0 4391.0 4366.0 4340.0 4314.0 4288.0 4263.0 4237.0 4186.0 4160.0 4134.0 4109.0 4083.0 4057.0 4031.0 4006.0 3950.0 3920.0 3891.0 3861.0 3831.0 3801.0 3772.0 3742.0 3682.0 3652.0 3623.0 3593.0 3563.0 3533.0 3504.0 3474.0 3414.0 3384.0 3355.0 3325.0 3295.0 3265.0 3236.0 3206.0 3161.0 3145.0 3130.0 3114.0 3099.0 3083.0 3068.0 3052.0 3021.0 3006.0 2990.0 2975.0 2959.0 2944.0 2928.0 2913.0 2882.0 2866.0 2851.0 2835.0 2820.0 2804.0 2789.0 2773.0 2755.0 2753.0 2750.0 2747.0 2744.0 2742.0 2739.0 2736.0 2731.0 2728.0 2726.0 2723.0 2720.0 2717.0 2715.0 2712.0 2707.0 2704.0 2701.0 2699.0 2696.0 2693.0 2690.0 2688.0 2677.0 2669.0 2661.0 2653.0 2645.0 2637.0 2629.0 2621.0 2605.0 2597.0 2589.0 2581.0 2573.0 2565.0 2557.0 2549.0 2533.0 2525.0 2517.0 2509.0 2501.0 2493.0 2485.0 2477.0 2471.0 2474.0 2476.0 2479.0 2481.0 2483.0 2486.0 2488.0 2493.0 2495.0 2498.0 2500.0 2503.0 2505.0 2508.0 2510.0 2515.0 2517.0 2520.0 2522.0
agregarAgente --UnidadTermicaSimple
200.0
100.0
agregarAgente --DemandaFija
301.2 295.8 289.8 284.4 283.2 287.4 291.0 295.2 299.4 303.0 307.2 311.4 318.0 321.0 323.4 326.4 328.8 331.2 334.2 337.2 337.2 335.4 333.0 331.2 328.8 327.0 324.6 322.2 322.2 323.4 325.2 327.0 328.8 331.2 332.4 334.2 337.2 339.6 340.8 342.6 345.0 346.2 348.0 349.8 348.6 345.6 343.2 339.6 336.6 334.2 331.2 328.8 325.8 330.6 335.4 340.2 344.4 349.2 353.4 353.4 355.2 357.6 360.0 363.0 365.4 367.8 370.2 371.4 366.6 354.6 342.0 330.0 318.0 306.0 293.4 286.8 280.2 285.6 291.6 297.6 303.0 308.4 313.8 313.8 315.0 316.8 319.2 321.0 322.8 325.2 327.0 328.8 330.0 322.2 315.6 308.4 301.2 293.4 286.2 285.0 277.2 270.6 264.6 258.6 252.0 245.4 238.8 232.8 232.8 241.2 249.0 257.4 265.2 273.0 280.8 287.4 293.4 291.6 289.2 287.4 285.0 283.2 280.8 280.2 281.4 283.8 286.8 288.6 291.0 292.8 295.2 297.0 300.0 300.6 301.8 302.4 303.6 304.2 304.8 306.0 304.8 302.4 300.6 298.2 296.4 294.0 292.2 289.8 287.4 292.8 297.6 302.4 307.2 312.0 316.8 316.2 316.8 319.8 322.8 326.4 329.4 332.4 335.4 336.6 334.8 325.2 315.0 305.4 295.2 285.0 274.8 273.0 270.6 273.6 276.6 279.6 282.6 286.2 288.6 289.2 289.8 292.8 294.6 297.0 299.4 301.2 304.2 304.8 300.6 292.2 283.2 273.6 264.6 255.6 246.0 241.8 238.2 240.0 241.8 243.6 244.8 246.6 247.8 250.2 252.0 253.8 255.6 256.8 258.6 259.8 261.0 261.6 255.6 247.8 240.0 232.2 224.4 216.6 208.2 202.2 202.2 211.2 220.8 230.4 239.4 249.0 258.6 265.8 273.0 274.8 277.2 279.0 280.8 283.2 285.6 285.6 279.6 271.2 262.2 252.6 243.6 235.2 226.2 219.6 211.2 220.8 230.4 240.0 249.6 259.2 268.8 267.6 270.6 279.0 286.8 295.2 303.0 312.0 319.2 324.0 324.0 305.4 285.6 265.8 246.6 226.8 207.6 202.2 195.6 193.2 190.8 187.8 184.8 181.8 179.4 178.2 181.2 186.0 191.4 196.2 200.4 205.2 210.0 214.8 217.2 221.4 225.0 229.8 233.4 238.2 241.8 240.0 245.4 251.4 257.4 262.8 268.2 274.2 280.8 288.6 297.6 295.2 292.8 289.8 287.4 285.0 282.6 283.8 280.2 274.8 270.0 264.6 259.8 254.4 249.0 243.6 242.4 256.8 270.6 285.0 298.2 312.0 325.8 329.4 336.6 338.4 340.2 342.6 343.8 346.2 347.4 351.0 349.2 334.8 321.0 307.2 294.0 279.6 266.4 261.0 260.4 269.4 278.4 287.4 295.8 304.8 313.8 317.4 324.0 324.6 325.8 326.4 327.0 327.6 328.8 331.2 327.6 319.2 311.4 303.6
crearDespacho --mercado --conDemandaTotal
4
0.02 0.07 0.145 1.0
370.0 600.0 2400.0 4000.0
815.4 800.78 784.54 769.92 766.67 778.04 787.79 799.16 810.53 820.28 831.65 843.02 860.88 869.01 875.5 883.62 890.12 896.62 904.74 912.86 912.86 907.99 901.49 896.62 890.12 885.25 878.75 872.25 872.25 875.5 880.38 885.25 890.12 896.62 899.87 904.74 912.86 919.36 922.61 927.48 933.98 937.23 942.1 946.97 943.72 935.6 929.1 919.36 911.24 904.74 896.62 890.12 882.0 894.99 907.99 920.98 932.35 945.35 956.72 956.72 961.59 968.09 974.59 982.71 989.2 995.7 1002.2 1005.45 992.45 959.97 925.86 893.37 860.88 828.4 794.29 776.42 758.55 773.17 789.41 805.66 820.28 834.9 849.51 849.51 852.76 857.64 864.13 869.01 873.88 880.38 885.25 890.12 893.37 872.25 854.39 834.9 815.4 794.29 774.8 771.55 750.43 732.56 716.32 700.08 682.21 664.34 646.48 630.23 630.23 652.97 674.09 696.83 717.94 739.06 760.18 778.04 794.29 789.41 782.92 778.04 771.55 766.67 760.18 758.55 761.8 768.3 776.42 781.29 787.79 792.66 799.16 804.03 812.15 813.78 817.03 818.65 821.9 823.52 825.15 828.4 825.15 818.65 813.78 807.28 802.41 795.91 791.04 784.54 778.04 792.66 805.66 818.65 831.65 844.64 857.64 856.01 857.64 865.76 873.88 883.62 891.75 899.87 907.99 911.24 906.36 880.38 852.76 826.77 799.16 771.55 743.93 739.06 732.56 740.69 748.81 756.93 765.05 774.8 781.29 782.92 784.54 792.66 797.54 804.03 810.53 815.4 823.52 825.15 813.78 791.04 766.67 740.69 716.32 691.96 665.97 654.6 644.85 649.72 654.6 659.47 662.72 667.59 670.84 677.34 682.21 687.08 691.96 695.2 700.08 703.33 706.57 708.2 691.96 670.84 649.72 628.61 607.49 586.38 563.64 547.39 547.39 571.76 597.75 623.73 648.1 674.09 700.08 719.57 739.06 743.93 750.43 755.3 760.18 766.67 773.17 773.17 756.93 734.19 709.82 683.83 659.47 636.73 612.36 594.5 571.76 597.75 623.73 649.72 675.71 701.7 727.69 724.44 732.56 755.3 776.42 799.16 820.28 844.64 864.13 877.13 877.13 826.77 773.17 719.57 667.59 613.99 562.01 547.39 529.52 523.03 516.53 508.41 500.29 492.17 485.67 482.42 490.54 503.54 518.15 531.15 542.52 555.51 568.51 581.5 588.0 599.37 609.12 622.11 631.86 644.85 654.6 649.72 664.34 680.59 696.83 711.45 726.07 742.31 760.18 781.29 805.66 799.16 792.66 784.54 778.04 771.55 765.05 768.3 758.55 743.93 730.94 716.32 703.33 688.71 674.09 659.47 656.22 695.2 732.56 771.55 807.28 844.64 882.0 891.75 911.24 916.11 920.98 927.48 930.73 937.23 940.48 950.22 945.35 906.36 869.01 831.65 795.91 756.93 721.19 706.57 704.95 729.31 753.68 778.04 800.78 825.15 849.51 859.26 877.13 878.75 882.0 883.62 885.25 886.87 890.12 896.62 886.87 864.13 843.02 821.9
configurarSolver --Gurobi
resolver --noConstante ejecuciones/bancos/recombinados/v1/directo/sgtm/v1_sgtm_000133.csv
finalizar
