inicializar --t 360
agregarAgente --SaltoGrande
0.000209
2200464102.0
5841.0 5865.0 5888.0 5912.0 5953.0 5970.0 5987.0 6004.0 6021.0 6038.0 6055.0 6072.0 6106.0 6123.0 6140.0 6157.0 6174.0 6191.0 6208.0 6225.0 6259.0 6276.0 6293.0 6310.0 6327.0 6344.0 6361.0 6378.0 6406.0 6417.0 6428.0 6439.0 6450.0 6461.0 6471.0 6482.0 6504.0 6515.0 6526.0 6537.0 6548.0 6559.0 6570.0 6581.0 6603.0 6614.0 6624.0 6635.0 6646.0 6657.0 6668.0 6679.0 6698.0 6705.0 6713.0 6721.0 6728.0 6736.0 6743.0 6751.0 6766.0 6774.0 6782.0 6789.0 6797.0 6804.0 6812.0 6820.0 6835.0 6843.0 6850.0 6858.0 6865.0 6873.0 6881.0 6888.0 6869.0 6842.0 6815.0 6788.0 6761.0 6734.0 6707.0 6680.0 6626.0 6599.0 6572.0 6545.0 6519.0 6492.0 6465.0 6438.0 6384.0 6357.0 6330.0 6303.0 6276.0 6249.0 6222.0 6195.0 6142.0 6117.0 6091.0 6065.0 6040.0 6014.0 5988.0 5963.0 5911.0 5886.0 5860.0 5834.0 5809.0 5783.0 5757.0 5732.0 5680.0 5655.0 5629.0 5603.0 5578.0 5552.0 5526.0 5501.0 5452.0 5429.0 5405.0 5382.0 5359.0 5336.0 5313.0 5290.0 5243.0 5220.0 5197.0 5174.0 5150.0 5127.0 5104.0 5081.0 5034.0 5011.0 4988.0 4965.0 4942.0 4919.0 4895.0 4872.0 4818.0 4786.0 4755.0 4723.0 4692.0 4661.0 4629.0 4598.0 4535.0 4504.0 4472.0 4441.0 4409.0 4378.0 4346.0 4315.0 4252.0 4221.0 4189.0 4158.0 4127.0 4095.0 4064.0 4032.0 4003.0 4006.0 4008.0 4011.0 4013.0 4016.0 4018.0 4021.0 4025.0 4028.0 4030.0 4033.0 4035.0 4038.0 4040.0 4043.0 4047.0 4050.0 4052.0 4055.0 4057.0 4060.0 4062.0 4065.0 4065.0 4062.0 4060.0 4057.0 4055.0 4052.0 4050.0 4047.0 4042.0 4040.0 4037.0 4035.0 4032.0 4030.0 4027.0 4025.0 4020.0 4017.0 4015.0 4012.0 4010.0 4007.0 4005.0 4002.0 4002.0 4005.0 4007.0 4009.0 4012.0 4014.0 4017.0 4019.0 4024.0 4026.0 4028.0 4031.0 4033.0 4036.0 4038.0 4040.0 4045.0 4047.0 4050.0 4052.0 4055.0 4057.0 4059.0 4062.0 4071.0 4078.0 4085.0 4092.0 4099.0 4106.0 4113.0 4120.0 4134.0 4141.0 4148.0 4155.0 4163.0 4170.0 4177.0 4184.0 4198.0 4205.0 4212.0 4219.0 4226.0 4233.0 4240.0 4247.0 4265.0 4276.0 4287.0 4299.0 4310.0 4321.0 4332.0 4343.0 4365.0 4377.0 4388.0 4399.0 4410.0 4421.0 4432.0 4444.0 4466.0 4477.0 4488.0 4499.0 4510.0 4522.0 4533.0 4544.0 4567.0 4578.0 4590.0 4601.0 4613.0 4625.0 4636.0 4648.0 4671.0 4683.0 4694.0 4706.0 4717.0 4729.0 4740.0 4752.0 4775.0 4787.0 4798.0 4810.0 4822.0 4833.0 4845.0 4856.0 4879.0 4889.0 4900.0 4911.0 4922.0 4932.0 4943.0 4954.0 4975.0 4986.0 4997.0 5008.0 5018.0 5029.0 5040.0 5051.0 5072.0 5083.0 5094.0 5104.0 5115.0 5126.0 5137.0 5147.0 5192.0 5226.0 5260.0 5294.0 5328.0 5362.0 5397.0 5431.0 5499.0 5533.0 5567.0 5601.0 5635.0 5669.0 5703.0 5737.0 5805.0 5839.0 5874.0 5908.0
agregarAgente --UnidadTermicaSimple
200.0
100.0
agregarAgente --DemandaFija
296.4 298.8 300.6 294.0 286.2 283.8 282.6 281.4 279.6 279.0 277.2 276.0 278.4 286.8 296.4 305.4 314.4 323.4 332.4 336.0 336.6 324.0 310.8 298.2 286.2 273.0 260.4 257.4 257.4 265.8 274.2 282.0 289.8 298.2 306.6 309.0 318.6 334.2 350.4 366.6 382.8 398.4 414.0 421.2 419.4 393.0 366.0 340.2 313.2 286.8 260.4 252.0 250.8 251.4 253.2 255.0 256.8 258.0 259.8 267.0 277.8 304.2 330.6 357.0 383.4 409.8 436.8 439.8 435.6 412.2 389.4 366.6 343.8 320.4 297.6 289.8 283.8 289.2 294.0 298.8 303.6 308.4 313.8 316.2 319.2 334.2 350.4 366.0 381.0 396.6 412.2 412.8 409.8 415.8 421.2 427.8 433.2 438.6 444.0 441.6 437.4 442.8 448.8 453.6 459.6 465.0 471.0 469.8 469.8 459.6 449.4 438.6 428.4 418.2 408.0 408.6 410.4 380.4 351.0 321.6 291.6 262.2 232.2 232.2 229.8 226.2 223.2 219.6 216.6 213.0 210.0 207.0 207.6 211.2 214.2 217.8 220.8 224.4 227.4 231.0 233.4 239.4 245.4 250.2 255.6 261.6 267.0 266.4 272.4 267.0 262.2 256.8 252.0 247.2 241.8 247.8 253.2 246.0 239.4 231.6 225.0 217.8 210.6 209.4 204.6 199.8 195.6 192.0 187.8 184.2 180.6 176.4 174.6 175.2 175.8 177.0 177.0 178.2 178.8 180.0 184.2 186.6 189.0 192.0 193.8 196.2 198.6 201.0 200.4 198.0 195.0 192.0 189.6 186.6 183.6 180.6 181.2 190.2 199.8 209.4 219.0 229.2 238.2 241.2 245.4 247.2 249.0 250.8 252.0 253.8 255.6 256.8 253.2 244.8 235.8 227.4 219.0 210.0 201.0 196.2 195.0 196.2 196.2 197.4 197.4 198.6 198.6 202.8 208.8 211.8 214.2 216.6 219.0 220.8 223.8 226.2 225.6 223.2 220.8 217.8 214.8 212.4 210.0 207.0 209.4 214.2 219.0 223.2 228.0 233.4 237.6 242.4 251.4 255.0 259.2 263.4 267.0 271.2 274.8 279.0 277.8 272.4 266.4 261.0 256.2 250.2 244.8 239.4 236.4 238.8 241.2 243.6 246.0 247.8 250.2 252.6 256.8 258.6 259.8 261.0 262.8 264.6 265.8 267.0 264.0 259.8 255.0 250.2 246.0 241.2 236.4 232.2 223.2 219.0 214.8 210.0 205.8 201.6 197.4 192.6 193.8 199.2 204.0 209.4 214.8 220.2 225.6 231.0 233.4 231.6 229.2 226.2 223.8 221.4 219.0 216.6 222.0 229.8 237.6 245.4 253.2 260.4 268.8 276.0 286.8 289.8 292.8 295.8 298.8 301.8 304.2 307.8 308.4 306.0 303.6 301.2 298.2 295.8 294.0 291.6 291.6 293.4 295.8 297.6 300.0 301.8 304.2 306.0 310.8 313.2 315.6 317.4 319.8 322.2 324.6 327.0 323.4 318.0 312.6 306.6
crearDespacho --mercado --conDemandaTotal
4
0.02 0.07 0.145 1.0
370.0 600.0 2400.0 4000.0
872.84 879.91 885.21 865.77 842.8 835.74 832.2 828.67 823.37 821.6 816.3 812.77 819.83 844.57 872.84 899.34 925.85 952.35 978.85 989.46 991.22 954.12 915.25 878.14 842.8 803.93 766.83 757.99 757.99 782.73 807.47 830.44 853.41 878.14 902.88 909.95 938.22 984.16 1031.86 1079.57 1127.27 1173.21 1219.15 1240.35 1235.05 1157.31 1077.8 1001.82 922.31 844.57 766.83 742.09 738.56 740.32 745.63 750.93 756.23 759.76 765.06 786.26 818.07 895.81 973.55 1051.3 1129.04 1206.78 1286.29 1295.13 1282.76 1213.85 1146.71 1079.57 1012.43 943.52 876.38 853.41 835.74 851.64 865.77 879.91 894.04 908.18 924.08 931.15 939.98 984.16 1031.86 1077.8 1121.97 1167.91 1213.85 1215.62 1206.78 1224.45 1240.35 1259.79 1275.69 1291.59 1307.5 1300.43 1288.06 1303.96 1321.63 1335.77 1353.43 1369.34 1387.0 1383.47 1383.47 1353.43 1323.4 1291.59 1261.56 1231.52 1201.48 1203.25 1208.55 1120.21 1033.63 947.05 858.71 772.13 683.78 683.78 676.72 666.12 657.28 646.68 637.85 627.24 618.41 609.58 611.34 621.94 630.78 641.38 650.21 660.82 669.65 680.25 687.32 704.99 722.66 736.79 752.69 770.36 786.26 784.5 802.17 786.26 772.13 756.23 742.09 727.96 712.05 729.72 745.63 724.42 704.99 682.02 662.58 641.38 620.18 616.64 602.51 588.37 576.0 565.4 553.04 542.43 531.83 519.46 514.16 515.93 517.7 521.23 521.23 524.76 526.53 530.07 542.43 549.5 556.57 565.4 570.7 577.77 584.84 591.91 590.14 583.07 574.24 565.4 558.34 549.5 540.67 531.83 533.6 560.1 588.37 616.64 644.91 674.95 701.45 710.29 722.66 727.96 733.26 738.56 742.09 747.39 752.69 756.23 745.63 720.89 694.39 669.65 644.91 618.41 591.91 577.77 574.24 577.77 577.77 581.31 581.31 584.84 584.84 597.21 614.88 623.71 630.78 637.85 644.91 650.21 659.05 666.12 664.35 657.28 650.21 641.38 632.54 625.48 618.41 609.58 616.64 630.78 644.91 657.28 671.42 687.32 699.69 713.82 740.32 750.93 763.29 775.66 786.26 798.63 809.23 821.6 818.07 802.17 784.5 768.6 754.46 736.79 720.89 704.99 696.15 703.22 710.29 717.36 724.42 729.72 736.79 743.86 756.23 761.53 765.06 768.6 773.9 779.2 782.73 786.26 777.43 765.06 750.93 736.79 724.42 710.29 696.15 683.78 657.28 644.91 632.54 618.41 606.04 593.67 581.31 567.17 570.7 586.61 600.74 616.64 632.54 648.45 664.35 680.25 687.32 682.02 674.95 666.12 659.05 651.98 644.91 637.85 653.75 676.72 699.69 722.66 745.63 766.83 791.56 812.77 844.57 853.41 862.24 871.07 879.91 888.74 895.81 906.41 908.18 901.11 894.04 886.98 878.14 871.07 865.77 858.71 858.71 864.01 871.07 876.38 883.44 888.74 895.81 901.11 915.25 922.31 929.38 934.68 941.75 948.82 955.88 962.95 952.35 936.45 920.55 902.88
configurarSolver --Gurobi
resolver --noConstante ejecuciones/bancos/recombinados/v1/directo/sgtm/v1_sgtm_000286.csv
finalizar
