inicializar --t 360
agregarAgente --SaltoGrande
0.000209
2509064937.0
6595.0 6561.0 6528.0 6494.0 6421.0 6381.0 6341.0 6301.0 6261.0 6221.0 6181.0 6141.0 6061.0 6021.0 5981.0 5941.0 5900.0 5860.0 5820.0 5780.0 5700.0 5660.0 5620.0 5580.0 5540.0 5500.0 5460.0 5420.0 5353.0 5326.0 5299.0 5272.0 5244.0 5217.0 5190.0 5163.0 5109.0 5082.0 5055.0 5028.0 5000.0 4973.0 4946.0 4919.0 4865.0 4838.0 4811.0 4784.0 4756.0 4729.0 4702.0 4675.0 4622.0 4596.0 4570.0 4544.0 4519.0 4493.0 4467.0 4441.0 4389.0 4363.0 4337.0 4311.0 4286.0 4260.0 4234.0 4208.0 4156.0 4130.0 4104.0 4078.0 4053.0 4027.0 4001.0 3975.0 3933.0 3918.0 3902.0 3887.0 3871.0 3856.0 3840.0 3825.0 3794.0 3778.0 3763.0 3747.0 3732.0 3716.0 3701.0 3685.0 3654.0 3639.0 3623.0 3608.0 3592.0 3577.0 3561.0 3546.0 3519.0 3508.0 3497.0 3486.0 3475.0 3464.0 3454.0 3443.0 3421.0 3410.0 3399.0 3388.0 3377.0 3366.0 3355.0 3344.0 3322.0 3311.0 3301.0 3290.0 3279.0 3268.0 3257.0 3246.0 3237.0 3239.0 3241.0 3243.0 3245.0 3247.0 3248.0 3250.0 3254.0 3256.0 3258.0 3260.0 3262.0 3264.0 3266.0 3268.0 3272.0 3274.0 3275.0 3277.0 3279.0 3281.0 3283.0 3285.0 3285.0 3284.0 3282.0 3281.0 3279.0 3277.0 3276.0 3274.0 3271.0 3269.0 3268.0 3266.0 3265.0 3263.0 3262.0 3260.0 3257.0 3255.0 3254.0 3252.0 3250.0 3249.0 3247.0 3246.0 3241.0 3239.0 3236.0 3234.0 3231.0 3229.0 3226.0 3224.0 3218.0 3216.0 3213.0 3211.0 3208.0 3206.0 3203.0 3201.0 3195.0 3193.0 3190.0 3188.0 3185.0 3183.0 3180.0 3178.0 3175.0 3174.0 3174.0 3173.0 3173.0 3173.0 3172.0 3172.0 3171.0 3171.0 3170.0 3170.0 3169.0 3169.0 3168.0 3168.0 3167.0 3167.0 3166.0 3166.0 3166.0 3165.0 3165.0 3164.0 3170.0 3175.0 3181.0 3186.0 3192.0 3198.0 3203.0 3209.0 3220.0 3226.0 3231.0 3237.0 3242.0 3248.0 3253.0 3259.0 3270.0 3276.0 3281.0 3287.0 3293.0 3298.0 3304.0 3309.0 3319.0 3322.0 3326.0 3330.0 3334.0 3337.0 3341.0 3345.0 3352.0 3356.0 3359.0 3363.0 3367.0 3371.0 3374.0 3378.0 3385.0 3389.0 3393.0 3396.0 3400.0 3404.0 3408.0 3411.0 3430.0 3445.0 3459.0 3474.0 3489.0 3504.0 3518.0 3533.0 3563.0 3578.0 3592.0 3607.0 3622.0 3637.0 3651.0 3666.0 3696.0 3711.0 3725.0 3740.0 3755.0 3770.0 3784.0 3799.0 3818.0 3822.0 3825.0 3829.0 3833.0 3837.0 3841.0 3845.0 3852.0 3856.0 3860.0 3864.0 3867.0 3871.0 3875.0 3879.0 3886.0 3890.0 3894.0 3898.0 3902.0 3906.0 3909.0 3913.0 3945.0 3973.0 4001.0 4029.0 4057.0 4085.0 4113.0 4141.0 4197.0 4225.0 4253.0 4281.0 4310.0 4338.0 4366.0 4394.0 4450.0 4478.0 4506.0 4534.0 4562.0 4590.0 4618.0 4646.0 4666.0 4658.0 4649.0 4641.0 4633.0 4625.0 4617.0 4609.0 4592.0 4584.0 4576.0 4568.0 4559.0 4551.0 4543.0 4535.0 4518.0 4510.0 4502.0 4494.0
agregarAgente --UnidadTermicaSimple
200.0
100.0
agregarAgente --DemandaFija
408.9 372.0 335.1 329.7 326.1 356.7 388.2 418.8 451.2 482.7 514.2 515.1 517.8 519.6 520.5 521.4 523.2 525.0 525.9 526.8 525.9 492.6 459.3 426.0 392.7 359.4 327.0 324.3 328.8 366.6 403.5 440.4 478.2 515.1 552.9 559.2 570.9 577.2 584.4 589.8 596.1 602.4 609.6 615.9 609.6 553.8 497.1 440.4 383.7 327.9 271.2 258.6 246.0 258.6 271.2 282.9 295.5 307.2 319.8 318.9 327.0 345.9 365.7 384.6 403.5 422.4 441.3 451.2 452.1 418.8 383.7 349.5 316.2 281.1 247.8 239.7 243.3 264.0 285.6 306.3 327.9 349.5 370.2 381.9 399.0 420.6 443.1 463.8 485.4 507.9 529.5 535.8 526.8 482.7 439.5 395.4 352.2 307.2 263.1 247.8 245.1 288.3 330.6 372.9 416.1 457.5 499.8 513.3 533.1 540.3 546.6 552.0 559.2 565.5 571.8 578.1 569.1 536.7 504.3 471.9 439.5 407.1 374.7 360.3 341.4 362.1 382.8 404.4 426.0 446.7 468.3 463.8 461.1 474.6 488.1 501.6 515.1 528.6 542.1 542.1 540.3 505.2 470.1 435.9 399.9 364.8 330.6 327.9 324.3 329.7 336.0 341.4 347.7 353.1 359.4 359.4 360.3 374.7 388.2 402.6 416.1 430.5 444.9 446.7 445.8 409.8 372.9 337.8 301.8 266.7 229.8 227.1 223.5 243.3 261.3 281.1 300.0 319.8 338.7 337.8 337.8 342.3 347.7 351.3 356.7 361.2 366.6 368.4 368.4 350.4 333.3 316.2 298.2 281.1 264.0 262.2 260.4 283.8 307.2 330.6 354.0 378.3 401.7 401.7 405.3 415.2 426.0 436.8 446.7 456.6 467.4 471.0 470.1 429.6 387.3 345.9 305.4 264.0 221.7 217.2 211.8 228.0 243.3 258.6 274.8 290.1 305.4 306.3 309.0 318.0 326.1 334.2 343.2 351.3 361.2 363.9 365.7 351.3 336.9 323.4 308.1 293.7 279.3 279.3 280.2 281.1 282.9 282.9 282.9 284.7 285.6 287.4 295.5 307.2 318.0 330.6 342.3 354.0 366.6 371.1 371.1 354.0 336.0 318.0 301.8 283.8 265.8 261.3 264.0 282.9 302.7 321.6 341.4 361.2 381.0 388.2 399.9 401.7 405.3 407.1 409.8 412.5 415.2 418.8 412.5 390.0 367.5 343.2 320.7 297.3 273.9 265.8 269.4 289.2 309.9 329.7 349.5 370.2 390.0 400.8 415.2 401.7 388.2 375.6 362.1 349.5 335.1 338.7 335.1 329.7 324.3 318.9 313.5 308.1 302.7 296.4 299.1 308.1 315.3 322.5 331.5 338.7 346.8 355.8 368.4 371.1 373.8 377.4 380.1 381.9 384.6 387.3 385.5 380.1 374.7 370.2 364.8 359.4 354.0 348.6 352.2 359.4 366.6 373.8 381.9 389.1 397.2 405.3 415.2 417.9 420.6 424.2 426.9 428.7 431.4 434.1 435.9 433.2 432.3 430.5
crearDespacho --mercado --conDemandaTotal
4
0.02 0.07 0.145 1.0
370.0 600.0 2400.0 4000.0
692.59 630.09 567.59 558.44 552.35 604.18 657.53 709.36 764.24 817.59 870.95 872.47 877.04 880.09 881.62 883.14 886.19 889.24 890.76 892.29 890.76 834.36 777.96 721.55 665.15 608.75 553.87 549.3 556.92 620.94 683.44 745.95 809.97 872.47 936.5 947.17 966.99 977.66 989.85 999.0 1009.67 1020.34 1032.54 1043.21 1032.54 938.02 841.98 745.95 649.91 555.39 459.36 438.01 416.67 438.01 459.36 479.17 500.52 520.33 541.67 540.15 553.87 585.88 619.42 651.43 683.44 715.46 747.47 764.24 765.76 709.36 649.91 591.98 535.58 476.12 419.72 406.0 412.1 447.16 483.75 518.81 555.39 591.98 627.04 646.86 675.82 712.41 750.52 785.58 822.17 860.28 896.86 907.53 892.29 817.59 744.42 669.72 596.55 520.33 445.64 419.72 415.15 488.32 559.97 631.61 704.79 774.91 846.56 869.42 902.96 915.16 925.83 934.97 947.17 957.84 968.51 979.18 963.94 909.06 854.18 799.3 744.42 689.54 634.66 610.27 578.26 613.32 648.38 684.97 721.55 756.62 793.2 785.58 781.01 803.87 826.74 849.61 872.47 895.34 918.2 918.2 915.16 855.7 796.25 738.32 677.35 617.89 559.97 555.39 549.3 558.44 569.11 578.26 588.93 598.08 608.75 608.75 610.27 634.66 657.53 681.92 704.79 729.18 753.57 756.62 755.09 694.12 631.61 572.16 511.19 451.73 389.23 384.66 378.56 412.1 442.59 476.12 508.14 541.67 573.69 572.16 572.16 579.78 588.93 595.03 604.18 611.8 620.94 623.99 623.99 593.5 564.54 535.58 505.09 476.12 447.16 444.11 441.06 480.7 520.33 559.97 599.6 640.76 680.4 680.4 686.49 703.26 721.55 739.85 756.62 773.38 791.68 797.78 796.25 727.65 656.01 585.88 517.28 447.16 375.51 367.89 358.74 386.18 412.1 438.01 465.45 491.37 517.28 518.81 523.38 538.63 552.35 566.06 581.31 595.03 611.8 616.37 619.42 595.03 570.64 547.77 521.86 497.47 473.08 473.08 474.6 476.12 479.17 479.17 479.17 482.22 483.75 486.8 500.52 520.33 538.63 559.97 579.78 599.6 620.94 628.57 628.57 599.6 569.11 538.63 511.19 480.7 450.21 442.59 447.16 479.17 512.71 544.72 578.26 611.8 645.33 657.53 677.35 680.4 686.49 689.54 694.12 698.69 703.26 709.36 698.69 660.58 622.47 581.31 543.2 503.56 463.93 450.21 456.31 489.84 524.91 558.44 591.98 627.04 660.58 678.87 703.26 680.4 657.53 636.19 613.32 591.98 567.59 573.69 567.59 558.44 549.3 540.15 531.0 521.86 512.71 502.04 506.61 521.86 534.05 546.25 561.49 573.69 587.41 602.65 623.99 628.57 633.14 639.24 643.81 646.86 651.43 656.01 652.96 643.81 634.66 627.04 617.89 608.75 599.6 590.46 596.55 608.75 620.94 633.14 646.86 659.05 672.77 686.49 703.26 707.84 712.41 718.51 723.08 726.13 730.7 735.27 738.32 733.75 732.23 729.18
configurarSolver --Gurobi
resolver --noConstante ejecuciones/bancos/recombinados/v1/directo/sgtm/v1_sgtm_000161.csv
finalizar
