inicializar --t 360
agregarAgente --SaltoGrande
0.00263
2256096256.0
2346.0 2347.0 2348.0 2348.0 2350.0 2352.0 2353.0 2355.0 2356.0 2357.0 2359.0 2360.0 2363.0 2364.0 2366.0 2367.0 2369.0 2370.0 2372.0 2373.0 2376.0 2377.0 2379.0 2380.0 2381.0 2383.0 2384.0 2386.0 2376.0 2365.0 2355.0 2344.0 2333.0 2322.0 2311.0 2300.0 2279.0 2268.0 2257.0 2246.0 2236.0 2225.0 2214.0 2203.0 2182.0 2171.0 2160.0 2149.0 2138.0 2127.0 2117.0 2106.0 2092.0 2089.0 2086.0 2083.0 2080.0 2077.0 2074.0 2071.0 2065.0 2062.0 2059.0 2056.0 2052.0 2049.0 2046.0 2043.0 2037.0 2034.0 2031.0 2028.0 2025.0 2022.0 2019.0 2016.0 2001.0 1989.0 1977.0 1964.0 1952.0 1940.0 1928.0 1916.0 1892.0 1879.0 1867.0 1855.0 1843.0 1831.0 1819.0 1806.0 1782.0 1770.0 1758.0 1746.0 1734.0 1721.0 1709.0 1697.0 1677.0 1669.0 1661.0 1653.0 1646.0 1638.0 1630.0 1622.0 1606.0 1598.0 1590.0 1582.0 1575.0 1567.0 1559.0 1551.0 1535.0 1527.0 1519.0 1511.0 1504.0 1496.0 1488.0 1480.0 1473.0 1473.0 1474.0 1475.0 1475.0 1476.0 1477.0 1477.0 1479.0 1479.0 1480.0 1481.0 1481.0 1482.0 1483.0 1483.0 1485.0 1485.0 1486.0 1487.0 1487.0 1488.0 1489.0 1489.0 1488.0 1486.0 1483.0 1481.0 1479.0 1477.0 1475.0 1473.0 1468.0 1466.0 1464.0 1462.0 1459.0 1457.0 1455.0 1453.0 1448.0 1446.0 1444.0 1442.0 1440.0 1438.0 1435.0 1433.0 1436.0 1441.0 1446.0 1451.0 1455.0 1460.0 1465.0 1470.0 1480.0 1485.0 1490.0 1495.0 1499.0 1504.0 1509.0 1514.0 1524.0 1529.0 1534.0 1539.0 1543.0 1548.0 1553.0 1558.0 1560.0 1557.0 1554.0 1551.0 1548.0 1545.0 1542.0 1539.0 1533.0 1530.0 1527.0 1524.0 1521.0 1518.0 1515.0 1512.0 1506.0 1503.0 1500.0 1497.0 1494.0 1491.0 1488.0 1485.0 1491.0 1499.0 1508.0 1517.0 1526.0 1534.0 1543.0 1552.0 1569.0 1578.0 1586.0 1595.0 1604.0 1613.0 1621.0 1630.0 1647.0 1656.0 1665.0 1673.0 1682.0 1691.0 1700.0 1708.0 1714.0 1711.0 1709.0 1706.0 1703.0 1700.0 1698.0 1695.0 1689.0 1686.0 1684.0 1681.0 1678.0 1675.0 1673.0 1670.0 1664.0 1661.0 1659.0 1656.0 1653.0 1650.0 1648.0 1645.0 1650.0 1658.0 1667.0 1675.0 1683.0 1691.0 1699.0 1707.0 1724.0 1732.0 1740.0 1748.0 1757.0 1765.0 1773.0 1781.0 1798.0 1806.0 1814.0 1822.0 1830.0 1838.0 1847.0 1855.0 1873.0 1882.0 1892.0 1901.0 1911.0 1920.0 1930.0 1939.0 1958.0 1968.0 1977.0 1987.0 1996.0 2006.0 2015.0 2025.0 2044.0 2053.0 2063.0 2072.0 2082.0 2091.0 2101.0 2110.0 2129.0 2139.0 2148.0 2157.0 2167.0 2176.0 2185.0 2195.0 2213.0 2223.0 2232.0 2241.0 2251.0 2260.0 2269.0 2279.0 2297.0 2307.0 2316.0 2325.0 2335.0 2344.0 2353.0 2363.0 2382.0 2391.0 2401.0 2411.0 2420.0 2430.0 2440.0 2449.0 2469.0 2478.0 2488.0 2498.0 2507.0 2517.0 2527.0 2536.0 2556.0 2565.0 2575.0 2585.0
agregarAgente --UnidadTermicaSimple
200.0
100.0
agregarAgente --DemandaFija
428.7 426.9 425.1 424.2 417.9 414.3 410.7 407.1 404.4 400.8 396.3 391.8 393.6 411.6 429.6 447.6 465.6 483.6 501.6 507.0 513.3 499.8 485.4 471.9 459.3 446.7 432.3 431.4 424.2 418.8 412.5 407.1 400.8 395.4 389.1 382.8 389.1 407.1 425.1 443.1 460.2 479.1 497.1 507.9 521.4 519.6 518.7 516.0 515.1 513.3 511.5 514.2 523.2 532.2 541.2 552.0 561.0 570.0 579.0 586.2 595.2 596.1 597.0 597.0 598.8 599.7 599.7 600.6 599.7 602.4 604.2 606.0 608.7 609.6 611.4 609.6 613.2 612.3 611.4 610.5 608.7 606.0 606.0 611.4 617.7 627.6 637.5 648.3 658.2 668.1 678.0 678.0 675.3 660.0 643.8 628.5 613.2 597.9 582.6 579.0 579.0 584.4 589.8 595.2 601.5 606.0 611.4 615.0 619.5 629.4 637.5 647.4 656.4 664.5 674.4 675.3 673.5 660.0 647.4 635.7 622.2 609.6 596.1 594.3 593.4 595.2 597.9 599.7 601.5 603.3 605.1 607.8 607.8 615.0 622.2 629.4 635.7 642.9 649.2 647.4 642.9 632.1 620.4 607.8 596.1 584.4 572.7 569.1 565.5 567.3 567.3 568.2 569.1 570.0 570.0 571.8 570.0 575.4 580.8 586.2 591.6 596.1 601.5 599.7 590.7 578.1 565.5 552.0 538.5 525.9 511.5 506.1 498.9 496.2 494.4 492.6 489.9 488.1 486.3 484.5 483.6 490.8 496.2 501.6 507.9 514.2 519.6 520.5 514.2 501.6 488.1 473.7 461.1 448.5 435.0 426.0 407.1 396.3 386.4 377.4 366.6 356.7 345.9 336.0 330.6 333.3 338.7 342.3 346.8 349.5 354.0 357.6 364.8 371.1 376.5 381.9 387.3 393.6 399.0 402.6 412.5 427.8 442.2 458.4 472.8 487.2 502.5 508.8 516.0 507.9 500.7 494.4 487.2 479.1 472.8 472.8 469.2 462.9 455.7 448.5 442.2 435.0 427.8 425.1 424.2 425.1 426.9 429.6 430.5 433.2 435.0 436.8 436.8 440.4 442.2 444.9 447.6 451.2 452.1 451.2 444.9 435.9 426.9 417.9 409.8 399.9 390.9 386.4 381.9 381.9 381.9 381.0 381.0 381.0 381.0 381.0 381.9 387.3 391.8 396.3 401.7 407.1 411.6 411.6 402.6 389.1 373.8 358.5 345.0 329.7 315.3 305.4 298.2 301.8 305.4 308.1 312.6 316.2 319.8 323.4 330.6 343.2 356.7 369.3 382.8 396.3 409.8 413.4 403.5 380.1 356.7 332.4 309.9 286.5 264.0 248.7 241.5 246.9 253.2 258.6 264.9 271.2 277.5 282.9 290.1 298.2 303.6 309.9 317.1 323.4 330.6 331.5 325.2 310.8 297.3 282.0 268.5 255.0 240.6 231.6 226.2 232.5 238.8 245.1 250.5 256.8 263.1 266.7 277.5 288.3 298.2 308.1 318.0 327.0 337.8 345.9 343.2 330.6 317.1 305.4
crearDespacho --mercado --conDemandaTotal
4
0.02 0.07 0.145 1.0
370.0 600.0 2400.0 4000.0
627.76 625.13 622.49 621.17 611.95 606.68 601.4 596.13 592.18 586.91 580.32 573.73 576.36 602.72 629.08 655.44 681.8 708.15 734.51 742.42 751.64 731.88 710.79 691.02 672.57 654.12 633.03 631.72 621.17 613.26 604.04 596.13 586.91 579.0 569.77 560.55 569.77 596.13 622.49 648.85 673.89 701.56 727.92 743.74 763.51 760.87 759.55 755.6 754.28 751.64 749.01 752.96 766.14 779.32 792.5 808.31 821.49 834.67 847.85 858.39 871.57 872.89 874.21 874.21 876.85 878.16 878.16 879.48 878.16 882.12 884.75 887.39 891.34 892.66 895.3 892.66 897.93 896.61 895.3 893.98 891.34 887.39 887.39 895.3 904.52 919.02 933.52 949.33 963.83 978.32 992.82 992.82 988.87 966.46 942.74 920.34 897.93 875.53 853.12 847.85 847.85 855.76 863.67 871.57 880.8 887.39 895.3 900.57 907.16 921.65 933.52 948.01 961.19 973.05 987.55 988.87 986.23 966.46 948.01 930.88 911.11 892.66 872.89 870.26 868.94 871.57 875.53 878.16 880.8 883.43 886.07 890.02 890.02 900.57 911.11 921.65 930.88 941.42 950.65 948.01 941.42 925.61 908.48 890.02 872.89 855.76 838.63 833.35 828.08 830.72 830.72 832.04 833.35 834.67 834.67 837.31 834.67 842.58 850.49 858.39 866.3 872.89 880.8 878.16 864.98 846.53 828.08 808.31 788.55 770.1 749.01 741.1 730.56 726.6 723.97 721.33 717.38 714.74 712.11 709.47 708.15 718.7 726.6 734.51 743.74 752.96 760.87 762.19 752.96 734.51 714.74 693.66 675.21 656.76 636.99 623.81 596.13 580.32 565.82 552.64 536.83 522.33 506.51 492.02 484.11 488.06 495.97 501.24 507.83 511.79 518.38 523.65 534.19 543.42 551.32 559.23 567.14 576.36 584.27 589.54 604.04 626.44 647.53 671.25 692.34 713.43 735.83 745.05 755.6 743.74 733.19 723.97 713.43 701.56 692.34 692.34 687.07 677.84 667.3 656.76 647.53 636.99 626.44 622.49 621.17 622.49 625.13 629.08 630.4 634.35 636.99 639.62 639.62 644.89 647.53 651.48 655.44 660.71 662.03 660.71 651.48 638.3 625.13 611.95 600.09 585.59 572.41 565.82 559.23 559.23 559.23 557.91 557.91 557.91 557.91 557.91 559.23 567.14 573.73 580.32 588.22 596.13 602.72 602.72 589.54 569.77 547.37 524.97 505.2 482.79 461.71 447.21 436.67 441.94 447.21 451.16 457.75 463.02 468.3 473.57 484.11 502.56 522.33 540.78 560.55 580.32 600.09 605.36 590.86 556.59 522.33 486.75 453.8 419.53 386.59 364.18 353.64 361.54 370.77 378.68 387.9 397.13 406.35 414.26 424.8 436.67 444.57 453.8 464.34 473.57 484.11 485.43 476.2 455.12 435.35 412.94 393.17 373.41 352.32 339.14 331.23 340.46 349.68 358.91 366.82 376.04 385.27 390.54 406.35 422.17 436.67 451.16 465.66 478.84 494.65 506.51 502.56 484.11 464.34 447.21
configurarSolver --Gurobi
resolver --noConstante ejecuciones/bancos/recombinados/v1/directo/sgtm/v1_sgtm_000087.csv
finalizar
