inicializar --t 360
agregarAgente --SaltoGrande
0.000536
1696918051.0
2524.0 2527.0 2529.0 2532.0 2550.0 2566.0 2582.0 2598.0 2613.0 2629.0 2645.0 2661.0 2693.0 2709.0 2725.0 2741.0 2756.0 2772.0 2788.0 2804.0 2836.0 2852.0 2868.0 2884.0 2899.0 2915.0 2931.0 2947.0 2992.0 3022.0 3051.0 3080.0 3110.0 3139.0 3169.0 3198.0 3257.0 3286.0 3315.0 3345.0 3374.0 3404.0 3433.0 3462.0 3521.0 3550.0 3580.0 3609.0 3639.0 3668.0 3697.0 3727.0 3836.0 3916.0 3996.0 4076.0 4156.0 4236.0 4315.0 4395.0 4555.0 4635.0 4715.0 4795.0 4875.0 4955.0 5035.0 5115.0 5275.0 5355.0 5434.0 5514.0 5594.0 5674.0 5754.0 5834.0 5880.0 5847.0 5813.0 5780.0 5746.0 5713.0 5679.0 5646.0 5578.0 5545.0 5511.0 5478.0 5444.0 5411.0 5377.0 5344.0 5276.0 5243.0 5209.0 5176.0 5142.0 5109.0 5075.0 5042.0 5002.0 4996.0 4990.0 4984.0 4977.0 4971.0 4965.0 4959.0 4947.0 4941.0 4935.0 4929.0 4922.0 4916.0 4910.0 4904.0 4892.0 4886.0 4880.0 4874.0 4867.0 4861.0 4855.0 4849.0 4844.0 4844.0 4845.0 4846.0 4847.0 4847.0 4848.0 4849.0 4850.0 4851.0 4852.0 4853.0 4853.0 4854.0 4855.0 4856.0 4857.0 4858.0 4859.0 4859.0 4860.0 4861.0 4862.0 4862.0 4892.0 4921.0 4950.0 4979.0 5008.0 5037.0 5066.0 5095.0 5153.0 5182.0 5211.0 5240.0 5268.0 5297.0 5326.0 5355.0 5413.0 5442.0 5471.0 5500.0 5529.0 5558.0 5587.0 5616.0 5694.0 5743.0 5793.0 5842.0 5891.0 5940.0 5989.0 6038.0 6137.0 6186.0 6235.0 6284.0 6334.0 6383.0 6432.0 6481.0 6580.0 6629.0 6678.0 6727.0 6776.0 6825.0 6875.0 6924.0 7007.0 7041.0 7076.0 7110.0 7144.0 7178.0 7212.0 7246.0 7315.0 7349.0 7383.0 7417.0 7452.0 7486.0 7520.0 7554.0 7623.0 7657.0 7691.0 7725.0 7759.0 7793.0 7828.0 7862.0 7929.0 7962.0 7996.0 8029.0 8062.0 8095.0 8129.0 8162.0 8228.0 8261.0 8295.0 8328.0 8361.0 8394.0 8428.0 8461.0 8527.0 8560.0 8594.0 8627.0 8660.0 8693.0 8727.0 8760.0 8809.0 8826.0 8842.0 8858.0 8874.0 8891.0 8907.0 8923.0 8956.0 8972.0 8989.0 9005.0 9021.0 9037.0 9054.0 9070.0 9103.0 9119.0 9135.0 9152.0 9168.0 9184.0 9200.0 9217.0 9234.0 9236.0 9237.0 9239.0 9240.0 9242.0 9243.0 9245.0 9248.0 9249.0 9251.0 9252.0 9254.0 9255.0 9257.0 9258.0 9261.0 9263.0 9264.0 9266.0 9267.0 9269.0 9270.0 9272.0 9239.0 9205.0 9172.0 9138.0 9104.0 9070.0 9037.0 9003.0 8935.0 8901.0 8868.0 8834.0 8800.0 8766.0 8733.0 8699.0 8631.0 8597.0 8564.0 8530.0 8496.0 8462.0 8429.0 8395.0 8324.0 8287.0 8250.0 8213.0 8177.0 8140.0 8103.0 8066.0 7992.0 7955.0 7918.0 7881.0 7845.0 7808.0 7771.0 7734.0 7660.0 7623.0 7586.0 7549.0 7513.0 7476.0 7439.0 7402.0 7332.0 7298.0 7265.0 7231.0 7198.0 7164.0 7131.0 7097.0 7030.0 6997.0 6963.0 6930.0 6896.0 6863.0 6829.0 6796.0 6729.0 6695.0 6662.0 6628.0
agregarAgente --UnidadTermicaSimple
200.0
100.0
agregarAgente --DemandaFija
295.8 288.0 279.6 273.6 271.2 276.6 281.4 286.2 291.0 296.4 301.2 304.8 310.2 318.0 326.4 333.6 341.4 349.8 357.6 358.8 356.4 357.0 357.6 358.8 360.0 360.6 361.8 357.6 356.4 356.4 355.8 355.2 355.2 355.2 355.2 357.0 360.0 370.2 380.4 390.0 399.6 409.2 419.4 419.4 414.0 427.8 442.2 456.0 470.4 484.2 498.6 492.6 487.2 495.6 504.0 511.8 520.2 528.6 537.0 537.6 540.0 550.2 561.0 572.4 582.6 593.4 603.6 605.4 603.0 568.8 535.2 501.0 467.4 433.2 399.0 394.8 387.0 367.8 349.8 331.2 312.0 294.0 274.8 271.8 271.2 270.0 270.0 270.0 269.4 269.4 268.8 271.2 266.4 255.0 244.2 233.4 222.6 211.8 200.4 193.2 188.4 202.8 217.8 232.8 247.8 262.8 277.8 279.6 285.6 298.2 311.4 324.0 337.2 350.4 363.0 366.6 362.4 344.4 327.0 309.6 291.0 274.2 255.6 248.4 244.8 248.4 252.0 256.2 260.4 264.6 268.2 271.8 278.4 280.8 284.4 287.4 290.4 293.4 295.8 300.0 298.2 294.6 290.4 285.6 280.8 277.2 272.4 267.6 270.0 272.4 275.4 278.4 282.0 285.0 288.6 295.2 303.0 299.4 296.4 293.4 289.8 286.8 283.8 285.0 276.6 277.2 276.0 275.4 274.8 274.2 273.6 264.0 261.6 273.0 285.0 297.0 309.0 321.0 332.4 339.6 348.6 356.4 363.6 370.2 378.0 384.6 391.2 393.6 384.6 372.0 359.4 346.2 333.6 320.4 306.6 295.2 288.6 291.0 294.0 296.4 298.8 301.2 303.0 308.4 317.4 320.4 324.0 327.0 330.6 333.6 337.2 341.4 339.6 328.8 318.0 307.2 296.4 285.6 275.4 268.8 256.2 249.6 243.6 237.0 231.0 224.4 217.8 211.8 206.4 208.2 209.4 210.6 212.4 213.6 214.2 216.0 213.6 214.2 214.2 214.2 214.2 214.2 213.6 210.6 207.0 209.4 211.2 213.6 215.4 218.4 220.8 220.8 222.6 224.4 226.8 228.6 231.0 234.0 235.8 237.6 239.4 227.4 216.6 205.2 193.8 182.4 171.6 171.6 171.6 166.2 160.2 155.4 149.4 144.0 138.6 138.6 140.4 154.8 169.8 184.2 198.6 213.6 228.0 228.6 227.4 207.6 186.6 166.2 145.8 124.8 105.0 103.2 101.4 123.6 145.8 169.2 191.4 214.2 237.0 237.6 238.8 240.6 241.8 244.2 245.4 247.8 249.0 250.2 249.6 226.2 203.4 180.0 156.0 132.6 109.8 108.0 106.8 127.2 147.6 167.4 187.8 207.6 228.0 228.6 232.2 234.6 237.0 238.8 241.2 243.6 245.4 248.4 248.4 239.4 229.8 220.8 211.8 202.2 193.2 190.8 189.0 213.0 236.4 260.4 283.2 307.2 331.2 331.8 335.4 337.8 339.6 342.6 344.4 347.4 349.2 352.2 351.6 327.0 302.4 277.2
crearDespacho --mercado --conDemandaTotal
4
0.02 0.07 0.145 1.0
370.0 600.0 2400.0 4000.0
760.2 740.15 718.57 703.15 696.98 710.86 723.19 735.53 747.86 761.74 774.08 783.33 797.21 817.25 838.84 857.34 877.39 898.98 919.02 922.11 915.94 917.48 919.02 922.11 925.19 926.73 929.82 919.02 915.94 915.94 914.4 912.86 912.86 912.86 912.86 917.48 925.19 951.41 977.62 1002.29 1026.96 1051.63 1077.85 1077.85 1063.97 1099.44 1136.44 1171.91 1208.92 1244.38 1281.39 1265.97 1252.09 1273.68 1295.27 1315.31 1336.9 1358.49 1380.08 1381.62 1387.79 1414.0 1441.76 1471.05 1497.27 1525.02 1551.24 1555.86 1549.7 1461.8 1375.45 1287.56 1201.21 1113.31 1025.42 1014.63 994.58 945.24 898.98 851.18 801.83 755.57 706.23 698.52 696.98 693.89 693.89 693.89 692.35 692.35 690.81 696.98 684.64 655.34 627.59 599.83 572.08 544.32 515.02 496.52 484.18 521.19 559.74 598.29 636.84 675.39 713.94 718.57 733.99 766.37 800.29 832.67 866.6 900.52 932.9 942.15 931.36 885.1 840.38 795.66 747.86 704.69 656.89 638.38 629.13 638.38 647.63 658.43 669.22 680.02 689.27 698.52 715.48 721.65 730.9 738.61 746.32 754.03 760.2 770.99 766.37 757.12 746.32 733.99 721.65 712.4 700.06 687.73 693.89 700.06 707.77 715.48 724.73 732.44 741.7 758.66 778.7 769.45 761.74 754.03 744.78 737.07 729.36 732.44 710.86 712.4 709.31 707.77 706.23 704.69 703.15 678.47 672.31 701.6 732.44 763.28 794.12 824.96 854.26 872.76 895.89 915.94 934.44 951.41 971.45 988.41 1005.38 1011.54 988.41 956.03 923.65 889.73 857.34 823.42 787.96 758.66 741.7 747.86 755.57 761.74 767.91 774.08 778.7 792.58 815.71 823.42 832.67 840.38 849.63 857.34 866.6 877.39 872.76 845.01 817.25 789.5 761.74 733.99 707.77 690.81 658.43 641.47 626.05 609.08 593.66 576.7 559.74 544.32 530.44 535.07 538.15 541.24 545.86 548.95 550.49 555.12 548.95 550.49 550.49 550.49 550.49 550.49 548.95 541.24 531.99 538.15 542.78 548.95 553.57 561.28 567.45 567.45 572.08 576.7 582.87 587.5 593.66 601.37 606.0 610.63 615.25 584.41 556.66 527.36 498.06 468.76 441.01 441.01 441.01 427.13 411.71 399.37 383.95 370.08 356.2 356.2 360.82 397.83 436.38 473.39 510.4 548.95 585.95 587.5 584.41 533.53 479.56 427.13 374.7 320.73 269.85 265.22 260.6 317.65 374.7 434.84 491.89 550.49 609.08 610.63 613.71 618.34 621.42 627.59 630.67 636.84 639.92 643.01 641.47 581.33 522.73 462.6 400.92 340.78 282.18 277.56 274.47 326.9 379.33 430.21 482.64 533.53 585.95 587.5 596.75 602.92 609.08 613.71 619.88 626.05 630.67 638.38 638.38 615.25 590.58 567.45 544.32 519.65 496.52 490.35 485.73 547.41 607.54 669.22 727.82 789.5 851.18 852.72 861.97 868.14 872.76 880.47 885.1 892.81 897.44 905.15 903.6 840.38 777.16 712.4
configurarSolver --Gurobi
resolver --noConstante ejecuciones/bancos/recombinados/v1/directo/sgtm/v1_sgtm_000374.csv
finalizar
