inicializar --t 360
agregarAgente --SaltoGrande
0.006866
2133902914.0
4486.0 4478.0 4469.0 4461.0 4450.0 4446.0 4443.0 4439.0 4436.0 4433.0 4429.0 4426.0 4419.0 4416.0 4412.0 4409.0 4405.0 4402.0 4398.0 4395.0 4388.0 4385.0 4381.0 4378.0 4375.0 4371.0 4368.0 4364.0 4356.0 4351.0 4345.0 4340.0 4335.0 4330.0 4324.0 4319.0 4309.0 4304.0 4298.0 4293.0 4288.0 4283.0 4277.0 4272.0 4262.0 4257.0 4251.0 4246.0 4241.0 4236.0 4230.0 4225.0 4213.0 4206.0 4198.0 4191.0 4184.0 4177.0 4170.0 4163.0 4148.0 4141.0 4134.0 4127.0 4119.0 4112.0 4105.0 4098.0 4083.0 4076.0 4069.0 4062.0 4055.0 4048.0 4040.0 4033.0 4013.0 4000.0 3986.0 3973.0 3960.0 3947.0 3933.0 3920.0 3894.0 3881.0 3867.0 3854.0 3841.0 3828.0 3814.0 3801.0 3775.0 3762.0 3748.0 3735.0 3722.0 3709.0 3695.0 3682.0 3661.0 3653.0 3645.0 3637.0 3629.0 3621.0 3613.0 3605.0 3589.0 3581.0 3573.0 3565.0 3556.0 3548.0 3540.0 3532.0 3516.0 3508.0 3500.0 3492.0 3484.0 3476.0 3468.0 3460.0 3446.0 3440.0 3434.0 3428.0 3422.0 3416.0 3410.0 3404.0 3392.0 3386.0 3380.0 3374.0 3368.0 3362.0 3356.0 3350.0 3338.0 3332.0 3326.0 3320.0 3314.0 3308.0 3302.0 3296.0 3314.0 3339.0 3363.0 3388.0 3412.0 3437.0 3461.0 3486.0 3535.0 3559.0 3584.0 3608.0 3633.0 3657.0 3682.0 3706.0 3755.0 3780.0 3804.0 3829.0 3853.0 3878.0 3902.0 3927.0 3983.0 4015.0 4046.0 4078.0 4110.0 4142.0 4174.0 4206.0 4269.0 4301.0 4333.0 4365.0 4396.0 4428.0 4460.0 4492.0 4555.0 4587.0 4619.0 4651.0 4683.0 4715.0 4746.0 4778.0 4787.0 4765.0 4742.0 4720.0 4697.0 4675.0 4652.0 4630.0 4585.0 4562.0 4540.0 4517.0 4495.0 4472.0 4450.0 4427.0 4382.0 4360.0 4337.0 4315.0 4292.0 4270.0 4247.0 4225.0 4182.0 4162.0 4142.0 4122.0 4103.0 4083.0 4063.0 4043.0 4003.0 3983.0 3963.0 3943.0 3924.0 3904.0 3884.0 3864.0 3824.0 3804.0 3784.0 3764.0 3745.0 3725.0 3705.0 3685.0 3649.0 3633.0 3617.0 3601.0 3585.0 3569.0 3553.0 3537.0 3505.0 3489.0 3473.0 3457.0 3441.0 3425.0 3409.0 3393.0 3361.0 3345.0 3329.0 3313.0 3297.0 3281.0 3265.0 3249.0 3225.0 3218.0 3210.0 3202.0 3195.0 3187.0 3180.0 3172.0 3157.0 3149.0 3141.0 3134.0 3126.0 3119.0 3111.0 3103.0 3088.0 3080.0 3073.0 3065.0 3058.0 3050.0 3042.0 3035.0 3024.0 3022.0 3019.0 3017.0 3014.0 3012.0 3009.0 3007.0 3002.0 2999.0 2997.0 2994.0 2992.0 2989.0 2987.0 2984.0 2979.0 2977.0 2974.0 2972.0 2969.0 2967.0 2964.0 2962.0 2958.0 2958.0 2957.0 2957.0 2956.0 2956.0 2955.0 2955.0 2954.0 2953.0 2953.0 2952.0 2952.0 2951.0 2951.0 2950.0 2949.0 2949.0 2948.0 2948.0 2947.0 2947.0 2946.0 2946.0 2938.0 2932.0 2925.0 2918.0 2911.0 2905.0 2898.0 2891.0 2878.0 2871.0 2864.0 2857.0 2851.0 2844.0 2837.0 2830.0 2817.0 2810.0 2803.0 2797.0
agregarAgente --UnidadTermicaSimple
200.0
100.0
agregarAgente --DemandaFija
514.8 505.8 495.6 493.2 489.6 497.4 504.6 512.4 519.6 527.4 534.0 534.0 540.6 547.2 553.8 560.4 567.0 573.6 580.8 586.8 586.2 559.8 533.4 507.0 480.6 454.8 428.4 421.8 417.6 439.2 460.8 481.8 503.4 525.0 546.6 549.0 556.2 561.0 567.0 573.0 579.0 584.4 590.4 595.8 592.8 565.8 538.8 512.4 485.4 458.4 432.0 423.6 416.4 433.8 451.8 469.8 487.2 505.2 523.2 525.0 532.8 542.4 552.6 562.2 571.2 581.4 591.0 597.6 600.0 576.0 550.8 526.8 502.2 477.0 453.0 448.8 441.0 456.0 471.0 486.0 501.0 514.8 530.4 526.8 526.8 529.8 532.8 536.4 539.4 542.4 545.4 548.4 548.4 524.4 499.2 474.6 450.0 425.4 400.2 397.2 396.0 412.2 428.4 444.0 460.2 476.4 492.0 494.4 504.6 513.0 522.0 530.4 538.8 547.8 556.2 563.4 561.0 535.8 510.0 485.4 459.6 434.4 409.2 399.6 393.6 408.6 423.6 439.2 454.2 469.8 484.8 487.8 498.6 517.8 537.0 556.2 574.8 594.6 613.2 621.0 619.8 594.0 568.2 541.8 515.4 489.0 463.2 455.4 448.2 462.0 475.8 489.0 502.8 516.6 531.0 531.0 537.0 540.6 545.4 549.0 553.2 557.4 561.6 566.4 562.2 534.6 507.0 479.4 452.4 425.4 397.8 389.4 384.6 390.0 395.4 399.6 405.0 410.4 415.8 419.4 427.2 433.8 439.8 446.4 452.4 459.0 465.0 468.6 465.0 448.2 431.4 414.6 398.4 381.6 364.2 357.0 350.4 366.0 381.0 396.0 411.6 426.6 441.6 443.4 448.8 453.6 459.0 463.2 468.6 473.4 478.8 482.4 481.8 457.2 433.2 408.6 384.6 360.0 335.4 330.6 325.2 342.0 358.8 375.0 391.8 408.6 424.8 424.8 427.2 430.8 434.4 438.0 442.2 446.4 450.0 452.4 450.6 427.2 404.4 381.6 358.2 335.4 312.6 308.4 303.0 320.4 337.8 355.8 373.8 391.2 409.2 408.0 410.4 415.2 421.2 427.2 432.6 438.6 444.0 448.2 449.4 420.0 391.2 363.0 334.8 306.0 277.2 274.8 271.8 283.8 295.8 307.8 319.8 331.8 344.4 344.4 345.6 350.4 356.4 361.2 366.6 372.0 378.0 378.6 379.2 346.2 315.0 282.6 250.2 218.4 185.4 184.8 184.8 194.4 202.8 211.8 220.2 229.8 238.2 239.4 241.8 263.4 283.8 304.2 325.2 345.6 366.6 367.8 367.8 336.0 304.2 273.0 240.6 208.8 177.0 175.8 177.0 216.6 256.8 297.6 337.2 377.4 418.2 420.6 431.4 444.6 457.8 470.4 484.2 496.8 510.0 518.4 517.8 481.2 444.6 408.6 372.0 336.0 299.4 290.4 286.2 312.0 339.0 365.4 391.8 418.8 445.2 450.0 459.0 462.6 466.2 470.4 474.6 477.6 481.8 486.0 481.8 444.0 407.4 369.6
crearDespacho --mercado --conDemandaTotal
4
0.02 0.07 0.145 1.0
370.0 600.0 2400.0 4000.0
1022.29 1004.42 984.17 979.4 972.25 987.74 1002.04 1017.53 1031.82 1047.31 1060.42 1060.42 1073.53 1086.63 1099.74 1112.85 1125.95 1139.06 1153.36 1165.27 1164.08 1111.65 1059.23 1006.8 954.38 903.14 850.72 837.61 829.27 872.17 915.06 956.76 999.65 1042.55 1085.44 1090.21 1104.51 1114.04 1125.95 1137.87 1149.78 1160.5 1172.42 1183.14 1177.19 1123.57 1069.95 1017.53 963.91 910.29 857.87 841.19 826.89 861.44 897.19 932.93 967.48 1003.23 1038.97 1042.55 1058.04 1077.1 1097.36 1116.42 1134.29 1154.55 1173.61 1186.72 1191.48 1143.82 1093.78 1046.12 997.27 947.23 899.57 891.23 875.74 905.53 935.31 965.1 994.89 1022.29 1053.27 1046.12 1046.12 1052.08 1058.04 1065.19 1071.14 1077.1 1083.06 1089.02 1089.02 1041.36 991.31 942.46 893.61 844.76 794.72 788.76 786.38 818.55 850.72 881.7 913.87 946.04 977.02 981.78 1002.04 1018.72 1036.59 1053.27 1069.95 1087.82 1104.51 1118.8 1114.04 1063.99 1012.76 963.91 912.68 862.63 812.59 793.53 781.61 811.4 841.19 872.17 901.95 932.93 962.72 968.68 990.12 1028.25 1066.38 1104.51 1141.44 1180.76 1217.7 1233.19 1230.8 1179.57 1128.33 1075.91 1023.48 971.06 919.83 904.34 890.04 917.44 944.85 971.06 998.46 1025.87 1054.46 1054.46 1066.38 1073.53 1083.06 1090.21 1098.55 1106.89 1115.23 1124.76 1116.42 1061.61 1006.8 952.0 898.38 844.76 789.95 773.27 763.74 774.46 785.19 793.53 804.25 814.97 825.7 832.85 848.34 861.44 873.36 886.46 898.38 911.48 923.4 930.55 923.4 890.04 856.68 823.31 791.14 757.78 723.23 708.93 695.83 726.8 756.59 786.38 817.36 847.14 876.93 880.51 891.23 900.76 911.48 919.83 930.55 940.08 950.8 957.95 956.76 907.91 860.25 811.4 763.74 714.89 666.04 656.51 645.78 679.15 712.51 744.68 778.04 811.4 843.57 843.57 848.34 855.49 862.63 869.78 878.12 886.46 893.61 898.38 894.8 848.34 803.06 757.78 711.32 666.04 620.76 612.42 601.7 636.25 670.81 706.55 742.29 776.85 812.59 810.21 814.97 824.51 836.42 848.34 859.06 870.97 881.7 890.04 892.42 834.04 776.85 720.85 664.85 607.66 550.47 545.7 539.74 563.57 587.4 611.23 635.06 658.89 683.91 683.91 686.29 695.83 707.74 717.27 728.0 738.72 750.63 751.83 753.02 687.49 625.53 561.19 496.85 433.7 368.17 366.98 366.98 386.04 402.72 420.59 437.27 456.34 473.02 475.4 480.17 523.06 563.57 604.08 645.78 686.29 728.0 730.38 730.38 667.23 604.08 542.12 477.78 414.64 351.49 349.1 351.49 430.13 509.95 590.98 669.61 749.44 830.46 835.23 856.68 882.89 909.1 934.12 961.53 986.55 1012.76 1029.44 1028.25 955.57 882.89 811.4 738.72 667.23 594.55 576.68 568.34 619.57 673.19 725.61 778.04 831.66 884.08 893.61 911.48 918.63 925.78 934.12 942.46 948.42 956.76 965.1 956.76 881.7 809.02 733.95
configurarSolver --Gurobi
resolver --noConstante ejecuciones/bancos/recombinados/v1/directo/sgtm/v1_sgtm_000401.csv
finalizar
