inicializar --t 360
agregarAgente --SaltoGrande
0.000124
1681415995.0
5942.0 5976.0 6010.0 6044.0 6077.0 6075.0 6074.0 6072.0 6071.0 6069.0 6068.0 6066.0 6063.0 6062.0 6060.0 6059.0 6057.0 6056.0 6054.0 6053.0 6050.0 6048.0 6047.0 6045.0 6044.0 6042.0 6041.0 6039.0 6020.0 6003.0 5985.0 5967.0 5949.0 5932.0 5914.0 5896.0 5861.0 5843.0 5825.0 5807.0 5790.0 5772.0 5754.0 5736.0 5701.0 5683.0 5665.0 5648.0 5630.0 5612.0 5594.0 5577.0 5528.0 5497.0 5467.0 5436.0 5405.0 5374.0 5343.0 5312.0 5251.0 5220.0 5189.0 5158.0 5128.0 5097.0 5066.0 5035.0 4974.0 4943.0 4912.0 4881.0 4850.0 4819.0 4789.0 4758.0 4701.0 4675.0 4650.0 4624.0 4598.0 4572.0 4546.0 4520.0 4469.0 4443.0 4417.0 4391.0 4366.0 4340.0 4314.0 4288.0 4237.0 4211.0 4185.0 4159.0 4133.0 4107.0 4082.0 4056.0 4016.0 4003.0 3989.0 3976.0 3962.0 3949.0 3935.0 3922.0 3894.0 3881.0 3867.0 3854.0 3840.0 3827.0 3813.0 3800.0 3772.0 3759.0 3745.0 3732.0 3718.0 3705.0 3691.0 3678.0 3644.0 3623.0 3603.0 3583.0 3562.0 3542.0 3522.0 3501.0 3461.0 3440.0 3420.0 3400.0 3379.0 3359.0 3339.0 3318.0 3278.0 3257.0 3237.0 3217.0 3196.0 3176.0 3156.0 3135.0 3094.0 3073.0 3053.0 3032.0 3011.0 2990.0 2970.0 2949.0 2907.0 2886.0 2866.0 2845.0 2824.0 2803.0 2783.0 2762.0 2720.0 2699.0 2679.0 2658.0 2637.0 2616.0 2596.0 2575.0 2541.0 2527.0 2514.0 2500.0 2487.0 2473.0 2460.0 2446.0 2419.0 2406.0 2392.0 2379.0 2365.0 2352.0 2338.0 2325.0 2298.0 2284.0 2271.0 2257.0 2244.0 2230.0 2217.0 2203.0 2183.0 2175.0 2168.0 2160.0 2153.0 2146.0 2138.0 2131.0 2116.0 2109.0 2101.0 2094.0 2086.0 2079.0 2071.0 2064.0 2049.0 2042.0 2034.0 2027.0 2020.0 2012.0 2005.0 1997.0 1985.0 1981.0 1976.0 1972.0 1967.0 1962.0 1958.0 1953.0 1944.0 1939.0 1935.0 1930.0 1926.0 1921.0 1917.0 1912.0 1903.0 1898.0 1894.0 1889.0 1884.0 1880.0 1875.0 1871.0 1864.0 1862.0 1861.0 1859.0 1857.0 1855.0 1854.0 1852.0 1848.0 1846.0 1845.0 1843.0 1841.0 1839.0 1838.0 1836.0 1832.0 1830.0 1829.0 1827.0 1825.0 1823.0 1822.0 1820.0 1820.0 1822.0 1824.0 1826.0 1829.0 1831.0 1833.0 1835.0 1839.0 1841.0 1843.0 1845.0 1848.0 1850.0 1852.0 1854.0 1858.0 1860.0 1862.0 1864.0 1867.0 1869.0 1871.0 1873.0 1878.0 1882.0 1885.0 1888.0 1892.0 1895.0 1899.0 1902.0 1909.0 1912.0 1915.0 1919.0 1922.0 1926.0 1929.0 1932.0 1939.0 1942.0 1946.0 1949.0 1953.0 1956.0 1959.0 1963.0 1969.0 1973.0 1976.0 1980.0 1983.0 1987.0 1990.0 1994.0 2000.0 2004.0 2007.0 2011.0 2014.0 2018.0 2021.0 2025.0 2031.0 2035.0 2038.0 2042.0 2045.0 2049.0 2052.0 2056.0 2055.0 2051.0 2047.0 2043.0 2039.0 2035.0 2030.0 2026.0 2018.0 2014.0 2010.0 2006.0 2002.0 1998.0 1994.0 1990.0 1982.0 1978.0 1973.0 1969.0
agregarAgente --UnidadTermicaSimple
200.0
100.0
agregarAgente --DemandaFija
564.6 500.7 435.9 435.9 435.9 443.1 451.2 458.4 466.5 474.6 481.8 481.8 481.8 556.5 632.1 707.7 783.3 858.9 933.6 933.6 933.6 860.7 786.0 713.1 639.3 565.5 492.6 492.6 492.6 515.1 538.5 561.0 584.4 607.8 630.3 630.3 630.3 651.9 674.4 696.0 718.5 741.0 762.6 762.6 762.6 705.0 648.3 590.7 533.1 476.4 418.8 418.8 418.8 472.8 526.8 579.9 634.8 687.9 742.8 742.8 742.8 766.2 789.6 813.0 837.3 860.7 884.1 884.1 884.1 776.1 668.1 560.1 452.1 345.0 237.0 237.0 237.0 335.1 434.1 533.1 632.1 731.1 829.2 829.2 829.2 838.2 846.3 854.4 862.5 870.6 878.7 878.7 878.7 810.3 741.9 673.5 605.1 536.7 468.3 468.3 468.3 551.1 634.8 717.6 800.4 883.2 966.9 966.9 966.9 927.3 887.7 849.0 808.5 769.8 730.2 730.2 730.2 726.6 723.0 719.4 715.8 713.1 709.5 709.5 709.5 666.3 624.0 581.7 539.4 497.1 454.8 454.8 454.8 459.3 465.6 470.1 475.5 480.0 485.4 485.4 485.4 428.7 372.9 316.2 259.5 202.8 147.0 147.0 147.0 192.0 238.8 283.8 328.8 374.7 419.7 419.7 419.7 417.0 414.3 410.7 408.0 405.3 402.6 402.6 402.6 377.4 352.2 326.1 300.9 275.7 250.5 250.5 250.5 299.1 347.7 396.3 444.0 493.5 542.1 542.1 542.1 520.5 499.8 479.1 457.5 435.9 415.2 415.2 415.2 360.3 303.6 248.7 192.0 136.2 80.4 80.4 80.4 107.4 133.5 159.6 185.7 211.8 239.7 239.7 239.7 315.3 392.7 470.1 546.6 624.0 700.5 700.5 700.5 657.3 615.0 571.8 529.5 486.3 443.1 443.1 443.1 524.1 604.2 684.3 764.4 845.4 924.6 924.6 924.6 881.4 839.1 795.0 751.8 708.6 664.5 664.5 664.5 579.0 494.4 408.0 322.5 237.9 152.4 152.4 152.4 191.1 230.7 269.4 308.1 347.7 386.4 386.4 386.4 390.9 394.5 398.1 402.6 406.2 409.8 409.8 409.8 377.4 344.1 310.8 277.5 245.1 210.9 210.9 210.9 263.1 314.4 366.6 417.9 470.1 521.4 521.4 521.4 515.1 508.8 502.5 496.2 489.9 483.6 483.6 483.6 480.9 478.2 475.5 473.7 471.0 468.3 468.3 468.3 533.1 599.7 664.5 731.1 795.9 861.6 861.6 861.6 824.7 787.8 751.8 714.9 678.0 641.1 641.1 641.1 625.8 610.5 595.2 579.0 562.8 547.5 547.5 547.5 559.2 570.9 582.6 595.2 606.9 617.7 617.7 617.7 603.3 588.0 572.7 557.4 543.0 527.7 527.7 527.7 488.1 446.7 406.2 366.6 325.2 285.6 285.6 285.6 340.5 393.6 447.6 502.5 556.5 611.4 611.4 611.4 623.1 635.7 647.4 660.0 671.7 684.3 684.3 684.3 653.7 624.0 593.4
crearDespacho --mercado --conDemandaTotal
4
0.02 0.07 0.145 1.0
370.0 600.0 2400.0 4000.0
688.12 610.24 531.26 531.26 531.26 540.04 549.91 558.68 568.56 578.43 587.2 587.2 587.2 678.24 770.38 862.52 954.66 1046.8 1137.84 1137.84 1137.84 1048.99 957.95 869.1 779.16 689.21 600.37 600.37 600.37 627.79 656.31 683.73 712.25 740.77 768.19 768.19 768.19 794.52 821.94 848.26 875.69 903.11 929.43 929.43 929.43 859.23 790.13 719.93 649.73 580.62 510.42 510.42 510.42 576.23 642.05 706.76 773.67 838.39 905.3 905.3 905.3 933.82 962.34 990.86 1020.47 1048.99 1077.51 1077.51 1077.51 945.89 814.26 682.63 551.01 420.48 288.85 288.85 288.85 408.41 529.07 649.73 770.38 891.04 1010.6 1010.6 1010.6 1021.57 1031.44 1041.32 1051.19 1061.06 1070.93 1070.93 1070.93 987.57 904.2 820.84 737.48 654.11 570.75 570.75 570.75 671.66 773.67 874.59 975.5 1076.42 1178.43 1178.43 1178.43 1130.16 1081.9 1034.73 985.37 938.21 889.94 889.94 889.94 885.56 881.17 876.78 872.39 869.1 864.72 864.72 864.72 812.07 760.51 708.96 657.4 605.85 554.3 554.3 554.3 559.78 567.46 572.94 579.52 585.01 591.59 591.59 591.59 522.49 454.48 385.37 316.27 247.17 179.16 179.16 179.16 234.0 291.04 345.89 400.73 456.67 511.52 511.52 511.52 508.23 504.94 500.55 497.26 493.97 490.68 490.68 490.68 459.96 429.25 397.44 366.73 336.01 305.3 305.3 305.3 364.53 423.77 483.0 541.13 601.46 660.69 660.69 660.69 634.37 609.14 583.91 557.59 531.26 506.03 506.03 506.03 439.12 370.02 303.11 234.0 166.0 97.99 97.99 97.99 130.9 162.71 194.52 226.33 258.14 292.14 292.14 292.14 384.28 478.61 572.94 666.18 760.51 853.75 853.75 853.75 801.1 749.54 696.89 645.34 592.69 540.04 540.04 540.04 638.76 736.38 834.0 931.63 1030.35 1126.87 1126.87 1126.87 1074.22 1022.67 968.92 916.27 863.62 809.87 809.87 809.87 705.67 602.56 497.26 393.05 289.95 185.74 185.74 185.74 232.91 281.17 328.34 375.5 423.77 470.93 470.93 470.93 476.42 480.8 485.19 490.68 495.06 499.45 499.45 499.45 459.96 419.38 378.79 338.21 298.72 257.04 257.04 257.04 320.66 383.18 446.8 509.32 572.94 635.47 635.47 635.47 627.79 620.11 612.43 604.75 597.07 589.4 589.4 589.4 586.11 582.82 579.52 577.33 574.04 570.75 570.75 570.75 649.73 730.9 809.87 891.04 970.02 1050.09 1050.09 1050.09 1005.12 960.15 916.27 871.3 826.33 781.35 781.35 781.35 762.71 744.06 725.41 705.67 685.92 667.28 667.28 667.28 681.54 695.79 710.05 725.41 739.67 752.83 752.83 752.83 735.28 716.64 697.99 679.34 661.79 643.14 643.14 643.14 594.88 544.42 495.06 446.8 396.34 348.08 348.08 348.08 414.99 479.71 545.52 612.43 678.24 745.16 745.16 745.16 759.41 774.77 789.03 804.39 818.65 834.0 834.0 834.0 796.71 760.51 723.22
configurarSolver --Gurobi
resolver --noConstante ejecuciones/bancos/recombinados/v1/directo/sgtm/v1_sgtm_000205.csv
finalizar
