inicializar --t 360
agregarAgente --SaltoGrande
0.002545
2719162864.0
4902.0 4901.0 4900.0 4900.0 4901.0 4903.0 4905.0 4907.0 4908.0 4910.0 4912.0 4914.0 4918.0 4920.0 4922.0 4924.0 4925.0 4927.0 4929.0 4931.0 4935.0 4937.0 4939.0 4941.0 4942.0 4944.0 4946.0 4948.0 4941.0 4932.0 4923.0 4914.0 4906.0 4897.0 4888.0 4879.0 4861.0 4852.0 4843.0 4834.0 4826.0 4817.0 4808.0 4799.0 4781.0 4772.0 4763.0 4754.0 4746.0 4737.0 4728.0 4719.0 4726.0 4741.0 4757.0 4773.0 4789.0 4804.0 4820.0 4836.0 4867.0 4883.0 4899.0 4915.0 4930.0 4946.0 4962.0 4978.0 5009.0 5025.0 5041.0 5056.0 5072.0 5088.0 5104.0 5119.0 5153.0 5171.0 5189.0 5207.0 5225.0 5243.0 5261.0 5279.0 5315.0 5333.0 5351.0 5369.0 5386.0 5404.0 5422.0 5440.0 5476.0 5494.0 5512.0 5530.0 5548.0 5566.0 5584.0 5602.0 5636.0 5653.0 5669.0 5686.0 5702.0 5718.0 5735.0 5751.0 5784.0 5800.0 5817.0 5833.0 5850.0 5866.0 5883.0 5899.0 5932.0 5948.0 5965.0 5981.0 5997.0 6014.0 6030.0 6047.0 6060.0 6058.0 6055.0 6052.0 6049.0 6047.0 6044.0 6041.0 6036.0 6033.0 6031.0 6028.0 6025.0 6022.0 6020.0 6017.0 6012.0 6009.0 6006.0 6004.0 6001.0 5998.0 5995.0 5993.0 5959.0 5929.0 5898.0 5868.0 5837.0 5807.0 5776.0 5746.0 5685.0 5654.0 5624.0 5593.0 5563.0 5532.0 5502.0 5471.0 5410.0 5380.0 5349.0 5319.0 5288.0 5258.0 5227.0 5197.0 5153.0 5139.0 5126.0 5112.0 5099.0 5085.0 5072.0 5058.0 5031.0 5018.0 5004.0 4991.0 4977.0 4964.0 4950.0 4937.0 4910.0 4896.0 4883.0 4869.0 4856.0 4842.0 4829.0 4815.0 4777.0 4752.0 4728.0 4703.0 4678.0 4653.0 4628.0 4603.0 4554.0 4529.0 4504.0 4479.0 4455.0 4430.0 4405.0 4380.0 4331.0 4306.0 4281.0 4256.0 4231.0 4206.0 4182.0 4157.0 4112.0 4091.0 4071.0 4050.0 4030.0 4009.0 3989.0 3968.0 3927.0 3907.0 3886.0 3866.0 3845.0 3825.0 3804.0 3784.0 3743.0 3722.0 3702.0 3681.0 3661.0 3640.0 3620.0 3599.0 3582.0 3584.0 3587.0 3590.0 3592.0 3595.0 3598.0 3600.0 3606.0 3608.0 3611.0 3614.0 3616.0 3619.0 3622.0 3624.0 3630.0 3632.0 3635.0 3638.0 3640.0 3643.0 3646.0 3648.0 3649.0 3647.0 3645.0 3643.0 3640.0 3638.0 3636.0 3634.0 3630.0 3628.0 3626.0 3624.0 3621.0 3619.0 3617.0 3615.0 3611.0 3609.0 3607.0 3605.0 3602.0 3600.0 3598.0 3596.0 3585.0 3575.0 3566.0 3556.0 3547.0 3537.0 3528.0 3518.0 3500.0 3490.0 3481.0 3471.0 3462.0 3452.0 3443.0 3433.0 3415.0 3405.0 3396.0 3386.0 3377.0 3367.0 3358.0 3348.0 3332.0 3324.0 3317.0 3309.0 3302.0 3294.0 3287.0 3279.0 3264.0 3257.0 3249.0 3242.0 3234.0 3227.0 3219.0 3212.0 3197.0 3189.0 3182.0 3174.0 3167.0 3159.0 3152.0 3144.0 3132.0 3126.0 3121.0 3116.0 3111.0 3105.0 3100.0 3095.0 3084.0 3079.0 3073.0 3068.0 3063.0 3058.0 3052.0 3047.0 3036.0 3031.0 3026.0 3020.0
agregarAgente --UnidadTermicaSimple
200.0
100.0
agregarAgente --DemandaFija
258.6 190.8 122.4 122.4 122.4 146.4 169.8 193.2 217.2 240.6 264.0 264.0 264.0 265.8 267.6 269.4 271.2 273.0 274.8 274.8 274.8 232.2 189.0 146.4 103.8 61.2 18.0 18.0 18.0 47.4 76.2 105.6 135.0 163.8 192.6 192.6 192.6 206.4 220.2 233.4 246.6 259.8 273.0 273.0 273.0 232.2 190.8 150.0 108.0 67.2 25.8 25.8 25.8 58.2 90.0 121.8 154.2 186.0 218.4 218.4 218.4 257.4 297.0 336.0 375.6 414.6 454.2 454.2 454.2 417.6 381.6 344.4 308.4 271.8 235.2 235.2 235.2 283.2 331.2 379.2 426.6 475.2 522.6 522.6 522.6 559.8 596.4 633.0 669.6 706.8 743.4 743.4 743.4 694.8 646.8 597.6 549.6 501.0 453.0 453.0 453.0 505.2 558.0 610.2 663.6 716.4 768.6 768.6 768.6 780.0 791.4 802.2 813.6 824.4 835.8 835.8 835.8 794.4 751.8 710.4 668.4 627.0 585.0 585.0 585.0 612.0 640.2 667.8 694.8 723.0 750.0 750.0 750.0 775.8 802.2 827.4 853.2 879.0 904.8 904.8 904.8 846.6 789.0 730.8 672.6 613.8 556.2 556.2 556.2 557.4 558.0 558.6 559.2 559.8 561.0 561.0 561.0 538.2 514.8 492.0 469.2 446.4 423.6 423.6 423.6 365.4 308.4 250.8 193.2 135.6 78.0 78.0 78.0 111.0 145.2 178.2 212.4 245.4 279.0 279.0 279.0 305.4 331.2 357.0 383.4 409.2 435.0 435.0 435.0 402.0 367.8 334.2 300.6 266.4 233.4 233.4 233.4 273.0 313.2 352.8 393.0 432.6 472.8 472.8 472.8 472.2 471.0 469.8 469.2 468.0 467.4 467.4 467.4 415.8 364.2 313.2 261.6 210.6 159.6 159.6 159.6 230.4 301.8 372.6 443.4 514.2 585.6 585.6 585.6 556.8 528.0 499.2 471.0 441.6 413.4 413.4 413.4 369.6 325.2 280.2 236.4 192.0 148.2 148.2 148.2 207.6 266.4 325.8 385.8 444.6 504.0 504.0 504.0 552.6 600.6 649.2 697.8 745.8 794.4 794.4 794.4 715.8 637.2 558.6 480.0 401.4 322.8 322.8 322.8 340.8 359.4 378.0 396.6 414.6 433.2 433.2 433.2 472.8 511.8 552.0 591.0 630.6 669.6 669.6 669.6 637.2 604.2 571.8 539.4 506.4 474.0 474.0 474.0 486.6 499.2 511.2 523.8 537.0 549.6 549.6 549.6 500.4 450.6 401.4 352.2 303.0 253.2 253.2 253.2 214.2 174.0 135.0 94.8 55.2 15.6 15.6 15.6 59.4 102.6 146.4 189.6 233.4 276.6 276.6 276.6 330.6 384.6 438.0 492.6 546.6 600.0 600.0 600.0 570.0 540.0 509.4 479.4 448.8 418.8 418.8 418.8 469.8 520.2 570.6 621.6 672.0 723.0 723.0 723.0 742.2 761.4 781.8 801.0 820.8 840.0 840.0 840.0 769.8 699.6 629.4
crearDespacho --mercado --conDemandaTotal
4
0.02 0.07 0.145 1.0
370.0 600.0 2400.0 4000.0
525.6 387.79 248.77 248.77 248.77 297.55 345.11 392.67 441.45 489.01 536.57 536.57 536.57 540.23 543.89 547.55 551.2 554.86 558.52 558.52 558.52 471.94 384.14 297.55 210.97 124.39 36.58 36.58 36.58 96.34 154.87 214.63 274.38 332.92 391.45 391.45 391.45 419.5 447.55 474.38 501.21 528.03 554.86 554.86 554.86 471.94 387.79 304.87 219.51 136.58 52.44 52.44 52.44 118.29 182.92 247.55 313.41 378.04 443.89 443.89 443.89 523.16 603.64 682.91 763.39 842.66 923.15 923.15 923.15 848.76 775.59 699.98 626.81 552.42 478.04 478.04 478.04 575.59 673.15 770.71 867.05 965.83 1062.17 1062.17 1062.17 1137.77 1212.16 1286.55 1360.94 1436.55 1510.93 1510.93 1510.93 1412.16 1314.6 1214.6 1117.04 1018.26 920.71 920.71 920.71 1026.8 1134.12 1240.21 1348.74 1456.06 1562.15 1562.15 1562.15 1585.32 1608.49 1630.44 1653.61 1675.56 1698.73 1698.73 1698.73 1614.59 1528.01 1443.86 1358.5 1274.36 1188.99 1188.99 1188.99 1243.87 1301.18 1357.28 1412.16 1469.47 1524.35 1524.35 1524.35 1576.79 1630.44 1681.66 1734.1 1786.54 1838.97 1838.97 1838.97 1720.68 1603.61 1485.33 1367.04 1247.53 1130.46 1130.46 1130.46 1132.9 1134.12 1135.33 1136.55 1137.77 1140.21 1140.21 1140.21 1093.87 1046.31 999.97 953.63 907.29 860.95 860.95 860.95 742.66 626.81 509.74 392.67 275.6 158.53 158.53 158.53 225.6 295.11 362.19 431.7 498.77 567.06 567.06 567.06 620.71 673.15 725.59 779.25 831.68 884.12 884.12 884.12 817.05 747.54 679.25 610.96 541.45 474.38 474.38 474.38 554.86 636.57 717.05 798.76 879.24 960.95 960.95 960.95 959.73 957.29 954.85 953.63 951.19 949.97 949.97 949.97 845.1 740.22 636.57 531.69 428.04 324.38 324.38 324.38 468.28 613.4 757.3 901.19 1045.09 1190.21 1190.21 1190.21 1131.68 1073.14 1014.61 957.29 897.54 840.22 840.22 840.22 751.2 660.96 569.5 480.47 390.23 301.21 301.21 301.21 421.94 541.45 662.18 784.12 903.63 1024.36 1024.36 1024.36 1123.14 1220.7 1319.48 1418.25 1515.81 1614.59 1614.59 1614.59 1454.84 1295.09 1135.33 975.58 815.83 656.08 656.08 656.08 692.66 730.47 768.27 806.08 842.66 880.46 880.46 880.46 960.95 1040.22 1121.92 1201.19 1281.67 1360.94 1360.94 1360.94 1295.09 1228.02 1162.16 1096.31 1029.24 963.39 963.39 963.39 989.0 1014.61 1039.0 1064.61 1091.43 1117.04 1117.04 1117.04 1017.05 915.83 815.83 715.83 615.84 514.62 514.62 514.62 435.35 353.65 274.38 192.68 112.19 31.71 31.71 31.71 120.73 208.53 297.55 385.36 474.38 562.18 562.18 562.18 671.93 781.69 890.22 1001.19 1110.95 1219.48 1219.48 1219.48 1158.5 1097.53 1035.34 974.36 912.17 851.2 851.2 851.2 954.85 1057.29 1159.72 1263.38 1365.82 1469.47 1469.47 1469.47 1508.5 1547.52 1588.98 1628.0 1668.25 1707.27 1707.27 1707.27 1564.59 1421.91 1279.23
configurarSolver --Gurobi
resolver --noConstante ejecuciones/bancos/recombinados/v1/directo/sgtm/v1_sgtm_000313.csv
finalizar
