inicializar --t 360
agregarAgente --SaltoGrande
0.001187
2688826244.0
2958.0 2954.0 2950.0 2945.0 2950.0 2958.0 2967.0 2976.0 2984.0 2993.0 3001.0 3010.0 3027.0 3036.0 3045.0 3053.0 3062.0 3070.0 3079.0 3088.0 3105.0 3114.0 3122.0 3131.0 3139.0 3148.0 3157.0 3165.0 3161.0 3149.0 3136.0 3123.0 3110.0 3098.0 3085.0 3072.0 3047.0 3034.0 3022.0 3009.0 2996.0 2983.0 2971.0 2958.0 2933.0 2920.0 2907.0 2895.0 2882.0 2869.0 2856.0 2844.0 2810.0 2789.0 2769.0 2748.0 2727.0 2706.0 2686.0 2665.0 2623.0 2602.0 2582.0 2561.0 2540.0 2519.0 2499.0 2478.0 2436.0 2415.0 2395.0 2374.0 2353.0 2332.0 2312.0 2291.0 2284.0 2299.0 2313.0 2327.0 2342.0 2356.0 2370.0 2385.0 2413.0 2428.0 2442.0 2456.0 2471.0 2485.0 2499.0 2514.0 2542.0 2557.0 2571.0 2585.0 2600.0 2614.0 2628.0 2643.0 2676.0 2695.0 2714.0 2733.0 2752.0 2771.0 2790.0 2809.0 2847.0 2866.0 2885.0 2904.0 2924.0 2943.0 2962.0 2981.0 3019.0 3038.0 3057.0 3076.0 3095.0 3114.0 3133.0 3152.0 3183.0 3194.0 3206.0 3217.0 3229.0 3240.0 3252.0 3263.0 3286.0 3298.0 3309.0 3321.0 3332.0 3344.0 3355.0 3367.0 3390.0 3401.0 3413.0 3424.0 3436.0 3447.0 3459.0 3470.0 3485.0 3489.0 3492.0 3496.0 3499.0 3503.0 3506.0 3510.0 3516.0 3520.0 3523.0 3527.0 3530.0 3534.0 3537.0 3541.0 3547.0 3551.0 3554.0 3558.0 3561.0 3565.0 3568.0 3572.0 3565.0 3556.0 3546.0 3536.0 3526.0 3517.0 3507.0 3497.0 3478.0 3468.0 3458.0 3448.0 3439.0 3429.0 3419.0 3409.0 3390.0 3380.0 3370.0 3361.0 3351.0 3341.0 3331.0 3322.0 3351.0 3390.0 3428.0 3467.0 3506.0 3545.0 3583.0 3622.0 3700.0 3739.0 3777.0 3816.0 3855.0 3894.0 3932.0 3971.0 4049.0 4088.0 4126.0 4165.0 4204.0 4243.0 4281.0 4320.0 4520.0 4680.0 4841.0 5002.0 5163.0 5323.0 5484.0 5645.0 5966.0 6127.0 6288.0 6449.0 6609.0 6770.0 6931.0 7092.0 7413.0 7574.0 7735.0 7895.0 8056.0 8217.0 8378.0 8538.0 8774.0 8850.0 8925.0 9000.0 9075.0 9151.0 9226.0 9301.0 9452.0 9527.0 9602.0 9677.0 9753.0 9828.0 9903.0 9978.0 10129.0 10204.0 10279.0 10355.0 10430.0 10505.0 10580.0 10656.0 10773.0 10814.0 10856.0 10897.0 10939.0 10981.0 11022.0 11064.0 11147.0 11189.0 11230.0 11272.0 11313.0 11355.0 11396.0 11438.0 11521.0 11563.0 11604.0 11646.0 11688.0 11729.0 11771.0 11812.0 11871.0 11888.0 11904.0 11921.0 11938.0 11955.0 11971.0 11988.0 12022.0 12039.0 12055.0 12072.0 12089.0 12106.0 12122.0 12139.0 12173.0 12190.0 12206.0 12223.0 12240.0 12257.0 12273.0 12290.0 12308.0 12310.0 12311.0 12313.0 12314.0 12316.0 12317.0 12319.0 12321.0 12323.0 12324.0 12326.0 12327.0 12329.0 12330.0 12332.0 12334.0 12336.0 12337.0 12339.0 12340.0 12342.0 12343.0 12345.0 12357.0 12367.0 12378.0 12389.0 12399.0 12410.0 12420.0 12431.0 12452.0 12463.0 12474.0 12484.0 12495.0 12505.0 12516.0 12527.0 12548.0 12559.0 12569.0 12580.0
agregarAgente --UnidadTermicaSimple
200.0
100.0
agregarAgente --DemandaFija
213.0 182.4 153.0 153.0 153.0 196.2 240.6 284.4 328.2 372.6 415.8 415.8 415.8 405.6 395.4 385.2 375.6 364.8 354.6 354.6 354.6 311.4 268.2 225.6 182.4 139.2 96.0 96.0 96.0 124.8 153.0 181.2 210.0 238.2 265.8 265.8 265.8 295.8 325.2 354.6 384.6 414.0 444.0 444.0 444.0 376.8 309.6 241.8 174.6 106.8 39.6 39.6 39.6 34.8 29.4 24.6 19.2 14.4 9.6 9.6 9.6 33.0 57.0 81.0 104.4 128.4 152.4 152.4 152.4 139.8 127.8 114.6 102.6 90.0 78.0 78.0 78.0 126.0 174.0 222.0 269.4 318.0 365.4 365.4 365.4 388.8 411.6 434.4 457.8 480.6 503.4 503.4 503.4 442.2 382.2 321.0 259.8 199.2 138.6 138.6 138.6 172.8 208.2 242.4 276.6 311.4 345.6 345.6 345.6 312.6 278.4 244.8 211.8 177.6 144.0 144.0 144.0 121.2 99.0 76.8 54.6 31.8 9.6 9.6 9.6 24.6 40.2 55.8 71.4 86.4 102.0 102.0 102.0 152.4 202.2 252.6 303.0 352.8 403.8 403.8 403.8 340.2 276.6 213.6 150.0 86.4 22.8 22.8 22.8 22.2 21.6 21.6 21.0 20.4 20.4 20.4 20.4 91.8 163.8 235.8 307.8 379.8 450.6 450.6 450.6 420.0 389.4 358.2 327.6 296.4 265.2 265.2 265.2 300.0 334.2 368.4 403.2 436.8 471.6 471.6 471.6 474.6 477.0 480.0 482.4 485.4 487.8 487.8 487.8 430.8 375.0 318.0 261.0 204.0 148.2 148.2 148.2 210.6 273.0 336.0 399.0 462.0 524.4 524.4 524.4 506.4 488.4 471.0 453.0 434.4 417.0 417.0 417.0 358.8 301.2 243.6 185.4 127.8 70.2 70.2 70.2 132.6 194.4 256.8 319.8 382.2 444.0 444.0 444.0 460.8 476.4 492.6 508.2 524.4 540.6 540.6 540.6 480.0 419.4 358.8 298.8 238.2 177.6 177.6 177.6 258.0 337.8 418.2 498.6 578.4 658.8 658.8 658.8 620.4 580.8 542.4 503.4 465.0 426.0 426.0 426.0 381.6 336.6 292.2 247.2 202.2 157.8 157.8 157.8 169.8 182.4 194.4 207.0 219.6 231.6 231.6 231.6 243.6 255.6 267.6 279.6 292.2 304.2 304.2 304.2 288.6 271.8 256.2 240.0 224.4 208.2 208.2 208.2 189.6 171.0 152.4 134.4 115.2 96.6 96.6 96.6 114.0 131.4 148.2 165.0 181.8 198.6 198.6 198.6 200.4 202.2 204.0 206.4 208.2 210.0 210.0 210.0 237.6 264.6 292.8 320.4 347.4 375.6 375.6 375.6 409.8 443.4 478.2 511.8 546.6 580.2 580.2 580.2 522.0 463.8 405.0 346.2 288.0 229.2 229.2 229.2 279.0 328.8 379.2 428.4 478.8 528.0 528.0 528.0 504.6 481.2 458.4 434.4 411.0 387.6 387.6 387.6 327.6 268.2 208.8
crearDespacho --mercado --conDemandaTotal
4
0.02 0.07 0.145 1.0
370.0 600.0 2400.0 4000.0
545.03 466.73 391.5 391.5 391.5 502.04 615.65 727.73 839.8 953.41 1063.95 1063.95 1063.95 1037.85 1011.75 985.65 961.09 933.45 907.35 907.35 907.35 796.81 686.27 577.27 466.73 356.19 245.65 245.65 245.65 319.34 391.5 463.66 537.35 609.51 680.13 680.13 680.13 756.9 832.12 907.35 984.12 1059.35 1136.11 1136.11 1136.11 964.16 792.21 618.72 446.77 273.28 101.33 101.33 101.33 89.05 75.23 62.95 49.13 36.85 24.56 24.56 24.56 84.44 145.85 207.26 267.14 328.55 389.96 389.96 389.96 357.72 327.02 293.24 262.53 230.29 199.59 199.59 199.59 322.41 445.23 568.06 689.34 813.7 934.99 934.99 934.99 994.86 1053.21 1111.55 1171.42 1229.76 1288.1 1288.1 1288.1 1131.5 977.98 821.38 664.78 509.71 354.65 354.65 354.65 442.16 532.74 620.26 707.77 796.81 884.32 884.32 884.32 799.88 712.37 626.4 541.96 454.44 368.47 368.47 368.47 310.13 253.32 196.52 139.71 81.37 24.56 24.56 24.56 62.95 102.86 142.78 182.7 221.08 261.0 261.0 261.0 389.96 517.39 646.35 775.32 902.75 1033.25 1033.25 1033.25 870.51 707.77 546.56 383.82 221.08 58.34 58.34 58.34 56.81 55.27 55.27 53.73 52.2 52.2 52.2 52.2 234.9 419.13 603.37 787.6 971.84 1153.0 1153.0 1153.0 1074.7 996.4 916.57 838.27 758.43 678.6 678.6 678.6 767.64 855.15 942.66 1031.71 1117.69 1206.73 1206.73 1206.73 1214.41 1220.55 1228.23 1234.37 1242.05 1248.19 1248.19 1248.19 1102.33 959.55 813.7 667.85 522.0 379.22 379.22 379.22 538.88 698.55 859.76 1020.96 1182.17 1341.84 1341.84 1341.84 1295.78 1249.72 1205.2 1159.14 1111.55 1067.02 1067.02 1067.02 918.1 770.71 623.33 474.4 327.02 179.63 179.63 179.63 339.3 497.43 657.1 818.31 977.98 1136.11 1136.11 1136.11 1179.1 1219.02 1260.47 1300.39 1341.84 1383.29 1383.29 1383.29 1228.23 1073.16 918.1 764.57 609.51 454.44 454.44 454.44 660.17 864.37 1070.09 1275.82 1480.01 1685.74 1685.74 1685.74 1587.48 1486.16 1387.9 1288.1 1189.85 1090.05 1090.05 1090.05 976.44 861.29 747.68 632.54 517.39 403.78 403.78 403.78 434.49 466.73 497.43 529.67 561.91 592.62 592.62 592.62 623.33 654.03 684.74 715.44 747.68 778.39 778.39 778.39 738.47 695.48 655.57 614.11 574.2 532.74 532.74 532.74 485.15 437.56 389.96 343.9 294.77 247.18 247.18 247.18 291.7 336.23 379.22 422.2 465.19 508.18 508.18 508.18 512.79 517.39 522.0 528.14 532.74 537.35 537.35 537.35 607.97 677.06 749.22 819.84 888.93 961.09 961.09 961.09 1048.6 1134.58 1223.62 1309.6 1398.64 1484.62 1484.62 1484.62 1335.7 1186.78 1036.32 885.86 736.94 586.48 586.48 586.48 713.91 841.34 970.3 1096.19 1225.16 1351.05 1351.05 1351.05 1291.17 1231.3 1172.96 1111.55 1051.67 991.79 991.79 991.79 838.27 686.27 534.28
configurarSolver --Gurobi
resolver --noConstante ejecuciones/bancos/recombinados/v1/directo/sgtm/v1_sgtm_000304.csv
finalizar
