inicializar --t 360
agregarAgente --SaltoGrande
0.001908
2719162864.0
4902.0 4901.0 4900.0 4900.0 4901.0 4903.0 4905.0 4907.0 4908.0 4910.0 4912.0 4914.0 4918.0 4920.0 4922.0 4924.0 4925.0 4927.0 4929.0 4931.0 4935.0 4937.0 4939.0 4941.0 4942.0 4944.0 4946.0 4948.0 4941.0 4932.0 4923.0 4914.0 4906.0 4897.0 4888.0 4879.0 4861.0 4852.0 4843.0 4834.0 4826.0 4817.0 4808.0 4799.0 4781.0 4772.0 4763.0 4754.0 4746.0 4737.0 4728.0 4719.0 4726.0 4741.0 4757.0 4773.0 4789.0 4804.0 4820.0 4836.0 4867.0 4883.0 4899.0 4915.0 4930.0 4946.0 4962.0 4978.0 5009.0 5025.0 5041.0 5056.0 5072.0 5088.0 5104.0 5119.0 5153.0 5171.0 5189.0 5207.0 5225.0 5243.0 5261.0 5279.0 5315.0 5333.0 5351.0 5369.0 5386.0 5404.0 5422.0 5440.0 5476.0 5494.0 5512.0 5530.0 5548.0 5566.0 5584.0 5602.0 5636.0 5653.0 5669.0 5686.0 5702.0 5718.0 5735.0 5751.0 5784.0 5800.0 5817.0 5833.0 5850.0 5866.0 5883.0 5899.0 5932.0 5948.0 5965.0 5981.0 5997.0 6014.0 6030.0 6047.0 6060.0 6058.0 6055.0 6052.0 6049.0 6047.0 6044.0 6041.0 6036.0 6033.0 6031.0 6028.0 6025.0 6022.0 6020.0 6017.0 6012.0 6009.0 6006.0 6004.0 6001.0 5998.0 5995.0 5993.0 5959.0 5929.0 5898.0 5868.0 5837.0 5807.0 5776.0 5746.0 5685.0 5654.0 5624.0 5593.0 5563.0 5532.0 5502.0 5471.0 5410.0 5380.0 5349.0 5319.0 5288.0 5258.0 5227.0 5197.0 5153.0 5139.0 5126.0 5112.0 5099.0 5085.0 5072.0 5058.0 5031.0 5018.0 5004.0 4991.0 4977.0 4964.0 4950.0 4937.0 4910.0 4896.0 4883.0 4869.0 4856.0 4842.0 4829.0 4815.0 4777.0 4752.0 4728.0 4703.0 4678.0 4653.0 4628.0 4603.0 4554.0 4529.0 4504.0 4479.0 4455.0 4430.0 4405.0 4380.0 4331.0 4306.0 4281.0 4256.0 4231.0 4206.0 4182.0 4157.0 4112.0 4091.0 4071.0 4050.0 4030.0 4009.0 3989.0 3968.0 3927.0 3907.0 3886.0 3866.0 3845.0 3825.0 3804.0 3784.0 3743.0 3722.0 3702.0 3681.0 3661.0 3640.0 3620.0 3599.0 3582.0 3584.0 3587.0 3590.0 3592.0 3595.0 3598.0 3600.0 3606.0 3608.0 3611.0 3614.0 3616.0 3619.0 3622.0 3624.0 3630.0 3632.0 3635.0 3638.0 3640.0 3643.0 3646.0 3648.0 3649.0 3647.0 3645.0 3643.0 3640.0 3638.0 3636.0 3634.0 3630.0 3628.0 3626.0 3624.0 3621.0 3619.0 3617.0 3615.0 3611.0 3609.0 3607.0 3605.0 3602.0 3600.0 3598.0 3596.0 3585.0 3575.0 3566.0 3556.0 3547.0 3537.0 3528.0 3518.0 3500.0 3490.0 3481.0 3471.0 3462.0 3452.0 3443.0 3433.0 3415.0 3405.0 3396.0 3386.0 3377.0 3367.0 3358.0 3348.0 3332.0 3324.0 3317.0 3309.0 3302.0 3294.0 3287.0 3279.0 3264.0 3257.0 3249.0 3242.0 3234.0 3227.0 3219.0 3212.0 3197.0 3189.0 3182.0 3174.0 3167.0 3159.0 3152.0 3144.0 3132.0 3126.0 3121.0 3116.0 3111.0 3105.0 3100.0 3095.0 3084.0 3079.0 3073.0 3068.0 3063.0 3058.0 3052.0 3047.0 3036.0 3031.0 3026.0 3020.0
agregarAgente --UnidadTermicaSimple
200.0
100.0
agregarAgente --DemandaFija
474.6 478.2 480.9 471.0 459.3 455.7 453.9 452.1 449.4 448.5 445.8 444.0 447.6 460.2 474.6 488.1 501.6 515.1 528.6 534.0 534.9 516.0 496.2 477.3 459.3 439.5 420.6 416.1 416.1 428.7 441.3 453.0 464.7 477.3 489.9 493.5 507.9 531.3 555.6 579.9 604.2 627.6 651.0 661.8 659.1 619.5 579.0 540.3 499.8 460.2 420.6 408.0 406.2 407.1 409.8 412.5 415.2 417.0 419.7 430.5 446.7 486.3 525.9 565.5 605.1 644.7 685.2 689.7 683.4 648.3 614.1 579.9 545.7 510.6 476.4 464.7 455.7 463.8 471.0 478.2 485.4 492.6 500.7 504.3 508.8 531.3 555.6 579.0 601.5 624.9 648.3 649.2 644.7 653.7 661.8 671.7 679.8 687.9 696.0 692.4 686.1 694.2 703.2 710.4 719.4 727.5 736.5 734.7 734.7 719.4 704.1 687.9 672.6 657.3 642.0 642.9 645.6 600.6 556.5 512.4 467.4 423.3 378.3 378.3 374.7 369.3 364.8 359.4 354.9 349.5 345.0 340.5 341.4 346.8 351.3 356.7 361.2 366.6 371.1 376.5 380.1 389.1 398.1 405.3 413.4 422.4 430.5 429.6 438.6 430.5 423.3 415.2 408.0 400.8 392.7 401.7 409.8 399.0 389.1 377.4 367.5 356.7 345.9 344.1 336.9 329.7 323.4 318.0 311.7 306.3 300.9 294.6 291.9 292.8 293.7 295.5 295.5 297.3 298.2 300.0 306.3 309.9 313.5 318.0 320.7 324.3 327.9 331.5 330.6 327.0 322.5 318.0 314.4 309.9 305.4 300.9 301.8 315.3 329.7 344.1 358.5 373.8 387.3 391.8 398.1 400.8 403.5 406.2 408.0 410.7 413.4 415.2 409.8 397.2 383.7 371.1 358.5 345.0 331.5 324.3 322.5 324.3 324.3 326.1 326.1 327.9 327.9 334.2 343.2 347.7 351.3 354.9 358.5 361.2 365.7 369.3 368.4 364.8 361.2 356.7 352.2 348.6 345.0 340.5 344.1 351.3 358.5 364.8 372.0 380.1 386.4 393.6 407.1 412.5 418.8 425.1 430.5 436.8 442.2 448.5 446.7 438.6 429.6 421.5 414.3 405.3 397.2 389.1 384.6 388.2 391.8 395.4 399.0 401.7 405.3 408.9 415.2 417.9 419.7 421.5 424.2 426.9 428.7 430.5 426.0 419.7 412.5 405.3 399.0 391.8 384.6 378.3 364.8 358.5 352.2 345.0 338.7 332.4 326.1 318.9 320.7 328.8 336.0 344.1 352.2 360.3 368.4 376.5 380.1 377.4 373.8 369.3 365.7 362.1 358.5 354.9 363.0 374.7 386.4 398.1 409.8 420.6 433.2 444.0 460.2 464.7 469.2 473.7 478.2 482.7 486.3 491.7 492.6 489.0 485.4 481.8 477.3 473.7 471.0 467.4 467.4 470.1 473.7 476.4 480.0 482.7 486.3 489.0 496.2 499.8 503.4 506.1 509.7 513.3 516.9 520.5 515.1 507.0 498.9 489.9
crearDespacho --mercado --conDemandaTotal
4
0.02 0.07 0.145 1.0
370.0 600.0 2400.0 4000.0
830.69 836.99 841.72 824.39 803.91 797.61 794.46 791.31 786.58 785.01 780.28 777.13 783.43 805.49 830.69 854.32 877.95 901.58 925.21 934.66 936.23 903.15 868.5 835.42 803.91 769.26 736.17 728.3 728.3 750.35 772.41 792.88 813.36 835.42 857.47 863.77 888.98 929.93 972.46 1015.0 1057.53 1098.49 1139.44 1158.35 1153.62 1084.31 1013.42 945.69 874.8 805.49 736.17 714.12 710.97 712.55 717.27 722.0 726.72 729.87 734.6 753.5 781.86 851.17 920.48 989.79 1059.1 1128.42 1199.3 1207.18 1196.15 1134.72 1074.86 1015.0 955.14 893.7 833.84 813.36 797.61 811.79 824.39 836.99 849.59 862.2 876.37 882.67 890.55 929.93 972.46 1013.42 1052.8 1093.76 1134.72 1136.29 1128.42 1144.17 1158.35 1175.67 1189.85 1204.03 1218.21 1211.91 1200.88 1215.06 1230.81 1243.41 1259.16 1273.34 1289.09 1285.94 1285.94 1259.16 1232.38 1204.03 1177.25 1150.47 1123.69 1125.27 1129.99 1051.23 974.04 896.85 818.09 740.9 662.14 662.14 655.84 646.38 638.51 629.06 621.18 611.73 603.85 595.98 597.55 607.0 614.88 624.33 632.21 641.66 649.54 658.99 665.29 681.04 696.79 709.4 723.57 739.33 753.5 751.93 767.68 753.5 740.9 726.72 714.12 701.52 687.34 703.09 717.27 698.37 681.04 660.56 643.23 624.33 605.43 602.28 589.68 577.07 566.05 556.59 545.57 536.12 526.66 515.64 510.91 512.49 514.06 517.21 517.21 520.36 521.94 525.09 536.12 542.42 548.72 556.59 561.32 567.62 573.92 580.22 578.65 572.35 564.47 556.59 550.29 542.42 534.54 526.66 528.24 551.87 577.07 602.28 627.48 654.26 677.89 685.77 696.79 701.52 706.24 710.97 714.12 718.85 723.57 726.72 717.27 695.22 671.59 649.54 627.48 603.85 580.22 567.62 564.47 567.62 567.62 570.77 570.77 573.92 573.92 584.95 600.7 608.58 614.88 621.18 627.48 632.21 640.08 646.38 644.81 638.51 632.21 624.33 616.45 610.15 603.85 595.98 602.28 614.88 627.48 638.51 651.11 665.29 676.31 688.92 712.55 722.0 733.02 744.05 753.5 764.53 773.98 785.01 781.86 767.68 751.93 737.75 725.15 709.4 695.22 681.04 673.16 679.47 685.77 692.07 698.37 703.09 709.4 715.7 726.72 731.45 734.6 737.75 742.48 747.2 750.35 753.5 745.63 734.6 722.0 709.4 698.37 685.77 673.16 662.14 638.51 627.48 616.45 603.85 592.83 581.8 570.77 558.17 561.32 575.5 588.1 602.28 616.45 630.63 644.81 658.99 665.29 660.56 654.26 646.38 640.08 633.78 627.48 621.18 635.36 655.84 676.31 696.79 717.27 736.17 758.23 777.13 805.49 813.36 821.24 829.12 836.99 844.87 851.17 860.62 862.2 855.9 849.59 843.29 835.42 829.12 824.39 818.09 818.09 822.81 829.12 833.84 840.14 844.87 851.17 855.9 868.5 874.8 881.1 885.83 892.13 898.43 904.73 911.03 901.58 887.4 873.22 857.47
configurarSolver --Gurobi
resolver --noConstante ejecuciones/bancos/recombinados/v1/directo/sgtm/v1_sgtm_000046.csv
finalizar
