inicializar --t 360
agregarAgente --SaltoGrande
0.007168
2509064937.0
6595.0 6561.0 6528.0 6494.0 6421.0 6381.0 6341.0 6301.0 6261.0 6221.0 6181.0 6141.0 6061.0 6021.0 5981.0 5941.0 5900.0 5860.0 5820.0 5780.0 5700.0 5660.0 5620.0 5580.0 5540.0 5500.0 5460.0 5420.0 5353.0 5326.0 5299.0 5272.0 5244.0 5217.0 5190.0 5163.0 5109.0 5082.0 5055.0 5028.0 5000.0 4973.0 4946.0 4919.0 4865.0 4838.0 4811.0 4784.0 4756.0 4729.0 4702.0 4675.0 4622.0 4596.0 4570.0 4544.0 4519.0 4493.0 4467.0 4441.0 4389.0 4363.0 4337.0 4311.0 4286.0 4260.0 4234.0 4208.0 4156.0 4130.0 4104.0 4078.0 4053.0 4027.0 4001.0 3975.0 3933.0 3918.0 3902.0 3887.0 3871.0 3856.0 3840.0 3825.0 3794.0 3778.0 3763.0 3747.0 3732.0 3716.0 3701.0 3685.0 3654.0 3639.0 3623.0 3608.0 3592.0 3577.0 3561.0 3546.0 3519.0 3508.0 3497.0 3486.0 3475.0 3464.0 3454.0 3443.0 3421.0 3410.0 3399.0 3388.0 3377.0 3366.0 3355.0 3344.0 3322.0 3311.0 3301.0 3290.0 3279.0 3268.0 3257.0 3246.0 3237.0 3239.0 3241.0 3243.0 3245.0 3247.0 3248.0 3250.0 3254.0 3256.0 3258.0 3260.0 3262.0 3264.0 3266.0 3268.0 3272.0 3274.0 3275.0 3277.0 3279.0 3281.0 3283.0 3285.0 3285.0 3284.0 3282.0 3281.0 3279.0 3277.0 3276.0 3274.0 3271.0 3269.0 3268.0 3266.0 3265.0 3263.0 3262.0 3260.0 3257.0 3255.0 3254.0 3252.0 3250.0 3249.0 3247.0 3246.0 3241.0 3239.0 3236.0 3234.0 3231.0 3229.0 3226.0 3224.0 3218.0 3216.0 3213.0 3211.0 3208.0 3206.0 3203.0 3201.0 3195.0 3193.0 3190.0 3188.0 3185.0 3183.0 3180.0 3178.0 3175.0 3174.0 3174.0 3173.0 3173.0 3173.0 3172.0 3172.0 3171.0 3171.0 3170.0 3170.0 3169.0 3169.0 3168.0 3168.0 3167.0 3167.0 3166.0 3166.0 3166.0 3165.0 3165.0 3164.0 3170.0 3175.0 3181.0 3186.0 3192.0 3198.0 3203.0 3209.0 3220.0 3226.0 3231.0 3237.0 3242.0 3248.0 3253.0 3259.0 3270.0 3276.0 3281.0 3287.0 3293.0 3298.0 3304.0 3309.0 3319.0 3322.0 3326.0 3330.0 3334.0 3337.0 3341.0 3345.0 3352.0 3356.0 3359.0 3363.0 3367.0 3371.0 3374.0 3378.0 3385.0 3389.0 3393.0 3396.0 3400.0 3404.0 3408.0 3411.0 3430.0 3445.0 3459.0 3474.0 3489.0 3504.0 3518.0 3533.0 3563.0 3578.0 3592.0 3607.0 3622.0 3637.0 3651.0 3666.0 3696.0 3711.0 3725.0 3740.0 3755.0 3770.0 3784.0 3799.0 3818.0 3822.0 3825.0 3829.0 3833.0 3837.0 3841.0 3845.0 3852.0 3856.0 3860.0 3864.0 3867.0 3871.0 3875.0 3879.0 3886.0 3890.0 3894.0 3898.0 3902.0 3906.0 3909.0 3913.0 3945.0 3973.0 4001.0 4029.0 4057.0 4085.0 4113.0 4141.0 4197.0 4225.0 4253.0 4281.0 4310.0 4338.0 4366.0 4394.0 4450.0 4478.0 4506.0 4534.0 4562.0 4590.0 4618.0 4646.0 4666.0 4658.0 4649.0 4641.0 4633.0 4625.0 4617.0 4609.0 4592.0 4584.0 4576.0 4568.0 4559.0 4551.0 4543.0 4535.0 4518.0 4510.0 4502.0 4494.0
agregarAgente --UnidadTermicaSimple
200.0
100.0
agregarAgente --DemandaFija
291.0 255.9 222.6 223.5 223.5 258.6 294.6 329.7 365.7 401.7 436.8 435.9 433.2 431.4 431.4 429.6 427.8 426.9 426.0 425.1 426.0 385.5 344.1 303.6 262.2 221.7 181.2 183.0 181.2 211.8 241.5 270.3 300.0 330.6 360.3 355.8 352.2 345.0 338.7 330.6 324.3 316.2 309.9 309.9 311.7 289.2 266.7 244.2 220.8 199.2 175.8 177.6 176.7 217.2 257.7 298.2 338.7 380.1 420.6 417.9 415.2 419.7 425.1 430.5 435.9 441.3 446.7 446.7 449.4 416.1 383.7 351.3 318.9 285.6 255.0 255.9 255.9 262.2 268.5 274.8 282.0 288.3 294.6 293.7 291.9 296.4 301.8 307.2 312.6 318.0 324.3 324.3 324.3 296.4 270.3 242.4 214.5 187.5 160.5 160.5 162.3 188.4 214.5 239.7 264.9 291.0 317.1 317.1 316.2 285.6 255.9 226.2 195.6 165.9 136.2 134.4 135.3 131.7 128.1 123.6 119.1 114.6 111.0 112.8 117.3 120.0 121.8 124.5 126.3 128.1 130.8 132.6 133.5 134.4 135.3 135.3 135.3 137.1 137.1 136.2 131.7 133.5 136.2 138.9 140.7 143.4 145.2 141.6 139.8 138.0 136.2 133.5 131.7 129.9 128.1 129.0 130.8 132.6 135.3 138.0 140.7 143.4 145.2 147.0 148.8 164.1 178.5 192.9 207.3 223.5 237.0 237.9 239.7 309.0 379.2 447.6 516.9 586.2 656.4 657.3 654.6 657.3 660.0 662.7 665.4 667.2 669.9 668.1 669.0 614.1 558.3 502.5 446.7 391.8 336.0 339.6 341.4 400.8 459.3 518.7 578.1 636.6 695.1 694.2 696.9 707.7 716.7 726.6 736.5 746.4 756.3 759.0 759.9 698.7 640.2 579.0 519.6 458.4 399.9 398.1 396.3 454.8 514.2 572.7 631.2 689.7 749.1 749.1 747.3 750.9 754.5 757.2 760.8 765.3 768.0 767.1 768.0 705.0 643.8 581.7 519.6 458.4 395.4 399.0 404.4 458.4 512.4 565.5 620.4 674.4 727.5 729.3 732.9 739.2 745.5 751.8 759.0 764.4 771.6 772.5 778.8 728.4 678.0 627.6 577.2 526.8 476.4 481.8 488.1 537.6 588.0 638.4 688.8 739.2 790.5 790.5 793.2 775.2 756.3 738.3 719.4 700.5 682.5 685.2 689.7 625.8 561.0 498.0 435.0 372.0 307.2 308.1 309.9 302.7 295.5 288.3 282.0 274.8 267.6 267.6 268.5 284.7 300.0 315.3 330.6 345.9 361.2 362.1 361.2 345.0 328.8 313.5 296.4 281.1 265.8 263.1 265.8 268.5 272.1 274.8 277.5 280.2 283.8 288.3 294.6 297.3 299.1 301.8 303.6 306.3 308.1 310.8 303.6 295.5 286.5 277.5 267.6 258.6 250.5 241.5 236.1 239.7 243.3 246.0 249.6 253.2 256.8 260.4 266.7 270.3 273.9 277.5 280.2 283.8 287.4 291.0 284.7 274.8 264.9 255.0
crearDespacho --mercado --conDemandaTotal
4
0.02 0.07 0.145 1.0
370.0 600.0 2400.0 4000.0
526.17 462.71 402.5 404.12 404.12 467.59 532.68 596.15 661.24 726.34 789.8 788.17 783.29 780.04 780.04 776.78 773.53 771.9 770.27 768.65 770.27 697.04 622.19 548.96 474.1 400.87 327.64 330.89 327.64 382.97 436.67 488.74 542.45 597.78 651.48 643.34 636.83 623.81 612.42 597.78 586.38 571.74 560.35 560.35 563.6 522.92 482.24 441.55 399.24 360.18 317.87 321.13 319.5 392.73 465.96 539.19 612.42 687.28 760.51 755.63 750.75 758.88 768.65 778.41 788.17 797.94 807.7 807.7 812.59 752.37 693.79 635.2 576.62 516.41 461.08 462.71 462.71 474.1 485.49 496.88 509.9 521.29 532.68 531.06 527.8 535.94 545.7 555.47 565.23 574.99 586.38 586.38 586.38 535.94 488.74 438.3 387.85 339.03 290.21 290.21 293.46 340.66 387.85 433.41 478.98 526.17 573.37 573.37 571.74 516.41 462.71 409.0 353.68 299.97 246.27 243.02 244.64 238.13 231.62 223.49 215.35 207.21 200.71 203.96 212.1 216.98 220.23 225.12 228.37 231.62 236.51 239.76 241.39 243.02 244.64 244.64 244.64 247.9 247.9 246.27 238.13 241.39 246.27 251.15 254.41 259.29 262.54 256.03 252.78 249.53 246.27 241.39 238.13 234.88 231.62 233.25 236.51 239.76 244.64 249.53 254.41 259.29 262.54 265.8 269.05 296.72 322.76 348.79 374.83 404.12 428.53 430.16 433.41 558.72 685.65 809.33 934.64 1059.94 1186.87 1188.5 1183.62 1188.5 1193.38 1198.26 1203.15 1206.4 1211.28 1208.03 1209.66 1110.39 1009.49 908.6 807.7 708.44 607.54 614.05 617.3 724.71 830.49 937.89 1045.29 1151.07 1256.85 1255.22 1260.1 1279.63 1295.9 1313.81 1331.71 1349.61 1367.51 1372.39 1374.02 1263.36 1157.58 1046.92 939.52 828.86 723.08 719.83 716.57 822.35 929.75 1035.53 1141.31 1247.08 1354.49 1354.49 1351.23 1357.74 1364.25 1369.14 1375.64 1383.78 1388.66 1387.04 1388.66 1274.75 1164.09 1051.8 939.52 828.86 714.94 721.45 731.22 828.86 926.5 1022.51 1121.78 1219.42 1315.43 1318.69 1325.2 1336.59 1347.98 1359.37 1372.39 1382.15 1395.17 1396.8 1408.19 1317.06 1225.93 1134.8 1043.67 952.54 861.41 871.17 882.56 972.06 1063.2 1154.33 1245.46 1336.59 1429.35 1429.35 1434.23 1401.68 1367.51 1334.96 1300.79 1266.61 1234.07 1238.95 1247.08 1131.54 1014.38 900.46 786.55 672.63 555.47 557.09 560.35 547.33 534.31 521.29 509.9 496.88 483.86 483.86 485.49 514.78 542.45 570.11 597.78 625.44 653.11 654.73 653.11 623.81 594.52 566.86 535.94 508.27 480.61 475.73 480.61 485.49 492.0 496.88 501.76 506.65 513.15 521.29 532.68 537.56 540.82 545.7 548.96 553.84 557.09 561.97 548.96 534.31 518.04 501.76 483.86 467.59 452.94 436.67 426.91 433.41 439.92 444.81 451.32 457.82 464.33 470.84 482.24 488.74 495.25 501.76 506.65 513.15 519.66 526.17 514.78 496.88 478.98 461.08
configurarSolver --Gurobi
resolver --noConstante ejecuciones/bancos/recombinados/v1/directo/sgtm/v1_sgtm_000499.csv
finalizar
