inicializar --t 360
agregarAgente --SaltoGrande
0.000327
2250689819.0
2790.0 2783.0 2776.0 2770.0 2770.0 2778.0 2785.0 2792.0 2800.0 2807.0 2814.0 2822.0 2836.0 2844.0 2851.0 2858.0 2866.0 2873.0 2880.0 2888.0 2902.0 2910.0 2917.0 2924.0 2932.0 2939.0 2946.0 2954.0 2949.0 2936.0 2924.0 2912.0 2899.0 2887.0 2875.0 2862.0 2838.0 2825.0 2813.0 2801.0 2788.0 2776.0 2764.0 2751.0 2727.0 2714.0 2702.0 2690.0 2677.0 2665.0 2653.0 2640.0 2624.0 2619.0 2615.0 2611.0 2606.0 2602.0 2597.0 2593.0 2584.0 2580.0 2576.0 2571.0 2567.0 2562.0 2558.0 2554.0 2545.0 2541.0 2536.0 2532.0 2527.0 2523.0 2519.0 2514.0 2508.0 2505.0 2503.0 2500.0 2498.0 2496.0 2493.0 2491.0 2486.0 2484.0 2481.0 2479.0 2476.0 2474.0 2471.0 2469.0 2464.0 2462.0 2459.0 2457.0 2455.0 2452.0 2450.0 2447.0 2451.0 2457.0 2464.0 2470.0 2476.0 2482.0 2488.0 2494.0 2507.0 2513.0 2519.0 2525.0 2532.0 2538.0 2544.0 2550.0 2563.0 2569.0 2575.0 2581.0 2587.0 2593.0 2600.0 2606.0 2624.0 2636.0 2647.0 2659.0 2671.0 2683.0 2694.0 2706.0 2730.0 2742.0 2753.0 2765.0 2777.0 2789.0 2800.0 2812.0 2836.0 2848.0 2859.0 2871.0 2883.0 2895.0 2906.0 2918.0 2927.0 2924.0 2920.0 2917.0 2914.0 2911.0 2908.0 2905.0 2898.0 2895.0 2892.0 2889.0 2885.0 2882.0 2879.0 2876.0 2869.0 2866.0 2863.0 2860.0 2857.0 2854.0 2850.0 2847.0 2843.0 2842.0 2841.0 2839.0 2838.0 2837.0 2836.0 2835.0 2833.0 2831.0 2830.0 2829.0 2828.0 2827.0 2826.0 2824.0 2822.0 2821.0 2820.0 2819.0 2818.0 2816.0 2815.0 2814.0 2807.0 2801.0 2796.0 2790.0 2784.0 2778.0 2772.0 2766.0 2755.0 2749.0 2743.0 2737.0 2732.0 2726.0 2720.0 2714.0 2703.0 2697.0 2691.0 2685.0 2679.0 2673.0 2668.0 2662.0 2647.0 2637.0 2628.0 2618.0 2609.0 2599.0 2590.0 2580.0 2562.0 2552.0 2543.0 2533.0 2524.0 2514.0 2505.0 2495.0 2477.0 2467.0 2458.0 2448.0 2439.0 2429.0 2420.0 2410.0 2411.0 2422.0 2432.0 2442.0 2452.0 2463.0 2473.0 2483.0 2504.0 2514.0 2524.0 2534.0 2545.0 2555.0 2565.0 2575.0 2596.0 2606.0 2616.0 2627.0 2637.0 2647.0 2657.0 2668.0 2686.0 2695.0 2703.0 2712.0 2720.0 2729.0 2737.0 2746.0 2762.0 2771.0 2779.0 2788.0 2796.0 2805.0 2813.0 2822.0 2838.0 2847.0 2855.0 2864.0 2872.0 2881.0 2889.0 2898.0 2912.0 2918.0 2924.0 2930.0 2936.0 2942.0 2948.0 2954.0 2966.0 2972.0 2978.0 2984.0 2991.0 2997.0 3003.0 3009.0 3021.0 3027.0 3033.0 3039.0 3045.0 3051.0 3057.0 3063.0 3069.0 3068.0 3068.0 3068.0 3067.0 3067.0 3066.0 3066.0 3065.0 3065.0 3065.0 3064.0 3064.0 3063.0 3063.0 3063.0 3062.0 3062.0 3061.0 3061.0 3060.0 3060.0 3060.0 3059.0 3055.0 3050.0 3046.0 3042.0 3037.0 3033.0 3028.0 3024.0 3015.0 3011.0 3007.0 3002.0 2998.0 2993.0 2989.0 2985.0 2976.0 2972.0 2967.0 2963.0
agregarAgente --UnidadTermicaSimple
200.0
100.0
agregarAgente --DemandaFija
349.5 303.6 259.5 259.5 259.5 324.3 390.9 456.6 522.3 588.9 653.7 653.7 653.7 638.4 623.1 607.8 593.4 577.2 561.9 561.9 561.9 497.1 432.3 368.4 303.6 238.8 174.0 174.0 174.0 217.2 259.5 301.8 345.0 387.3 428.7 428.7 428.7 473.7 517.8 561.9 606.9 651.0 696.0 696.0 696.0 595.2 494.4 392.7 291.9 190.2 89.4 89.4 89.4 82.2 74.1 66.9 58.8 51.6 44.4 44.4 44.4 79.5 115.5 151.5 186.6 222.6 258.6 258.6 258.6 239.7 221.7 201.9 183.9 165.0 147.0 147.0 147.0 219.0 291.0 363.0 434.1 507.0 578.1 578.1 578.1 613.2 647.4 681.6 716.7 750.9 785.1 785.1 785.1 693.3 603.3 511.5 419.7 328.8 237.9 237.9 237.9 289.2 342.3 393.6 444.9 497.1 548.4 548.4 548.4 498.9 447.6 397.2 347.7 296.4 246.0 246.0 246.0 211.8 178.5 145.2 111.9 77.7 44.4 44.4 44.4 66.9 90.3 113.7 137.1 159.6 183.0 183.0 183.0 258.6 333.3 408.9 484.5 559.2 635.7 635.7 635.7 540.3 444.9 350.4 255.0 159.6 64.2 64.2 64.2 63.3 62.4 62.4 61.5 60.6 60.6 60.6 60.6 167.7 275.7 383.7 491.7 599.7 705.9 705.9 705.9 660.0 614.1 567.3 521.4 474.6 427.8 427.8 427.8 480.0 531.3 582.6 634.8 685.2 737.4 737.4 737.4 741.9 745.5 750.0 753.6 758.1 761.7 761.7 761.7 676.2 592.5 507.0 421.5 336.0 252.3 252.3 252.3 345.9 439.5 534.0 628.5 723.0 816.6 816.6 816.6 789.6 762.6 736.5 709.5 681.6 655.5 655.5 655.5 568.2 481.8 395.4 308.1 221.7 135.3 135.3 135.3 228.9 321.6 415.2 509.7 603.3 696.0 696.0 696.0 721.2 744.6 768.9 792.3 816.6 840.9 840.9 840.9 750.0 659.1 568.2 478.2 387.3 296.4 296.4 296.4 417.0 536.7 657.3 777.9 897.6 1018.2 1018.2 1018.2 960.6 901.2 843.6 785.1 727.5 669.0 669.0 669.0 602.4 534.9 468.3 400.8 333.3 266.7 266.7 266.7 284.7 303.6 321.6 340.5 359.4 377.4 377.4 377.4 395.4 413.4 431.4 449.4 468.3 486.3 486.3 486.3 462.9 437.7 414.3 390.0 366.6 342.3 342.3 342.3 314.4 286.5 258.6 231.6 202.8 174.9 174.9 174.9 201.0 227.1 252.3 277.5 302.7 327.9 327.9 327.9 330.6 333.3 336.0 339.6 342.3 345.0 345.0 345.0 386.4 426.9 469.2 510.6 551.1 593.4 593.4 593.4 644.7 695.1 747.3 797.7 849.9 900.3 900.3 900.3 813.0 725.7 637.5 549.3 462.0 373.8 373.8 373.8 448.5 523.2 598.8 672.6 748.2 822.0 822.0 822.0 786.9 751.8 717.6 681.6 646.5 611.4 611.4 611.4 521.4 432.3 343.2
crearDespacho --mercado --conDemandaTotal
4
0.02 0.07 0.145 1.0
370.0 600.0 2400.0 4000.0
533.01 463.01 395.75 395.75 395.75 494.58 596.15 696.34 796.54 898.11 996.93 996.93 996.93 973.6 950.26 926.93 904.97 880.26 856.93 856.93 856.93 758.11 659.28 561.83 463.01 364.18 265.36 265.36 265.36 331.24 395.75 460.26 526.15 590.66 653.79 653.79 653.79 722.42 789.68 856.93 925.56 992.81 1061.44 1061.44 1061.44 907.72 753.99 598.89 445.16 290.07 136.34 136.34 136.34 125.36 113.01 102.03 89.67 78.69 67.71 67.71 67.71 121.24 176.14 231.05 284.58 339.48 394.38 394.38 394.38 365.56 338.11 307.91 280.46 251.63 224.18 224.18 224.18 333.99 443.79 553.6 662.03 773.2 881.64 881.64 881.64 935.17 987.32 1039.48 1093.01 1145.17 1197.32 1197.32 1197.32 1057.32 920.07 780.07 640.07 501.44 362.81 362.81 362.81 441.05 522.03 600.26 678.5 758.11 836.34 836.34 836.34 760.85 682.62 605.75 530.26 452.03 375.16 375.16 375.16 323.01 272.22 221.44 170.65 118.5 67.71 67.71 67.71 102.03 137.71 173.4 209.09 243.4 279.09 279.09 279.09 394.38 508.3 623.6 738.89 852.81 969.48 969.48 969.48 823.99 678.5 534.38 388.89 243.4 97.91 97.91 97.91 96.54 95.16 95.16 93.79 92.42 92.42 92.42 92.42 255.75 420.46 585.17 749.87 914.58 1076.54 1076.54 1076.54 1006.54 936.54 865.17 795.17 723.79 652.42 652.42 652.42 732.03 810.26 888.5 968.11 1044.97 1124.58 1124.58 1124.58 1131.44 1136.93 1143.79 1149.28 1156.15 1161.64 1161.64 1161.64 1031.24 903.6 773.2 642.81 512.42 384.77 384.77 384.77 527.52 670.26 814.38 958.5 1102.62 1245.36 1245.36 1245.36 1204.19 1163.01 1123.21 1082.03 1039.48 999.68 999.68 999.68 866.54 734.77 603.01 469.87 338.11 206.34 206.34 206.34 349.09 490.46 633.2 777.32 920.07 1061.44 1061.44 1061.44 1099.87 1135.56 1172.62 1208.3 1245.36 1282.42 1282.42 1282.42 1143.79 1005.17 866.54 729.28 590.66 452.03 452.03 452.03 635.95 818.5 1002.42 1186.34 1368.89 1552.82 1552.82 1552.82 1464.97 1374.38 1286.54 1197.32 1109.48 1020.26 1020.26 1020.26 918.7 815.75 714.19 611.24 508.3 406.73 406.73 406.73 434.18 463.01 490.46 519.28 548.11 575.56 575.56 575.56 603.01 630.46 657.91 685.36 714.19 741.64 741.64 741.64 705.95 667.52 631.83 594.77 559.09 522.03 522.03 522.03 479.48 436.93 394.38 353.2 309.28 266.73 266.73 266.73 306.54 346.34 384.77 423.2 461.64 500.07 500.07 500.07 504.18 508.3 512.42 517.91 522.03 526.15 526.15 526.15 589.28 651.05 715.56 778.7 840.46 904.97 904.97 904.97 983.21 1060.07 1139.68 1216.54 1296.15 1373.01 1373.01 1373.01 1239.87 1106.74 972.23 837.71 704.58 570.07 570.07 570.07 683.99 797.91 913.21 1025.75 1141.05 1253.6 1253.6 1253.6 1200.07 1146.54 1094.38 1039.48 985.95 932.42 932.42 932.42 795.17 659.28 523.4
configurarSolver --Gurobi
resolver --noConstante ejecuciones/bancos/recombinados/v1/directo/sgtm/v1_sgtm_000470.csv
finalizar
