inicializar --t 360
agregarAgente --RioNegro
10.4 10.4 10.4 10.4 10.4 10.4 10.4 10.4 10.4 10.4 10.4 10.4 10.4 10.4 10.4 10.4 10.4 10.4 10.4 10.4 10.4 10.32 10.23 10.15 10.07 9.98 9.9 9.9 9.9 9.77 9.63 9.5 9.37 9.23 9.1 9.1 9.1 8.95 8.8 8.65 8.5 8.35 8.2 8.2 8.2 8.07 7.93 7.8 7.67 7.53 7.4 7.4 7.4 7.25 7.1 6.95 6.8 6.65 6.5 6.5 6.5 6.37 6.23 6.1 5.97 5.83 5.7 5.7 5.7 5.53 5.37 5.2 5.03 4.87 4.7 4.7 4.7 4.57 4.43 4.3 4.17 4.03 3.9 3.9 3.9 3.75 3.6 3.45 3.3 3.15 3.0 3.0 3.0 2.87 2.73 2.6 2.47 2.33 2.2 2.2 2.2 2.05 1.9 1.75 1.6 1.45 1.3 1.3 1.3 1.17 1.03 0.9 0.77 0.63 0.5 0.5 0.5 0.42 0.33 0.25 0.17 0.08 0.0 0.0 0.0 0.0 0.0 0.0 0.0 0.0 0.0 0.0 0.0 0.0 0.0 0.0 0.0 0.0 0.0 0.0 0.0 0.0 0.0 0.0 0.0 0.0 0.0 0.0 0.0 0.0 0.0 0.0 0.0 0.0 0.0 0.0 0.0 0.0 0.0 0.0 0.0 0.0 0.0 0.0 0.0 0.0 0.0 0.0 0.0 0.0 0.0 0.0 0.0 0.0 0.0 0.0 0.0 0.0 0.0 0.0 0.0 0.0 0.0 0.0 0.0 0.0 0.0 0.0 0.0 0.0 0.0 0.0 0.0 0.0 0.0 0.0 0.0 0.0 0.0 0.0 0.0 0.0 0.0 0.0 0.0 0.0 0.0 0.0 0.0 0.0 0.0 0.0 0.0 0.0 0.0 0.0 0.0 0.0 0.0 0.0 0.0 0.0 0.0 0.0 0.0 0.0 0.0 0.0 0.0 0.0 0.0 0.0 0.0 0.0 0.0 0.0 0.0 0.0 0.0 0.0 0.0 0.0 0.0 0.0 0.0 0.0 0.0 0.0 0.0 0.0 0.0 0.0 0.0 0.0 0.0 0.0 0.0 0.0 0.0 0.0 0.0 0.0 0.0 0.0 0.0 0.0 0.0 0.0 0.0 0.0 0.0 0.0 0.0 0.0 0.0 0.0 0.0 0.0 0.0 0.0 0.0 0.0 0.0 0.0 0.0 0.0 0.0 0.0 0.0 0.0 0.0 0.0 0.0 0.0 0.0 0.0 0.0 0.0 0.0 0.0 0.0 0.0 0.0 0.0 0.0 0.0 0.0 0.0 0.0 0.0 0.0 0.0 0.0 0.0 0.0 0.0 0.0 0.0 0.0 0.0 0.0 0.0 0.0 0.0 0.0 0.0 0.0 0.0 0.0 0.0 0.0 0.0 0.0 0.0 0.0 0.0 0.0 0.0 0.0 0.0 0.0 0.0 0.0 0.0 0.0 0.0 0.0 0.0 0.0 0.0 0.0 0.0 0.0 0.0 0.0 0.0 0.0 0.0 0.0 0.0
0.2 0.2 0.2 0.2 0.2 0.2 0.2 0.2 0.2 0.2 0.2 0.2 0.2 0.2 0.2 0.2 0.2 0.2 0.2 0.2 0.2 0.2 0.2 0.2 0.2 0.2 0.2 0.2 0.2 0.2 0.2 0.2 0.2 0.2 0.2 0.2 0.2 0.2 0.2 0.2 0.2 0.2 0.2 0.2 0.2 0.2 0.2 0.2 0.2 0.2 0.2 0.2 0.2 0.2 0.2 0.2 0.2 0.2 0.2 0.2 0.2 0.2 0.2 0.2 0.2 0.2 0.2 0.2 0.2 0.17 0.13 0.1 0.07 0.03 0.0 0.0 0.0 0.0 0.0 0.0 0.0 0.0 0.0 0.0 0.0 0.0 0.0 0.0 0.0 0.0 0.0 0.0 0.0 0.0 0.0 0.0 0.0 0.0 0.0 0.0 0.0 0.0 0.0 0.0 0.0 0.0 0.0 0.0 0.0 0.0 0.0 0.0 0.0 0.0 0.0 0.0 0.0 0.0 0.0 0.0 0.0 0.0 0.0 0.0 0.0 0.0 0.0 0.0 0.0 0.0 0.0 0.0 0.0 0.0 0.0 0.0 0.0 0.0 0.0 0.0 0.0 0.0 0.0 0.0 0.0 0.0 0.0 0.0 0.0 0.0 0.0 0.0 0.0 0.0 0.0 0.0 0.0 0.0 0.0 0.0 0.0 0.0 0.0 0.0 0.0 0.0 0.0 0.0 0.0 0.0 0.0 0.0 0.0 0.0 0.0 0.0 0.0 0.0 0.0 0.0 0.0 0.0 0.0 0.0 0.0 0.0 0.0 0.0 0.0 0.02 0.03 0.05 0.07 0.08 0.1 0.1 0.1 0.13 0.15 0.18 0.2 0.23 0.25 0.25 0.25 0.27 0.3 0.33 0.35 0.38 0.4 0.4 0.4 0.43 0.47 0.5 0.53 0.57 0.6 0.6 0.6 0.63 0.66 0.69 0.72 0.75 0.78 0.78 0.78 0.8 0.83 0.85 0.88 0.9 0.93 0.93 0.93 0.95 0.98 1.0 1.03 1.05 1.08 1.08 1.08 1.1 1.13 1.15 1.18 1.2 1.23 1.23 1.23 1.25 1.28 1.31 1.34 1.37 1.4 1.4 1.4 1.43 1.47 1.5 1.53 1.57 1.6 1.6 1.6 1.63 1.65 1.68 1.7 1.72 1.75 1.75 1.75 1.78 1.8 1.83 1.85 1.88 1.9 1.9 1.9 1.92 1.93 1.95 1.97 1.98 2.0 2.0 2.0 2.0 2.0 2.0 2.0 2.0 2.0 2.0 2.0 2.0 2.0 2.0 2.0 2.0 2.0 2.0 2.0 2.0 2.0 2.0 2.0 2.0 2.0 2.0 2.0 2.0 2.0 2.0 2.0 2.0 2.0 2.0 2.0 2.0 2.0 2.0 2.0 2.0 2.0 2.0 2.0 2.0 2.0 2.0 2.0 2.0 2.0 2.0 2.0 2.0 2.0 2.0 2.0 2.0 2.0 2.0 2.0 2.0 2.0 2.0 2.0 2.0 2.0 2.0 2.0 1.98 1.97 1.95
9.8 9.8 9.8 9.8 9.8 9.8 9.8 9.8 9.8 9.8 9.8 9.8 9.8 9.8 9.8 9.8 9.8 9.8 9.8 9.8 9.8 10.09 10.38 10.67 10.97 11.26 11.55 11.55 11.55 12.06 12.57 13.08 13.59 14.1 14.61 14.61 14.61 15.11 15.6 16.1 16.6 17.09 17.59 17.59 17.59 18.1 18.61 19.12 19.63 20.14 20.65 20.65 20.65 21.18 21.7 22.22 22.75 23.27 23.8 23.8 23.8 24.3 24.79 25.29 25.78 26.28 26.78 26.78 26.78 27.3 27.83 28.35 28.88 29.4 29.92 29.92 29.92 30.42 30.92 31.41 31.91 32.4 32.9 32.9 32.9 33.43 33.95 34.47 35.0 35.53 36.05 36.05 36.05 36.56 37.07 37.58 38.09 38.6 39.11 39.11 39.11 39.61 40.1 40.6 41.1 41.59 42.09 42.09 42.09 42.6 43.11 43.62 44.13 44.64 45.15 45.15 45.15 45.44 45.73 46.03 46.32 46.61 46.9 46.9 46.9 46.9 46.9 46.9 46.9 46.9 46.9 46.9 46.9 46.9 46.9 46.9 46.9 46.9 46.9 46.9 46.9 46.9 46.9 46.9 46.9 46.9 46.9 46.9 46.9 46.9 46.9 46.9 46.9 46.9 46.9 46.9 46.9 46.9 46.9 46.9 46.9 46.9 46.9 46.9 46.9 46.9 46.9 46.9 46.9 46.9 46.9 46.9 46.9 46.9 46.9 46.9 46.9 46.9 46.9 46.9 46.9 46.9 46.9 46.9 46.9 46.9 46.9 46.9 46.9 46.68 46.46 46.24 46.03 45.81 45.59 45.59 45.59 45.18 44.77 44.36 43.95 43.55 43.14 43.14 43.14 42.73 42.32 41.91 41.5 41.1 40.69 40.69 40.69 40.28 39.87 39.46 39.05 38.65 38.24 38.24 38.24 37.84 37.45 37.06 36.66 36.27 35.88 35.88 35.88 35.47 35.06 34.65 34.24 33.83 33.43 33.43 33.43 33.02 32.61 32.2 31.79 31.38 30.97 30.97 30.97 30.57 30.16 29.75 29.34 28.93 28.53 28.53 28.53 28.13 27.74 27.34 26.95 26.56 26.16 26.16 26.16 25.75 25.35 24.94 24.53 24.12 23.71 23.71 23.71 23.3 22.9 22.49 22.08 21.67 21.26 21.26 21.26 20.85 20.45 20.04 19.63 19.22 18.81 18.81 18.81 18.59 18.38 18.16 17.94 17.72 17.5 17.5 17.5 17.5 17.5 17.5 17.5 17.5 17.5 17.5 17.5 17.5 17.5 17.5 17.5 17.5 17.5 17.5 17.5 17.5 17.5 17.5 17.5 17.5 17.5 17.5 17.5 17.5 17.5 17.5 17.5 17.5 17.5 17.5 17.5 17.5 17.5 17.5 17.5 17.5 17.5 17.5 17.5 17.5 17.5 17.5 17.5 17.5 17.5 17.5 17.5 17.5 17.5 17.5 17.5 17.5 17.5 17.5 17.5 17.5 17.5 17.5 17.5 17.5 17.5 17.5 17.5 17.5 17.5 17.5
4156979952.0
1475764701.0
0.00479
0.00479
agregarAgente --DemandaFija
196.73 162.14 127.55 127.55 127.55 191.05 254.55 318.05 381.55 445.05 508.55 508.55 508.55 484.63 460.7 436.78 412.85 388.93 365.0 365.0 365.0 326.91 288.83 250.74 212.65 174.56 136.48 136.48 136.48 200.8 265.13 329.45 393.78 458.1 522.43 522.43 522.43 508.7 494.98 481.25 467.53 453.8 440.08 440.08 440.08 401.31 362.55 323.79 285.03 246.26 207.5 207.5 207.5 272.39 337.28 402.16 467.05 531.94 596.83 596.83 596.83 579.83 562.83 545.83 528.83 511.83 494.83 494.83 494.83 448.91 403.0 357.09 311.18 265.26 219.35 219.35 219.35 269.56 319.78 369.99 420.2 470.41 520.63 520.63 520.63 540.3 559.98 579.65 599.33 619.0 638.68 638.68 638.68 593.71 548.75 503.79 458.83 413.86 368.9 368.9 368.9 442.43 515.95 589.48 663.0 736.53 810.05 810.05 810.05 799.14 788.23 777.31 766.4 755.49 744.58 744.58 744.58 729.99 715.4 700.81 686.23 671.64 657.05 657.05 657.05 658.19 659.33 660.46 661.6 662.74 663.88 663.88 663.88 646.06 628.25 610.44 592.63 574.81 557.0 557.0 557.0 536.48 515.95 495.42 474.9 454.38 433.85 433.85 433.85 405.05 376.25 347.45 318.65 289.85 261.05 261.05 261.05 264.04 267.03 270.01 273.0 275.99 278.98 278.98 278.98 284.03 289.08 294.13 299.18 304.23 309.28 309.28 309.28 355.41 401.55 447.69 493.83 539.96 586.1 586.1 586.1 591.25 596.4 601.55 606.7 611.85 617.0 617.0 617.0 590.75 564.5 538.25 512.0 485.75 459.5 459.5 459.5 495.09 530.68 566.26 601.85 637.44 673.03 673.03 673.03 650.59 628.15 605.71 583.28 560.84 538.4 538.4 538.4 519.98 501.55 483.13 464.7 446.28 427.85 427.85 427.85 452.91 477.98 503.04 528.1 553.16 578.23 578.23 578.23 540.58 502.93 465.28 427.63 389.98 352.33 352.33 352.33 347.1 341.88 336.65 331.43 326.2 320.98 320.98 320.98 342.66 364.35 386.04 407.73 429.41 451.1 451.1 451.1 428.64 406.18 383.71 361.25 338.79 316.33 316.33 316.33 314.53 312.73 310.93 309.13 307.33 305.53 305.53 305.53 368.23 430.93 493.63 556.33 619.03 681.73 681.73 681.73 645.54 609.35 573.16 536.98 500.79 464.6 464.6 464.6 438.25 411.9 385.55 359.2 332.85 306.5 306.5 306.5 376.11 445.73 515.34 584.95 654.56 724.18 724.18 724.18 694.11 664.05 633.99 603.93 573.86 543.8 543.8 543.8 522.21 500.63 479.04 457.45 435.86 414.28 414.28 414.28 459.06 503.85 548.64 593.43 638.21 683.0 683.0 683.0 668.79 654.58 640.36 626.15 611.94 597.73 597.73 597.73 572.69 547.65 522.61 497.58 472.54 447.5 447.5 447.5 510.66 573.83 636.99 700.15 763.31 826.47 826.47 826.47 808.71 790.95 773.19 755.43 737.66 719.9 719.9 719.9 691.56 663.23 634.89
crearDespacho --fija
1600.0
configurarSolver --Cplex
resolver --noConstante csv/salida04f.csv
finalizar
