inicializar --t 360
agregarAgente --RioNegro
171.04 174.14 177.24 177.24 177.24 180.3 183.36 186.42 189.48 192.54 195.6 195.6 195.6 198.72 201.84 204.96 208.08 211.2 214.32 214.32 214.32 216.04 217.76 219.48 221.2 222.92 224.64 224.64 224.64 224.64 224.64 224.64 224.64 224.64 224.64 224.64 224.64 224.64 224.64 224.64 224.64 224.64 224.64 224.64 224.64 224.64 224.64 224.64 224.64 224.64 224.64 224.64 224.64 224.64 224.64 224.64 224.64 224.64 224.64 224.64 224.64 224.64 224.64 224.64 224.64 224.64 224.64 224.64 224.64 224.64 224.64 224.64 224.64 224.64 224.64 224.64 224.64 224.64 224.64 224.64 224.64 224.64 224.64 224.64 224.64 224.64 224.64 224.64 224.64 224.64 224.64 224.64 224.64 223.16 221.68 220.2 218.72 217.24 215.76 215.76 215.76 213.08 210.4 207.72 205.04 202.36 199.68 199.68 199.68 197.04 194.4 191.76 189.12 186.48 183.84 183.84 183.84 181.2 178.56 175.92 173.28 170.64 168.0 168.0 168.0 165.32 162.64 159.96 157.28 154.6 151.92 151.92 151.92 149.32 146.72 144.12 141.52 138.92 136.32 136.32 136.32 133.6 130.88 128.16 125.44 122.72 120.0 120.0 120.0 117.4 114.8 112.2 109.6 107.0 104.4 104.4 104.4 101.72 99.04 96.36 93.68 91.0 88.32 88.32 88.32 85.68 83.04 80.4 77.76 75.12 72.48 72.48 72.48 69.84 67.2 64.56 61.92 59.28 56.64 56.64 56.64 53.96 51.28 48.6 45.92 43.24 40.56 40.56 40.56 39.08 37.6 36.12 34.64 33.16 31.68 31.68 31.68 31.68 31.68 31.68 31.68 31.68 31.68 31.68 31.68 31.68 31.68 31.68 31.68 31.68 31.68 31.68 31.68 31.68 31.68 31.68 31.68 31.68 31.68 31.68 31.68 31.68 31.68 31.68 31.68 31.68 31.68 31.68 31.68 31.68 31.68 31.68 31.68 31.68 31.68 31.68 31.68 31.68 31.68 31.68 31.68 31.68 31.68 31.68 31.68 31.68 31.68 31.68 31.68 31.68 31.68 31.68 31.68 31.68 31.68 31.68 31.68 31.68 31.68 31.68 31.68 31.44 31.2 30.96 30.72 30.48 30.24 30.24 30.24 29.82 29.4 28.98 28.56 28.14 27.72 27.72 27.72 27.28 26.84 26.4 25.96 25.52 25.08 25.08 25.08 24.6 24.12 23.64 23.16 22.68 22.2 22.2 22.2 21.78 21.36 20.94 20.52 20.1 19.68 19.68 19.68 19.26 18.84 18.42 18.0 17.58 17.16 17.16 17.16 16.72 16.28 15.84 15.4 14.96 14.52 14.52 14.52 14.1 13.68 13.26 12.84 12.42 12.0 12.0 12.0 11.58 11.16 10.74 10.32 9.9 9.48 9.48 9.48 9.0 8.52 8.04 7.56 7.08 6.6 6.6 6.6 6.16 5.72 5.28 4.84 4.4 3.96 3.96 3.96 3.54 3.12 2.7 2.28 1.86 1.44 1.44 1.44 1.2 0.96 0.72
13.33 13.57 13.81 13.81 13.81 14.05 14.29 14.53 14.77 15.01 15.25 15.25 15.25 15.49 15.73 15.97 16.21 16.45 16.69 16.69 16.69 16.82 16.96 17.09 17.23 17.36 17.5 17.5 17.5 17.5 17.5 17.5 17.5 17.5 17.5 17.5 17.5 17.5 17.5 17.5 17.5 17.5 17.5 17.5 17.5 17.5 17.5 17.5 17.5 17.5 17.5 17.5 17.5 17.5 17.5 17.5 17.5 17.5 17.5 17.5 17.5 17.5 17.5 17.5 17.5 17.5 17.5 17.5 17.5 17.5 17.5 17.5 17.5 17.5 17.5 17.5 17.5 17.5 17.5 17.5 17.5 17.5 17.5 17.5 17.5 17.5 17.5 17.5 17.5 17.5 17.5 17.5 17.5 17.36 17.23 17.09 16.96 16.82 16.69 16.69 16.69 16.45 16.21 15.97 15.73 15.49 15.25 15.25 15.25 15.01 14.77 14.53 14.29 14.05 13.81 13.81 13.81 13.57 13.33 13.09 12.85 12.61 12.38 12.38 12.38 12.14 11.9 11.66 11.42 11.18 10.94 10.94 10.94 10.69 10.44 10.19 9.94 9.69 9.44 9.44 9.44 9.21 8.98 8.75 8.52 8.29 8.06 8.06 8.06 7.81 7.56 7.31 7.06 6.81 6.56 6.56 6.56 6.32 6.08 5.84 5.6 5.36 5.13 5.13 5.13 4.89 4.65 4.41 4.17 3.93 3.69 3.69 3.69 3.45 3.21 2.97 2.73 2.49 2.25 2.25 2.25 2.01 1.77 1.53 1.29 1.05 0.81 0.81 0.81 0.68 0.54 0.41 0.27 0.14 0.0 0.0 0.0 0.0 0.0 0.0 0.0 0.0 0.0 0.0 0.0 0.0 0.0 0.0 0.0 0.0 0.0 0.0 0.0 0.0 0.0 0.0 0.0 0.0 0.0 0.0 0.0 0.0 0.0 0.0 0.0 0.0 0.0 0.0 0.0 0.0 0.0 0.0 0.0 0.0 0.0 0.0 0.0 0.0 0.0 0.0 0.0 0.0 0.0 0.0 0.0 0.0 0.0 0.0 0.0 0.0 0.0 0.0 0.0 0.0 0.0 0.0 0.0 0.0 0.0 0.0 0.0 0.26 0.52 0.78 1.04 1.3 1.56 1.56 1.56 2.02 2.48 2.94 3.4 3.85 4.31 4.31 4.31 4.78 5.25 5.72 6.19 6.66 7.13 7.13 7.13 7.57 8.02 8.47 8.92 9.36 9.81 9.81 9.81 10.28 10.75 11.22 11.69 12.16 12.63 12.63 12.63 13.07 13.52 13.97 14.42 14.86 15.31 15.31 15.31 15.79 16.27 16.75 17.23 17.71 18.19 18.19 18.19 18.64 19.08 19.53 19.98 20.43 20.88 20.88 20.88 21.34 21.81 22.28 22.75 23.22 23.69 23.69 23.69 24.14 24.58 25.03 25.48 25.93 26.38 26.38 26.38 26.84 27.31 27.78 28.25 28.72 29.19 29.19 29.19 29.65 30.1 30.56 31.02 31.48 31.94 31.94 31.94 32.2 32.46 32.72
30.01 29.32 28.62 28.62 28.62 27.97 27.32 26.67 26.02 25.37 24.72 24.72 24.72 24.01 23.29 22.58 21.86 21.14 20.43 20.43 20.43 20.07 19.71 19.35 18.99 18.63 18.28 18.28 18.28 18.28 18.28 18.28 18.28 18.28 18.28 18.28 18.28 18.28 18.28 18.28 18.28 18.28 18.28 18.28 18.28 18.28 18.28 18.28 18.28 18.28 18.28 18.28 18.28 18.28 18.28 18.28 18.28 18.28 18.28 18.28 18.28 18.28 18.28 18.28 18.28 18.28 18.28 18.28 18.28 18.28 18.28 18.28 18.28 18.28 18.28 18.28 18.28 18.28 18.28 18.28 18.28 18.28 18.28 18.28 18.28 18.28 18.28 18.28 18.28 18.28 18.28 18.28 18.28 18.63 18.99 19.35 19.71 20.07 20.43 20.43 20.43 21.1 21.77 22.44 23.11 23.78 24.46 24.46 24.46 25.13 25.8 26.47 27.14 27.82 28.49 28.49 28.49 29.16 29.83 30.5 31.17 31.85 32.52 32.52 32.52 33.19 33.86 34.53 35.21 35.88 36.55 36.55 36.55 37.18 37.8 38.43 39.06 39.69 40.31 40.31 40.31 41.03 41.75 42.46 43.18 43.9 44.61 44.61 44.61 45.24 45.87 46.49 47.12 47.75 48.38 48.38 48.38 49.05 49.72 50.39 51.06 51.73 52.41 52.41 52.41 53.08 53.75 54.42 55.09 55.77 56.44 56.44 56.44 57.11 57.78 58.45 59.13 59.8 60.47 60.47 60.47 61.14 61.81 62.48 63.16 63.83 64.5 64.5 64.5 64.86 65.22 65.57 65.93 66.29 66.65 66.65 66.65 66.65 66.65 66.65 66.65 66.65 66.65 66.65 66.65 66.65 66.65 66.65 66.65 66.65 66.65 66.65 66.65 66.65 66.65 66.65 66.65 66.65 66.65 66.65 66.65 66.65 66.65 66.65 66.65 66.65 66.65 66.65 66.65 66.65 66.65 66.65 66.65 66.65 66.65 66.65 66.65 66.65 66.65 66.65 66.65 66.65 66.65 66.65 66.65 66.65 66.65 66.65 66.65 66.65 66.65 66.65 66.65 66.65 66.65 66.65 66.65 66.65 66.65 66.65 66.65 66.13 65.62 65.1 64.59 64.07 63.56 63.56 63.56 62.64 61.72 60.8 59.89 58.97 58.05 58.05 58.05 57.13 56.21 55.3 54.38 53.46 52.54 52.54 52.54 51.62 50.7 49.79 48.87 47.95 47.03 47.03 47.03 46.11 45.19 44.28 43.36 42.44 41.52 41.52 41.52 40.63 39.73 38.83 37.94 37.04 36.15 36.15 36.15 35.21 34.27 33.33 32.38 31.44 30.5 30.5 30.5 29.61 28.71 27.82 26.92 26.02 25.13 25.13 25.13 24.21 23.29 22.37 21.46 20.54 19.62 19.62 19.62 18.7 17.78 16.86 15.95 15.03 14.11 14.11 14.11 13.19 12.27 11.35 10.44 9.52 8.6 8.6 8.6 7.68 6.76 5.85 4.93 4.01 3.09 3.09 3.09 2.58 2.06 1.55
6897851102.0
891878013.0
0.00633
0.00326
agregarAgente --DemandaFija
390.85 376.6 362.35 362.35 362.35 387.92 413.48 439.05 464.62 490.18 515.75 515.75 515.75 530.06 544.37 558.68 572.98 587.29 601.6 601.6 601.6 545.09 488.58 432.08 375.57 319.06 262.55 262.55 262.55 280.19 297.83 315.48 333.12 350.76 368.4 368.4 368.4 395.38 422.37 449.35 476.33 503.32 530.3 530.3 530.3 498.41 466.52 434.63 402.73 370.84 338.95 338.95 338.95 358.42 377.88 397.35 416.82 436.28 455.75 455.75 455.75 494.28 532.8 571.33 609.85 648.38 686.9 686.9 686.9 630.66 574.42 518.18 461.93 405.69 349.45 349.45 349.45 365.4 381.35 397.3 413.25 429.2 445.15 445.15 445.15 466.17 487.18 508.2 529.22 550.23 571.25 571.25 571.25 530.48 489.7 448.93 408.15 367.38 326.6 326.6 326.6 336.28 345.95 355.63 365.3 374.98 384.65 384.65 384.65 410.77 436.88 463.0 489.12 515.23 541.35 541.35 541.35 502.08 462.82 423.55 384.28 345.02 305.75 305.75 305.75 307.25 308.75 310.25 311.75 313.25 314.75 314.75 314.75 345.67 376.58 407.5 438.42 469.33 500.25 500.25 500.25 465.43 430.62 395.8 360.98 326.17 291.35 291.35 291.35 295.85 300.35 304.85 309.35 313.85 318.35 318.35 318.35 352.41 386.47 420.53 454.58 488.64 522.7 522.7 522.7 462.77 402.83 342.9 282.97 223.03 163.1 163.1 163.1 137.62 112.13 86.65 61.17 35.68 10.2 10.2 10.2 9.54 8.88 8.23 7.57 6.91 6.25 6.25 6.25 18.38 30.5 42.63 54.75 66.88 79.0 79.0 79.0 107.44 135.88 164.33 192.77 221.21 249.65 249.65 249.65 212.51 175.37 138.23 101.08 63.94 26.8 26.8 26.8 40.53 54.25 67.98 81.7 95.43 109.15 109.15 109.15 92.22 75.28 58.35 41.42 24.48 7.55 7.55 7.55 8.28 9.0 9.73 10.45 11.17 11.9 11.9 11.9 18.58 25.25 31.93 38.6 45.28 51.95 51.95 51.95 44.33 36.72 29.1 21.48 13.87 6.25 6.25 6.25 6.25 6.25 6.25 6.25 6.25 6.25 6.25 6.25 18.44 30.63 42.83 55.02 67.21 79.4 79.4 79.4 109.67 139.93 170.2 200.47 230.73 261.0 261.0 261.0 248.77 236.53 224.3 212.07 199.83 187.6 187.6 187.6 163.05 138.5 113.95 89.4 64.85 40.3 40.3 40.3 34.63 28.95 23.28 17.6 11.93 6.25 6.25 6.25 25.91 45.57 65.23 84.88 104.54 124.2 124.2 124.2 106.96 89.72 72.48 55.23 37.99 20.75 20.75 20.75 42.92 65.08 87.25 109.42 131.58 153.75 153.75 153.75 161.17 168.58 176.0 183.42 190.83 198.25 198.25 198.25 172.8 147.35 121.9 96.45 71.0 45.55 45.55 45.55 131.03 216.5 301.97 387.45 472.93 558.4 558.4 558.4 496.42 434.43 372.45 310.47 248.48 186.5 186.5 186.5 158.65 130.8 102.95
crearDespacho --fija
3200.0
configurarSolver --Cplex
resolver --noConstante csv/salida46b.csv
finalizar
