inicializar --t 360
agregarAgente --RioNegro
103.68 103.68 103.68 103.68 103.68 103.68 103.68 103.68 103.68 103.68 103.68 103.68 103.68 103.68 103.68 103.68 103.68 103.68 103.68 103.68 103.68 104.48 105.28 106.08 106.88 107.68 108.48 108.48 108.48 109.88 111.28 112.68 114.08 115.48 116.88 116.88 116.88 118.28 119.68 121.08 122.48 123.88 125.28 125.28 125.28 126.72 128.16 129.6 131.04 132.48 133.92 133.92 133.92 135.34 136.76 138.18 139.6 141.02 142.44 142.44 142.44 143.84 145.24 146.64 148.04 149.44 150.84 150.84 150.84 152.24 153.64 155.04 156.44 157.84 159.24 159.24 159.24 160.64 162.04 163.44 164.84 166.24 167.64 167.64 167.64 169.06 170.48 171.9 173.32 174.74 176.16 176.16 176.16 177.6 179.04 180.48 181.92 183.36 184.8 184.8 184.8 186.2 187.6 189.0 190.4 191.8 193.2 193.2 193.2 194.6 196.0 197.4 198.8 200.2 201.6 201.6 201.6 202.4 203.2 204.0 204.8 205.6 206.4 206.4 206.4 206.4 206.4 206.4 206.4 206.4 206.4 206.4 206.4 206.4 206.4 206.4 206.4 206.4 206.4 206.4 206.4 206.4 206.4 206.4 206.4 206.4 206.4 206.4 206.4 206.4 206.4 206.4 206.4 206.4 206.4 206.4 206.4 206.4 206.4 206.4 206.4 206.4 206.4 206.4 206.4 206.4 206.4 206.4 206.4 206.4 206.4 206.4 206.4 206.4 206.4 206.4 206.4 206.4 206.4 206.4 206.4 206.4 206.4 206.4 206.4 206.4 206.4 206.4 206.4 209.52 212.64 215.76 218.88 222.0 225.12 225.12 225.12 230.66 236.2 241.74 247.28 252.82 258.36 258.36 258.36 263.92 269.48 275.04 280.6 286.16 291.72 291.72 291.72 297.26 302.8 308.34 313.88 319.42 324.96 324.96 324.96 330.5 336.04 341.58 347.12 352.66 358.2 358.2 358.2 363.76 369.32 374.88 380.44 386.0 391.56 391.56 391.56 397.04 402.52 408.0 413.48 418.96 424.44 424.44 424.44 430.0 435.56 441.12 446.68 452.24 457.8 457.8 457.8 463.34 468.88 474.42 479.96 485.5 491.04 491.04 491.04 496.58 502.12 507.66 513.2 518.74 524.28 524.28 524.28 529.84 535.4 540.96 546.52 552.08 557.64 557.64 557.64 563.18 568.72 574.26 579.8 585.34 590.88 590.88 590.88 594.0 597.12 600.24 603.36 606.48 609.6 609.6 609.6 609.6 609.6 609.6 609.6 609.6 609.6 609.6 609.6 609.6 609.6 609.6 609.6 609.6 609.6 609.6 609.6 609.6 609.6 609.6 609.6 609.6 609.6 609.6 609.6 609.6 609.6 609.6 609.6 609.6 609.6 609.6 609.6 609.6 609.6 609.6 609.6 609.6 609.6 609.6 609.6 609.6 609.6 609.6 609.6 609.6 609.6 609.6 609.6 609.6 609.6 609.6 609.6 609.6 609.6 609.6 609.6 609.6 609.6 609.6 609.6 609.6 609.6 609.6 609.6 611.44 613.28 615.12
0.0 0.0 0.0 0.0 0.0 0.0 0.0 0.0 0.0 0.0 0.0 0.0 0.0 0.0 0.0 0.0 0.0 0.0 0.0 0.0 0.0 0.05 0.1 0.16 0.21 0.26 0.31 0.31 0.31 0.42 0.52 0.63 0.73 0.83 0.94 0.94 0.94 1.05 1.17 1.28 1.4 1.51 1.63 1.63 1.63 1.72 1.81 1.91 2.0 2.09 2.19 2.19 2.19 2.29 2.4 2.5 2.6 2.71 2.81 2.81 2.81 2.91 3.0 3.09 3.19 3.28 3.38 3.38 3.38 3.5 3.63 3.75 3.88 4.0 4.13 4.13 4.13 4.22 4.31 4.41 4.5 4.59 4.69 4.69 4.69 4.79 4.9 5.0 5.1 5.21 5.31 5.31 5.31 5.41 5.5 5.59 5.69 5.78 5.88 5.88 5.88 5.99 6.1 6.22 6.33 6.45 6.56 6.56 6.56 6.67 6.77 6.88 6.98 7.08 7.19 7.19 7.19 7.24 7.29 7.34 7.4 7.45 7.5 7.5 7.5 7.5 7.5 7.5 7.5 7.5 7.5 7.5 7.5 7.5 7.5 7.5 7.5 7.5 7.5 7.5 7.5 7.5 7.5 7.5 7.5 7.5 7.5 7.5 7.5 7.5 7.5 7.5 7.5 7.5 7.5 7.5 7.5 7.5 7.5 7.5 7.5 7.5 7.5 7.5 7.5 7.5 7.5 7.5 7.5 7.5 7.5 7.5 7.5 7.5 7.5 7.5 7.5 7.5 7.5 7.5 7.5 7.5 7.5 7.5 7.5 7.5 7.5 7.5 7.5 7.77 8.04 8.31 8.58 8.85 9.13 9.13 9.13 9.59 10.06 10.53 11.0 11.47 11.94 11.94 11.94 12.42 12.9 13.38 13.85 14.33 14.81 14.81 14.81 15.28 15.75 16.22 16.69 17.16 17.63 17.63 17.63 18.09 18.56 19.03 19.5 19.97 20.44 20.44 20.44 20.92 21.4 21.88 22.35 22.83 23.31 23.31 23.31 23.79 24.27 24.75 25.23 25.71 26.19 26.19 26.19 26.67 27.15 27.63 28.1 28.58 29.06 29.06 29.06 29.53 30.0 30.47 30.94 31.41 31.88 31.88 31.88 32.34 32.81 33.28 33.75 34.22 34.69 34.69 34.69 35.17 35.65 36.13 36.6 37.08 37.56 37.56 37.56 38.03 38.5 38.97 39.44 39.91 40.38 40.38 40.38 40.65 40.92 41.19 41.46 41.73 42.0 42.0 42.0 42.0 42.0 42.0 42.0 42.0 42.0 42.0 42.0 42.0 42.0 42.0 42.0 42.0 42.0 42.0 42.0 42.0 42.0 42.0 42.0 42.0 42.0 42.0 42.0 42.0 42.0 42.0 42.0 42.0 42.0 42.0 42.0 42.0 42.0 42.0 42.0 42.0 42.0 42.0 42.0 42.0 42.0 42.0 42.0 42.0 42.0 42.0 42.0 42.0 42.0 42.0 42.0 42.0 42.0 42.0 42.0 42.0 42.0 42.0 42.0 42.0 42.0 42.0 42.0 41.69 41.38 41.06
111.8 111.8 111.8 111.8 111.8 111.8 111.8 111.8 111.8 111.8 111.8 111.8 111.8 111.8 111.8 111.8 111.8 111.8 111.8 111.8 111.8 112.14 112.47 112.81 113.14 113.48 113.82 113.82 113.82 114.44 115.07 115.7 116.32 116.95 117.58 117.58 117.58 118.21 118.83 119.46 120.09 120.71 121.34 121.34 121.34 121.97 122.59 123.22 123.85 124.48 125.1 125.1 125.1 125.71 126.31 126.92 127.52 128.13 128.73 128.73 128.73 129.36 129.99 130.61 131.24 131.87 132.49 132.49 132.49 133.12 133.75 134.38 135.0 135.63 136.26 136.26 136.26 136.88 137.51 138.14 138.76 139.39 140.02 140.02 140.02 140.62 141.23 141.83 142.44 143.04 143.65 143.65 143.65 144.27 144.9 145.53 146.16 146.78 147.41 147.41 147.41 148.04 148.66 149.29 149.92 150.54 151.17 151.17 151.17 151.8 152.43 153.05 153.68 154.31 154.93 154.93 154.93 155.27 155.61 155.94 156.28 156.61 156.95 156.95 156.95 156.95 156.95 156.95 156.95 156.95 156.95 156.95 156.95 156.95 156.95 156.95 156.95 156.95 156.95 156.95 156.95 156.95 156.95 156.95 156.95 156.95 156.95 156.95 156.95 156.95 156.95 156.95 156.95 156.95 156.95 156.95 156.95 156.95 156.95 156.95 156.95 156.95 156.95 156.95 156.95 156.95 156.95 156.95 156.95 156.95 156.95 156.95 156.95 156.95 156.95 156.95 156.95 156.95 156.95 156.95 156.95 156.95 156.95 156.95 156.95 156.95 156.95 156.95 156.95 155.7 154.44 153.19 151.93 150.68 149.42 149.42 149.42 147.27 145.13 142.98 140.83 138.67 136.53 136.53 136.53 134.38 132.23 130.08 127.93 125.77 123.63 123.63 123.63 121.48 119.33 117.18 115.02 112.88 110.73 110.73 110.73 108.58 106.43 104.28 102.13 99.98 97.83 97.83 97.83 95.68 93.52 91.38 89.23 87.08 84.93 84.93 84.93 82.77 80.63 78.48 76.32 74.18 72.02 72.02 72.02 69.87 67.73 65.57 63.42 61.28 59.13 59.13 59.13 56.98 54.82 52.68 50.53 48.38 46.23 46.23 46.23 44.07 41.93 39.78 37.63 35.47 33.32 33.32 33.32 31.17 29.02 26.88 24.72 22.58 20.43 20.43 20.43 18.28 16.13 13.98 11.83 9.67 7.52 7.52 7.52 6.27 5.02 3.76 2.51 1.25 0.0 0.0 0.0 0.0 0.0 0.0 0.0 0.0 0.0 0.0 0.0 0.0 0.0 0.0 0.0 0.0 0.0 0.0 0.0 0.0 0.0 0.0 0.0 0.0 0.0 0.0 0.0 0.0 0.0 0.0 0.0 0.0 0.0 0.0 0.0 0.0 0.0 0.0 0.0 0.0 0.0 0.0 0.0 0.0 0.0 0.0 0.0 0.0 0.0 0.0 0.0 0.0 0.0 0.0 0.0 0.0 0.0 0.0 0.0 0.0 0.0 0.0 0.0 0.0 0.0 0.0 0.0 1.08 2.15 3.22
6593288389.0
1695105956.0
0.00326
0.00633
agregarAgente --DemandaFija
344.28 252.3 160.33 160.33 160.33 229.79 299.25 368.71 438.18 507.64 577.1 577.1 577.1 616.53 655.95 695.38 734.8 774.23 813.65 813.65 813.65 712.76 611.88 510.99 410.1 309.21 208.33 208.33 208.33 283.29 358.25 433.21 508.18 583.14 658.1 658.1 658.1 683.24 708.38 733.51 758.65 783.79 808.93 808.93 808.93 703.06 597.2 491.34 385.48 279.61 173.75 173.75 173.75 250.96 328.18 405.39 482.6 559.81 637.03 637.03 637.03 655.28 673.53 691.78 710.03 728.28 746.53 746.53 746.53 649.09 551.65 454.21 356.78 259.34 161.9 161.9 161.9 227.24 292.58 357.91 423.25 488.59 553.93 553.93 553.93 570.55 587.18 603.8 620.43 637.05 653.68 653.68 653.68 558.35 463.03 367.7 272.38 177.05 81.73 81.73 81.73 140.64 199.55 258.46 317.38 376.29 435.2 435.2 435.2 479.63 524.05 568.47 612.9 657.33 701.75 701.75 701.75 601.15 500.55 399.95 299.35 198.75 98.15 98.15 98.15 129.09 160.03 190.96 221.9 252.84 283.78 283.78 283.78 317.96 352.15 386.34 420.53 454.71 488.9 488.9 488.9 425.88 362.85 299.83 236.8 173.78 110.75 110.75 110.75 182.73 254.7 326.68 398.65 470.63 542.6 542.6 542.6 574.44 606.28 638.11 669.95 701.79 733.63 733.63 733.63 685.34 637.05 588.76 540.48 492.19 443.9 443.9 443.9 456.44 468.98 481.51 494.05 506.59 519.13 519.13 519.13 546.19 573.25 600.31 627.38 654.44 681.5 681.5 681.5 641.9 602.3 562.7 523.1 483.5 443.9 443.9 443.9 447.8 451.7 455.6 459.5 463.4 467.3 467.3 467.3 480.81 494.32 507.84 521.35 534.86 548.38 548.38 548.38 530.89 513.4 495.91 478.43 460.94 443.45 443.45 443.45 456.63 469.8 482.97 496.15 509.32 522.5 522.5 522.5 545.03 567.55 590.08 612.6 635.13 657.65 657.65 657.65 621.9 586.15 550.4 514.65 478.9 443.15 443.15 443.15 448.46 453.78 459.09 464.4 469.71 475.03 475.03 475.03 495.25 515.48 535.7 555.93 576.15 596.38 596.38 596.38 602.68 608.98 615.28 621.58 627.88 634.18 634.18 634.18 647.24 660.3 673.36 686.43 699.49 712.55 712.55 712.55 733.26 753.98 774.69 795.4 816.11 836.83 836.83 836.83 820.68 804.53 788.38 772.23 756.08 739.93 739.93 739.93 736.9 733.88 730.85 727.83 724.8 721.78 721.78 721.78 719.13 716.48 713.83 711.18 708.53 705.88 705.88 705.88 707.44 709.0 710.56 712.13 713.69 715.25 715.25 715.25 722.35 729.45 736.55 743.65 750.75 757.85 757.85 757.85 781.16 804.48 827.79 851.1 874.41 897.72 897.72 897.72 841.13 784.53 727.93 671.33 614.73 558.13 558.13 558.13 555.98 553.83 551.68 549.53 547.38 545.23 545.23 545.23 572.45 599.68 626.9 654.13 681.35 708.58 708.58 708.58 664.1 619.63 575.15
crearDespacho --fija
1600.0
configurarSolver --Cplex
resolver --noConstante csv/salida42d.csv
finalizar
