inicializar --t 360
agregarAgente --RioNegro
343.0 340.88 338.76 338.76 338.76 336.58 334.4 332.22 330.04 327.86 325.68 325.68 325.68 323.54 321.4 319.26 317.12 314.98 312.84 312.84 312.84 310.7 308.56 306.42 304.28 302.14 300.0 300.0 300.0 297.84 295.68 293.52 291.36 289.2 287.04 287.04 287.04 284.88 282.72 280.56 278.4 276.24 274.08 274.08 274.08 272.88 271.68 270.48 269.28 268.08 266.88 266.88 266.88 266.88 266.88 266.88 266.88 266.88 266.88 266.88 266.88 266.88 266.88 266.88 266.88 266.88 266.88 266.88 266.88 266.88 266.88 266.88 266.88 266.88 266.88 266.88 266.88 266.88 266.88 266.88 266.88 266.88 266.88 266.88 266.88 266.88 266.88 266.88 266.88 266.88 266.88 266.88 266.88 266.88 266.88 266.88 266.88 266.88 266.88 266.88 266.88 266.88 266.88 266.88 266.88 266.88 266.88 266.88 266.88 266.88 266.88 266.88 266.88 266.88 266.88 266.88 266.88 264.82 262.76 260.7 258.64 256.58 254.52 254.52 254.52 250.84 247.16 243.48 239.8 236.12 232.44 232.44 232.44 228.78 225.12 221.46 217.8 214.14 210.48 210.48 210.48 206.8 203.12 199.44 195.76 192.08 188.4 188.4 188.4 184.74 181.08 177.42 173.76 170.1 166.44 166.44 166.44 162.76 159.08 155.4 151.72 148.04 144.36 144.36 144.36 140.72 137.08 133.44 129.8 126.16 122.52 122.52 122.52 118.84 115.16 111.48 107.8 104.12 100.44 100.44 100.44 96.78 93.12 89.46 85.8 82.14 78.48 78.48 78.48 74.8 71.12 67.44 63.76 60.08 56.4 56.4 56.4 52.74 49.08 45.42 41.76 38.1 34.44 34.44 34.44 30.76 27.08 23.4 19.72 16.04 12.36 12.36 12.36 10.3 8.24 6.18 4.12 2.06 0.0 0.0 0.0 0.0 0.0 0.0 0.0 0.0 0.0 0.0 0.0 0.0 0.0 0.0 0.0 0.0 0.0 0.0 0.0 0.0 0.0 0.0 0.0 0.0 0.0 0.0 0.0 0.0 0.0 0.0 0.0 0.0 0.0 0.0 0.0 0.0 0.0 0.0 0.0 0.0 0.0 0.0 0.0 0.0 0.0 0.0 0.0 0.0 0.0 0.0 0.0 0.0 0.0 0.0 0.0 0.0 0.0 0.0 0.0 0.0 0.0 0.0 0.0 0.0 0.0 0.0 0.0 1.72 3.44 5.16 6.88 8.6 10.32 10.32 10.32 13.44 16.56 19.68 22.8 25.92 29.04 29.04 29.04 32.1 35.16 38.22 41.28 44.34 47.4 47.4 47.4 50.5 53.6 56.7 59.8 62.9 66.0 66.0 66.0 69.08 72.16 75.24 78.32 81.4 84.48 84.48 84.48 87.58 90.68 93.78 96.88 99.98 103.08 103.08 103.08 106.16 109.24 112.32 115.4 118.48 121.56 121.56 121.56 124.66 127.76 130.86 133.96 137.06 140.16 140.16 140.16 143.24 146.32 149.4 152.48 155.56 158.64 158.64 158.64 161.74 164.84 167.94
32.31 32.88 33.44 33.44 33.44 33.96 34.48 35.0 35.52 36.04 36.56 36.56 36.56 37.13 37.69 38.25 38.81 39.38 39.94 39.94 39.94 40.47 41.0 41.53 42.06 42.59 43.13 43.13 43.13 43.68 44.23 44.78 45.33 45.89 46.44 46.44 46.44 46.97 47.5 48.03 48.56 49.09 49.63 49.63 49.63 49.94 50.25 50.56 50.88 51.19 51.5 51.5 51.5 51.5 51.5 51.5 51.5 51.5 51.5 51.5 51.5 51.5 51.5 51.5 51.5 51.5 51.5 51.5 51.5 51.5 51.5 51.5 51.5 51.5 51.5 51.5 51.5 51.5 51.5 51.5 51.5 51.5 51.5 51.5 51.5 51.5 51.5 51.5 51.5 51.5 51.5 51.5 51.5 51.5 51.5 51.5 51.5 51.5 51.5 51.5 51.5 51.5 51.5 51.5 51.5 51.5 51.5 51.5 51.5 51.5 51.5 51.5 51.5 51.5 51.5 51.5 51.5 51.13 50.75 50.38 50.0 49.63 49.25 49.25 49.25 48.5 47.75 47.0 46.25 45.5 44.75 44.75 44.75 44.08 43.42 42.75 42.08 41.42 40.75 40.75 40.75 40.0 39.25 38.5 37.75 37.0 36.25 36.25 36.25 35.58 34.92 34.25 33.58 32.92 32.25 32.25 32.25 31.5 30.75 30.0 29.25 28.5 27.75 27.75 27.75 27.08 26.42 25.75 25.08 24.42 23.75 23.75 23.75 23.0 22.25 21.5 20.75 20.0 19.25 19.25 19.25 18.58 17.92 17.25 16.58 15.92 15.25 15.25 15.25 14.5 13.75 13.0 12.25 11.5 10.75 10.75 10.75 10.08 9.42 8.75 8.08 7.42 6.75 6.75 6.75 6.0 5.25 4.5 3.75 3.0 2.25 2.25 2.25 1.88 1.5 1.13 0.75 0.38 0.0 0.0 0.0 0.0 0.0 0.0 0.0 0.0 0.0 0.0 0.0 0.0 0.0 0.0 0.0 0.0 0.0 0.0 0.0 0.0 0.0 0.0 0.0 0.0 0.0 0.0 0.0 0.0 0.0 0.0 0.0 0.0 0.0 0.0 0.0 0.0 0.0 0.0 0.0 0.0 0.0 0.0 0.0 0.0 0.0 0.0 0.0 0.0 0.0 0.0 0.0 0.0 0.0 0.0 0.0 0.0 0.0 0.0 0.0 0.0 0.0 0.0 0.0 0.0 0.0 0.0 0.0 0.14 0.27 0.41 0.54 0.68 0.81 0.81 0.81 1.05 1.29 1.53 1.77 2.01 2.25 2.25 2.25 2.49 2.73 2.97 3.21 3.45 3.69 3.69 3.69 3.93 4.17 4.41 4.65 4.89 5.13 5.13 5.13 5.36 5.6 5.84 6.08 6.32 6.56 6.56 6.56 6.81 7.06 7.31 7.56 7.81 8.06 8.06 8.06 8.29 8.52 8.75 8.98 9.21 9.44 9.44 9.44 9.69 9.94 10.19 10.44 10.69 10.94 10.94 10.94 11.18 11.42 11.66 11.9 12.14 12.38 12.38 12.38 12.61 12.85 13.09
29.29 28.49 27.68 27.68 27.68 26.85 26.02 25.2 24.37 23.54 22.71 22.71 22.71 21.86 21.01 20.16 19.31 18.45 17.6 17.6 17.6 16.8 15.99 15.18 14.38 13.57 12.77 12.77 12.77 11.94 11.11 10.28 9.45 8.62 7.79 7.79 7.79 6.97 6.14 5.31 4.48 3.65 2.82 2.82 2.82 2.35 1.88 1.41 0.94 0.47 0.0 0.0 0.0 0.0 0.0 0.0 0.0 0.0 0.0 0.0 0.0 0.0 0.0 0.0 0.0 0.0 0.0 0.0 0.0 0.0 0.0 0.0 0.0 0.0 0.0 0.0 0.0 0.0 0.0 0.0 0.0 0.0 0.0 0.0 0.0 0.0 0.0 0.0 0.0 0.0 0.0 0.0 0.0 0.0 0.0 0.0 0.0 0.0 0.0 0.0 0.0 0.0 0.0 0.0 0.0 0.0 0.0 0.0 0.0 0.0 0.0 0.0 0.0 0.0 0.0 0.0 0.0 0.54 1.08 1.61 2.15 2.69 3.22 3.22 3.22 4.12 5.02 5.91 6.81 7.7 8.6 8.6 8.6 9.56 10.53 11.49 12.45 13.42 14.38 14.38 14.38 15.3 16.21 17.13 18.05 18.97 19.89 19.89 19.89 20.81 21.72 22.64 23.56 24.48 25.4 25.4 25.4 26.36 27.32 28.29 29.25 30.21 31.17 31.17 31.17 32.07 32.97 33.86 34.76 35.65 36.55 36.55 36.55 37.51 38.48 39.44 40.4 41.37 42.33 42.33 42.33 43.25 44.16 45.08 46.0 46.92 47.84 47.84 47.84 48.76 49.67 50.59 51.51 52.43 53.35 53.35 53.35 54.31 55.27 56.24 57.2 58.16 59.13 59.13 59.13 60.02 60.92 61.81 62.71 63.6 64.5 64.5 64.5 65.04 65.58 66.11 66.65 67.19 67.73 67.73 67.73 67.73 67.73 67.73 67.73 67.73 67.73 67.73 67.73 67.73 67.73 67.73 67.73 67.73 67.73 67.73 67.73 67.73 67.73 67.73 67.73 67.73 67.73 67.73 67.73 67.73 67.73 67.73 67.73 67.73 67.73 67.73 67.73 67.73 67.73 67.73 67.73 67.73 67.73 67.73 67.73 67.73 67.73 67.73 67.73 67.73 67.73 67.73 67.73 67.73 67.73 67.73 67.73 67.73 67.73 67.73 67.73 67.73 67.73 67.73 67.73 67.73 67.73 67.73 67.73 67.37 67.01 66.65 66.29 65.93 65.58 65.58 65.58 64.86 64.14 63.43 62.71 61.99 61.28 61.28 61.28 60.63 59.98 59.33 58.68 58.03 57.38 57.38 57.38 56.68 55.99 55.3 54.6 53.91 53.21 53.21 53.21 52.52 51.82 51.13 50.44 49.74 49.05 49.05 49.05 48.4 47.75 47.1 46.45 45.8 45.15 45.15 45.15 44.43 43.72 43.0 42.28 41.57 40.85 40.85 40.85 40.2 39.55 38.9 38.25 37.6 36.95 36.95 36.95 36.26 35.56 34.87 34.18 33.48 32.79 32.79 32.79 32.09 31.4 30.7
7343346365.0
1193528402.0
0.00633
0.00326
agregarAgente --DemandaFija
402.6 382.49 362.38 362.38 362.38 387.58 412.78 437.97 463.17 488.38 513.58 513.58 513.58 495.28 476.98 458.68 440.38 422.08 403.78 403.78 403.78 350.06 296.35 242.64 188.93 135.21 81.5 81.5 81.5 132.6 183.7 234.8 285.9 337.0 388.1 388.1 388.1 385.46 382.83 380.19 377.55 374.91 372.28 372.28 372.28 331.64 291.0 250.36 209.73 169.09 128.45 128.45 128.45 202.43 276.4 350.38 424.35 498.33 572.3 572.3 572.3 571.9 571.5 571.1 570.7 570.3 569.9 569.9 569.9 533.25 496.6 459.95 423.3 386.65 350.0 350.0 350.0 347.64 345.28 342.91 340.55 338.19 335.83 335.83 335.83 319.09 302.35 285.61 268.88 252.14 235.4 235.4 235.4 231.73 228.05 224.38 220.7 217.03 213.35 213.35 213.35 246.61 279.88 313.14 346.4 379.66 412.93 412.93 412.93 429.23 445.53 461.83 478.13 494.43 510.73 510.73 510.73 462.31 413.9 365.49 317.08 268.66 220.25 220.25 220.25 243.38 266.5 289.63 312.75 335.88 359.0 359.0 359.0 347.36 335.73 324.09 312.45 300.81 289.18 289.18 289.18 263.45 237.73 212.0 186.28 160.55 134.83 134.83 134.83 191.1 247.38 303.65 359.93 416.2 472.48 472.48 472.48 498.53 524.58 550.63 576.68 602.73 628.78 628.78 628.78 594.46 560.15 525.84 491.53 457.21 422.9 422.9 422.9 423.35 423.8 424.25 424.7 425.15 425.6 425.6 425.6 400.58 375.55 350.53 325.5 300.47 275.45 275.45 275.45 260.14 244.83 229.51 214.2 198.89 183.58 183.58 183.58 252.38 321.18 389.98 458.78 527.58 596.38 596.38 596.38 589.55 582.73 575.9 569.08 562.25 555.43 555.43 555.43 550.7 545.98 541.25 536.53 531.8 527.08 527.08 527.08 511.41 495.75 480.09 464.43 448.76 433.1 433.1 433.1 405.31 377.53 349.74 321.95 294.16 266.38 266.38 266.38 260.36 254.35 248.34 242.33 236.31 230.3 230.3 230.3 248.9 267.5 286.1 304.7 323.3 341.9 341.9 341.9 324.85 307.8 290.75 273.7 256.65 239.6 239.6 239.6 211.33 183.05 154.78 126.5 98.23 69.95 69.95 69.95 89.04 108.13 127.21 146.3 165.39 184.48 184.48 184.48 205.48 226.48 247.48 268.48 289.48 310.48 310.48 310.48 281.54 252.6 223.66 194.73 165.79 136.85 136.85 136.85 204.9 272.95 341.0 409.05 477.1 545.15 545.15 545.15 537.6 530.05 522.5 514.95 507.4 499.85 499.85 499.85 451.04 402.23 353.41 304.6 255.79 206.98 206.98 206.98 238.69 270.4 302.11 333.83 365.54 397.25 397.25 397.25 392.0 386.75 381.5 376.25 371.0 365.75 365.75 365.75 353.38 341.0 328.63 316.25 303.88 291.5 291.5 291.5 322.86 354.23 385.59 416.95 448.31 479.67 479.67 479.67 463.13 446.58 430.03 413.48 396.93 380.38 380.38 380.38 350.59 320.8 291.01
crearDespacho --fija
1600.0
configurarSolver --Cplex
resolver --noConstante csv/salida21e.csv
finalizar
