inicializar --t 360
agregarAgente --RioNegro
343.0 340.88 338.76 338.76 338.76 336.58 334.4 332.22 330.04 327.86 325.68 325.68 325.68 323.54 321.4 319.26 317.12 314.98 312.84 312.84 312.84 310.7 308.56 306.42 304.28 302.14 300.0 300.0 300.0 297.84 295.68 293.52 291.36 289.2 287.04 287.04 287.04 284.88 282.72 280.56 278.4 276.24 274.08 274.08 274.08 272.88 271.68 270.48 269.28 268.08 266.88 266.88 266.88 266.88 266.88 266.88 266.88 266.88 266.88 266.88 266.88 266.88 266.88 266.88 266.88 266.88 266.88 266.88 266.88 266.88 266.88 266.88 266.88 266.88 266.88 266.88 266.88 266.88 266.88 266.88 266.88 266.88 266.88 266.88 266.88 266.88 266.88 266.88 266.88 266.88 266.88 266.88 266.88 266.88 266.88 266.88 266.88 266.88 266.88 266.88 266.88 266.88 266.88 266.88 266.88 266.88 266.88 266.88 266.88 266.88 266.88 266.88 266.88 266.88 266.88 266.88 266.88 264.82 262.76 260.7 258.64 256.58 254.52 254.52 254.52 250.84 247.16 243.48 239.8 236.12 232.44 232.44 232.44 228.78 225.12 221.46 217.8 214.14 210.48 210.48 210.48 206.8 203.12 199.44 195.76 192.08 188.4 188.4 188.4 184.74 181.08 177.42 173.76 170.1 166.44 166.44 166.44 162.76 159.08 155.4 151.72 148.04 144.36 144.36 144.36 140.72 137.08 133.44 129.8 126.16 122.52 122.52 122.52 118.84 115.16 111.48 107.8 104.12 100.44 100.44 100.44 96.78 93.12 89.46 85.8 82.14 78.48 78.48 78.48 74.8 71.12 67.44 63.76 60.08 56.4 56.4 56.4 52.74 49.08 45.42 41.76 38.1 34.44 34.44 34.44 30.76 27.08 23.4 19.72 16.04 12.36 12.36 12.36 10.3 8.24 6.18 4.12 2.06 0.0 0.0 0.0 0.0 0.0 0.0 0.0 0.0 0.0 0.0 0.0 0.0 0.0 0.0 0.0 0.0 0.0 0.0 0.0 0.0 0.0 0.0 0.0 0.0 0.0 0.0 0.0 0.0 0.0 0.0 0.0 0.0 0.0 0.0 0.0 0.0 0.0 0.0 0.0 0.0 0.0 0.0 0.0 0.0 0.0 0.0 0.0 0.0 0.0 0.0 0.0 0.0 0.0 0.0 0.0 0.0 0.0 0.0 0.0 0.0 0.0 0.0 0.0 0.0 0.0 0.0 0.0 1.72 3.44 5.16 6.88 8.6 10.32 10.32 10.32 13.44 16.56 19.68 22.8 25.92 29.04 29.04 29.04 32.1 35.16 38.22 41.28 44.34 47.4 47.4 47.4 50.5 53.6 56.7 59.8 62.9 66.0 66.0 66.0 69.08 72.16 75.24 78.32 81.4 84.48 84.48 84.48 87.58 90.68 93.78 96.88 99.98 103.08 103.08 103.08 106.16 109.24 112.32 115.4 118.48 121.56 121.56 121.56 124.66 127.76 130.86 133.96 137.06 140.16 140.16 140.16 143.24 146.32 149.4 152.48 155.56 158.64 158.64 158.64 161.74 164.84 167.94
32.31 32.88 33.44 33.44 33.44 33.96 34.48 35.0 35.52 36.04 36.56 36.56 36.56 37.13 37.69 38.25 38.81 39.38 39.94 39.94 39.94 40.47 41.0 41.53 42.06 42.59 43.13 43.13 43.13 43.68 44.23 44.78 45.33 45.89 46.44 46.44 46.44 46.97 47.5 48.03 48.56 49.09 49.63 49.63 49.63 49.94 50.25 50.56 50.88 51.19 51.5 51.5 51.5 51.5 51.5 51.5 51.5 51.5 51.5 51.5 51.5 51.5 51.5 51.5 51.5 51.5 51.5 51.5 51.5 51.5 51.5 51.5 51.5 51.5 51.5 51.5 51.5 51.5 51.5 51.5 51.5 51.5 51.5 51.5 51.5 51.5 51.5 51.5 51.5 51.5 51.5 51.5 51.5 51.5 51.5 51.5 51.5 51.5 51.5 51.5 51.5 51.5 51.5 51.5 51.5 51.5 51.5 51.5 51.5 51.5 51.5 51.5 51.5 51.5 51.5 51.5 51.5 51.13 50.75 50.38 50.0 49.63 49.25 49.25 49.25 48.5 47.75 47.0 46.25 45.5 44.75 44.75 44.75 44.08 43.42 42.75 42.08 41.42 40.75 40.75 40.75 40.0 39.25 38.5 37.75 37.0 36.25 36.25 36.25 35.58 34.92 34.25 33.58 32.92 32.25 32.25 32.25 31.5 30.75 30.0 29.25 28.5 27.75 27.75 27.75 27.08 26.42 25.75 25.08 24.42 23.75 23.75 23.75 23.0 22.25 21.5 20.75 20.0 19.25 19.25 19.25 18.58 17.92 17.25 16.58 15.92 15.25 15.25 15.25 14.5 13.75 13.0 12.25 11.5 10.75 10.75 10.75 10.08 9.42 8.75 8.08 7.42 6.75 6.75 6.75 6.0 5.25 4.5 3.75 3.0 2.25 2.25 2.25 1.88 1.5 1.13 0.75 0.38 0.0 0.0 0.0 0.0 0.0 0.0 0.0 0.0 0.0 0.0 0.0 0.0 0.0 0.0 0.0 0.0 0.0 0.0 0.0 0.0 0.0 0.0 0.0 0.0 0.0 0.0 0.0 0.0 0.0 0.0 0.0 0.0 0.0 0.0 0.0 0.0 0.0 0.0 0.0 0.0 0.0 0.0 0.0 0.0 0.0 0.0 0.0 0.0 0.0 0.0 0.0 0.0 0.0 0.0 0.0 0.0 0.0 0.0 0.0 0.0 0.0 0.0 0.0 0.0 0.0 0.0 0.0 0.14 0.27 0.41 0.54 0.68 0.81 0.81 0.81 1.05 1.29 1.53 1.77 2.01 2.25 2.25 2.25 2.49 2.73 2.97 3.21 3.45 3.69 3.69 3.69 3.93 4.17 4.41 4.65 4.89 5.13 5.13 5.13 5.36 5.6 5.84 6.08 6.32 6.56 6.56 6.56 6.81 7.06 7.31 7.56 7.81 8.06 8.06 8.06 8.29 8.52 8.75 8.98 9.21 9.44 9.44 9.44 9.69 9.94 10.19 10.44 10.69 10.94 10.94 10.94 11.18 11.42 11.66 11.9 12.14 12.38 12.38 12.38 12.61 12.85 13.09
29.29 28.49 27.68 27.68 27.68 26.85 26.02 25.2 24.37 23.54 22.71 22.71 22.71 21.86 21.01 20.16 19.31 18.45 17.6 17.6 17.6 16.8 15.99 15.18 14.38 13.57 12.77 12.77 12.77 11.94 11.11 10.28 9.45 8.62 7.79 7.79 7.79 6.97 6.14 5.31 4.48 3.65 2.82 2.82 2.82 2.35 1.88 1.41 0.94 0.47 0.0 0.0 0.0 0.0 0.0 0.0 0.0 0.0 0.0 0.0 0.0 0.0 0.0 0.0 0.0 0.0 0.0 0.0 0.0 0.0 0.0 0.0 0.0 0.0 0.0 0.0 0.0 0.0 0.0 0.0 0.0 0.0 0.0 0.0 0.0 0.0 0.0 0.0 0.0 0.0 0.0 0.0 0.0 0.0 0.0 0.0 0.0 0.0 0.0 0.0 0.0 0.0 0.0 0.0 0.0 0.0 0.0 0.0 0.0 0.0 0.0 0.0 0.0 0.0 0.0 0.0 0.0 0.54 1.08 1.61 2.15 2.69 3.22 3.22 3.22 4.12 5.02 5.91 6.81 7.7 8.6 8.6 8.6 9.56 10.53 11.49 12.45 13.42 14.38 14.38 14.38 15.3 16.21 17.13 18.05 18.97 19.89 19.89 19.89 20.81 21.72 22.64 23.56 24.48 25.4 25.4 25.4 26.36 27.32 28.29 29.25 30.21 31.17 31.17 31.17 32.07 32.97 33.86 34.76 35.65 36.55 36.55 36.55 37.51 38.48 39.44 40.4 41.37 42.33 42.33 42.33 43.25 44.16 45.08 46.0 46.92 47.84 47.84 47.84 48.76 49.67 50.59 51.51 52.43 53.35 53.35 53.35 54.31 55.27 56.24 57.2 58.16 59.13 59.13 59.13 60.02 60.92 61.81 62.71 63.6 64.5 64.5 64.5 65.04 65.58 66.11 66.65 67.19 67.73 67.73 67.73 67.73 67.73 67.73 67.73 67.73 67.73 67.73 67.73 67.73 67.73 67.73 67.73 67.73 67.73 67.73 67.73 67.73 67.73 67.73 67.73 67.73 67.73 67.73 67.73 67.73 67.73 67.73 67.73 67.73 67.73 67.73 67.73 67.73 67.73 67.73 67.73 67.73 67.73 67.73 67.73 67.73 67.73 67.73 67.73 67.73 67.73 67.73 67.73 67.73 67.73 67.73 67.73 67.73 67.73 67.73 67.73 67.73 67.73 67.73 67.73 67.73 67.73 67.73 67.73 67.37 67.01 66.65 66.29 65.93 65.58 65.58 65.58 64.86 64.14 63.43 62.71 61.99 61.28 61.28 61.28 60.63 59.98 59.33 58.68 58.03 57.38 57.38 57.38 56.68 55.99 55.3 54.6 53.91 53.21 53.21 53.21 52.52 51.82 51.13 50.44 49.74 49.05 49.05 49.05 48.4 47.75 47.1 46.45 45.8 45.15 45.15 45.15 44.43 43.72 43.0 42.28 41.57 40.85 40.85 40.85 40.2 39.55 38.9 38.25 37.6 36.95 36.95 36.95 36.26 35.56 34.87 34.18 33.48 32.79 32.79 32.79 32.09 31.4 30.7
7343346365.0
1193528402.0
0.00633
0.00326
agregarAgente --DemandaFija
235.07 221.66 208.25 208.25 208.25 225.05 241.85 258.65 275.45 292.25 309.05 309.05 309.05 296.85 284.65 272.45 260.25 248.05 235.85 235.85 235.85 200.04 164.23 128.43 92.62 56.81 21.0 21.0 21.0 55.07 89.13 123.2 157.27 191.33 225.4 225.4 225.4 223.64 221.88 220.13 218.37 216.61 214.85 214.85 214.85 187.76 160.67 133.58 106.48 79.39 52.3 52.3 52.3 101.62 150.93 200.25 249.57 298.88 348.2 348.2 348.2 347.93 347.67 347.4 347.13 346.87 346.6 346.6 346.6 322.17 297.73 273.3 248.87 224.43 200.0 200.0 200.0 198.42 196.85 195.28 193.7 192.13 190.55 190.55 190.55 179.39 168.23 157.08 145.92 134.76 123.6 123.6 123.6 121.15 118.7 116.25 113.8 111.35 108.9 108.9 108.9 131.08 153.25 175.43 197.6 219.78 241.95 241.95 241.95 252.82 263.68 274.55 285.42 296.28 307.15 307.15 307.15 274.88 242.6 210.33 178.05 145.78 113.5 113.5 113.5 128.92 144.33 159.75 175.17 190.58 206.0 206.0 206.0 198.24 190.48 182.73 174.97 167.21 159.45 159.45 159.45 142.3 125.15 108.0 90.85 73.7 56.55 56.55 56.55 94.07 131.58 169.1 206.62 244.13 281.65 281.65 281.65 299.02 316.38 333.75 351.12 368.48 385.85 385.85 385.85 362.97 340.1 317.23 294.35 271.47 248.6 248.6 248.6 248.9 249.2 249.5 249.8 250.1 250.4 250.4 250.4 233.72 217.03 200.35 183.67 166.98 150.3 150.3 150.3 140.09 129.88 119.68 109.47 99.26 89.05 89.05 89.05 134.92 180.78 226.65 272.52 318.38 364.25 364.25 364.25 359.7 355.15 350.6 346.05 341.5 336.95 336.95 336.95 333.8 330.65 327.5 324.35 321.2 318.05 318.05 318.05 307.61 297.17 286.73 276.28 265.84 255.4 255.4 255.4 236.88 218.35 199.83 181.3 162.78 144.25 144.25 144.25 140.24 136.23 132.23 128.22 124.21 120.2 120.2 120.2 132.6 145.0 157.4 169.8 182.2 194.6 194.6 194.6 183.23 171.87 160.5 149.13 137.77 126.4 126.4 126.4 107.55 88.7 69.85 51.0 32.15 13.3 13.3 13.3 26.03 38.75 51.48 64.2 76.93 89.65 89.65 89.65 103.65 117.65 131.65 145.65 159.65 173.65 173.65 173.65 154.36 135.07 115.78 96.48 77.19 57.9 57.9 57.9 103.27 148.63 194.0 239.37 284.73 330.1 330.1 330.1 325.07 320.03 315.0 309.97 304.93 299.9 299.9 299.9 267.36 234.82 202.28 169.73 137.19 104.65 104.65 104.65 125.79 146.93 168.08 189.22 210.36 231.5 231.5 231.5 228.0 224.5 221.0 217.5 214.0 210.5 210.5 210.5 202.25 194.0 185.75 177.5 169.25 161.0 161.0 161.0 181.91 202.82 223.73 244.63 265.54 286.45 286.45 286.45 275.42 264.38 253.35 242.32 231.28 220.25 220.25 220.25 200.39 180.53 160.68
crearDespacho --fija
3200.0
configurarSolver --Cplex
resolver --noConstante csv/salida21b.csv
finalizar
