inicializar --t 360
agregarAgente --RioNegro
332.16 332.16 332.16 332.16 332.16 332.16 332.16 332.16 332.16 332.16 332.16 332.16 332.16 332.16 332.16 332.16 332.16 332.16 332.16 332.16 332.16 330.72 329.28 327.84 326.4 324.96 323.52 323.52 323.52 320.82 318.12 315.42 312.72 310.02 307.32 307.32 307.32 304.74 302.16 299.58 297.0 294.42 291.84 291.84 291.84 289.22 286.6 283.98 281.36 278.74 276.12 276.12 276.12 273.46 270.8 268.14 265.48 262.82 260.16 260.16 260.16 257.6 255.04 252.48 249.92 247.36 244.8 244.8 244.8 242.08 239.36 236.64 233.92 231.2 228.48 228.48 228.48 225.92 223.36 220.8 218.24 215.68 213.12 213.12 213.12 210.46 207.8 205.14 202.48 199.82 197.16 197.16 197.16 194.54 191.92 189.3 186.68 184.06 181.44 181.44 181.44 178.86 176.28 173.7 171.12 168.54 165.96 165.96 165.96 163.26 160.56 157.86 155.16 152.46 149.76 149.76 149.76 148.32 146.88 145.44 144.0 142.56 141.12 141.12 141.12 141.12 141.12 141.12 141.12 141.12 141.12 141.12 141.12 141.12 141.12 141.12 141.12 141.12 141.12 141.12 141.12 141.12 141.12 141.12 141.12 141.12 141.12 141.12 141.12 141.12 141.12 141.12 141.12 141.12 141.12 141.12 141.12 141.12 141.12 141.12 141.12 141.12 141.12 141.12 141.12 141.12 141.12 141.12 141.12 141.12 141.12 141.12 141.12 141.12 141.12 141.12 141.12 141.12 141.12 141.12 141.12 141.12 141.12 141.12 141.12 141.12 141.12 141.12 141.12 146.0 150.88 155.76 160.64 165.52 170.4 170.4 170.4 179.04 187.68 196.32 204.96 213.6 222.24 222.24 222.24 230.9 239.56 248.22 256.88 265.54 274.2 274.2 274.2 282.86 291.52 300.18 308.84 317.5 326.16 326.16 326.16 334.82 343.48 352.14 360.8 369.46 378.12 378.12 378.12 386.78 395.44 404.1 412.76 421.42 430.08 430.08 430.08 438.72 447.36 456.0 464.64 473.28 481.92 481.92 481.92 490.58 499.24 507.9 516.56 525.22 533.88 533.88 533.88 542.54 551.2 559.86 568.52 577.18 585.84 585.84 585.84 594.5 603.16 611.82 620.48 629.14 637.8 637.8 637.8 646.46 655.12 663.78 672.44 681.1 689.76 689.76 689.76 698.4 707.04 715.68 724.32 732.96 741.6 741.6 741.6 746.48 751.36 756.24 761.12 766.0 770.88 770.88 770.88 770.88 770.88 770.88 770.88 770.88 770.88 770.88 770.88 770.88 770.88 770.88 770.88 770.88 770.88 770.88 770.88 770.88 770.88 770.88 770.88 770.88 770.88 770.88 770.88 770.88 770.88 770.88 770.88 770.88 770.88 770.88 770.88 770.88 770.88 770.88 770.88 770.88 770.88 770.88 770.88 770.88 770.88 770.88 770.88 770.88 770.88 770.88 770.88 770.88 770.88 770.88 770.88 770.88 770.88 770.88 770.88 770.88 770.88 770.88 770.88 770.88 770.88 770.88 770.88 773.84 776.8 779.76
0.8 0.8 0.8 0.8 0.8 0.8 0.8 0.8 0.8 0.8 0.8 0.8 0.8 0.8 0.8 0.8 0.8 0.8 0.8 0.8 0.8 0.8 0.8 0.8 0.8 0.8 0.8 0.8 0.8 0.8 0.8 0.8 0.8 0.8 0.8 0.8 0.8 0.8 0.8 0.8 0.8 0.8 0.8 0.8 0.8 0.8 0.8 0.8 0.8 0.8 0.8 0.8 0.8 0.8 0.8 0.8 0.8 0.8 0.8 0.8 0.8 0.8 0.8 0.8 0.8 0.8 0.8 0.8 0.8 0.67 0.53 0.4 0.27 0.13 0.0 0.0 0.0 0.0 0.0 0.0 0.0 0.0 0.0 0.0 0.0 0.0 0.0 0.0 0.0 0.0 0.0 0.0 0.0 0.0 0.0 0.0 0.0 0.0 0.0 0.0 0.0 0.0 0.0 0.0 0.0 0.0 0.0 0.0 0.0 0.0 0.0 0.0 0.0 0.0 0.0 0.0 0.0 0.0 0.0 0.0 0.0 0.0 0.0 0.0 0.0 0.0 0.0 0.0 0.0 0.0 0.0 0.0 0.0 0.0 0.0 0.0 0.0 0.0 0.0 0.0 0.0 0.0 0.0 0.0 0.0 0.0 0.0 0.0 0.0 0.0 0.0 0.0 0.0 0.0 0.0 0.0 0.0 0.0 0.0 0.0 0.0 0.0 0.0 0.0 0.0 0.0 0.0 0.0 0.0 0.0 0.0 0.0 0.0 0.0 0.0 0.0 0.0 0.0 0.0 0.0 0.0 0.0 0.0 0.0 0.0 0.0 0.0 0.0 0.0 0.47 0.93 1.4 1.87 2.33 2.8 2.8 2.8 3.65 4.5 5.35 6.2 7.05 7.9 7.9 7.9 8.72 9.53 10.35 11.17 11.98 12.8 12.8 12.8 13.65 14.5 15.35 16.2 17.05 17.9 17.9 17.9 18.73 19.57 20.4 21.23 22.07 22.9 22.9 22.9 23.73 24.57 25.4 26.23 27.07 27.9 27.9 27.9 28.73 29.57 30.4 31.23 32.07 32.9 32.9 32.9 33.73 34.57 35.4 36.23 37.07 37.9 37.9 37.9 38.73 39.57 40.4 41.23 42.07 42.9 42.9 42.9 43.75 44.6 45.45 46.3 47.15 48.0 48.0 48.0 48.82 49.63 50.45 51.27 52.08 52.9 52.9 52.9 53.75 54.6 55.45 56.3 57.15 58.0 58.0 58.0 58.47 58.93 59.4 59.87 60.33 60.8 60.8 60.8 60.8 60.8 60.8 60.8 60.8 60.8 60.8 60.8 60.8 60.8 60.8 60.8 60.8 60.8 60.8 60.8 60.8 60.8 60.8 60.8 60.8 60.8 60.8 60.8 60.8 60.8 60.8 60.8 60.8 60.8 60.8 60.8 60.8 60.8 60.8 60.8 60.8 60.8 60.8 60.8 60.8 60.8 60.8 60.8 60.8 60.8 60.8 60.8 60.8 60.8 60.8 60.8 60.8 60.8 60.8 60.8 60.8 60.8 60.8 60.8 60.8 60.8 60.8 60.8 61.77 62.73 63.7
401.1 401.1 401.1 401.1 401.1 401.1 401.1 401.1 401.1 401.1 401.1 401.1 401.1 401.1 401.1 401.1 401.1 401.1 401.1 401.1 401.1 398.45 395.79 393.14 390.48 387.83 385.17 385.17 385.17 380.42 375.67 370.91 366.16 361.4 356.65 356.65 356.65 351.93 347.2 342.47 337.75 333.02 328.3 328.3 328.3 323.58 318.85 314.13 309.4 304.68 299.95 299.95 299.95 295.2 290.44 285.69 280.93 276.18 271.42 271.42 271.42 266.73 262.03 257.34 252.64 247.95 243.25 243.25 243.25 238.47 233.68 228.9 224.12 219.33 214.55 214.55 214.55 209.85 205.16 200.46 195.77 191.07 186.38 186.38 186.38 181.62 176.87 172.11 167.36 162.6 157.85 157.85 157.85 153.13 148.4 143.68 138.95 134.23 129.5 129.5 129.5 124.77 120.05 115.32 110.6 105.88 101.15 101.15 101.15 96.4 91.64 86.89 82.13 77.38 72.63 72.63 72.63 69.97 67.32 64.66 62.01 59.35 56.7 56.7 56.7 56.7 56.7 56.7 56.7 56.7 56.7 56.7 56.7 56.7 56.7 56.7 56.7 56.7 56.7 56.7 56.7 56.7 56.7 56.7 56.7 56.7 56.7 56.7 56.7 56.7 56.7 56.7 56.7 56.7 56.7 56.7 56.7 56.7 56.7 56.7 56.7 56.7 56.7 56.7 56.7 56.7 56.7 56.7 56.7 56.7 56.7 56.7 56.7 56.7 56.7 56.7 56.7 56.7 56.7 56.7 56.7 56.7 56.7 56.7 56.7 56.7 56.7 56.7 56.7 56.6 56.5 56.39 56.29 56.19 56.09 56.09 56.09 55.9 55.71 55.52 55.33 55.14 54.95 54.95 54.95 54.76 54.57 54.38 54.19 54.0 53.81 53.81 53.81 53.65 53.49 53.33 53.17 53.01 52.85 52.85 52.85 52.66 52.47 52.28 52.09 51.9 51.71 51.71 51.71 51.54 51.36 51.19 51.01 50.84 50.66 50.66 50.66 50.46 50.25 50.05 49.85 49.64 49.44 49.44 49.44 49.26 49.09 48.91 48.74 48.56 48.39 48.39 48.39 48.2 48.01 47.82 47.63 47.44 47.25 47.25 47.25 47.09 46.93 46.77 46.61 46.45 46.29 46.29 46.29 46.1 45.91 45.72 45.53 45.34 45.15 45.15 45.15 44.96 44.77 44.58 44.39 44.2 44.01 44.01 44.01 43.91 43.81 43.71 43.6 43.5 43.4 43.4 43.4 43.4 43.4 43.4 43.4 43.4 43.4 43.4 43.4 43.4 43.4 43.4 43.4 43.4 43.4 43.4 43.4 43.4 43.4 43.4 43.4 43.4 43.4 43.4 43.4 43.4 43.4 43.4 43.4 43.4 43.4 43.4 43.4 43.4 43.4 43.4 43.4 43.4 43.4 43.4 43.4 43.4 43.4 43.4 43.4 43.4 43.4 43.4 43.4 43.4 43.4 43.4 43.4 43.4 43.4 43.4 43.4 43.4 43.4 43.4 43.4 43.4 43.4 43.4 43.4 48.55 53.7 58.84
3007478260.0
1552083428.0
0.00326
0.00633
agregarAgente --DemandaFija
171.38 126.32 81.25 81.25 81.25 96.86 112.47 128.08 143.68 159.29 174.9 174.9 174.9 176.07 177.23 178.4 179.57 180.73 181.9 181.9 181.9 153.58 125.27 96.95 68.63 40.32 12.0 12.0 12.0 31.28 50.55 69.83 89.1 108.38 127.65 127.65 127.65 136.53 145.42 154.3 163.18 172.07 180.95 180.95 180.95 153.64 126.33 99.03 71.72 44.41 17.1 17.1 17.1 38.35 59.6 80.85 102.1 123.35 144.6 144.6 144.6 170.58 196.55 222.52 248.5 274.47 300.45 300.45 300.45 276.33 252.22 228.1 203.98 179.87 155.75 155.75 155.75 187.45 219.15 250.85 282.55 314.25 345.95 345.95 345.95 370.29 394.63 418.98 443.32 467.66 492.0 492.0 492.0 459.91 427.82 395.73 363.63 331.54 299.45 299.45 299.45 334.34 369.23 404.13 439.02 473.91 508.8 508.8 508.8 516.18 523.57 530.95 538.33 545.72 553.1 553.1 553.1 525.44 497.78 470.13 442.47 414.81 387.15 387.15 387.15 405.38 423.62 441.85 460.08 478.32 496.55 496.55 496.55 513.57 530.6 547.63 564.65 581.68 598.7 598.7 598.7 560.28 521.85 483.43 445.0 406.58 368.15 368.15 368.15 368.63 369.1 369.58 370.05 370.53 371.0 371.0 371.0 355.88 340.77 325.65 310.53 295.42 280.3 280.3 280.3 242.17 204.05 165.93 127.8 89.68 51.55 51.55 51.55 73.73 95.9 118.08 140.25 162.43 184.6 184.6 184.6 201.85 219.1 236.35 253.6 270.85 288.1 288.1 288.1 265.8 243.5 221.2 198.9 176.6 154.3 154.3 154.3 180.74 207.18 233.63 260.07 286.51 312.95 312.95 312.95 312.29 311.63 310.98 310.32 309.66 309.0 309.0 309.0 275.07 241.13 207.2 173.27 139.33 105.4 105.4 105.4 152.42 199.43 246.45 293.47 340.48 387.5 387.5 387.5 368.51 349.52 330.53 311.53 292.54 273.55 273.55 273.55 244.28 215.02 185.75 156.48 127.22 97.95 97.95 97.95 137.22 176.48 215.75 255.02 294.28 333.55 333.55 333.55 365.53 397.52 429.5 461.48 493.47 525.45 525.45 525.45 473.46 421.47 369.48 317.48 265.49 213.5 213.5 213.5 225.72 237.93 250.15 262.37 274.58 286.8 286.8 286.8 312.89 338.98 365.08 391.17 417.26 443.35 443.35 443.35 421.7 400.05 378.4 356.75 335.1 313.45 313.45 313.45 321.83 330.2 338.58 346.95 355.33 363.7 363.7 363.7 331.04 298.38 265.73 233.07 200.41 167.75 167.75 167.75 141.51 115.27 89.03 62.78 36.54 10.3 10.3 10.3 39.09 67.88 96.68 125.47 154.26 183.05 183.05 183.05 218.75 254.45 290.15 325.85 361.55 397.25 397.25 397.25 377.25 357.25 337.25 317.25 297.25 277.25 277.25 277.25 310.75 344.25 377.75 411.25 444.75 478.25 478.25 478.25 491.21 504.17 517.13 530.08 543.04 556.0 556.0 556.0 509.44 462.88 416.33
crearDespacho --fija
3200.0
configurarSolver --Cplex
resolver --noConstante csv/salida11a.csv
finalizar
