inicializar --t 360
agregarAgente --RioNegro
19.0 19.0 19.0 19.0 19.0 19.32 19.63 19.95 20.27 20.58 20.9 20.9 20.9 21.23 21.57 21.9 22.23 22.57 22.9 22.9 22.9 23.08 23.27 23.45 23.63 23.82 24.0 24.0 24.0 24.0 24.0 24.0 24.0 24.0 24.0 24.0 24.0 24.0 24.0 24.0 24.0 24.0 24.0 24.0 24.0 24.0 24.0 24.0 24.0 24.0 24.0 24.0 24.0 24.0 24.0 24.0 24.0 24.0 24.0 24.0 24.0 24.0 24.0 24.0 24.0 24.0 24.0 24.0 24.0 24.0 24.0 24.0 24.0 24.0 24.0 24.0 24.0 24.0 24.0 24.0 24.0 24.0 24.0 24.0 24.0 24.0 24.0 24.0 24.0 24.0 24.0 24.0 24.0 23.82 23.63 23.45 23.27 23.08 22.9 22.9 22.9 22.57 22.23 21.9 21.57 21.23 20.9 20.9 20.9 20.58 20.27 19.95 19.63 19.32 19.0 19.0 19.0 18.65 18.3 17.95 17.6 17.25 16.9 16.9 16.9 16.58 16.27 15.95 15.63 15.32 15.0 15.0 15.0 14.65 14.3 13.95 13.6 13.25 12.9 12.9 12.9 12.6 12.3 12.0 11.7 11.4 11.1 11.1 11.1 10.75 10.4 10.05 9.7 9.35 9.0 9.0 9.0 8.68 8.37 8.05 7.73 7.42 7.1 7.1 7.1 6.75 6.4 6.05 5.7 5.35 5.0 5.0 5.0 4.68 4.37 4.05 3.73 3.42 3.1 3.1 3.1 2.77 2.43 2.1 1.77 1.43 1.1 1.1 1.1 0.92 0.73 0.55 0.37 0.18 0.0 0.0 0.0 0.0 0.0 0.0 0.0 0.0 0.0 0.0 0.0 0.0 0.0 0.0 0.0 0.0 0.0 0.0 0.0 0.0 0.0 0.0 0.0 0.0 0.0 0.0 0.0 0.0 0.0 0.0 0.0 0.0 0.0 0.0 0.0 0.0 0.0 0.0 0.0 0.0 0.0 0.0 0.0 0.0 0.0 0.0 0.0 0.0 0.0 0.0 0.0 0.0 0.0 0.0 0.0 0.0 0.0 0.0 0.0 0.0 0.0 0.0 0.0 0.0 0.0 0.0 0.0 0.0 0.0 0.0 0.0 0.0 0.0 0.0 0.0 0.0 0.0 0.0 0.0 0.0 0.0 0.0 0.0 0.0 0.0 0.0 0.0 0.0 0.0 0.0 0.0 0.0 0.0 0.0 0.0 0.0 0.0 0.0 0.0 0.0 0.0 0.0 0.0 0.0 0.0 0.0 0.0 0.0 0.0 0.0 0.0 0.0 0.0 0.0 0.0 0.0 0.0 0.0 0.0 0.0 0.0 0.0 0.0 0.0 0.0 0.0 0.0 0.0 0.0 0.0 0.0 0.0 0.0 0.0 0.0 0.0 0.0 0.0 0.0 0.0 0.0 0.0 0.0 0.0 0.0 0.0 0.0 0.0 0.0 0.0 0.0 0.0 0.0 0.0 0.0 0.0 0.0 0.0 0.0 0.0 0.0 0.0 0.0 0.0 0.0 0.0
0.45 0.45 0.45 0.45 0.45 0.42 0.39 0.36 0.33 0.3 0.28 0.28 0.28 0.25 0.22 0.19 0.16 0.13 0.1 0.1 0.1 0.08 0.07 0.05 0.03 0.02 0.0 0.0 0.0 0.0 0.0 0.0 0.0 0.0 0.0 0.0 0.0 0.0 0.0 0.0 0.0 0.0 0.0 0.0 0.0 0.0 0.0 0.0 0.0 0.0 0.0 0.0 0.0 0.0 0.0 0.0 0.0 0.0 0.0 0.0 0.0 0.0 0.0 0.0 0.0 0.0 0.0 0.0 0.0 0.0 0.0 0.0 0.0 0.0 0.0 0.0 0.0 0.0 0.0 0.0 0.0 0.0 0.0 0.0 0.0 0.0 0.0 0.0 0.0 0.0 0.0 0.0 0.0 0.02 0.04 0.06 0.08 0.1 0.13 0.13 0.13 0.17 0.22 0.26 0.31 0.35 0.4 0.4 0.4 0.45 0.49 0.54 0.58 0.63 0.68 0.68 0.68 0.72 0.76 0.8 0.84 0.88 0.93 0.93 0.93 0.97 1.02 1.06 1.11 1.15 1.2 1.2 1.2 1.25 1.29 1.34 1.38 1.43 1.48 1.48 1.48 1.52 1.56 1.6 1.64 1.68 1.73 1.73 1.73 1.77 1.82 1.86 1.91 1.95 2.0 2.0 2.0 2.05 2.09 2.14 2.18 2.23 2.28 2.28 2.28 2.32 2.36 2.4 2.44 2.48 2.53 2.53 2.53 2.57 2.62 2.66 2.71 2.75 2.8 2.8 2.8 2.85 2.89 2.94 2.98 3.03 3.08 3.08 3.08 3.1 3.12 3.14 3.16 3.18 3.2 3.2 3.2 3.2 3.2 3.2 3.2 3.2 3.2 3.2 3.2 3.2 3.2 3.2 3.2 3.2 3.2 3.2 3.2 3.2 3.2 3.2 3.2 3.2 3.2 3.2 3.2 3.2 3.2 3.2 3.2 3.2 3.2 3.2 3.2 3.2 3.2 3.2 3.2 3.2 3.2 3.2 3.2 3.2 3.2 3.2 3.2 3.2 3.2 3.2 3.2 3.2 3.2 3.2 3.2 3.2 3.2 3.2 3.2 3.2 3.2 3.2 3.2 3.2 3.2 3.2 3.2 3.2 3.2 3.2 3.2 3.2 3.2 3.2 3.2 3.17 3.14 3.11 3.08 3.05 3.03 3.03 3.03 3.02 3.02 3.01 3.01 3.0 3.0 3.0 3.0 2.99 2.98 2.96 2.95 2.94 2.93 2.93 2.93 2.9 2.88 2.86 2.84 2.82 2.8 2.8 2.8 2.8 2.8 2.8 2.8 2.8 2.8 2.8 2.8 2.77 2.73 2.7 2.67 2.63 2.6 2.6 2.6 2.6 2.6 2.6 2.6 2.6 2.6 2.6 2.6 2.58 2.56 2.54 2.52 2.5 2.48 2.48 2.48 2.46 2.45 2.44 2.43 2.41 2.4 2.4 2.4 2.4 2.39 2.39 2.38 2.38 2.38 2.38 2.38 2.35 2.32 2.29 2.26 2.23 2.2 2.2 2.2 2.2 2.2 2.2
15.4 15.4 15.4 15.4 15.4 15.34 15.28 15.22 15.17 15.11 15.05 15.05 15.05 14.99 14.93 14.88 14.82 14.76 14.7 14.7 14.7 14.7 14.7 14.7 14.7 14.7 14.7 14.7 14.7 14.7 14.7 14.7 14.7 14.7 14.7 14.7 14.7 14.7 14.7 14.7 14.7 14.7 14.7 14.7 14.7 14.7 14.7 14.7 14.7 14.7 14.7 14.7 14.7 14.7 14.7 14.7 14.7 14.7 14.7 14.7 14.7 14.7 14.7 14.7 14.7 14.7 14.7 14.7 14.7 14.7 14.7 14.7 14.7 14.7 14.7 14.7 14.7 14.7 14.7 14.7 14.7 14.7 14.7 14.7 14.7 14.7 14.7 14.7 14.7 14.7 14.7 14.7 14.7 14.77 14.85 14.92 14.99 15.06 15.14 15.14 15.14 15.3 15.46 15.62 15.78 15.94 16.1 16.1 16.1 16.26 16.42 16.58 16.74 16.9 17.06 17.06 17.06 17.21 17.35 17.5 17.65 17.79 17.94 17.94 17.94 18.1 18.26 18.42 18.58 18.74 18.9 18.9 18.9 19.06 19.22 19.38 19.54 19.7 19.86 19.86 19.86 20.01 20.15 20.3 20.45 20.59 20.74 20.74 20.74 20.9 21.06 21.22 21.38 21.54 21.7 21.7 21.7 21.86 22.02 22.18 22.34 22.5 22.66 22.66 22.66 22.81 22.95 23.1 23.25 23.39 23.54 23.54 23.54 23.7 23.86 24.02 24.18 24.34 24.5 24.5 24.5 24.66 24.82 24.98 25.14 25.3 25.46 25.46 25.46 25.54 25.61 25.68 25.75 25.83 25.9 25.9 25.9 25.9 25.9 25.9 25.9 25.9 25.9 25.9 25.9 25.9 25.9 25.9 25.9 25.9 25.9 25.9 25.9 25.9 25.9 25.9 25.9 25.9 25.9 25.9 25.9 25.9 25.9 25.9 25.9 25.9 25.9 25.9 25.9 25.9 25.9 25.9 25.9 25.9 25.9 25.9 25.9 25.9 25.9 25.9 25.9 25.9 25.9 25.9 25.9 25.9 25.9 25.9 25.9 25.9 25.9 25.9 25.9 25.9 25.9 25.9 25.9 25.9 25.9 25.9 25.9 25.84 25.78 25.72 25.67 25.61 25.55 25.55 25.55 25.45 25.35 25.24 25.14 25.04 24.94 24.94 24.94 24.84 24.73 24.63 24.53 24.43 24.33 24.33 24.33 24.21 24.09 23.98 23.86 23.74 23.63 23.63 23.63 23.52 23.42 23.32 23.22 23.11 23.01 23.01 23.01 22.91 22.81 22.71 22.6 22.5 22.4 22.4 22.4 22.28 22.17 22.05 21.93 21.82 21.7 21.7 21.7 21.6 21.5 21.39 21.29 21.19 21.09 21.09 21.09 20.99 20.88 20.78 20.68 20.58 20.47 20.47 20.47 20.36 20.24 20.13 20.01 19.89 19.78 19.78 19.78 19.67 19.57 19.47 19.37 19.26 19.16 19.16 19.16 19.06 18.96 18.86 18.75 18.65 18.55 18.55 18.55 18.49 18.43 18.38
5345000000.0
728000000.0
0.00633
0.00326
agregarAgente --DemandaFija
104.83 104.83 104.83 104.83 104.83 121.96 139.1 156.24 173.38 190.51 207.65 207.65 207.65 193.86 180.08 166.29 152.5 138.71 124.93 124.93 124.93 115.83 106.73 97.63 88.53 79.43 70.33 70.33 70.33 74.24 78.15 82.06 85.98 89.89 93.8 93.8 93.8 88.06 82.33 76.59 70.85 65.11 59.38 59.38 59.38 103.28 147.18 191.08 234.98 278.88 322.78 322.78 322.78 360.19 397.6 435.01 472.43 509.84 547.25 547.25 547.25 546.59 545.93 545.26 544.6 543.94 543.28 543.28 543.28 501.36 459.45 417.54 375.63 333.71 291.8 291.8 291.8 313.46 335.13 356.79 378.45 400.11 421.78 421.78 421.78 413.49 405.2 396.91 388.63 380.34 372.05 372.05 372.05 355.44 338.83 322.21 305.6 288.99 272.38 272.38 272.38 277.94 283.5 289.06 294.63 300.19 305.75 305.75 305.75 307.71 309.68 311.64 313.6 315.56 317.53 317.53 317.53 279.6 241.68 203.75 165.83 127.9 89.98 89.98 89.98 84.88 79.78 74.68 69.58 64.48 59.38 59.38 59.38 59.38 59.38 59.38 59.38 59.38 59.38 59.38 59.38 59.38 59.38 59.38 59.38 59.38 59.38 59.38 59.38 59.38 59.38 59.38 59.38 59.38 59.38 59.38 59.38 59.38 59.38 59.38 59.38 59.38 59.38 59.38 59.38 59.38 59.38 59.38 59.38 59.38 59.38 59.38 59.38 59.38 59.38 59.38 59.38 59.38 59.38 59.38 59.38 59.38 59.38 59.38 59.38 59.38 59.38 59.38 59.38 64.35 69.33 74.3 79.28 84.25 89.23 89.23 89.23 91.4 93.58 95.75 97.93 100.1 102.28 102.28 102.28 95.13 87.98 80.83 73.68 66.53 59.38 59.38 59.38 62.53 65.68 68.83 71.98 75.13 78.28 78.28 78.28 75.13 71.98 68.83 65.68 62.53 59.38 59.38 59.38 59.38 59.38 59.38 59.38 59.38 59.38 59.38 59.38 59.38 59.38 59.38 59.38 59.38 59.38 59.38 59.38 59.38 59.38 59.38 59.38 59.38 59.38 59.38 59.38 59.38 59.38 59.38 59.38 59.38 59.38 59.38 59.38 62.08 64.78 67.48 70.18 72.88 75.58 75.58 75.58 72.88 70.18 67.48 64.78 62.08 59.38 59.38 59.38 68.05 76.73 85.4 94.08 102.75 111.43 111.43 111.43 119.98 128.53 137.08 145.63 154.18 162.73 162.73 162.73 182.44 202.15 221.86 241.58 261.29 281.0 281.0 281.0 290.06 299.13 308.19 317.25 326.31 335.38 335.38 335.38 379.13 422.88 466.63 510.38 554.13 597.88 597.88 597.88 597.71 597.55 597.39 597.23 597.06 596.9 596.9 596.9 595.1 593.3 591.5 589.7 587.9 586.1 586.1 586.1 510.0 433.9 357.8 281.7 205.6 129.5 129.5 129.5 148.85 168.2 187.55 206.9 226.25 245.6 245.6 245.6 292.24 338.88 385.51 432.15 478.79 525.43 525.43 525.43 498.73 472.03 445.33
crearDespacho --fija
1600.0
configurarSolver --Cplex
resolver --noConstante csv/salida25e.csv
finalizar
