inicializar --t 360
agregarAgente --RioNegro
171.04 174.14 177.24 177.24 177.24 180.3 183.36 186.42 189.48 192.54 195.6 195.6 195.6 198.72 201.84 204.96 208.08 211.2 214.32 214.32 214.32 216.04 217.76 219.48 221.2 222.92 224.64 224.64 224.64 224.64 224.64 224.64 224.64 224.64 224.64 224.64 224.64 224.64 224.64 224.64 224.64 224.64 224.64 224.64 224.64 224.64 224.64 224.64 224.64 224.64 224.64 224.64 224.64 224.64 224.64 224.64 224.64 224.64 224.64 224.64 224.64 224.64 224.64 224.64 224.64 224.64 224.64 224.64 224.64 224.64 224.64 224.64 224.64 224.64 224.64 224.64 224.64 224.64 224.64 224.64 224.64 224.64 224.64 224.64 224.64 224.64 224.64 224.64 224.64 224.64 224.64 224.64 224.64 223.16 221.68 220.2 218.72 217.24 215.76 215.76 215.76 213.08 210.4 207.72 205.04 202.36 199.68 199.68 199.68 197.04 194.4 191.76 189.12 186.48 183.84 183.84 183.84 181.2 178.56 175.92 173.28 170.64 168.0 168.0 168.0 165.32 162.64 159.96 157.28 154.6 151.92 151.92 151.92 149.32 146.72 144.12 141.52 138.92 136.32 136.32 136.32 133.6 130.88 128.16 125.44 122.72 120.0 120.0 120.0 117.4 114.8 112.2 109.6 107.0 104.4 104.4 104.4 101.72 99.04 96.36 93.68 91.0 88.32 88.32 88.32 85.68 83.04 80.4 77.76 75.12 72.48 72.48 72.48 69.84 67.2 64.56 61.92 59.28 56.64 56.64 56.64 53.96 51.28 48.6 45.92 43.24 40.56 40.56 40.56 39.08 37.6 36.12 34.64 33.16 31.68 31.68 31.68 31.68 31.68 31.68 31.68 31.68 31.68 31.68 31.68 31.68 31.68 31.68 31.68 31.68 31.68 31.68 31.68 31.68 31.68 31.68 31.68 31.68 31.68 31.68 31.68 31.68 31.68 31.68 31.68 31.68 31.68 31.68 31.68 31.68 31.68 31.68 31.68 31.68 31.68 31.68 31.68 31.68 31.68 31.68 31.68 31.68 31.68 31.68 31.68 31.68 31.68 31.68 31.68 31.68 31.68 31.68 31.68 31.68 31.68 31.68 31.68 31.68 31.68 31.68 31.68 31.44 31.2 30.96 30.72 30.48 30.24 30.24 30.24 29.82 29.4 28.98 28.56 28.14 27.72 27.72 27.72 27.28 26.84 26.4 25.96 25.52 25.08 25.08 25.08 24.6 24.12 23.64 23.16 22.68 22.2 22.2 22.2 21.78 21.36 20.94 20.52 20.1 19.68 19.68 19.68 19.26 18.84 18.42 18.0 17.58 17.16 17.16 17.16 16.72 16.28 15.84 15.4 14.96 14.52 14.52 14.52 14.1 13.68 13.26 12.84 12.42 12.0 12.0 12.0 11.58 11.16 10.74 10.32 9.9 9.48 9.48 9.48 9.0 8.52 8.04 7.56 7.08 6.6 6.6 6.6 6.16 5.72 5.28 4.84 4.4 3.96 3.96 3.96 3.54 3.12 2.7 2.28 1.86 1.44 1.44 1.44 1.2 0.96 0.72
13.33 13.57 13.81 13.81 13.81 14.05 14.29 14.53 14.77 15.01 15.25 15.25 15.25 15.49 15.73 15.97 16.21 16.45 16.69 16.69 16.69 16.82 16.96 17.09 17.23 17.36 17.5 17.5 17.5 17.5 17.5 17.5 17.5 17.5 17.5 17.5 17.5 17.5 17.5 17.5 17.5 17.5 17.5 17.5 17.5 17.5 17.5 17.5 17.5 17.5 17.5 17.5 17.5 17.5 17.5 17.5 17.5 17.5 17.5 17.5 17.5 17.5 17.5 17.5 17.5 17.5 17.5 17.5 17.5 17.5 17.5 17.5 17.5 17.5 17.5 17.5 17.5 17.5 17.5 17.5 17.5 17.5 17.5 17.5 17.5 17.5 17.5 17.5 17.5 17.5 17.5 17.5 17.5 17.36 17.23 17.09 16.96 16.82 16.69 16.69 16.69 16.45 16.21 15.97 15.73 15.49 15.25 15.25 15.25 15.01 14.77 14.53 14.29 14.05 13.81 13.81 13.81 13.57 13.33 13.09 12.85 12.61 12.38 12.38 12.38 12.14 11.9 11.66 11.42 11.18 10.94 10.94 10.94 10.69 10.44 10.19 9.94 9.69 9.44 9.44 9.44 9.21 8.98 8.75 8.52 8.29 8.06 8.06 8.06 7.81 7.56 7.31 7.06 6.81 6.56 6.56 6.56 6.32 6.08 5.84 5.6 5.36 5.13 5.13 5.13 4.89 4.65 4.41 4.17 3.93 3.69 3.69 3.69 3.45 3.21 2.97 2.73 2.49 2.25 2.25 2.25 2.01 1.77 1.53 1.29 1.05 0.81 0.81 0.81 0.68 0.54 0.41 0.27 0.14 0.0 0.0 0.0 0.0 0.0 0.0 0.0 0.0 0.0 0.0 0.0 0.0 0.0 0.0 0.0 0.0 0.0 0.0 0.0 0.0 0.0 0.0 0.0 0.0 0.0 0.0 0.0 0.0 0.0 0.0 0.0 0.0 0.0 0.0 0.0 0.0 0.0 0.0 0.0 0.0 0.0 0.0 0.0 0.0 0.0 0.0 0.0 0.0 0.0 0.0 0.0 0.0 0.0 0.0 0.0 0.0 0.0 0.0 0.0 0.0 0.0 0.0 0.0 0.0 0.0 0.0 0.0 0.26 0.52 0.78 1.04 1.3 1.56 1.56 1.56 2.02 2.48 2.94 3.4 3.85 4.31 4.31 4.31 4.78 5.25 5.72 6.19 6.66 7.13 7.13 7.13 7.57 8.02 8.47 8.92 9.36 9.81 9.81 9.81 10.28 10.75 11.22 11.69 12.16 12.63 12.63 12.63 13.07 13.52 13.97 14.42 14.86 15.31 15.31 15.31 15.79 16.27 16.75 17.23 17.71 18.19 18.19 18.19 18.64 19.08 19.53 19.98 20.43 20.88 20.88 20.88 21.34 21.81 22.28 22.75 23.22 23.69 23.69 23.69 24.14 24.58 25.03 25.48 25.93 26.38 26.38 26.38 26.84 27.31 27.78 28.25 28.72 29.19 29.19 29.19 29.65 30.1 30.56 31.02 31.48 31.94 31.94 31.94 32.2 32.46 32.72
30.01 29.32 28.62 28.62 28.62 27.97 27.32 26.67 26.02 25.37 24.72 24.72 24.72 24.01 23.29 22.58 21.86 21.14 20.43 20.43 20.43 20.07 19.71 19.35 18.99 18.63 18.28 18.28 18.28 18.28 18.28 18.28 18.28 18.28 18.28 18.28 18.28 18.28 18.28 18.28 18.28 18.28 18.28 18.28 18.28 18.28 18.28 18.28 18.28 18.28 18.28 18.28 18.28 18.28 18.28 18.28 18.28 18.28 18.28 18.28 18.28 18.28 18.28 18.28 18.28 18.28 18.28 18.28 18.28 18.28 18.28 18.28 18.28 18.28 18.28 18.28 18.28 18.28 18.28 18.28 18.28 18.28 18.28 18.28 18.28 18.28 18.28 18.28 18.28 18.28 18.28 18.28 18.28 18.63 18.99 19.35 19.71 20.07 20.43 20.43 20.43 21.1 21.77 22.44 23.11 23.78 24.46 24.46 24.46 25.13 25.8 26.47 27.14 27.82 28.49 28.49 28.49 29.16 29.83 30.5 31.17 31.85 32.52 32.52 32.52 33.19 33.86 34.53 35.21 35.88 36.55 36.55 36.55 37.18 37.8 38.43 39.06 39.69 40.31 40.31 40.31 41.03 41.75 42.46 43.18 43.9 44.61 44.61 44.61 45.24 45.87 46.49 47.12 47.75 48.38 48.38 48.38 49.05 49.72 50.39 51.06 51.73 52.41 52.41 52.41 53.08 53.75 54.42 55.09 55.77 56.44 56.44 56.44 57.11 57.78 58.45 59.13 59.8 60.47 60.47 60.47 61.14 61.81 62.48 63.16 63.83 64.5 64.5 64.5 64.86 65.22 65.57 65.93 66.29 66.65 66.65 66.65 66.65 66.65 66.65 66.65 66.65 66.65 66.65 66.65 66.65 66.65 66.65 66.65 66.65 66.65 66.65 66.65 66.65 66.65 66.65 66.65 66.65 66.65 66.65 66.65 66.65 66.65 66.65 66.65 66.65 66.65 66.65 66.65 66.65 66.65 66.65 66.65 66.65 66.65 66.65 66.65 66.65 66.65 66.65 66.65 66.65 66.65 66.65 66.65 66.65 66.65 66.65 66.65 66.65 66.65 66.65 66.65 66.65 66.65 66.65 66.65 66.65 66.65 66.65 66.65 66.13 65.62 65.1 64.59 64.07 63.56 63.56 63.56 62.64 61.72 60.8 59.89 58.97 58.05 58.05 58.05 57.13 56.21 55.3 54.38 53.46 52.54 52.54 52.54 51.62 50.7 49.79 48.87 47.95 47.03 47.03 47.03 46.11 45.19 44.28 43.36 42.44 41.52 41.52 41.52 40.63 39.73 38.83 37.94 37.04 36.15 36.15 36.15 35.21 34.27 33.33 32.38 31.44 30.5 30.5 30.5 29.61 28.71 27.82 26.92 26.02 25.13 25.13 25.13 24.21 23.29 22.37 21.46 20.54 19.62 19.62 19.62 18.7 17.78 16.86 15.95 15.03 14.11 14.11 14.11 13.19 12.27 11.35 10.44 9.52 8.6 8.6 8.6 7.68 6.76 5.85 4.93 4.01 3.09 3.09 3.09 2.58 2.06 1.55
6897851102.0
891878013.0
0.00326
0.00633
agregarAgente --DemandaFija
636.28 614.9 593.53 593.53 593.53 631.88 670.23 708.58 746.93 785.28 823.63 823.63 823.63 845.09 866.55 888.01 909.48 930.94 952.4 952.4 952.4 867.64 782.88 698.11 613.35 528.59 443.83 443.83 443.83 470.29 496.75 523.21 549.68 576.14 602.6 602.6 602.6 643.08 683.55 724.03 764.5 804.98 845.45 845.45 845.45 797.61 749.78 701.94 654.1 606.26 558.43 558.43 558.43 587.63 616.83 646.03 675.23 704.43 733.63 733.63 733.63 791.41 849.2 906.99 964.78 1022.56 1080.35 1080.35 1080.35 995.99 911.63 827.26 742.9 658.54 574.18 574.18 574.18 598.1 622.03 645.95 669.88 693.8 717.73 717.73 717.73 749.25 780.78 812.3 843.83 875.35 906.88 906.88 906.88 845.71 784.55 723.39 662.23 601.06 539.9 539.9 539.9 554.41 568.93 583.44 597.95 612.46 626.98 626.98 626.98 666.15 705.33 744.5 783.68 822.85 862.03 862.03 862.03 803.13 744.23 685.33 626.43 567.53 508.63 508.63 508.63 510.88 513.13 515.38 517.63 519.88 522.13 522.13 522.13 568.5 614.88 661.25 707.63 754.0 800.38 800.38 800.38 748.15 695.93 643.7 591.48 539.25 487.03 487.03 487.03 493.78 500.53 507.28 514.03 520.78 527.53 527.53 527.53 578.61 629.7 680.79 731.88 782.96 834.05 834.05 834.05 744.15 654.25 564.35 474.45 384.55 294.65 294.65 294.65 256.43 218.2 179.98 141.75 103.53 65.3 65.3 65.3 64.31 63.33 62.34 61.35 60.36 59.38 59.38 59.38 77.56 95.75 113.94 132.13 150.31 168.5 168.5 168.5 211.16 253.83 296.49 339.15 381.81 424.48 424.48 424.48 368.76 313.05 257.34 201.63 145.91 90.2 90.2 90.2 110.79 131.38 151.96 172.55 193.14 213.73 213.73 213.73 188.33 162.93 137.53 112.13 86.73 61.33 61.33 61.33 62.41 63.5 64.59 65.68 66.76 67.85 67.85 67.85 77.86 87.88 97.89 107.9 117.91 127.93 127.93 127.93 116.5 105.08 93.65 82.23 70.8 59.38 59.38 59.38 59.38 59.38 59.38 59.38 59.38 59.38 59.38 59.38 77.66 95.95 114.24 132.53 150.81 169.1 169.1 169.1 214.5 259.9 305.3 350.7 396.1 441.5 441.5 441.5 423.15 404.8 386.45 368.1 349.75 331.4 331.4 331.4 294.58 257.75 220.93 184.1 147.28 110.45 110.45 110.45 101.94 93.43 84.91 76.4 67.89 59.38 59.38 59.38 88.86 118.35 147.84 177.33 206.81 236.3 236.3 236.3 210.44 184.58 158.71 132.85 106.99 81.13 81.13 81.13 114.38 147.63 180.88 214.13 247.38 280.63 280.63 280.63 291.75 302.88 314.0 325.13 336.25 347.38 347.38 347.38 309.2 271.03 232.85 194.68 156.5 118.33 118.33 118.33 246.54 374.75 502.96 631.18 759.39 887.6 887.6 887.6 794.63 701.65 608.68 515.7 422.73 329.75 329.75 329.75 287.98 246.2 204.43
crearDespacho --fija
1600.0
configurarSolver --Cplex
resolver --noConstante csv/salida46d.csv
finalizar
