inicializar --t 360
agregarAgente --RioNegro
0.0 0.0 0.0 0.0 0.0 0.0 0.0 0.0 0.0 0.0 0.0 0.0 0.0 0.0 0.0 0.0 0.0 0.0 0.0 0.0 0.0 0.0 0.0 0.0 0.0 0.0 0.0 0.0 0.0 0.0 0.0 0.0 0.0 0.0 0.0 0.0 0.0 0.0 0.0 0.0 0.0 0.0 0.0 0.0 0.0 0.0 0.0 0.0 0.0 0.0 0.0 0.0 0.0 0.0 0.0 0.0 0.0 0.0 0.0 0.0 0.0 0.0 0.0 0.0 0.0 0.0 0.0 0.0 0.0 0.0 0.0 0.0 0.0 0.0 0.0 0.0 0.0 0.0 0.0 0.0 0.0 0.0 0.0 0.0 0.0 0.0 0.0 0.0 0.0 0.0 0.0 0.0 0.0 0.0 0.0 0.0 0.0 0.0 0.0 0.0 0.0 0.0 0.0 0.0 0.0 0.0 0.0 0.0 0.0 0.0 0.0 0.0 0.0 0.0 0.0 0.0 0.0 0.0 0.0 0.0 0.0 0.0 0.0 0.0 0.0 0.0 0.0 0.0 0.0 0.0 0.0 0.0 0.0 0.0 0.0 0.0 0.0 0.0 0.0 0.0 0.0 0.0 0.0 0.0 0.0 0.0 0.0 0.0 0.0 0.0 0.0 0.0 0.0 0.0 0.0 0.0 0.0 0.0 0.0 0.0 0.0 0.0 0.0 0.0 0.0 0.0 0.0 0.0 0.0 0.0 0.0 0.0 0.0 0.0 0.0 0.0 0.0 0.0 0.0 0.0 0.0 0.0 0.0 0.0 0.0 0.0 0.0 0.0 0.0 0.0 0.0 0.0 0.0 0.0 0.0 0.0 0.0 0.0 0.0 0.0 0.0 0.0 0.0 0.0 0.0 0.0 0.0 0.0 0.0 0.0 0.0 0.0 0.0 0.0 0.0 0.0 0.0 0.0 0.0 0.0 0.0 0.0 0.0 0.0 0.0 0.0 0.0 0.0 0.0 0.0 0.0 0.0 0.0 0.0 0.0 0.0 0.0 0.0 0.0 0.0 0.0 0.0 0.0 0.0 0.0 0.0 0.0 0.0 0.0 0.0 0.0 0.0 0.0 0.0 0.0 0.0 0.0 0.0 0.0 0.0 0.0 0.0 0.0 0.0 0.0 0.0 0.0 0.0 0.0 0.0 0.0 0.0 0.0 0.0 0.0 0.0 0.0 0.0 0.0 0.0 0.0 0.0 0.0 0.0 0.0 0.0 0.0 0.0 0.0 0.0 0.0 0.0 0.0 0.0 0.0 0.0 0.0 0.0 0.0 0.0 0.0 0.0 0.0 0.0 0.0 0.0 0.0 0.0 0.0 0.0 0.0 0.0 0.0 0.0 0.0 0.0 0.0 0.0 0.0 0.0 0.0 0.0 0.0 0.0 0.0 0.0 0.0 0.0 0.0 0.0 0.0 0.0 0.0 0.48 0.97 1.45 1.93 2.42 2.9 2.9 2.9 3.75 4.6 5.45 6.3 7.15 8.0 8.0 8.0 8.82 9.63 10.45 11.27 12.08 12.9 12.9 12.9 13.77 14.63 15.5
1.93 1.92 1.9 1.9 1.9 1.88 1.85 1.83 1.8 1.78 1.75 1.75 1.75 1.72 1.7 1.68 1.65 1.63 1.6 1.6 1.6 1.57 1.53 1.5 1.47 1.43 1.4 1.4 1.4 1.37 1.34 1.31 1.28 1.25 1.23 1.23 1.23 1.2 1.18 1.15 1.13 1.1 1.08 1.08 1.08 1.05 1.03 1.0 0.98 0.95 0.93 0.93 0.93 0.9 0.88 0.85 0.83 0.8 0.78 0.78 0.78 0.75 0.72 0.69 0.66 0.63 0.6 0.6 0.6 0.57 0.53 0.5 0.47 0.43 0.4 0.4 0.4 0.38 0.35 0.33 0.3 0.27 0.25 0.25 0.25 0.23 0.2 0.18 0.15 0.13 0.1 0.1 0.1 0.08 0.07 0.05 0.03 0.02 0.0 0.0 0.0 0.0 0.0 0.0 0.0 0.0 0.0 0.0 0.0 0.0 0.0 0.0 0.0 0.0 0.0 0.0 0.0 0.0 0.0 0.0 0.0 0.0 0.0 0.0 0.0 0.0 0.0 0.0 0.0 0.0 0.0 0.0 0.0 0.0 0.0 0.0 0.0 0.0 0.0 0.0 0.0 0.0 0.0 0.0 0.0 0.0 0.0 0.0 0.0 0.0 0.0 0.0 0.0 0.0 0.0 0.0 0.0 0.0 0.0 0.0 0.0 0.0 0.0 0.0 0.0 0.02 0.03 0.05 0.07 0.08 0.1 0.1 0.1 0.13 0.16 0.19 0.22 0.25 0.28 0.28 0.28 0.3 0.33 0.36 0.39 0.42 0.45 0.45 0.45 0.48 0.52 0.55 0.58 0.62 0.65 0.65 0.65 0.68 0.71 0.74 0.77 0.8 0.83 0.83 0.83 0.85 0.88 0.91 0.94 0.97 1.0 1.0 1.0 1.03 1.07 1.1 1.13 1.17 1.2 1.2 1.2 1.23 1.26 1.29 1.32 1.35 1.38 1.38 1.38 1.4 1.43 1.46 1.49 1.52 1.55 1.55 1.55 1.58 1.62 1.65 1.68 1.72 1.75 1.75 1.75 1.78 1.81 1.84 1.87 1.9 1.93 1.93 1.93 1.95 1.98 2.01 2.04 2.07 2.1 2.1 2.1 2.12 2.13 2.15 2.17 2.18 2.2 2.2 2.2 2.2 2.2 2.2 2.2 2.2 2.2 2.2 2.2 2.2 2.2 2.2 2.2 2.2 2.2 2.2 2.2 2.2 2.2 2.2 2.2 2.2 2.2 2.2 2.2 2.2 2.2 2.2 2.2 2.2 2.2 2.2 2.2 2.2 2.2 2.2 2.2 2.2 2.2 2.2 2.2 2.2 2.2 2.2 2.2 2.2 2.2 2.2 2.2 2.2 2.2 2.2 2.2 2.2 2.2 2.2 2.2 2.2 2.2 2.2 2.2 2.2 2.2 2.2 2.2 2.2 2.2 2.2 2.2 2.2 2.2 2.2 2.2 2.2 2.2 2.2 2.2 2.2 2.2 2.2 2.2 2.2 2.2 2.2 2.2 2.2 2.2 2.2 2.2 2.17 2.13 2.1
17.5 17.5 17.5 17.5 17.5 17.62 17.73 17.85 17.97 18.08 18.2 18.2 18.2 18.2 18.2 18.2 18.2 18.2 18.2 18.2 18.2 18.32 18.43 18.55 18.67 18.78 18.9 18.9 18.9 18.9 18.9 18.9 18.9 18.9 18.9 18.9 18.9 19.02 19.13 19.25 19.37 19.48 19.6 19.6 19.6 19.6 19.6 19.6 19.6 19.6 19.6 19.6 19.6 19.72 19.83 19.95 20.07 20.18 20.3 20.3 20.3 20.3 20.3 20.3 20.3 20.3 20.3 20.3 20.3 20.42 20.53 20.65 20.77 20.88 21.0 21.0 21.0 21.0 21.0 21.0 21.0 21.0 21.0 21.0 21.0 21.12 21.23 21.35 21.47 21.58 21.7 21.7 21.7 21.7 21.7 21.7 21.7 21.7 21.7 21.7 21.7 21.7 21.7 21.7 21.7 21.7 21.7 21.7 21.7 21.7 21.7 21.7 21.7 21.7 21.7 21.7 21.7 21.7 21.7 21.7 21.7 21.7 21.7 21.7 21.7 21.7 21.7 21.7 21.7 21.7 21.7 21.7 21.7 21.7 21.7 21.7 21.7 21.7 21.7 21.7 21.7 21.7 21.7 21.7 21.7 21.7 21.7 21.7 21.7 21.7 21.7 21.7 21.7 21.7 21.7 21.7 21.7 21.7 21.7 21.7 21.7 21.7 21.7 21.7 21.7 21.7 21.7 21.7 21.7 21.7 21.7 21.7 21.7 21.58 21.47 21.35 21.23 21.12 21.0 21.0 21.0 21.0 21.0 21.0 21.0 21.0 21.0 21.0 21.0 20.88 20.77 20.65 20.53 20.42 20.3 20.3 20.3 20.3 20.3 20.3 20.3 20.3 20.3 20.3 20.3 20.18 20.07 19.95 19.83 19.72 19.6 19.6 19.6 19.6 19.6 19.6 19.6 19.6 19.6 19.6 19.6 19.48 19.37 19.25 19.13 19.02 18.9 18.9 18.9 18.9 18.9 18.9 18.9 18.9 18.9 18.9 18.9 18.78 18.67 18.55 18.43 18.32 18.2 18.2 18.2 18.2 18.2 18.2 18.2 18.2 18.2 18.2 18.2 18.08 17.97 17.85 17.73 17.62 17.5 17.5 17.5 17.5 17.5 17.5 17.5 17.5 17.5 17.5 17.5 17.5 17.5 17.5 17.5 17.5 17.5 17.5 17.5 17.5 17.5 17.5 17.5 17.5 17.5 17.5 17.5 17.5 17.5 17.5 17.5 17.5 17.5 17.5 17.5 17.5 17.5 17.5 17.5 17.5 17.5 17.5 17.5 17.5 17.5 17.5 17.5 17.5 17.5 17.5 17.5 17.5 17.5 17.5 17.5 17.5 17.5 17.5 17.5 17.5 17.5 17.5 17.5 17.5 17.5 17.5 17.5 17.5 17.5 17.5 17.5 17.5 17.5 17.5 17.5 17.5 17.5 17.5 17.5 17.5 17.5 17.5 17.5 17.5 17.5 17.5 17.5 17.5 17.5 17.5 17.5 17.38 17.27 17.15 17.03 16.92 16.8 16.8 16.8 16.8 16.8 16.8
3735291483.0
1547162966.0
0.00479
0.00479
agregarAgente --DemandaFija
371.03 352.14 333.25 333.25 333.25 364.48 395.72 426.95 458.18 489.42 520.65 520.65 520.65 498.09 475.53 452.98 430.42 407.86 385.3 385.3 385.3 360.64 335.98 311.33 286.67 262.01 237.35 237.35 237.35 269.24 301.13 333.03 364.92 396.81 428.7 428.7 428.7 409.5 390.3 371.1 351.9 332.7 313.5 313.5 313.5 300.3 287.1 273.9 260.7 247.5 234.3 234.3 234.3 260.01 285.72 311.43 337.13 362.84 388.55 388.55 388.55 389.9 391.25 392.6 393.95 395.3 396.65 396.65 396.65 377.33 358.02 338.7 319.38 300.07 280.75 280.75 280.75 303.87 326.98 350.1 373.22 396.33 419.45 419.45 419.45 374.6 329.75 284.9 240.05 195.2 150.35 150.35 150.35 147.03 143.72 140.4 137.08 133.77 130.45 130.45 130.45 138.85 147.25 155.65 164.05 172.45 180.85 180.85 180.85 182.79 184.73 186.68 188.62 190.56 192.5 192.5 192.5 207.73 222.97 238.2 253.43 268.67 283.9 283.9 283.9 300.49 317.08 333.68 350.27 366.86 383.45 383.45 383.45 384.02 384.58 385.15 385.72 386.28 386.85 386.85 386.85 365.61 344.37 323.13 301.88 280.64 259.4 259.4 259.4 285.16 310.92 336.68 362.43 388.19 413.95 413.95 413.95 400.49 387.03 373.58 360.12 346.66 333.2 333.2 333.2 296.3 259.4 222.5 185.6 148.7 111.8 111.8 111.8 164.33 216.85 269.38 321.9 374.43 426.95 426.95 426.95 418.57 410.18 401.8 393.42 385.03 376.65 376.65 376.65 327.63 278.6 229.58 180.55 131.53 82.5 82.5 82.5 129.1 175.7 222.3 268.9 315.5 362.1 362.1 362.1 377.38 392.65 407.93 423.2 438.47 453.75 453.75 453.75 400.18 346.6 293.03 239.45 185.88 132.3 132.3 132.3 116.77 101.23 85.7 70.17 54.63 39.1 39.1 39.1 53.95 68.8 83.65 98.5 113.35 128.2 128.2 128.2 140.35 152.5 164.65 176.8 188.95 201.1 201.1 201.1 232.56 264.02 295.48 326.93 358.39 389.85 389.85 389.85 390.86 391.87 392.88 393.88 394.89 395.9 395.9 395.9 361.88 327.85 293.83 259.8 225.78 191.75 191.75 191.75 206.92 222.1 237.28 252.45 267.63 282.8 282.8 282.8 293.68 304.55 315.43 326.3 337.18 348.05 348.05 348.05 320.26 292.47 264.68 236.88 209.09 181.3 181.3 181.3 216.72 252.13 287.55 322.97 358.38 393.8 393.8 393.8 363.12 332.43 301.75 271.07 240.38 209.7 209.7 209.7 191.42 173.15 154.88 136.6 118.33 100.05 100.05 100.05 84.42 68.78 53.15 37.52 21.88 6.25 6.25 6.25 48.6 90.95 133.3 175.65 218.0 260.35 260.35 260.35 258.94 257.53 256.13 254.72 253.31 251.9 251.9 251.9 274.46 297.02 319.58 342.13 364.69 387.25 387.25 387.25 375.99 364.73 353.48 342.22 330.96 319.7 319.7 319.7 268.77 217.83 166.9
crearDespacho --fija
3200.0
configurarSolver --Cplex
resolver --noConstante csv/salida05c.csv
finalizar
