inicializar --t 360
agregarAgente --RioNegro
19.0 19.0 19.0 19.0 19.0 19.32 19.63 19.95 20.27 20.58 20.9 20.9 20.9 21.23 21.57 21.9 22.23 22.57 22.9 22.9 22.9 23.08 23.27 23.45 23.63 23.82 24.0 24.0 24.0 24.0 24.0 24.0 24.0 24.0 24.0 24.0 24.0 24.0 24.0 24.0 24.0 24.0 24.0 24.0 24.0 24.0 24.0 24.0 24.0 24.0 24.0 24.0 24.0 24.0 24.0 24.0 24.0 24.0 24.0 24.0 24.0 24.0 24.0 24.0 24.0 24.0 24.0 24.0 24.0 24.0 24.0 24.0 24.0 24.0 24.0 24.0 24.0 24.0 24.0 24.0 24.0 24.0 24.0 24.0 24.0 24.0 24.0 24.0 24.0 24.0 24.0 24.0 24.0 23.82 23.63 23.45 23.27 23.08 22.9 22.9 22.9 22.57 22.23 21.9 21.57 21.23 20.9 20.9 20.9 20.58 20.27 19.95 19.63 19.32 19.0 19.0 19.0 18.65 18.3 17.95 17.6 17.25 16.9 16.9 16.9 16.58 16.27 15.95 15.63 15.32 15.0 15.0 15.0 14.65 14.3 13.95 13.6 13.25 12.9 12.9 12.9 12.6 12.3 12.0 11.7 11.4 11.1 11.1 11.1 10.75 10.4 10.05 9.7 9.35 9.0 9.0 9.0 8.68 8.37 8.05 7.73 7.42 7.1 7.1 7.1 6.75 6.4 6.05 5.7 5.35 5.0 5.0 5.0 4.68 4.37 4.05 3.73 3.42 3.1 3.1 3.1 2.77 2.43 2.1 1.77 1.43 1.1 1.1 1.1 0.92 0.73 0.55 0.37 0.18 0.0 0.0 0.0 0.0 0.0 0.0 0.0 0.0 0.0 0.0 0.0 0.0 0.0 0.0 0.0 0.0 0.0 0.0 0.0 0.0 0.0 0.0 0.0 0.0 0.0 0.0 0.0 0.0 0.0 0.0 0.0 0.0 0.0 0.0 0.0 0.0 0.0 0.0 0.0 0.0 0.0 0.0 0.0 0.0 0.0 0.0 0.0 0.0 0.0 0.0 0.0 0.0 0.0 0.0 0.0 0.0 0.0 0.0 0.0 0.0 0.0 0.0 0.0 0.0 0.0 0.0 0.0 0.0 0.0 0.0 0.0 0.0 0.0 0.0 0.0 0.0 0.0 0.0 0.0 0.0 0.0 0.0 0.0 0.0 0.0 0.0 0.0 0.0 0.0 0.0 0.0 0.0 0.0 0.0 0.0 0.0 0.0 0.0 0.0 0.0 0.0 0.0 0.0 0.0 0.0 0.0 0.0 0.0 0.0 0.0 0.0 0.0 0.0 0.0 0.0 0.0 0.0 0.0 0.0 0.0 0.0 0.0 0.0 0.0 0.0 0.0 0.0 0.0 0.0 0.0 0.0 0.0 0.0 0.0 0.0 0.0 0.0 0.0 0.0 0.0 0.0 0.0 0.0 0.0 0.0 0.0 0.0 0.0 0.0 0.0 0.0 0.0 0.0 0.0 0.0 0.0 0.0 0.0 0.0 0.0 0.0 0.0 0.0 0.0 0.0 0.0
0.45 0.45 0.45 0.45 0.45 0.42 0.39 0.36 0.33 0.3 0.28 0.28 0.28 0.25 0.22 0.19 0.16 0.13 0.1 0.1 0.1 0.08 0.07 0.05 0.03 0.02 0.0 0.0 0.0 0.0 0.0 0.0 0.0 0.0 0.0 0.0 0.0 0.0 0.0 0.0 0.0 0.0 0.0 0.0 0.0 0.0 0.0 0.0 0.0 0.0 0.0 0.0 0.0 0.0 0.0 0.0 0.0 0.0 0.0 0.0 0.0 0.0 0.0 0.0 0.0 0.0 0.0 0.0 0.0 0.0 0.0 0.0 0.0 0.0 0.0 0.0 0.0 0.0 0.0 0.0 0.0 0.0 0.0 0.0 0.0 0.0 0.0 0.0 0.0 0.0 0.0 0.0 0.0 0.02 0.04 0.06 0.08 0.1 0.13 0.13 0.13 0.17 0.22 0.26 0.31 0.35 0.4 0.4 0.4 0.45 0.49 0.54 0.58 0.63 0.68 0.68 0.68 0.72 0.76 0.8 0.84 0.88 0.93 0.93 0.93 0.97 1.02 1.06 1.11 1.15 1.2 1.2 1.2 1.25 1.29 1.34 1.38 1.43 1.48 1.48 1.48 1.52 1.56 1.6 1.64 1.68 1.73 1.73 1.73 1.77 1.82 1.86 1.91 1.95 2.0 2.0 2.0 2.05 2.09 2.14 2.18 2.23 2.28 2.28 2.28 2.32 2.36 2.4 2.44 2.48 2.53 2.53 2.53 2.57 2.62 2.66 2.71 2.75 2.8 2.8 2.8 2.85 2.89 2.94 2.98 3.03 3.08 3.08 3.08 3.1 3.12 3.14 3.16 3.18 3.2 3.2 3.2 3.2 3.2 3.2 3.2 3.2 3.2 3.2 3.2 3.2 3.2 3.2 3.2 3.2 3.2 3.2 3.2 3.2 3.2 3.2 3.2 3.2 3.2 3.2 3.2 3.2 3.2 3.2 3.2 3.2 3.2 3.2 3.2 3.2 3.2 3.2 3.2 3.2 3.2 3.2 3.2 3.2 3.2 3.2 3.2 3.2 3.2 3.2 3.2 3.2 3.2 3.2 3.2 3.2 3.2 3.2 3.2 3.2 3.2 3.2 3.2 3.2 3.2 3.2 3.2 3.2 3.2 3.2 3.2 3.2 3.2 3.2 3.2 3.17 3.14 3.11 3.08 3.05 3.03 3.03 3.03 3.02 3.02 3.01 3.01 3.0 3.0 3.0 3.0 2.99 2.98 2.96 2.95 2.94 2.93 2.93 2.93 2.9 2.88 2.86 2.84 2.82 2.8 2.8 2.8 2.8 2.8 2.8 2.8 2.8 2.8 2.8 2.8 2.77 2.73 2.7 2.67 2.63 2.6 2.6 2.6 2.6 2.6 2.6 2.6 2.6 2.6 2.6 2.6 2.58 2.56 2.54 2.52 2.5 2.48 2.48 2.48 2.46 2.45 2.44 2.43 2.41 2.4 2.4 2.4 2.4 2.39 2.39 2.38 2.38 2.38 2.38 2.38 2.35 2.32 2.29 2.26 2.23 2.2 2.2 2.2 2.2 2.2 2.2
15.4 15.4 15.4 15.4 15.4 15.34 15.28 15.22 15.17 15.11 15.05 15.05 15.05 14.99 14.93 14.88 14.82 14.76 14.7 14.7 14.7 14.7 14.7 14.7 14.7 14.7 14.7 14.7 14.7 14.7 14.7 14.7 14.7 14.7 14.7 14.7 14.7 14.7 14.7 14.7 14.7 14.7 14.7 14.7 14.7 14.7 14.7 14.7 14.7 14.7 14.7 14.7 14.7 14.7 14.7 14.7 14.7 14.7 14.7 14.7 14.7 14.7 14.7 14.7 14.7 14.7 14.7 14.7 14.7 14.7 14.7 14.7 14.7 14.7 14.7 14.7 14.7 14.7 14.7 14.7 14.7 14.7 14.7 14.7 14.7 14.7 14.7 14.7 14.7 14.7 14.7 14.7 14.7 14.77 14.85 14.92 14.99 15.06 15.14 15.14 15.14 15.3 15.46 15.62 15.78 15.94 16.1 16.1 16.1 16.26 16.42 16.58 16.74 16.9 17.06 17.06 17.06 17.21 17.35 17.5 17.65 17.79 17.94 17.94 17.94 18.1 18.26 18.42 18.58 18.74 18.9 18.9 18.9 19.06 19.22 19.38 19.54 19.7 19.86 19.86 19.86 20.01 20.15 20.3 20.45 20.59 20.74 20.74 20.74 20.9 21.06 21.22 21.38 21.54 21.7 21.7 21.7 21.86 22.02 22.18 22.34 22.5 22.66 22.66 22.66 22.81 22.95 23.1 23.25 23.39 23.54 23.54 23.54 23.7 23.86 24.02 24.18 24.34 24.5 24.5 24.5 24.66 24.82 24.98 25.14 25.3 25.46 25.46 25.46 25.54 25.61 25.68 25.75 25.83 25.9 25.9 25.9 25.9 25.9 25.9 25.9 25.9 25.9 25.9 25.9 25.9 25.9 25.9 25.9 25.9 25.9 25.9 25.9 25.9 25.9 25.9 25.9 25.9 25.9 25.9 25.9 25.9 25.9 25.9 25.9 25.9 25.9 25.9 25.9 25.9 25.9 25.9 25.9 25.9 25.9 25.9 25.9 25.9 25.9 25.9 25.9 25.9 25.9 25.9 25.9 25.9 25.9 25.9 25.9 25.9 25.9 25.9 25.9 25.9 25.9 25.9 25.9 25.9 25.9 25.9 25.9 25.84 25.78 25.72 25.67 25.61 25.55 25.55 25.55 25.45 25.35 25.24 25.14 25.04 24.94 24.94 24.94 24.84 24.73 24.63 24.53 24.43 24.33 24.33 24.33 24.21 24.09 23.98 23.86 23.74 23.63 23.63 23.63 23.52 23.42 23.32 23.22 23.11 23.01 23.01 23.01 22.91 22.81 22.71 22.6 22.5 22.4 22.4 22.4 22.28 22.17 22.05 21.93 21.82 21.7 21.7 21.7 21.6 21.5 21.39 21.29 21.19 21.09 21.09 21.09 20.99 20.88 20.78 20.68 20.58 20.47 20.47 20.47 20.36 20.24 20.13 20.01 19.89 19.78 19.78 19.78 19.67 19.57 19.47 19.37 19.26 19.16 19.16 19.16 19.06 18.96 18.86 18.75 18.65 18.55 18.55 18.55 18.49 18.43 18.38
5345000000.0
728000000.0
0.00326
0.00633
agregarAgente --DemandaFija
36.55 36.55 36.55 36.55 36.55 47.98 59.4 70.83 82.25 93.68 105.1 105.1 105.1 95.91 86.72 77.53 68.33 59.14 49.95 49.95 49.95 43.88 37.82 31.75 25.68 19.62 13.55 13.55 13.55 16.16 18.77 21.38 23.98 26.59 29.2 29.2 29.2 25.38 21.55 17.73 13.9 10.08 6.25 6.25 6.25 35.52 64.78 94.05 123.32 152.58 181.85 181.85 181.85 206.79 231.73 256.68 281.62 306.56 331.5 331.5 331.5 331.06 330.62 330.18 329.73 329.29 328.85 328.85 328.85 300.91 272.97 245.03 217.08 189.14 161.2 161.2 161.2 175.64 190.08 204.53 218.97 233.41 247.85 247.85 247.85 242.33 236.8 231.28 225.75 220.23 214.7 214.7 214.7 203.63 192.55 181.48 170.4 159.33 148.25 148.25 148.25 151.96 155.67 159.38 163.08 166.79 170.5 170.5 170.5 171.81 173.12 174.43 175.73 177.04 178.35 178.35 178.35 153.07 127.78 102.5 77.22 51.93 26.65 26.65 26.65 23.25 19.85 16.45 13.05 9.65 6.25 6.25 6.25 6.25 6.25 6.25 6.25 6.25 6.25 6.25 6.25 6.25 6.25 6.25 6.25 6.25 6.25 6.25 6.25 6.25 6.25 6.25 6.25 6.25 6.25 6.25 6.25 6.25 6.25 6.25 6.25 6.25 6.25 6.25 6.25 6.25 6.25 6.25 6.25 6.25 6.25 6.25 6.25 6.25 6.25 6.25 6.25 6.25 6.25 6.25 6.25 6.25 6.25 6.25 6.25 6.25 6.25 6.25 6.25 9.57 12.88 16.2 19.52 22.83 26.15 26.15 26.15 27.6 29.05 30.5 31.95 33.4 34.85 34.85 34.85 30.08 25.32 20.55 15.78 11.02 6.25 6.25 6.25 8.35 10.45 12.55 14.65 16.75 18.85 18.85 18.85 16.75 14.65 12.55 10.45 8.35 6.25 6.25 6.25 6.25 6.25 6.25 6.25 6.25 6.25 6.25 6.25 6.25 6.25 6.25 6.25 6.25 6.25 6.25 6.25 6.25 6.25 6.25 6.25 6.25 6.25 6.25 6.25 6.25 6.25 6.25 6.25 6.25 6.25 6.25 6.25 8.05 9.85 11.65 13.45 15.25 17.05 17.05 17.05 15.25 13.45 11.65 9.85 8.05 6.25 6.25 6.25 12.03 17.82 23.6 29.38 35.17 40.95 40.95 40.95 46.65 52.35 58.05 63.75 69.45 75.15 75.15 75.15 88.29 101.43 114.58 127.72 140.86 154.0 154.0 154.0 160.04 166.08 172.13 178.17 184.21 190.25 190.25 190.25 219.42 248.58 277.75 306.92 336.08 365.25 365.25 365.25 365.14 365.03 364.93 364.82 364.71 364.6 364.6 364.6 363.4 362.2 361.0 359.8 358.6 357.4 357.4 357.4 306.67 255.93 205.2 154.47 103.73 53.0 53.0 53.0 65.9 78.8 91.7 104.6 117.5 130.4 130.4 130.4 161.49 192.58 223.68 254.77 285.86 316.95 316.95 316.95 299.15 281.35 263.55
crearDespacho --fija
3200.0
configurarSolver --Cplex
resolver --noConstante csv/salida25a.csv
finalizar
