inicializar --t 360
agregarAgente --RioNegro
750.16 745.76 741.36 741.36 741.36 737.02 732.68 728.34 724.0 719.66 715.32 715.32 715.32 710.96 706.6 702.24 697.88 693.52 689.16 689.16 689.16 684.82 680.48 676.14 671.8 667.46 663.12 663.12 663.12 658.76 654.4 650.04 645.68 641.32 636.96 636.96 636.96 632.6 628.24 623.88 619.52 615.16 610.8 610.8 610.8 608.36 605.92 603.48 601.04 598.6 596.16 596.16 596.16 596.16 596.16 596.16 596.16 596.16 596.16 596.16 596.16 596.16 596.16 596.16 596.16 596.16 596.16 596.16 596.16 596.16 596.16 596.16 596.16 596.16 596.16 596.16 596.16 596.16 596.16 596.16 596.16 596.16 596.16 596.16 596.16 596.16 596.16 596.16 596.16 596.16 596.16 596.16 596.16 596.16 596.16 596.16 596.16 596.16 596.16 596.16 596.16 596.16 596.16 596.16 596.16 596.16 596.16 596.16 596.16 596.16 596.16 596.16 596.16 596.16 596.16 596.16 596.16 593.92 591.68 589.44 587.2 584.96 582.72 582.72 582.72 578.76 574.8 570.84 566.88 562.92 558.96 558.96 558.96 555.0 551.04 547.08 543.12 539.16 535.2 535.2 535.2 531.2 527.2 523.2 519.2 515.2 511.2 511.2 511.2 507.22 503.24 499.26 495.28 491.3 487.32 487.32 487.32 483.36 479.4 475.44 471.48 467.52 463.56 463.56 463.56 459.6 455.64 451.68 447.72 443.76 439.8 439.8 439.8 435.84 431.88 427.92 423.96 420.0 416.04 416.04 416.04 412.06 408.08 404.1 400.12 396.14 392.16 392.16 392.16 388.16 384.16 380.16 376.16 372.16 368.16 368.16 368.16 364.2 360.24 356.28 352.32 348.36 344.4 344.4 344.4 340.44 336.48 332.52 328.56 324.6 320.64 320.64 320.64 318.4 316.16 313.92 311.68 309.44 307.2 307.2 307.2 307.2 307.2 307.2 307.2 307.2 307.2 307.2 307.2 307.2 307.2 307.2 307.2 307.2 307.2 307.2 307.2 307.2 307.2 307.2 307.2 307.2 307.2 307.2 307.2 307.2 307.2 307.2 307.2 307.2 307.2 307.2 307.2 307.2 307.2 307.2 307.2 307.2 307.2 307.2 307.2 307.2 307.2 307.2 307.2 307.2 307.2 307.2 307.2 307.2 307.2 307.2 307.2 307.2 307.2 307.2 307.2 307.2 307.2 307.2 307.2 307.2 307.2 307.2 307.2 311.92 316.64 321.36 326.08 330.8 335.52 335.52 335.52 343.84 352.16 360.48 368.8 377.12 385.44 385.44 385.44 393.76 402.08 410.4 418.72 427.04 435.36 435.36 435.36 443.68 452.0 460.32 468.64 476.96 485.28 485.28 485.28 493.6 501.92 510.24 518.56 526.88 535.2 535.2 535.2 543.52 551.84 560.16 568.48 576.8 585.12 585.12 585.12 593.44 601.76 610.08 618.4 626.72 635.04 635.04 635.04 643.36 651.68 660.0 668.32 676.64 684.96 684.96 684.96 693.28 701.6 709.92 718.24 726.56 734.88 734.88 734.88 743.2 751.52 759.84
230.83 236.47 242.1 242.1 242.1 247.73 253.37 259.0 264.63 270.27 275.9 275.9 275.9 281.55 287.2 292.85 298.5 304.15 309.8 309.8 309.8 315.45 321.1 326.75 332.4 338.05 343.7 343.7 343.7 349.33 354.97 360.6 366.23 371.87 377.5 377.5 377.5 383.15 388.8 394.45 400.1 405.75 411.4 411.4 411.4 414.57 417.73 420.9 424.07 427.23 430.4 430.4 430.4 430.4 430.4 430.4 430.4 430.4 430.4 430.4 430.4 430.4 430.4 430.4 430.4 430.4 430.4 430.4 430.4 430.4 430.4 430.4 430.4 430.4 430.4 430.4 430.4 430.4 430.4 430.4 430.4 430.4 430.4 430.4 430.4 430.4 430.4 430.4 430.4 430.4 430.4 430.4 430.4 430.4 430.4 430.4 430.4 430.4 430.4 430.4 430.4 430.4 430.4 430.4 430.4 430.4 430.4 430.4 430.4 430.4 430.4 430.4 430.4 430.4 430.4 430.4 430.4 427.13 423.87 420.6 417.33 414.07 410.8 410.8 410.8 405.0 399.2 393.4 387.6 381.8 376.0 376.0 376.0 370.18 364.37 358.55 352.73 346.92 341.1 341.1 341.1 335.3 329.5 323.7 317.9 312.1 306.3 306.3 306.3 300.48 294.67 288.85 283.03 277.22 271.4 271.4 271.4 265.6 259.8 254.0 248.2 242.4 236.6 236.6 236.6 230.8 225.0 219.2 213.4 207.6 201.8 201.8 201.8 196.0 190.2 184.4 178.6 172.8 167.0 167.0 167.0 161.18 155.37 149.55 143.73 137.92 132.1 132.1 132.1 126.3 120.5 114.7 108.9 103.1 97.3 97.3 97.3 91.48 85.67 79.85 74.03 68.22 62.4 62.4 62.4 56.6 50.8 45.0 39.2 33.4 27.6 27.6 27.6 24.33 21.07 17.8 14.53 11.27 8.0 8.0 8.0 8.0 8.0 8.0 8.0 8.0 8.0 8.0 8.0 8.0 8.0 8.0 8.0 8.0 8.0 8.0 8.0 8.0 8.0 8.0 8.0 8.0 8.0 8.0 8.0 8.0 8.0 8.0 8.0 8.0 8.0 8.0 8.0 8.0 8.0 8.0 8.0 8.0 8.0 8.0 8.0 8.0 8.0 8.0 8.0 8.0 8.0 8.0 8.0 8.0 8.0 8.0 8.0 8.0 8.0 8.0 8.0 8.0 8.0 8.0 8.0 8.0 8.0 8.0 8.0 8.93 9.87 10.8 11.73 12.67 13.6 13.6 13.6 15.2 16.8 18.4 20.0 21.6 23.2 23.2 23.2 24.85 26.5 28.15 29.8 31.45 33.1 33.1 33.1 34.72 36.33 37.95 39.57 41.18 42.8 42.8 42.8 44.42 46.03 47.65 49.27 50.88 52.5 52.5 52.5 54.15 55.8 57.45 59.1 60.75 62.4 62.4 62.4 64.0 65.6 67.2 68.8 70.4 72.0 72.0 72.0 73.65 75.3 76.95 78.6 80.25 81.9 81.9 81.9 83.52 85.13 86.75 88.37 89.98 91.6 91.6 91.6 93.22 94.83 96.45
754.83 772.75 790.66 790.66 790.66 808.49 826.32 844.14 861.97 879.8 897.63 897.63 897.63 915.5 933.37 951.24 969.11 986.98 1004.86 1004.86 1004.86 1022.73 1040.6 1058.47 1076.34 1094.22 1112.09 1112.09 1112.09 1129.96 1147.83 1165.7 1183.57 1201.45 1219.32 1219.32 1219.32 1237.19 1255.06 1272.93 1290.81 1308.68 1326.55 1326.55 1326.55 1336.58 1346.62 1356.65 1366.68 1376.72 1386.75 1386.75 1386.75 1386.75 1386.75 1386.75 1386.75 1386.75 1386.75 1386.75 1386.75 1386.75 1386.75 1386.75 1386.75 1386.75 1386.75 1386.75 1386.75 1386.75 1386.75 1386.75 1386.75 1386.75 1386.75 1386.75 1386.75 1386.75 1386.75 1386.75 1386.75 1386.75 1386.75 1386.75 1386.75 1386.75 1386.75 1386.75 1386.75 1386.75 1386.75 1386.75 1386.75 1386.75 1386.75 1386.75 1386.75 1386.75 1386.75 1386.75 1386.75 1386.75 1386.75 1386.75 1386.75 1386.75 1386.75 1386.75 1386.75 1386.75 1386.75 1386.75 1386.75 1386.75 1386.75 1386.75 1386.75 1381.35 1375.96 1370.56 1365.16 1359.76 1354.37 1354.37 1354.37 1344.78 1335.19 1325.61 1316.02 1306.44 1296.85 1296.85 1296.85 1287.25 1277.64 1268.03 1258.42 1248.81 1239.21 1239.21 1239.21 1229.64 1220.08 1210.52 1200.95 1191.39 1181.83 1181.83 1181.83 1172.22 1162.61 1153.0 1143.4 1133.79 1124.18 1124.18 1124.18 1114.62 1105.06 1095.49 1085.93 1076.37 1066.8 1066.8 1066.8 1057.17 1047.54 1037.91 1028.28 1018.65 1009.02 1009.02 1009.02 999.46 989.9 980.33 970.77 961.21 951.64 951.64 951.64 942.04 932.43 922.82 913.21 903.6 894.0 894.0 894.0 884.43 874.87 865.31 855.74 846.18 836.62 836.62 836.62 827.01 817.4 807.8 798.19 788.58 778.97 778.97 778.97 769.39 759.8 750.22 740.63 731.04 721.46 721.46 721.46 716.06 710.66 705.27 699.87 694.47 689.07 689.07 689.07 689.07 689.07 689.07 689.07 689.07 689.07 689.07 689.07 689.07 689.07 689.07 689.07 689.07 689.07 689.07 689.07 689.07 689.07 689.07 689.07 689.07 689.07 689.07 689.07 689.07 689.07 689.07 689.07 689.07 689.07 689.07 689.07 689.07 689.07 689.07 689.07 689.07 689.07 689.07 689.07 689.07 689.07 689.07 689.07 689.07 689.07 689.07 689.07 689.07 689.07 689.07 689.07 689.07 689.07 689.07 689.07 689.07 689.07 689.07 689.07 689.07 689.07 689.07 689.07 686.79 684.51 682.22 679.94 677.65 675.37 675.37 675.37 671.36 667.35 663.34 659.33 655.32 651.32 651.32 651.32 647.26 643.21 639.15 635.1 631.05 626.99 626.99 626.99 622.98 618.98 614.97 610.96 606.95 602.94 602.94 602.94 598.86 594.79 590.71 586.64 582.56 578.48 578.48 578.48 574.5 570.51 566.53 562.54 558.55 554.57 554.57 554.57 550.49 546.41 542.34 538.26 534.19 530.11 530.11 530.11 526.12 522.14 518.15 514.16 510.18 506.19 506.19 506.19 502.11 498.04 493.96 489.89 485.81 481.73 481.73 481.73 477.73 473.72 469.71
4076597044.0
1653463483.0
0.00479
0.00479
agregarAgente --DemandaFija
248.15 229.3 210.45 210.45 210.45 213.16 215.87 218.58 221.28 223.99 226.7 226.7 226.7 219.45 212.2 204.95 197.7 190.45 183.2 183.2 183.2 160.1 137.0 113.9 90.8 67.7 44.6 44.6 44.6 71.23 97.87 124.5 151.13 177.77 204.4 204.4 204.4 222.7 241.0 259.3 277.6 295.9 314.2 314.2 314.2 271.55 228.9 186.25 143.6 100.95 58.3 58.3 58.3 86.56 114.82 143.08 171.33 199.59 227.85 227.85 227.85 251.48 275.12 298.75 322.38 346.02 369.65 369.65 369.65 369.84 370.03 370.23 370.42 370.61 370.8 370.8 370.8 377.15 383.5 389.85 396.2 402.55 408.9 408.9 408.9 400.31 391.72 383.13 374.53 365.94 357.35 357.35 357.35 317.96 278.57 239.18 199.78 160.39 121.0 121.0 121.0 159.33 197.67 236.0 274.33 312.67 351.0 351.0 351.0 368.07 385.13 402.2 419.27 436.33 453.4 453.4 453.4 410.31 367.22 324.13 281.03 237.94 194.85 194.85 194.85 196.51 198.17 199.83 201.48 203.14 204.8 204.8 204.8 203.46 202.12 200.78 199.43 198.09 196.75 196.75 196.75 167.16 137.57 107.98 78.38 48.79 19.2 19.2 19.2 31.37 43.53 55.7 67.87 80.03 92.2 92.2 92.2 137.51 182.82 228.13 273.43 318.74 364.05 364.05 364.05 331.5 298.95 266.4 233.85 201.3 168.75 168.75 168.75 196.92 225.1 253.28 281.45 309.63 337.8 337.8 337.8 380.71 423.62 466.53 509.43 552.34 595.25 595.25 595.25 525.49 455.73 385.98 316.22 246.46 176.7 176.7 176.7 193.23 209.75 226.28 242.8 259.33 275.85 275.85 275.85 310.08 344.3 378.53 412.75 446.97 481.2 481.2 481.2 443.47 405.75 368.03 330.3 292.58 254.85 254.85 254.85 272.38 289.92 307.45 324.98 342.52 360.05 360.05 360.05 368.67 377.28 385.9 394.52 403.13 411.75 411.75 411.75 368.52 325.28 282.05 238.82 195.58 152.35 152.35 152.35 179.23 206.1 232.98 259.85 286.72 313.6 313.6 313.6 321.47 329.35 337.23 345.1 352.97 360.85 360.85 360.85 331.38 301.9 272.43 242.95 213.48 184.0 184.0 184.0 241.55 299.1 356.65 414.2 471.75 529.3 529.3 529.3 546.36 563.42 580.48 597.53 614.59 631.65 631.65 631.65 595.84 560.03 524.23 488.42 452.61 416.8 416.8 416.8 440.1 463.4 486.7 510.0 533.3 556.6 556.6 556.6 571.83 587.07 602.3 617.53 632.77 648.0 648.0 648.0 612.89 577.78 542.68 507.57 472.46 437.35 437.35 437.35 446.62 455.88 465.15 474.42 483.68 492.95 492.95 492.95 486.05 479.15 472.25 465.35 458.45 451.55 451.55 451.55 387.15 322.75 258.35 193.95 129.55 65.15 65.15 65.15 66.0 66.85 67.7 68.55 69.4 70.25 70.25 70.25 118.1 165.95 213.8 261.65 309.5 357.35 357.35 357.35 349.79 342.23 334.68
crearDespacho --fija
3200.0
configurarSolver --Cplex
resolver --noConstante csv/salida14c.csv
finalizar
