inicializar --t 360
agregarAgente --RioNegro
161.28 161.28 161.28 161.28 161.28 161.28 161.28 161.28 161.28 161.28 161.28 161.28 161.28 161.28 161.28 161.28 161.28 161.28 161.28 161.28 161.28 161.28 161.28 161.28 161.28 161.28 161.28 161.28 161.28 161.28 161.28 161.28 161.28 161.28 161.28 161.28 161.28 161.28 161.28 161.28 161.28 161.28 161.28 161.28 161.28 168.62 175.96 183.3 190.64 197.98 205.32 205.32 205.32 218.38 231.44 244.5 257.56 270.62 283.68 283.68 283.68 296.78 309.88 322.98 336.08 349.18 362.28 362.28 362.28 375.32 388.36 401.4 414.44 427.48 440.52 440.52 440.52 453.58 466.64 479.7 492.76 505.82 518.88 518.88 518.88 531.94 545.0 558.06 571.12 584.18 597.24 597.24 597.24 610.32 623.4 636.48 649.56 662.64 675.72 675.72 675.72 688.78 701.84 714.9 727.96 741.02 754.08 754.08 754.08 767.14 780.2 793.26 806.32 819.38 832.44 832.44 832.44 845.48 858.52 871.56 884.6 897.64 910.68 910.68 910.68 923.78 936.88 949.98 963.08 976.18 989.28 989.28 989.28 1002.34 1015.4 1028.46 1041.52 1054.58 1067.64 1067.64 1067.64 1074.98 1082.32 1089.66 1097.0 1104.34 1111.68 1111.68 1111.68 1111.68 1111.68 1111.68 1111.68 1111.68 1111.68 1111.68 1111.68 1111.68 1111.68 1111.68 1111.68 1111.68 1111.68 1111.68 1111.68 1111.68 1111.68 1111.68 1111.68 1111.68 1111.68 1111.68 1111.68 1111.68 1111.68 1111.68 1111.68 1111.68 1111.68 1111.68 1111.68 1111.68 1111.68 1111.68 1111.68 1111.68 1111.68 1111.68 1111.68 1111.68 1111.68 1111.68 1111.68 1111.68 1111.68 1111.68 1111.68 1111.68 1111.68 1111.68 1111.68 1111.68 1111.68 1111.68 1111.68 1111.68 1111.68 1111.68 1111.68 1111.68 1111.68 1111.68 1111.68 1105.66 1099.64 1093.62 1087.6 1081.58 1075.56 1075.56 1075.56 1064.84 1054.12 1043.4 1032.68 1021.96 1011.24 1011.24 1011.24 1000.52 989.8 979.08 968.36 957.64 946.92 946.92 946.92 936.2 925.48 914.76 904.04 893.32 882.6 882.6 882.6 871.9 861.2 850.5 839.8 829.1 818.4 818.4 818.4 807.68 796.96 786.24 775.52 764.8 754.08 754.08 754.08 743.36 732.64 721.92 711.2 700.48 689.76 689.76 689.76 679.04 668.32 657.6 646.88 636.16 625.44 625.44 625.44 614.74 604.04 593.34 582.64 571.94 561.24 561.24 561.24 550.52 539.8 529.08 518.36 507.64 496.92 496.92 496.92 486.2 475.48 464.76 454.04 443.32 432.6 432.6 432.6 421.88 411.16 400.44 389.72 379.0 368.28 368.28 368.28 362.26 356.24 350.22 344.2 338.18 332.16 332.16 332.16 332.16 332.16 332.16 332.16 332.16 332.16 332.16 332.16 332.16 332.16 332.16 332.16 332.16 332.16 332.16 332.16 332.16 332.16 332.16 332.16 332.16 332.16 332.16 332.16 332.16 332.16 332.16 332.16 332.16 332.16 332.16 332.16 332.16 332.16 332.16 332.16 332.16 332.16 332.16 332.16 332.16 332.16 332.16
0.4 0.4 0.4 0.4 0.4 0.4 0.4 0.4 0.4 0.4 0.4 0.4 0.4 0.4 0.4 0.4 0.4 0.4 0.4 0.4 0.4 0.4 0.4 0.4 0.4 0.4 0.4 0.4 0.4 0.4 0.4 0.4 0.4 0.4 0.4 0.4 0.4 0.6 0.8 1.0 1.2 1.4 1.6 1.6 1.6 4.6 7.6 10.6 13.6 16.6 19.6 19.6 19.6 25.05 30.5 35.95 41.4 46.85 52.3 52.3 52.3 57.65 63.0 68.35 73.7 79.05 84.4 84.4 84.4 89.78 95.17 100.55 105.93 111.32 116.7 116.7 116.7 122.12 127.53 132.95 138.37 143.78 149.2 149.2 149.2 154.53 159.87 165.2 170.53 175.87 181.2 181.2 181.2 186.67 192.13 197.6 203.07 208.53 214.0 214.0 214.0 219.33 224.67 230.0 235.33 240.67 246.0 246.0 246.0 251.42 256.83 262.25 267.67 273.08 278.5 278.5 278.5 283.88 289.27 294.65 300.03 305.42 310.8 310.8 310.8 316.15 321.5 326.85 332.2 337.55 342.9 342.9 342.9 348.35 353.8 359.25 364.7 370.15 375.6 375.6 375.6 378.6 381.6 384.6 387.6 390.6 393.6 393.6 393.6 393.6 393.6 393.6 393.6 393.6 393.6 393.6 393.6 393.6 393.6 393.6 393.6 393.6 393.6 393.6 393.6 393.6 393.6 393.6 393.6 393.6 393.6 393.6 393.6 393.6 393.6 393.6 393.6 393.6 393.6 393.6 393.6 393.6 393.6 393.6 393.6 393.6 393.6 393.6 393.6 393.6 393.6 393.6 393.6 393.6 393.6 393.6 393.6 393.6 393.6 393.6 393.6 393.6 393.6 393.6 393.6 393.6 393.6 393.6 393.6 393.6 393.6 393.6 393.6 390.6 387.6 384.6 381.6 378.6 375.6 375.6 375.6 370.13 364.67 359.2 353.73 348.27 342.8 342.8 342.8 337.47 332.13 326.8 321.47 316.13 310.8 310.8 310.8 305.33 299.87 294.4 288.93 283.47 278.0 278.0 278.0 272.67 267.33 262.0 256.67 251.33 246.0 246.0 246.0 240.53 235.07 229.6 224.13 218.67 213.2 213.2 213.2 207.87 202.53 197.2 191.87 186.53 181.2 181.2 181.2 175.73 170.27 164.8 159.33 153.87 148.4 148.4 148.4 143.07 137.73 132.4 127.07 121.73 116.4 116.4 116.4 110.93 105.47 100.0 94.53 89.07 83.6 83.6 83.6 78.27 72.93 67.6 62.27 56.93 51.6 51.6 51.6 46.13 40.67 35.2 29.73 24.27 18.8 18.8 18.8 15.8 12.8 9.8 6.8 3.8 0.8 0.8 0.8 0.8 0.8 0.8 0.8 0.8 0.8 0.8 0.8 0.8 0.8 0.8 0.8 0.8 0.8 0.8 0.8 0.8 0.8 0.8 0.8 0.8 0.8 0.8 0.8 0.8 0.8 0.8 0.8 0.8 0.8 0.8 0.8 0.8 0.8 0.8 0.8 0.8 0.8 0.8 0.8 0.8 0.8 0.8
15.4 15.4 15.4 15.4 15.4 15.4 15.4 15.4 15.4 15.4 15.4 15.4 15.4 15.4 15.4 15.4 15.4 15.4 15.4 15.4 15.4 15.4 15.4 15.4 15.4 15.4 15.4 15.4 15.4 15.4 15.4 15.4 15.4 15.4 15.4 15.4 15.4 15.4 15.4 15.4 15.4 15.4 15.4 15.4 15.4 16.29 17.18 18.07 18.96 19.85 20.74 20.74 20.74 22.31 23.89 25.46 27.04 28.61 30.19 30.19 30.19 31.78 33.37 34.96 36.55 38.14 39.72 39.72 39.72 41.29 42.85 44.41 45.97 47.53 49.09 49.09 49.09 50.68 52.27 53.86 55.45 57.04 58.62 58.62 58.62 60.19 61.75 63.31 64.87 66.43 67.99 67.99 67.99 69.59 71.2 72.8 74.4 76.01 77.61 77.61 77.61 79.17 80.73 82.29 83.85 85.41 86.98 86.98 86.98 88.56 90.15 91.74 93.33 94.92 96.51 96.51 96.51 98.07 99.63 101.19 102.75 104.31 105.88 105.88 105.88 107.46 109.05 110.64 112.23 113.82 115.41 115.41 115.41 116.99 118.56 120.14 121.71 123.29 124.86 124.86 124.86 125.75 126.64 127.53 128.42 129.31 130.2 130.2 130.2 130.2 130.2 130.2 130.2 130.2 130.2 130.2 130.2 130.2 130.2 130.2 130.2 130.2 130.2 130.2 130.2 130.2 130.2 130.2 130.2 130.2 130.2 130.2 130.2 130.2 130.2 130.2 130.2 130.2 130.2 130.2 130.2 130.2 130.2 130.2 130.2 130.2 130.2 130.2 130.2 130.2 130.2 130.2 130.2 130.2 130.2 130.2 130.2 130.2 130.2 130.2 130.2 130.2 130.2 130.2 130.2 130.2 130.2 130.2 130.2 130.2 130.2 130.2 130.2 132.3 134.4 136.5 138.6 140.7 142.8 142.8 142.8 146.53 150.27 154.0 157.73 161.47 165.2 165.2 165.2 168.93 172.67 176.4 180.13 183.87 187.6 187.6 187.6 191.33 195.07 198.8 202.53 206.27 210.0 210.0 210.0 213.73 217.47 221.2 224.93 228.67 232.4 232.4 232.4 236.13 239.87 243.6 247.33 251.07 254.8 254.8 254.8 258.42 262.03 265.65 269.27 272.88 276.5 276.5 276.5 280.23 283.97 287.7 291.43 295.17 298.9 298.9 298.9 302.63 306.37 310.1 313.83 317.57 321.3 321.3 321.3 325.03 328.77 332.5 336.23 339.97 343.7 343.7 343.7 347.43 351.17 354.9 358.63 362.37 366.1 366.1 366.1 369.83 373.57 377.3 381.03 384.77 388.5 388.5 388.5 390.6 392.7 394.8 396.9 399.0 401.1 401.1 401.1 401.1 401.1 401.1 401.1 401.1 401.1 401.1 401.1 401.1 401.1 401.1 401.1 401.1 401.1 401.1 401.1 401.1 401.1 401.1 401.1 401.1 401.1 401.1 401.1 401.1 401.1 401.1 401.1 401.1 401.1 401.1 401.1 401.1 401.1 401.1 401.1 401.1 401.1 401.1 401.1 401.1 401.1 401.1
2402094772.0
1488361289.0
0.00633
0.00326
agregarAgente --DemandaFija
237.03 182.81 128.6 128.6 128.6 199.19 269.78 340.36 410.95 481.54 552.13 552.13 552.13 588.75 625.38 662.0 698.63 735.25 771.88 771.88 771.88 731.54 691.2 650.86 610.53 570.19 529.85 529.85 529.85 578.71 627.58 676.44 725.3 774.16 823.03 823.03 823.03 815.7 808.38 801.05 793.73 786.4 779.08 779.08 779.08 741.34 703.6 665.86 628.13 590.39 552.65 552.65 552.65 594.04 635.43 676.81 718.2 759.59 800.98 800.98 800.98 816.08 831.18 846.28 861.38 876.48 891.58 891.58 891.58 779.18 666.78 554.38 441.98 329.58 217.18 217.18 217.18 246.68 276.18 305.68 335.18 364.68 394.18 394.18 394.18 392.48 390.78 389.08 387.38 385.68 383.98 383.98 383.98 343.21 302.45 261.69 220.93 180.16 139.4 139.4 139.4 191.89 244.38 296.86 349.35 401.84 454.33 454.33 454.33 508.44 562.55 616.66 670.78 724.89 779.0 779.0 779.0 734.0 689.0 644.0 599.0 554.0 509.0 509.0 509.0 522.44 535.88 549.31 562.75 576.19 589.63 589.63 589.63 592.86 596.1 599.34 602.58 605.81 609.05 609.05 609.05 570.11 531.18 492.24 453.3 414.36 375.43 375.43 375.43 417.5 459.58 501.65 543.73 585.8 627.88 627.88 627.88 645.74 663.6 681.46 699.33 717.19 735.05 735.05 735.05 665.78 596.5 527.23 457.95 388.68 319.4 319.4 319.4 360.94 402.48 444.01 485.55 527.09 568.63 568.63 568.63 608.93 649.23 689.53 729.83 770.13 810.43 810.43 810.43 739.45 668.48 597.5 526.53 455.55 384.58 384.58 384.58 441.98 499.38 556.78 614.18 671.58 728.98 728.98 728.98 767.54 806.1 844.66 883.23 921.79 960.35 960.35 960.35 903.06 845.78 788.49 731.2 673.91 616.63 616.63 616.63 640.1 663.58 687.05 710.53 734.0 757.48 757.48 757.48 731.76 706.05 680.34 654.63 628.91 603.2 603.2 603.2 515.88 428.55 341.23 253.9 166.58 79.25 79.25 79.25 148.98 218.7 288.43 358.15 427.88 497.6 497.6 497.6 478.75 459.9 441.05 422.2 403.35 384.5 384.5 384.5 343.74 302.98 262.21 221.45 180.69 139.93 139.93 139.93 197.24 254.55 311.86 369.18 426.49 483.8 483.8 483.8 500.32 516.85 533.38 549.9 566.43 582.95 582.95 582.95 495.69 408.43 321.16 233.9 146.64 59.38 59.38 59.38 61.24 63.1 64.96 66.83 68.69 70.55 70.55 70.55 82.56 94.58 106.59 118.6 130.61 142.63 142.63 142.63 128.75 114.88 101.0 87.13 73.25 59.38 59.38 59.38 71.48 83.58 95.68 107.78 119.88 131.98 131.98 131.98 149.49 167.0 184.51 202.03 219.54 237.05 237.05 237.05 221.41 205.78 190.14 174.5 158.86 143.23 143.23 143.23 228.09 312.95 397.81 482.67 567.54 652.4 652.4 652.4 639.91 627.43 614.94 602.45 589.96 577.48 577.48 577.48 509.88 442.28 374.68
crearDespacho --fija
1600.0
configurarSolver --Cplex
resolver --noConstante csv/salida10e.csv
finalizar
