inicializar --t 360
agregarAgente --RioNegro
161.28 161.28 161.28 161.28 161.28 161.28 161.28 161.28 161.28 161.28 161.28 161.28 161.28 161.28 161.28 161.28 161.28 161.28 161.28 161.28 161.28 161.28 161.28 161.28 161.28 161.28 161.28 161.28 161.28 161.28 161.28 161.28 161.28 161.28 161.28 161.28 161.28 161.28 161.28 161.28 161.28 161.28 161.28 161.28 161.28 168.62 175.96 183.3 190.64 197.98 205.32 205.32 205.32 218.38 231.44 244.5 257.56 270.62 283.68 283.68 283.68 296.78 309.88 322.98 336.08 349.18 362.28 362.28 362.28 375.32 388.36 401.4 414.44 427.48 440.52 440.52 440.52 453.58 466.64 479.7 492.76 505.82 518.88 518.88 518.88 531.94 545.0 558.06 571.12 584.18 597.24 597.24 597.24 610.32 623.4 636.48 649.56 662.64 675.72 675.72 675.72 688.78 701.84 714.9 727.96 741.02 754.08 754.08 754.08 767.14 780.2 793.26 806.32 819.38 832.44 832.44 832.44 845.48 858.52 871.56 884.6 897.64 910.68 910.68 910.68 923.78 936.88 949.98 963.08 976.18 989.28 989.28 989.28 1002.34 1015.4 1028.46 1041.52 1054.58 1067.64 1067.64 1067.64 1074.98 1082.32 1089.66 1097.0 1104.34 1111.68 1111.68 1111.68 1111.68 1111.68 1111.68 1111.68 1111.68 1111.68 1111.68 1111.68 1111.68 1111.68 1111.68 1111.68 1111.68 1111.68 1111.68 1111.68 1111.68 1111.68 1111.68 1111.68 1111.68 1111.68 1111.68 1111.68 1111.68 1111.68 1111.68 1111.68 1111.68 1111.68 1111.68 1111.68 1111.68 1111.68 1111.68 1111.68 1111.68 1111.68 1111.68 1111.68 1111.68 1111.68 1111.68 1111.68 1111.68 1111.68 1111.68 1111.68 1111.68 1111.68 1111.68 1111.68 1111.68 1111.68 1111.68 1111.68 1111.68 1111.68 1111.68 1111.68 1111.68 1111.68 1111.68 1111.68 1105.66 1099.64 1093.62 1087.6 1081.58 1075.56 1075.56 1075.56 1064.84 1054.12 1043.4 1032.68 1021.96 1011.24 1011.24 1011.24 1000.52 989.8 979.08 968.36 957.64 946.92 946.92 946.92 936.2 925.48 914.76 904.04 893.32 882.6 882.6 882.6 871.9 861.2 850.5 839.8 829.1 818.4 818.4 818.4 807.68 796.96 786.24 775.52 764.8 754.08 754.08 754.08 743.36 732.64 721.92 711.2 700.48 689.76 689.76 689.76 679.04 668.32 657.6 646.88 636.16 625.44 625.44 625.44 614.74 604.04 593.34 582.64 571.94 561.24 561.24 561.24 550.52 539.8 529.08 518.36 507.64 496.92 496.92 496.92 486.2 475.48 464.76 454.04 443.32 432.6 432.6 432.6 421.88 411.16 400.44 389.72 379.0 368.28 368.28 368.28 362.26 356.24 350.22 344.2 338.18 332.16 332.16 332.16 332.16 332.16 332.16 332.16 332.16 332.16 332.16 332.16 332.16 332.16 332.16 332.16 332.16 332.16 332.16 332.16 332.16 332.16 332.16 332.16 332.16 332.16 332.16 332.16 332.16 332.16 332.16 332.16 332.16 332.16 332.16 332.16 332.16 332.16 332.16 332.16 332.16 332.16 332.16 332.16 332.16 332.16 332.16
0.4 0.4 0.4 0.4 0.4 0.4 0.4 0.4 0.4 0.4 0.4 0.4 0.4 0.4 0.4 0.4 0.4 0.4 0.4 0.4 0.4 0.4 0.4 0.4 0.4 0.4 0.4 0.4 0.4 0.4 0.4 0.4 0.4 0.4 0.4 0.4 0.4 0.6 0.8 1.0 1.2 1.4 1.6 1.6 1.6 4.6 7.6 10.6 13.6 16.6 19.6 19.6 19.6 25.05 30.5 35.95 41.4 46.85 52.3 52.3 52.3 57.65 63.0 68.35 73.7 79.05 84.4 84.4 84.4 89.78 95.17 100.55 105.93 111.32 116.7 116.7 116.7 122.12 127.53 132.95 138.37 143.78 149.2 149.2 149.2 154.53 159.87 165.2 170.53 175.87 181.2 181.2 181.2 186.67 192.13 197.6 203.07 208.53 214.0 214.0 214.0 219.33 224.67 230.0 235.33 240.67 246.0 246.0 246.0 251.42 256.83 262.25 267.67 273.08 278.5 278.5 278.5 283.88 289.27 294.65 300.03 305.42 310.8 310.8 310.8 316.15 321.5 326.85 332.2 337.55 342.9 342.9 342.9 348.35 353.8 359.25 364.7 370.15 375.6 375.6 375.6 378.6 381.6 384.6 387.6 390.6 393.6 393.6 393.6 393.6 393.6 393.6 393.6 393.6 393.6 393.6 393.6 393.6 393.6 393.6 393.6 393.6 393.6 393.6 393.6 393.6 393.6 393.6 393.6 393.6 393.6 393.6 393.6 393.6 393.6 393.6 393.6 393.6 393.6 393.6 393.6 393.6 393.6 393.6 393.6 393.6 393.6 393.6 393.6 393.6 393.6 393.6 393.6 393.6 393.6 393.6 393.6 393.6 393.6 393.6 393.6 393.6 393.6 393.6 393.6 393.6 393.6 393.6 393.6 393.6 393.6 393.6 393.6 390.6 387.6 384.6 381.6 378.6 375.6 375.6 375.6 370.13 364.67 359.2 353.73 348.27 342.8 342.8 342.8 337.47 332.13 326.8 321.47 316.13 310.8 310.8 310.8 305.33 299.87 294.4 288.93 283.47 278.0 278.0 278.0 272.67 267.33 262.0 256.67 251.33 246.0 246.0 246.0 240.53 235.07 229.6 224.13 218.67 213.2 213.2 213.2 207.87 202.53 197.2 191.87 186.53 181.2 181.2 181.2 175.73 170.27 164.8 159.33 153.87 148.4 148.4 148.4 143.07 137.73 132.4 127.07 121.73 116.4 116.4 116.4 110.93 105.47 100.0 94.53 89.07 83.6 83.6 83.6 78.27 72.93 67.6 62.27 56.93 51.6 51.6 51.6 46.13 40.67 35.2 29.73 24.27 18.8 18.8 18.8 15.8 12.8 9.8 6.8 3.8 0.8 0.8 0.8 0.8 0.8 0.8 0.8 0.8 0.8 0.8 0.8 0.8 0.8 0.8 0.8 0.8 0.8 0.8 0.8 0.8 0.8 0.8 0.8 0.8 0.8 0.8 0.8 0.8 0.8 0.8 0.8 0.8 0.8 0.8 0.8 0.8 0.8 0.8 0.8 0.8 0.8 0.8 0.8 0.8 0.8 0.8
15.4 15.4 15.4 15.4 15.4 15.4 15.4 15.4 15.4 15.4 15.4 15.4 15.4 15.4 15.4 15.4 15.4 15.4 15.4 15.4 15.4 15.4 15.4 15.4 15.4 15.4 15.4 15.4 15.4 15.4 15.4 15.4 15.4 15.4 15.4 15.4 15.4 15.4 15.4 15.4 15.4 15.4 15.4 15.4 15.4 16.29 17.18 18.07 18.96 19.85 20.74 20.74 20.74 22.31 23.89 25.46 27.04 28.61 30.19 30.19 30.19 31.78 33.37 34.96 36.55 38.14 39.72 39.72 39.72 41.29 42.85 44.41 45.97 47.53 49.09 49.09 49.09 50.68 52.27 53.86 55.45 57.04 58.62 58.62 58.62 60.19 61.75 63.31 64.87 66.43 67.99 67.99 67.99 69.59 71.2 72.8 74.4 76.01 77.61 77.61 77.61 79.17 80.73 82.29 83.85 85.41 86.98 86.98 86.98 88.56 90.15 91.74 93.33 94.92 96.51 96.51 96.51 98.07 99.63 101.19 102.75 104.31 105.88 105.88 105.88 107.46 109.05 110.64 112.23 113.82 115.41 115.41 115.41 116.99 118.56 120.14 121.71 123.29 124.86 124.86 124.86 125.75 126.64 127.53 128.42 129.31 130.2 130.2 130.2 130.2 130.2 130.2 130.2 130.2 130.2 130.2 130.2 130.2 130.2 130.2 130.2 130.2 130.2 130.2 130.2 130.2 130.2 130.2 130.2 130.2 130.2 130.2 130.2 130.2 130.2 130.2 130.2 130.2 130.2 130.2 130.2 130.2 130.2 130.2 130.2 130.2 130.2 130.2 130.2 130.2 130.2 130.2 130.2 130.2 130.2 130.2 130.2 130.2 130.2 130.2 130.2 130.2 130.2 130.2 130.2 130.2 130.2 130.2 130.2 130.2 130.2 130.2 130.2 132.3 134.4 136.5 138.6 140.7 142.8 142.8 142.8 146.53 150.27 154.0 157.73 161.47 165.2 165.2 165.2 168.93 172.67 176.4 180.13 183.87 187.6 187.6 187.6 191.33 195.07 198.8 202.53 206.27 210.0 210.0 210.0 213.73 217.47 221.2 224.93 228.67 232.4 232.4 232.4 236.13 239.87 243.6 247.33 251.07 254.8 254.8 254.8 258.42 262.03 265.65 269.27 272.88 276.5 276.5 276.5 280.23 283.97 287.7 291.43 295.17 298.9 298.9 298.9 302.63 306.37 310.1 313.83 317.57 321.3 321.3 321.3 325.03 328.77 332.5 336.23 339.97 343.7 343.7 343.7 347.43 351.17 354.9 358.63 362.37 366.1 366.1 366.1 369.83 373.57 377.3 381.03 384.77 388.5 388.5 388.5 390.6 392.7 394.8 396.9 399.0 401.1 401.1 401.1 401.1 401.1 401.1 401.1 401.1 401.1 401.1 401.1 401.1 401.1 401.1 401.1 401.1 401.1 401.1 401.1 401.1 401.1 401.1 401.1 401.1 401.1 401.1 401.1 401.1 401.1 401.1 401.1 401.1 401.1 401.1 401.1 401.1 401.1 401.1 401.1 401.1 401.1 401.1 401.1 401.1 401.1 401.1
2402094772.0
1488361289.0
0.00479
0.00479
agregarAgente --DemandaFija
124.68 88.54 52.4 52.4 52.4 99.46 146.52 193.58 240.63 287.69 334.75 334.75 334.75 359.17 383.58 408.0 432.42 456.83 481.25 481.25 481.25 454.36 427.47 400.58 373.68 346.79 319.9 319.9 319.9 352.48 385.05 417.63 450.2 482.78 515.35 515.35 515.35 510.47 505.58 500.7 495.82 490.93 486.05 486.05 486.05 460.89 435.73 410.58 385.42 360.26 335.1 335.1 335.1 362.69 390.28 417.88 445.47 473.06 500.65 500.65 500.65 510.72 520.78 530.85 540.92 550.98 561.05 561.05 561.05 486.12 411.18 336.25 261.32 186.38 111.45 111.45 111.45 131.12 150.78 170.45 190.12 209.78 229.45 229.45 229.45 228.32 227.18 226.05 224.92 223.78 222.65 222.65 222.65 195.48 168.3 141.13 113.95 86.77 59.6 59.6 59.6 94.59 129.58 164.58 199.57 234.56 269.55 269.55 269.55 305.63 341.7 377.78 413.85 449.93 486.0 486.0 486.0 456.0 426.0 396.0 366.0 336.0 306.0 306.0 306.0 314.96 323.92 332.88 341.83 350.79 359.75 359.75 359.75 361.91 364.07 366.23 368.38 370.54 372.7 372.7 372.7 346.74 320.78 294.83 268.87 242.91 216.95 216.95 216.95 245.0 273.05 301.1 329.15 357.2 385.25 385.25 385.25 397.16 409.07 420.98 432.88 444.79 456.7 456.7 456.7 410.52 364.33 318.15 271.97 225.78 179.6 179.6 179.6 207.29 234.98 262.68 290.37 318.06 345.75 345.75 345.75 372.62 399.48 426.35 453.22 480.08 506.95 506.95 506.95 459.63 412.32 365.0 317.68 270.37 223.05 223.05 223.05 261.32 299.58 337.85 376.12 414.38 452.65 452.65 452.65 478.36 504.07 529.78 555.48 581.19 606.9 606.9 606.9 568.71 530.52 492.33 454.13 415.94 377.75 377.75 377.75 393.4 409.05 424.7 440.35 456.0 471.65 471.65 471.65 454.51 437.37 420.23 403.08 385.94 368.8 368.8 368.8 310.58 252.37 194.15 135.93 77.72 19.5 19.5 19.5 65.98 112.47 158.95 205.43 251.92 298.4 298.4 298.4 285.83 273.27 260.7 248.13 235.57 223.0 223.0 223.0 195.83 168.65 141.48 114.3 87.13 59.95 59.95 59.95 98.16 136.37 174.58 212.78 250.99 289.2 289.2 289.2 300.22 311.23 322.25 333.27 344.28 355.3 355.3 355.3 297.13 238.95 180.78 122.6 64.43 6.25 6.25 6.25 7.49 8.73 9.98 11.22 12.46 13.7 13.7 13.7 21.71 29.72 37.73 45.73 53.74 61.75 61.75 61.75 52.5 43.25 34.0 24.75 15.5 6.25 6.25 6.25 14.32 22.38 30.45 38.52 46.58 54.65 54.65 54.65 66.33 78.0 89.68 101.35 113.02 124.7 124.7 124.7 114.27 103.85 93.43 83.0 72.58 62.15 62.15 62.15 118.73 175.3 231.88 288.45 345.03 401.6 401.6 401.6 393.28 384.95 376.63 368.3 359.98 351.65 351.65 351.65 306.58 261.52 216.45
crearDespacho --fija
3200.0
configurarSolver --Cplex
resolver --noConstante csv/salida10c.csv
finalizar
