inicializar --t 360
agregarAgente --RioNegro
616.96 618.8 620.64 620.64 620.64 623.84 627.04 630.24 633.44 636.64 639.84 639.84 639.84 643.1 646.36 649.62 652.88 656.14 659.4 659.4 659.4 662.62 665.84 669.06 672.28 675.5 678.72 678.72 678.72 681.94 685.16 688.38 691.6 694.82 698.04 698.04 698.04 701.3 704.56 707.82 711.08 714.34 717.6 717.6 717.6 720.8 724.0 727.2 730.4 733.6 736.8 736.8 736.8 740.06 743.32 746.58 749.84 753.1 756.36 756.36 756.36 759.58 762.8 766.02 769.24 772.46 775.68 775.68 775.68 778.9 782.12 785.34 788.56 791.78 795.0 795.0 795.0 798.26 801.52 804.78 808.04 811.3 814.56 814.56 814.56 817.76 820.96 824.16 827.36 830.56 833.76 833.76 833.76 835.6 837.44 839.28 841.12 842.96 844.8 844.8 844.8 844.8 844.8 844.8 844.8 844.8 844.8 844.8 844.8 844.8 844.8 844.8 844.8 844.8 844.8 844.8 844.8 844.8 844.8 844.8 844.8 844.8 844.8 844.8 844.8 844.8 844.8 844.8 844.8 844.8 844.8 844.8 844.8 844.8 844.8 844.8 844.8 844.8 844.8 844.8 844.8 844.8 844.8 844.8 844.8 844.8 844.8 844.8 844.8 844.8 844.8 844.8 844.8 844.8 844.8 844.8 844.8 844.8 844.8 844.8 844.8 844.8 844.8 844.8 844.8 845.62 846.44 847.26 848.08 848.9 849.72 849.72 849.72 851.16 852.6 854.04 855.48 856.92 858.36 858.36 858.36 859.82 861.28 862.74 864.2 865.66 867.12 867.12 867.12 868.56 870.0 871.44 872.88 874.32 875.76 875.76 875.76 877.22 878.68 880.14 881.6 883.06 884.52 884.52 884.52 885.96 887.4 888.84 890.28 891.72 893.16 893.16 893.16 894.64 896.12 897.6 899.08 900.56 902.04 902.04 902.04 903.48 904.92 906.36 907.8 909.24 910.68 910.68 910.68 912.14 913.6 915.06 916.52 917.98 919.44 919.44 919.44 920.88 922.32 923.76 925.2 926.64 928.08 928.08 928.08 929.54 931.0 932.46 933.92 935.38 936.84 936.84 936.84 938.28 939.72 941.16 942.6 944.04 945.48 945.48 945.48 946.3 947.12 947.94 948.76 949.58 950.4 950.4 950.4 950.4 950.4 950.4 950.4 950.4 950.4 950.4 950.4 950.4 950.4 950.4 950.4 950.4 950.4 950.4 950.4 950.4 950.4 950.4 950.4 950.4 950.4 950.4 950.4 950.4 950.4 950.4 950.4 950.4 950.4 950.4 950.4 950.4 950.4 950.4 950.4 950.4 950.4 950.4 950.4 950.4 950.4 950.4 950.4 950.4 950.4 950.4 950.4 950.4 950.4 950.4 950.4 950.4 950.4 950.4 950.4 950.4 950.4 950.4 950.4 950.4 950.4 950.4 950.4 948.52 946.64 944.76 942.88 941.0 939.12 939.12 939.12 935.8 932.48 929.16 925.84 922.52 919.2 919.2 919.2 915.88 912.56 909.24 905.92 902.6 899.28 899.28 899.28 895.94 892.6 889.26
40.75 40.44 40.13 40.13 40.13 39.59 39.06 38.53 38.0 37.47 36.94 36.94 36.94 36.39 35.83 35.28 34.73 34.18 33.63 33.63 33.63 33.09 32.56 32.03 31.5 30.97 30.44 30.44 30.44 29.88 29.31 28.75 28.19 27.63 27.06 27.06 27.06 26.54 26.02 25.5 24.98 24.46 23.94 23.94 23.94 23.38 22.81 22.25 21.69 21.13 20.56 20.56 20.56 20.04 19.52 19.0 18.48 17.96 17.44 17.44 17.44 16.88 16.31 15.75 15.19 14.63 14.06 14.06 14.06 13.53 13.0 12.47 11.94 11.41 10.88 10.88 10.88 10.32 9.77 9.22 8.67 8.11 7.56 7.56 7.56 7.03 6.5 5.97 5.44 4.91 4.38 4.38 4.38 4.06 3.75 3.44 3.13 2.81 2.5 2.5 2.5 2.5 2.5 2.5 2.5 2.5 2.5 2.5 2.5 2.5 2.5 2.5 2.5 2.5 2.5 2.5 2.5 2.5 2.5 2.5 2.5 2.5 2.5 2.5 2.5 2.5 2.5 2.5 2.5 2.5 2.5 2.5 2.5 2.5 2.5 2.5 2.5 2.5 2.5 2.5 2.5 2.5 2.5 2.5 2.5 2.5 2.5 2.5 2.5 2.5 2.5 2.5 2.5 2.5 2.5 2.5 2.5 2.5 2.5 2.5 2.5 2.5 2.5 2.5 2.5 2.79 3.08 3.38 3.67 3.96 4.25 4.25 4.25 4.78 5.31 5.84 6.38 6.91 7.44 7.44 7.44 7.95 8.46 8.97 9.48 9.99 10.5 10.5 10.5 11.03 11.56 12.09 12.63 13.16 13.69 13.69 13.69 14.21 14.73 15.25 15.77 16.29 16.81 16.81 16.81 17.33 17.85 18.38 18.9 19.42 19.94 19.94 19.94 20.46 20.98 21.5 22.02 22.54 23.06 23.06 23.06 23.58 24.1 24.63 25.15 25.67 26.19 26.19 26.19 26.71 27.23 27.75 28.27 28.79 29.31 29.31 29.31 29.84 30.38 30.91 31.44 31.97 32.5 32.5 32.5 33.01 33.52 34.03 34.54 35.05 35.56 35.56 35.56 36.09 36.63 37.16 37.69 38.22 38.75 38.75 38.75 39.04 39.33 39.63 39.92 40.21 40.5 40.5 40.5 40.5 40.5 40.5 40.5 40.5 40.5 40.5 40.5 40.5 40.5 40.5 40.5 40.5 40.5 40.5 40.5 40.5 40.5 40.5 40.5 40.5 40.5 40.5 40.5 40.5 40.5 40.5 40.5 40.5 40.5 40.5 40.5 40.5 40.5 40.5 40.5 40.5 40.5 40.5 40.5 40.5 40.5 40.5 40.5 40.5 40.5 40.5 40.5 40.5 40.5 40.5 40.5 40.5 40.5 40.5 40.5 40.5 40.5 40.5 40.5 40.5 40.5 40.5 40.5 40.45 40.4 40.34 40.29 40.24 40.19 40.19 40.19 40.07 39.96 39.84 39.73 39.61 39.5 39.5 39.5 39.39 39.27 39.16 39.04 38.93 38.81 38.81 38.81 38.71 38.6 38.5
4.3 5.38 6.45 6.45 6.45 8.35 10.26 12.16 14.06 15.97 17.87 17.87 17.87 19.8 21.72 23.65 25.58 27.5 29.43 29.43 29.43 31.4 33.37 35.34 37.31 39.28 41.25 41.25 41.25 43.16 45.06 46.96 48.87 50.77 52.68 52.68 52.68 54.58 56.48 58.39 60.29 62.19 64.1 64.1 64.1 66.02 67.95 69.88 71.8 73.73 75.65 75.65 75.65 77.56 79.46 81.36 83.27 85.17 87.08 87.08 87.08 88.98 90.88 92.79 94.69 96.59 98.5 98.5 98.5 100.47 102.44 104.41 106.38 108.35 110.32 110.32 110.32 112.25 114.17 116.1 118.03 119.95 121.88 121.88 121.88 123.78 125.69 127.59 129.49 131.4 133.3 133.3 133.3 134.37 135.45 136.52 137.6 138.67 139.75 139.75 139.75 139.75 139.75 139.75 139.75 139.75 139.75 139.75 139.75 139.75 139.75 139.75 139.75 139.75 139.75 139.75 139.75 139.75 139.75 139.75 139.75 139.75 139.75 139.75 139.75 139.75 139.75 139.75 139.75 139.75 139.75 139.75 139.75 139.75 139.75 139.75 139.75 139.75 139.75 139.75 139.75 139.75 139.75 139.75 139.75 139.75 139.75 139.75 139.75 139.75 139.75 139.75 139.75 139.75 139.75 139.75 139.75 139.75 139.75 139.75 139.75 139.75 139.75 139.75 139.75 142.08 144.41 146.74 149.07 151.4 153.73 153.73 153.73 157.87 162.01 166.15 170.3 174.44 178.58 178.58 178.58 182.73 186.87 191.01 195.16 199.3 203.44 203.44 203.44 207.56 211.69 215.81 219.93 224.05 228.17 228.17 228.17 232.31 236.46 240.6 244.74 248.88 253.03 253.03 253.03 257.17 261.31 265.46 269.6 273.74 277.89 277.89 277.89 282.01 286.13 290.25 294.37 298.49 302.61 302.61 302.61 306.76 310.9 315.04 319.19 323.33 327.47 327.47 327.47 331.62 335.76 339.9 344.04 348.19 352.33 352.33 352.33 356.45 360.57 364.69 368.81 372.94 377.06 377.06 377.06 381.2 385.34 389.49 393.63 397.77 401.92 401.92 401.92 406.06 410.2 414.35 418.49 422.63 426.78 426.78 426.78 429.1 431.43 433.76 436.09 438.42 440.75 440.75 440.75 440.75 440.75 440.75 440.75 440.75 440.75 440.75 440.75 440.75 440.75 440.75 440.75 440.75 440.75 440.75 440.75 440.75 440.75 440.75 440.75 440.75 440.75 440.75 440.75 440.75 440.75 440.75 440.75 440.75 440.75 440.75 440.75 440.75 440.75 440.75 440.75 440.75 440.75 440.75 440.75 440.75 440.75 440.75 440.75 440.75 440.75 440.75 440.75 440.75 440.75 440.75 440.75 440.75 440.75 440.75 440.75 440.75 440.75 440.75 440.75 440.75 440.75 440.75 440.75 439.83 438.91 438.0 437.08 436.16 435.24 435.24 435.24 433.58 431.93 430.27 428.61 426.95 425.3 425.3 425.3 423.62 421.94 420.26 418.58 416.9 415.22 415.22 415.22 413.58 411.95 410.31
6585378376.0
1281727118.0
0.00633
0.00326
agregarAgente --DemandaFija
320.45 290.8 261.15 261.15 261.15 261.47 261.78 262.1 262.42 262.73 263.05 263.05 263.05 279.5 295.95 312.4 328.85 345.3 361.75 361.75 361.75 362.66 363.57 364.48 365.38 366.29 367.2 367.2 367.2 369.38 371.55 373.73 375.9 378.08 380.25 380.25 380.25 399.83 419.4 438.98 458.55 478.13 497.7 497.7 497.7 420.51 343.32 266.13 188.93 111.74 34.55 34.55 34.55 75.68 116.8 157.93 199.05 240.17 281.3 281.3 281.3 287.88 294.45 301.03 307.6 314.18 320.75 320.75 320.75 297.99 275.23 252.48 229.72 206.96 184.2 184.2 184.2 185.08 185.97 186.85 187.73 188.62 189.5 189.5 189.5 206.73 223.95 241.18 258.4 275.63 292.85 292.85 292.85 271.66 250.47 229.28 208.08 186.89 165.7 165.7 165.7 166.38 167.05 167.73 168.4 169.08 169.75 169.75 169.75 188.13 206.5 224.88 243.25 261.63 280.0 280.0 280.0 247.08 214.15 181.23 148.3 115.38 82.45 82.45 82.45 127.53 172.62 217.7 262.78 307.87 352.95 352.95 352.95 371.48 390.02 408.55 427.08 445.62 464.15 464.15 464.15 397.04 329.93 262.83 195.72 128.61 61.5 61.5 61.5 123.79 186.08 248.38 310.67 372.96 435.25 435.25 435.25 430.97 426.7 422.43 418.15 413.88 409.6 409.6 409.6 363.33 317.07 270.8 224.53 178.27 132.0 132.0 132.0 164.63 197.27 229.9 262.53 295.17 327.8 327.8 327.8 322.78 317.75 312.73 307.7 302.68 297.65 297.65 297.65 262.44 227.23 192.03 156.82 121.61 86.4 86.4 86.4 104.28 122.17 140.05 157.93 175.82 193.7 193.7 193.7 218.54 243.38 268.23 293.07 317.91 342.75 342.75 342.75 306.54 270.33 234.13 197.92 161.71 125.5 125.5 125.5 179.28 233.07 286.85 340.63 394.42 448.2 448.2 448.2 448.88 449.57 450.25 450.93 451.62 452.3 452.3 452.3 390.87 329.43 268.0 206.57 145.13 83.7 83.7 83.7 92.99 102.28 111.58 120.87 130.16 139.45 139.45 139.45 164.93 190.4 215.88 241.35 266.83 292.3 292.3 292.3 262.39 232.48 202.58 172.67 142.76 112.85 112.85 112.85 112.81 112.77 112.73 112.68 112.64 112.6 112.6 112.6 123.24 133.88 144.53 155.17 165.81 176.45 176.45 176.45 168.18 159.9 151.63 143.35 135.08 126.8 126.8 126.8 163.58 200.35 237.13 273.9 310.68 347.45 347.45 347.45 372.89 398.33 423.78 449.22 474.66 500.1 500.1 500.1 500.72 501.35 501.98 502.6 503.22 503.85 503.85 503.85 516.12 528.38 540.65 552.92 565.18 577.45 577.45 577.45 574.35 571.25 568.15 565.05 561.95 558.85 558.85 558.85 539.43 520.0 500.58 481.15 461.72 442.3 442.3 442.3 458.34 474.38 490.43 506.47 522.51 538.55 538.55 538.55 543.13 547.7 552.28 556.85 561.43 566.0 566.0 566.0 559.52 553.03 546.55
crearDespacho --fija
3200.0
configurarSolver --Cplex
resolver --noConstante csv/salida43b.csv
finalizar
