inicializar --t 360
agregarAgente --RioNegro
616.96 618.8 620.64 620.64 620.64 623.84 627.04 630.24 633.44 636.64 639.84 639.84 639.84 643.1 646.36 649.62 652.88 656.14 659.4 659.4 659.4 662.62 665.84 669.06 672.28 675.5 678.72 678.72 678.72 681.94 685.16 688.38 691.6 694.82 698.04 698.04 698.04 701.3 704.56 707.82 711.08 714.34 717.6 717.6 717.6 720.8 724.0 727.2 730.4 733.6 736.8 736.8 736.8 740.06 743.32 746.58 749.84 753.1 756.36 756.36 756.36 759.58 762.8 766.02 769.24 772.46 775.68 775.68 775.68 778.9 782.12 785.34 788.56 791.78 795.0 795.0 795.0 798.26 801.52 804.78 808.04 811.3 814.56 814.56 814.56 817.76 820.96 824.16 827.36 830.56 833.76 833.76 833.76 835.6 837.44 839.28 841.12 842.96 844.8 844.8 844.8 844.8 844.8 844.8 844.8 844.8 844.8 844.8 844.8 844.8 844.8 844.8 844.8 844.8 844.8 844.8 844.8 844.8 844.8 844.8 844.8 844.8 844.8 844.8 844.8 844.8 844.8 844.8 844.8 844.8 844.8 844.8 844.8 844.8 844.8 844.8 844.8 844.8 844.8 844.8 844.8 844.8 844.8 844.8 844.8 844.8 844.8 844.8 844.8 844.8 844.8 844.8 844.8 844.8 844.8 844.8 844.8 844.8 844.8 844.8 844.8 844.8 844.8 844.8 844.8 845.62 846.44 847.26 848.08 848.9 849.72 849.72 849.72 851.16 852.6 854.04 855.48 856.92 858.36 858.36 858.36 859.82 861.28 862.74 864.2 865.66 867.12 867.12 867.12 868.56 870.0 871.44 872.88 874.32 875.76 875.76 875.76 877.22 878.68 880.14 881.6 883.06 884.52 884.52 884.52 885.96 887.4 888.84 890.28 891.72 893.16 893.16 893.16 894.64 896.12 897.6 899.08 900.56 902.04 902.04 902.04 903.48 904.92 906.36 907.8 909.24 910.68 910.68 910.68 912.14 913.6 915.06 916.52 917.98 919.44 919.44 919.44 920.88 922.32 923.76 925.2 926.64 928.08 928.08 928.08 929.54 931.0 932.46 933.92 935.38 936.84 936.84 936.84 938.28 939.72 941.16 942.6 944.04 945.48 945.48 945.48 946.3 947.12 947.94 948.76 949.58 950.4 950.4 950.4 950.4 950.4 950.4 950.4 950.4 950.4 950.4 950.4 950.4 950.4 950.4 950.4 950.4 950.4 950.4 950.4 950.4 950.4 950.4 950.4 950.4 950.4 950.4 950.4 950.4 950.4 950.4 950.4 950.4 950.4 950.4 950.4 950.4 950.4 950.4 950.4 950.4 950.4 950.4 950.4 950.4 950.4 950.4 950.4 950.4 950.4 950.4 950.4 950.4 950.4 950.4 950.4 950.4 950.4 950.4 950.4 950.4 950.4 950.4 950.4 950.4 950.4 950.4 950.4 948.52 946.64 944.76 942.88 941.0 939.12 939.12 939.12 935.8 932.48 929.16 925.84 922.52 919.2 919.2 919.2 915.88 912.56 909.24 905.92 902.6 899.28 899.28 899.28 895.94 892.6 889.26
40.75 40.44 40.13 40.13 40.13 39.59 39.06 38.53 38.0 37.47 36.94 36.94 36.94 36.39 35.83 35.28 34.73 34.18 33.63 33.63 33.63 33.09 32.56 32.03 31.5 30.97 30.44 30.44 30.44 29.88 29.31 28.75 28.19 27.63 27.06 27.06 27.06 26.54 26.02 25.5 24.98 24.46 23.94 23.94 23.94 23.38 22.81 22.25 21.69 21.13 20.56 20.56 20.56 20.04 19.52 19.0 18.48 17.96 17.44 17.44 17.44 16.88 16.31 15.75 15.19 14.63 14.06 14.06 14.06 13.53 13.0 12.47 11.94 11.41 10.88 10.88 10.88 10.32 9.77 9.22 8.67 8.11 7.56 7.56 7.56 7.03 6.5 5.97 5.44 4.91 4.38 4.38 4.38 4.06 3.75 3.44 3.13 2.81 2.5 2.5 2.5 2.5 2.5 2.5 2.5 2.5 2.5 2.5 2.5 2.5 2.5 2.5 2.5 2.5 2.5 2.5 2.5 2.5 2.5 2.5 2.5 2.5 2.5 2.5 2.5 2.5 2.5 2.5 2.5 2.5 2.5 2.5 2.5 2.5 2.5 2.5 2.5 2.5 2.5 2.5 2.5 2.5 2.5 2.5 2.5 2.5 2.5 2.5 2.5 2.5 2.5 2.5 2.5 2.5 2.5 2.5 2.5 2.5 2.5 2.5 2.5 2.5 2.5 2.5 2.5 2.79 3.08 3.38 3.67 3.96 4.25 4.25 4.25 4.78 5.31 5.84 6.38 6.91 7.44 7.44 7.44 7.95 8.46 8.97 9.48 9.99 10.5 10.5 10.5 11.03 11.56 12.09 12.63 13.16 13.69 13.69 13.69 14.21 14.73 15.25 15.77 16.29 16.81 16.81 16.81 17.33 17.85 18.38 18.9 19.42 19.94 19.94 19.94 20.46 20.98 21.5 22.02 22.54 23.06 23.06 23.06 23.58 24.1 24.63 25.15 25.67 26.19 26.19 26.19 26.71 27.23 27.75 28.27 28.79 29.31 29.31 29.31 29.84 30.38 30.91 31.44 31.97 32.5 32.5 32.5 33.01 33.52 34.03 34.54 35.05 35.56 35.56 35.56 36.09 36.63 37.16 37.69 38.22 38.75 38.75 38.75 39.04 39.33 39.63 39.92 40.21 40.5 40.5 40.5 40.5 40.5 40.5 40.5 40.5 40.5 40.5 40.5 40.5 40.5 40.5 40.5 40.5 40.5 40.5 40.5 40.5 40.5 40.5 40.5 40.5 40.5 40.5 40.5 40.5 40.5 40.5 40.5 40.5 40.5 40.5 40.5 40.5 40.5 40.5 40.5 40.5 40.5 40.5 40.5 40.5 40.5 40.5 40.5 40.5 40.5 40.5 40.5 40.5 40.5 40.5 40.5 40.5 40.5 40.5 40.5 40.5 40.5 40.5 40.5 40.5 40.5 40.5 40.5 40.45 40.4 40.34 40.29 40.24 40.19 40.19 40.19 40.07 39.96 39.84 39.73 39.61 39.5 39.5 39.5 39.39 39.27 39.16 39.04 38.93 38.81 38.81 38.81 38.71 38.6 38.5
4.3 5.38 6.45 6.45 6.45 8.35 10.26 12.16 14.06 15.97 17.87 17.87 17.87 19.8 21.72 23.65 25.58 27.5 29.43 29.43 29.43 31.4 33.37 35.34 37.31 39.28 41.25 41.25 41.25 43.16 45.06 46.96 48.87 50.77 52.68 52.68 52.68 54.58 56.48 58.39 60.29 62.19 64.1 64.1 64.1 66.02 67.95 69.88 71.8 73.73 75.65 75.65 75.65 77.56 79.46 81.36 83.27 85.17 87.08 87.08 87.08 88.98 90.88 92.79 94.69 96.59 98.5 98.5 98.5 100.47 102.44 104.41 106.38 108.35 110.32 110.32 110.32 112.25 114.17 116.1 118.03 119.95 121.88 121.88 121.88 123.78 125.69 127.59 129.49 131.4 133.3 133.3 133.3 134.37 135.45 136.52 137.6 138.67 139.75 139.75 139.75 139.75 139.75 139.75 139.75 139.75 139.75 139.75 139.75 139.75 139.75 139.75 139.75 139.75 139.75 139.75 139.75 139.75 139.75 139.75 139.75 139.75 139.75 139.75 139.75 139.75 139.75 139.75 139.75 139.75 139.75 139.75 139.75 139.75 139.75 139.75 139.75 139.75 139.75 139.75 139.75 139.75 139.75 139.75 139.75 139.75 139.75 139.75 139.75 139.75 139.75 139.75 139.75 139.75 139.75 139.75 139.75 139.75 139.75 139.75 139.75 139.75 139.75 139.75 139.75 142.08 144.41 146.74 149.07 151.4 153.73 153.73 153.73 157.87 162.01 166.15 170.3 174.44 178.58 178.58 178.58 182.73 186.87 191.01 195.16 199.3 203.44 203.44 203.44 207.56 211.69 215.81 219.93 224.05 228.17 228.17 228.17 232.31 236.46 240.6 244.74 248.88 253.03 253.03 253.03 257.17 261.31 265.46 269.6 273.74 277.89 277.89 277.89 282.01 286.13 290.25 294.37 298.49 302.61 302.61 302.61 306.76 310.9 315.04 319.19 323.33 327.47 327.47 327.47 331.62 335.76 339.9 344.04 348.19 352.33 352.33 352.33 356.45 360.57 364.69 368.81 372.94 377.06 377.06 377.06 381.2 385.34 389.49 393.63 397.77 401.92 401.92 401.92 406.06 410.2 414.35 418.49 422.63 426.78 426.78 426.78 429.1 431.43 433.76 436.09 438.42 440.75 440.75 440.75 440.75 440.75 440.75 440.75 440.75 440.75 440.75 440.75 440.75 440.75 440.75 440.75 440.75 440.75 440.75 440.75 440.75 440.75 440.75 440.75 440.75 440.75 440.75 440.75 440.75 440.75 440.75 440.75 440.75 440.75 440.75 440.75 440.75 440.75 440.75 440.75 440.75 440.75 440.75 440.75 440.75 440.75 440.75 440.75 440.75 440.75 440.75 440.75 440.75 440.75 440.75 440.75 440.75 440.75 440.75 440.75 440.75 440.75 440.75 440.75 440.75 440.75 440.75 440.75 439.83 438.91 438.0 437.08 436.16 435.24 435.24 435.24 433.58 431.93 430.27 428.61 426.95 425.3 425.3 425.3 423.62 421.94 420.26 418.58 416.9 415.22 415.22 415.22 413.58 411.95 410.31
6585378376.0
1281727118.0
0.00326
0.00633
agregarAgente --DemandaFija
530.68 486.2 441.73 441.73 441.73 442.2 442.68 443.15 443.63 444.1 444.58 444.58 444.58 469.25 493.92 518.6 543.28 567.95 592.63 592.63 592.63 593.99 595.35 596.71 598.08 599.44 600.8 600.8 600.8 604.06 607.33 610.59 613.85 617.11 620.38 620.38 620.38 649.74 679.1 708.46 737.83 767.19 796.55 796.55 796.55 680.76 564.98 449.19 333.4 217.61 101.83 101.83 101.83 163.51 225.2 286.89 348.58 410.26 471.95 471.95 471.95 481.81 491.67 501.54 511.4 521.26 531.13 531.13 531.13 496.99 462.85 428.71 394.58 360.44 326.3 326.3 326.3 327.63 328.95 330.28 331.6 332.93 334.25 334.25 334.25 360.09 385.93 411.76 437.6 463.44 489.28 489.28 489.28 457.49 425.7 393.91 362.13 330.34 298.55 298.55 298.55 299.56 300.58 301.59 302.6 303.61 304.63 304.63 304.63 332.19 359.75 387.31 414.88 442.44 470.0 470.0 470.0 420.61 371.23 321.84 272.45 223.06 173.68 173.68 173.68 241.3 308.93 376.55 444.18 511.8 579.43 579.43 579.43 607.23 635.03 662.83 690.63 718.43 746.23 746.23 746.23 645.56 544.9 444.24 343.58 242.91 142.25 142.25 142.25 235.69 329.13 422.56 516.0 609.44 702.88 702.88 702.88 696.46 690.05 683.64 677.23 670.81 664.4 664.4 664.4 595.0 525.6 456.2 386.8 317.4 248.0 248.0 248.0 296.95 345.9 394.85 443.8 492.75 541.7 541.7 541.7 534.16 526.63 519.09 511.55 504.01 496.48 496.48 496.48 443.66 390.85 338.04 285.23 232.41 179.6 179.6 179.6 206.43 233.25 260.08 286.9 313.73 340.55 340.55 340.55 377.81 415.08 452.34 489.6 526.86 564.13 564.13 564.13 509.81 455.5 401.19 346.88 292.56 238.25 238.25 238.25 318.93 399.6 480.28 560.95 641.63 722.3 722.3 722.3 723.33 724.35 725.38 726.4 727.43 728.45 728.45 728.45 636.3 544.15 452.0 359.85 267.7 175.55 175.55 175.55 189.49 203.43 217.36 231.3 245.24 259.18 259.18 259.18 297.39 335.6 373.81 412.03 450.24 488.45 488.45 488.45 443.59 398.73 353.86 309.0 264.14 219.28 219.28 219.28 219.21 219.15 219.09 219.03 218.96 218.9 218.9 218.9 234.86 250.83 266.79 282.75 298.71 314.68 314.68 314.68 302.26 289.85 277.44 265.03 252.61 240.2 240.2 240.2 295.36 350.53 405.69 460.85 516.01 571.18 571.18 571.18 609.34 647.5 685.66 723.83 761.99 800.15 800.15 800.15 801.09 802.03 802.96 803.9 804.84 805.78 805.78 805.78 824.18 842.58 860.98 879.38 897.77 916.18 916.18 916.18 911.53 906.88 902.23 897.58 892.93 888.28 888.28 888.28 859.14 830.0 800.86 771.73 742.59 713.45 713.45 713.45 737.51 761.58 785.64 809.7 833.76 857.83 857.83 857.83 864.69 871.55 878.41 885.28 892.14 899.0 899.0 899.0 889.28 879.55 869.82
crearDespacho --fija
1600.0
configurarSolver --Cplex
resolver --noConstante csv/salida43d.csv
finalizar
