inicializar --t 360

agregarAgente --RioNegroNoLineal
0.00 0.00 0.00 0.00 0.00 0.00 0.00 0.00 0.00 0.00 0.00 0.00 0.00 0.00 0.00 0.00 0.00 0.00 0.00 0.00 0.00 0.00 0.00 0.00 0.00 0.00 0.00 0.00 0.00 0.00 0.00 0.00 0.00 0.00 0.00 0.00 0.00 0.00 0.00 0.00 0.00 0.00 0.00 0.00 0.00 0.00 0.00 0.00 0.00 0.00 0.00 0.00 0.00 0.00 0.00 0.00 0.00 0.00 0.00 0.00 0.00 0.00 0.00 0.00 0.00 0.00 0.00 0.00 0.00 0.00 0.00 0.00 0.00 0.00 0.00 0.00 0.00 0.00 0.00 0.00 0.00 0.00 0.00 0.00 0.00 0.00 0.00 0.00 0.00 0.00 0.00 0.00 0.00 0.00 0.00 0.00 0.00 0.00 0.00 0.00 0.00 0.00 0.00 0.00 0.00 0.00 0.00 0.00 0.00 0.00 0.00 0.00 0.00 0.00 0.00 0.00 0.00 0.00 0.00 0.00 0.00 0.00 0.00 0.00 0.00 0.00 0.00 0.00 0.00 0.00 0.00 0.00 0.00 0.00 0.00 0.00 0.00 0.00 0.00 0.00 0.00 0.00 0.00 0.00 0.00 0.00 0.00 0.00 0.00 0.00 0.00 0.00 0.00 0.00 0.00 0.00 0.00 0.00 0.00 0.00 0.00 0.00 0.00 0.00 0.00 0.00 0.00 0.00 0.00 0.00 0.00 0.00 0.00 0.00 0.00 0.00 0.00 0.00 0.00 0.00 0.00 0.00 0.00 0.00 0.00 0.00 0.00 0.00 0.00 0.00 0.00 0.00 0.00 0.00 0.00 0.00 0.00 0.00 0.00 0.00 0.00 0.00 0.00 0.00 0.00 0.00 0.00 0.00 0.00 0.00 0.00 0.00 0.00 0.00 0.00 0.00 0.00 0.00 0.00 0.00 0.00 0.00 0.00 0.00 0.00 0.00 0.00 0.00 0.00 0.00 0.00 0.00 0.00 0.00 0.00 0.00 0.00 0.00 0.00 0.00 0.00 0.00 0.00 0.00 0.00 0.00 0.00 0.00 0.00 0.00 0.00 0.00 0.00 0.00 0.00 0.00 0.00 0.00 0.00 0.00 0.00 0.00 0.00 0.00 0.00 0.00 0.00 0.00 0.00 0.00 0.00 0.00 0.00 0.00 0.00 0.00 0.00 0.00 0.00 0.00 0.00 0.00 0.00 0.00 0.00 0.00 0.00 0.00 0.00 0.00 0.00 0.00 0.00 0.00 0.00 0.00 0.00 0.00 0.00 0.00 0.00 0.00 0.00 0.00 0.00 0.00 0.00 0.00 0.00 0.00 0.00 0.00 0.00 0.00 0.00 0.00 0.00 0.00 0.00 0.00 0.00 0.00 0.00 0.00 0.00 0.00 0.00 0.00 0.00 0.00 0.00 0.00 0.00 0.48 0.97 1.45 1.93 2.42 2.90 2.90 2.90 3.75 4.60 5.45 6.30 7.15 8.00 8.00 8.00 8.82 9.63 10.45 11.27 12.08 12.90 12.90 12.90 13.77 14.63 15.50
1.93 1.92 1.90 1.90 1.90 1.88 1.85 1.83 1.80 1.78 1.75 1.75 1.75 1.72 1.70 1.68 1.65 1.62 1.60 1.60 1.60 1.57 1.53 1.50 1.47 1.43 1.40 1.40 1.40 1.37 1.34 1.31 1.28 1.25 1.23 1.23 1.23 1.20 1.18 1.15 1.12 1.10 1.07 1.07 1.07 1.05 1.03 1.00 0.97 0.95 0.93 0.93 0.93 0.90 0.88 0.85 0.83 0.80 0.78 0.78 0.78 0.75 0.72 0.69 0.66 0.63 0.60 0.60 0.60 0.57 0.53 0.50 0.47 0.43 0.40 0.40 0.40 0.38 0.35 0.33 0.30 0.27 0.25 0.25 0.25 0.23 0.20 0.17 0.15 0.12 0.10 0.10 0.10 0.08 0.07 0.05 0.03 0.02 0.00 0.00 0.00 0.00 0.00 0.00 0.00 0.00 0.00 0.00 0.00 0.00 0.00 0.00 0.00 0.00 0.00 0.00 0.00 0.00 0.00 0.00 0.00 0.00 0.00 0.00 0.00 0.00 0.00 0.00 0.00 0.00 0.00 0.00 0.00 0.00 0.00 0.00 0.00 0.00 0.00 0.00 0.00 0.00 0.00 0.00 0.00 0.00 0.00 0.00 0.00 0.00 0.00 0.00 0.00 0.00 0.00 0.00 0.00 0.00 0.00 0.00 0.00 0.00 0.00 0.00 0.00 0.02 0.03 0.05 0.07 0.08 0.10 0.10 0.10 0.13 0.16 0.19 0.22 0.25 0.28 0.28 0.28 0.30 0.33 0.36 0.39 0.42 0.45 0.45 0.45 0.48 0.52 0.55 0.58 0.62 0.65 0.65 0.65 0.68 0.71 0.74 0.77 0.80 0.83 0.83 0.83 0.85 0.88 0.91 0.94 0.97 1.00 1.00 1.00 1.03 1.07 1.10 1.13 1.17 1.20 1.20 1.20 1.23 1.26 1.29 1.32 1.35 1.38 1.38 1.38 1.40 1.43 1.46 1.49 1.52 1.55 1.55 1.55 1.58 1.62 1.65 1.68 1.72 1.75 1.75 1.75 1.78 1.81 1.84 1.87 1.90 1.93 1.93 1.93 1.95 1.98 2.01 2.04 2.07 2.10 2.10 2.10 2.12 2.13 2.15 2.17 2.18 2.20 2.20 2.20 2.20 2.20 2.20 2.20 2.20 2.20 2.20 2.20 2.20 2.20 2.20 2.20 2.20 2.20 2.20 2.20 2.20 2.20 2.20 2.20 2.20 2.20 2.20 2.20 2.20 2.20 2.20 2.20 2.20 2.20 2.20 2.20 2.20 2.20 2.20 2.20 2.20 2.20 2.20 2.20 2.20 2.20 2.20 2.20 2.20 2.20 2.20 2.20 2.20 2.20 2.20 2.20 2.20 2.20 2.20 2.20 2.20 2.20 2.20 2.20 2.20 2.20 2.20 2.20 2.20 2.20 2.20 2.20 2.20 2.20 2.20 2.20 2.20 2.20 2.20 2.20 2.20 2.20 2.20 2.20 2.20 2.20 2.20 2.20 2.20 2.20 2.20 2.20 2.17 2.13 2.10
17.50 17.50 17.50 17.50 17.50 17.62 17.73 17.85 17.97 18.08 18.20 18.20 18.20 18.20 18.20 18.20 18.20 18.20 18.20 18.20 18.20 18.32 18.43 18.55 18.67 18.78 18.90 18.90 18.90 18.90 18.90 18.90 18.90 18.90 18.90 18.90 18.90 19.02 19.13 19.25 19.37 19.48 19.60 19.60 19.60 19.60 19.60 19.60 19.60 19.60 19.60 19.60 19.60 19.72 19.83 19.95 20.07 20.18 20.30 20.30 20.30 20.30 20.30 20.30 20.30 20.30 20.30 20.30 20.30 20.42 20.53 20.65 20.77 20.88 21.00 21.00 21.00 21.00 21.00 21.00 21.00 21.00 21.00 21.00 21.00 21.12 21.23 21.35 21.47 21.58 21.70 21.70 21.70 21.70 21.70 21.70 21.70 21.70 21.70 21.70 21.70 21.70 21.70 21.70 21.70 21.70 21.70 21.70 21.70 21.70 21.70 21.70 21.70 21.70 21.70 21.70 21.70 21.70 21.70 21.70 21.70 21.70 21.70 21.70 21.70 21.70 21.70 21.70 21.70 21.70 21.70 21.70 21.70 21.70 21.70 21.70 21.70 21.70 21.70 21.70 21.70 21.70 21.70 21.70 21.70 21.70 21.70 21.70 21.70 21.70 21.70 21.70 21.70 21.70 21.70 21.70 21.70 21.70 21.70 21.70 21.70 21.70 21.70 21.70 21.70 21.70 21.70 21.70 21.70 21.70 21.70 21.70 21.70 21.58 21.47 21.35 21.23 21.12 21.00 21.00 21.00 21.00 21.00 21.00 21.00 21.00 21.00 21.00 21.00 20.88 20.77 20.65 20.53 20.42 20.30 20.30 20.30 20.30 20.30 20.30 20.30 20.30 20.30 20.30 20.30 20.18 20.07 19.95 19.83 19.72 19.60 19.60 19.60 19.60 19.60 19.60 19.60 19.60 19.60 19.60 19.60 19.48 19.37 19.25 19.13 19.02 18.90 18.90 18.90 18.90 18.90 18.90 18.90 18.90 18.90 18.90 18.90 18.78 18.67 18.55 18.43 18.32 18.20 18.20 18.20 18.20 18.20 18.20 18.20 18.20 18.20 18.20 18.20 18.08 17.97 17.85 17.73 17.62 17.50 17.50 17.50 17.50 17.50 17.50 17.50 17.50 17.50 17.50 17.50 17.50 17.50 17.50 17.50 17.50 17.50 17.50 17.50 17.50 17.50 17.50 17.50 17.50 17.50 17.50 17.50 17.50 17.50 17.50 17.50 17.50 17.50 17.50 17.50 17.50 17.50 17.50 17.50 17.50 17.50 17.50 17.50 17.50 17.50 17.50 17.50 17.50 17.50 17.50 17.50 17.50 17.50 17.50 17.50 17.50 17.50 17.50 17.50 17.50 17.50 17.50 17.50 17.50 17.50 17.50 17.50 17.50 17.50 17.50 17.50 17.50 17.50 17.50 17.50 17.50 17.50 17.50 17.50 17.50 17.50 17.50 17.50 17.50 17.50 17.50 17.50 17.50 17.50 17.50 17.50 17.38 17.27 17.15 17.03 16.92 16.80 16.80 16.80 16.80 16.80 16.80
3.735291e+09
118
1487 1561.81037567084 1636.62075134168 1711.43112701252 1786.24150268336 1861.0518783542 1935.86225402504 2010.67262969589 2085.48300536673 2160.29338103757 2235.10375670841 2309.91413237925 2384.72450805009 2459.53488372093 2534.34525939177 2609.15563506261 2683.96601073345 2758.77638640429 2833.58676207513 2908.39713774597 2983.20751341682 3058.01788908766 3132.8282647585 3207.63864042934 3282.44901610018 3357.25939177102 3432.06976744186 3506.8801431127 3581.69051878354 3656.50089445438 3731.31127012522 3806.12164579606 3880.93202146691 3955.74239713775 4030.55277280859 4105.36314847943 4180.17352415027 4254.98389982111 4329.79427549195 4404.60465116279 4479.415026833631 4554.225402504469 4629.03577817531 4703.84615384615 4778.65652951699 4853.46690518784 4928.27728085868 5003.08765652952 5077.89803220036 5152.708407871201 5227.51878354204 5302.32915921288 5377.13953488372 5451.94991055456 5526.7602862254 5601.57066189624 5676.38103756708 5751.191413237921 5826.00178890877 5900.81216457961 5975.622540250451 6050.43291592129 6125.24329159213 6200.053667262971 6274.86404293381 6349.674418604651 6424.48479427549 6499.29516994633 6574.105545617171 6648.91592128801 6723.726296958859 6798.536672629701 6873.34704830054 6948.157423971379 7022.967799642221 7097.778175313059 7172.588550983901 7247.39892665474 7322.209302325579 7397.019677996421 7471.83005366726 7546.640429338099 7621.45080500894 7696.26118067979 7771.07155635063 7845.88193202147 7920.692307692309 7995.50268336315 8070.31305903399 8145.123434704829 8219.933810375671 8294.74418604651 8369.55456171735 8444.364937388191 8519.17531305903 8593.98568872987 8668.796064400711 8743.60644007156 8818.416815742401 8893.22719141324 8968.03756708408 9042.847942754921 9117.65831842576 9192.4686940966 9267.279069767441 9342.08944543828 9416.89982110912 9491.710196779961 9566.520572450809 9641.330948121651 9716.14132379249 9790.95169946333 9865.762075134171 9940.57245080501 10015.382826475801 10090.1932021466 10165.003577817499 10239.813953488299
4624927.024178169668 9135530.412724720314 13419322.627620000392 17480094.14434619993 21321871.998902000487 24948919.787802699953 28365737.668079700321 31577062.357281398028 34587867.133472301066 37403361.83523350209 40028992.861662499607 42470443.172373600304 44733632.287497192621 46824716.287680499256 48750087.814086802304 50516376.068396292627 52130446.812805503607 53599402.370027400553 54930581.623291298747 56131560.016343303025 57210149.553445905447 58174398.799377903342 59032592.879434801638 59793253.47942840308 60465138.845687195659 61057243.785056106746 61578799.664896301925 62039186.826523698866 62447496.652399100363 62812093.633317902684 63140527.781848698854 63439858.76215840131 63721892.161006994545 63994945.287715300918 64259018.142283298075 64514110.724710896611 64760223.034998297691 64997355.07314530015 65225506.839151903987 65444678.333018302917 65654869.554744303226 65856080.504329994321 66050117.090893901885 66239037.330762803555 66423093.331145294011 66602285.092041403055 66776612.613451093435 66946075.895374394953 67110674.937811404467 67270409.740761905909 67425280.304226100445 67575286.62820379436 67720428.712695211172 67860706.557700201869 67996120.163218691945 68126669.529250904918 68252354.655796706676 68373175.542856097221 68489132.190429091454 68600224.598515793681 68706452.767115995288 68807816.696229800582 68904316.38585729897 68995951.835998296738 69082723.046653002501 69164630.017821192741 69241672.749503105879 69313851.241698592901 69381165.494407698512 69443615.50763040781 69501201.281366705894 69553922.815616592765 69601780.110380202532 69644773.165657296777 69683445.082196488976 69719283.814105302095 69753267.318086996675 69785466.527458995581 69815961.828795298934 69844841.811774402857 69872197.018419906497 69898113.692341208458 69922672.52858120203 69945948.673616498709 69968011.725357502699 69988925.733148097992 70008749.197766199708 70027535.071423098445 70045330.757763892412 70062178.111867398024 70078113.440246105194 70093167.500846102834 70107365.966281101108 70120731.739999994636 70133287.272456094623 70145055.024339899421 70156057.466579705477 70166317.0803411901 70175856.357027903199 70184697.798280596733 70192863.91597789526 70200377.232235893607 70207260.279408201575 70213535.600086003542 70219225.747098207474 70224353.283511206508 70228940.782628908753 70233010.827992796898 70236586.013382092118 70239688.942813500762 70242342.230541095138 70244568.501056805253 70246390.389090001583 70247830.539607703686 70248911.607814490795 70249656.259152397513 70250087.169301196933 70250227.024178102612
61821.999725378293 58765.641978034902 55758.370940804001 52803.348748808698 49903.737537172106 47062.699441017394 44283.396595467704 41568.991135646203 38922.645196676094 36347.520913680397 33846.780421782401 31423.585856105197 29081.0993517719 26822.483043905799 24650.8990676299 22569.509558067402 20581.476650341498 18689.962479575399 16898.129180892101 15209.138889414799 13626.1537402667 12152.335868570901 10790.847409450698 9544.8504980291 8417.507269429279 7411.9798587744 6531.43040118763 5776.679469911889 5139.18139066925 4608.04892730153 4172.39484365056 3829.99727443511 3709.95681133363 3589.91634823214 3469.87588513065 3349.83542202917 3229.79495892768 3109.7544958262 2989.71403272471 2869.67356962322 2749.63310652174 2629.59264342025 2557.83182340944 2492.81090294522 2427.789982481 2362.76906201679 2297.74814155257 2232.72722108835 2167.70630062413 2102.68538015991 2037.66445969569 1972.64353923147 1907.62261876725 1842.60169830303 1777.58077783881 1712.55985737459 1647.53893691037 1582.51801644615 1517.49709598194 1452.47617551772 1387.4552550535 1322.43433458928 1257.41341412506 1192.39249366084 1127.37157319662 1062.3506527324 997.32973226818 932.30881180396 867.28789133974 802.26697087552 737.2460504113 672.22512994708 607.20420948287 542.18328901865 491.68176492482 466.44019576201 442.08362000435 418.73840055879 396.53090033229 375.55406034632 355.76713408045 337.09595312877 319.46634908536 302.80415354432 287.03519809975 272.08531434573 257.88033387636 244.34608828572 231.40840916791 218.99312811701 207.02607672713 195.43308659234 184.15237351557 173.17169013496 162.49117329751 152.11095985019 142.03118663999 132.25199051387 122.77350831883 113.59587690184 104.71923310988 96.14371378993 87.86945578897 79.89659595399 72.22527113195 64.85561816985 57.78777391466 51.02187521336 44.55805891294 38.39646186036 32.53722090262 26.98047288668 21.72635465954 16.77500306817 12.12655495955 7.78114718066 3.73891657849 0
1.547163e+09
0.00110400

agregarAgente --SaltoGrande
0.00110400
1681415995
5942.0 5976.0 6010.0 6044.0 6077.0 6075.0 6074.0 6072.0 6071.0 6069.0 6068.0 6066.0 6063.0 6062.0 6060.0 6059.0 6057.0 6056.0 6054.0 6053.0 6050.0 6048.0 6047.0 6045.0 6044.0 6042.0 6041.0 6039.0 6020.0 6003.0 5985.0 5967.0 5949.0 5932.0 5914.0 5896.0 5861.0 5843.0 5825.0 5807.0 5790.0 5772.0 5754.0 5736.0 5701.0 5683.0 5665.0 5648.0 5630.0 5612.0 5594.0 5577.0 5528.0 5497.0 5467.0 5436.0 5405.0 5374.0 5343.0 5312.0 5251.0 5220.0 5189.0 5158.0 5128.0 5097.0 5066.0 5035.0 4974.0 4943.0 4912.0 4881.0 4850.0 4819.0 4789.0 4758.0 4701.0 4675.0 4650.0 4624.0 4598.0 4572.0 4546.0 4520.0 4469.0 4443.0 4417.0 4391.0 4366.0 4340.0 4314.0 4288.0 4237.0 4211.0 4185.0 4159.0 4133.0 4107.0 4082.0 4056.0 4016.0 4003.0 3989.0 3976.0 3962.0 3949.0 3935.0 3922.0 3894.0 3881.0 3867.0 3854.0 3840.0 3827.0 3813.0 3800.0 3772.0 3759.0 3745.0 3732.0 3718.0 3705.0 3691.0 3678.0 3644.0 3623.0 3603.0 3583.0 3562.0 3542.0 3522.0 3501.0 3461.0 3440.0 3420.0 3400.0 3379.0 3359.0 3339.0 3318.0 3278.0 3257.0 3237.0 3217.0 3196.0 3176.0 3156.0 3135.0 3094.0 3073.0 3053.0 3032.0 3011.0 2990.0 2970.0 2949.0 2907.0 2886.0 2866.0 2845.0 2824.0 2803.0 2783.0 2762.0 2720.0 2699.0 2679.0 2658.0 2637.0 2616.0 2596.0 2575.0 2541.0 2527.0 2514.0 2500.0 2487.0 2473.0 2460.0 2446.0 2419.0 2406.0 2392.0 2379.0 2365.0 2352.0 2338.0 2325.0 2298.0 2284.0 2271.0 2257.0 2244.0 2230.0 2217.0 2203.0 2183.0 2175.0 2168.0 2160.0 2153.0 2146.0 2138.0 2131.0 2116.0 2109.0 2101.0 2094.0 2086.0 2079.0 2071.0 2064.0 2049.0 2042.0 2034.0 2027.0 2020.0 2012.0 2005.0 1997.0 1985.0 1981.0 1976.0 1972.0 1967.0 1962.0 1958.0 1953.0 1944.0 1939.0 1935.0 1930.0 1926.0 1921.0 1917.0 1912.0 1903.0 1898.0 1894.0 1889.0 1884.0 1880.0 1875.0 1871.0 1864.0 1862.0 1861.0 1859.0 1857.0 1855.0 1854.0 1852.0 1848.0 1846.0 1845.0 1843.0 1841.0 1839.0 1838.0 1836.0 1832.0 1830.0 1829.0 1827.0 1825.0 1823.0 1822.0 1820.0 1820.0 1822.0 1824.0 1826.0 1829.0 1831.0 1833.0 1835.0 1839.0 1841.0 1843.0 1845.0 1848.0 1850.0 1852.0 1854.0 1858.0 1860.0 1862.0 1864.0 1867.0 1869.0 1871.0 1873.0 1878.0 1882.0 1885.0 1888.0 1892.0 1895.0 1899.0 1902.0 1909.0 1912.0 1915.0 1919.0 1922.0 1926.0 1929.0 1932.0 1939.0 1942.0 1946.0 1949.0 1953.0 1956.0 1959.0 1963.0 1969.0 1973.0 1976.0 1980.0 1983.0 1987.0 1990.0 1994.0 2000.0 2004.0 2007.0 2011.0 2014.0 2018.0 2021.0 2025.0 2031.0 2035.0 2038.0 2042.0 2045.0 2049.0 2052.0 2056.0 2055.0 2051.0 2047.0 2043.0 2039.0 2035.0 2030.0 2026.0 2018.0 2014.0 2010.0 2006.0 2002.0 1998.0 1994.0 1990.0 1982.0 1978.0 1973.0 1969.0

agregarAgente --UnidadTermicaSimple
200
100

agregarAgente --DemandaFija
935.0 886.0 839.0 839.0 839.0 918.0 996.0 1075.0 1153.0 1233.0 1312.0 1312.0 1312.0 1254.0 1198.0 1140.0 1084.0 1028.0 970.0 970.0 970.0 909.0 846.0 784.0 722.0 660.0 597.0 597.0 597.0 678.0 759.0 839.0 919.0 999.0 1080.0 1080.0 1080.0 1032.0 983.0 935.0 886.0 838.0 790.0 790.0 790.0 757.0 723.0 690.0 657.0 624.0 590.0 590.0 590.0 655.0 719.0 785.0 849.0 914.0 978.0 978.0 978.0 982.0 985.0 989.0 992.0 995.0 999.0 999.0 999.0 950.0 902.0 853.0 804.0 756.0 707.0 707.0 707.0 766.0 823.0 881.0 940.0 998.0 1057.0 1057.0 1057.0 943.0 830.0 717.0 604.0 492.0 379.0 379.0 379.0 371.0 362.0 354.0 346.0 336.0 328.0 328.0 328.0 350.0 371.0 392.0 413.0 434.0 455.0 455.0 455.0 460.0 465.0 470.0 475.0 480.0 485.0 485.0 485.0 523.0 561.0 600.0 639.0 677.0 715.0 715.0 715.0 757.0 799.0 840.0 882.0 924.0 966.0 966.0 966.0 967.0 968.0 970.0 971.0 973.0 974.0 974.0 974.0 921.0 867.0 814.0 761.0 707.0 654.0 654.0 654.0 718.0 783.0 848.0 913.0 977.0 1043.0 1043.0 1043.0 1008.0 975.0 941.0 907.0 873.0 839.0 839.0 839.0 746.0 654.0 560.0 467.0 375.0 282.0 282.0 282.0 414.0 546.0 678.0 811.0 943.0 1075.0 1075.0 1075.0 1054.0 1033.0 1012.0 991.0 970.0 949.0 949.0 949.0 825.0 702.0 578.0 454.0 331.0 208.0 208.0 208.0 325.0 442.0 560.0 677.0 795.0 912.0 912.0 912.0 950.0 989.0 1028.0 1066.0 1104.0 1142.0 1142.0 1142.0 1007.0 872.0 738.0 603.0 468.0 333.0 333.0 333.0 294.0 255.0 216.0 176.0 138.0 99.0 99.0 99.0 136.0 173.0 211.0 248.0 285.0 323.0 323.0 323.0 354.0 384.0 415.0 445.0 475.0 507.0 507.0 507.0 585.0 665.0 744.0 823.0 903.0 982.0 982.0 982.0 984.0 987.0 989.0 992.0 994.0 997.0 997.0 997.0 912.0 826.0 740.0 655.0 568.0 483.0 483.0 483.0 521.0 559.0 597.0 636.0 674.0 712.0 712.0 712.0 739.0 767.0 795.0 822.0 849.0 876.0 876.0 876.0 807.0 736.0 667.0 596.0 527.0 456.0 456.0 456.0 546.0 635.0 724.0 813.0 903.0 992.0 992.0 992.0 915.0 837.0 760.0 683.0 605.0 528.0 528.0 528.0 483.0 436.0 390.0 345.0 298.0 252.0 252.0 252.0 213.0 173.0 134.0 95.0 55.0 16.0 16.0 16.0 123.0 229.0 335.0 442.0 549.0 656.0 656.0 656.0 652.0 649.0 645.0 642.0 638.0 635.0 635.0 635.0 691.0 748.0 805.0 861.0 919.0 975.0 975.0 975.0 947.0 919.0 891.0 862.0 833.0 805.0 805.0 805.0 677.0 549.0 420.0

crearDespacho --mercado --conDemandaTotal
4
0.02 0.07 0.145 1.0
370 600 2400 4000
1637.4 1551.6 1469.3 1469.3 1469.3 1607.6 1744.2 1882.6 2019.2 2159.3 2297.6 2297.6 2297.6 2196.1 2098.0 1996.4 1898.4 1800.3 1698.7 1698.7 1698.7 1591.9 1481.6 1373.0 1264.4 1155.8 1045.5 1045.5 1045.5 1187.3 1329.2 1469.3 1609.4 1749.5 1891.4 1891.4 1891.4 1807.3 1721.5 1637.4 1551.6 1467.5 1383.5 1383.5 1383.5 1325.7 1266.2 1208.4 1150.6 1092.8 1033.2 1033.2 1033.2 1147.1 1259.1 1374.7 1486.8 1600.6 1712.7 1712.7 1712.7 1719.7 1725.0 1732.0 1737.2 1742.5 1749.5 1749.5 1749.5 1663.7 1579.6 1493.8 1408.0 1323.9 1238.1 1238.1 1238.1 1341.5 1441.3 1542.9 1646.2 1747.7 1851.1 1851.1 1851.1 1651.4 1453.5 1255.6 1057.8 861.6 663.7 663.7 663.7 649.7 634.0 619.9 605.9 588.4 574.4 574.4 574.4 612.9 649.7 686.5 723.3 760.0 796.8 796.8 796.8 805.6 814.3 823.1 831.8 840.6 849.4 849.4 849.4 915.9 982.5 1050.8 1119.0 1185.6 1252.1 1252.1 1252.1 1325.7 1399.2 1471.1 1544.6 1618.2 1691.7 1691.7 1691.7 1693.5 1695.2 1698.7 1700.5 1704.0 1705.7 1705.7 1705.7 1612.9 1518.3 1425.5 1332.7 1238.1 1145.3 1145.3 1145.3 1257.4 1371.2 1485.1 1598.9 1711.0 1826.6 1826.6 1826.6 1765.3 1707.5 1647.9 1588.4 1528.8 1469.3 1469.3 1469.3 1306.4 1145.3 980.7 817.8 656.7 493.9 493.9 493.9 725.0 956.2 1187.3 1420.3 1651.4 1882.6 1882.6 1882.6 1845.8 1809.0 1772.3 1735.5 1698.7 1661.9 1661.9 1661.9 1444.8 1229.4 1012.2 795.1 579.7 364.3 364.3 364.3 569.2 774.1 980.7 1185.6 1392.2 1597.1 1597.1 1597.1 1663.7 1732.0 1800.3 1866.8 1933.4 1999.9 1999.9 1999.9 1763.5 1527.1 1292.4 1056.0 819.6 583.2 583.2 583.2 514.9 446.6 378.3 308.2 241.7 173.4 173.4 173.4 238.2 303.0 369.5 434.3 499.1 565.7 565.7 565.7 619.9 672.5 726.8 779.3 831.8 887.9 887.9 887.9 1024.5 1164.6 1302.9 1441.3 1581.4 1719.7 1719.7 1719.7 1723.2 1728.5 1732.0 1737.2 1740.7 1746.0 1746.0 1746.0 1597.1 1446.5 1295.9 1147.1 994.7 845.9 845.9 845.9 912.4 978.9 1045.5 1113.8 1180.3 1246.9 1246.9 1246.9 1294.2 1343.2 1392.2 1439.5 1486.8 1534.1 1534.1 1534.1 1413.3 1288.9 1168.1 1043.7 922.9 798.6 798.6 798.6 956.2 1112.0 1267.9 1423.8 1581.4 1737.2 1737.2 1737.2 1602.4 1465.8 1331.0 1196.1 1059.5 924.7 924.7 924.7 845.9 763.5 683.0 604.2 521.9 441.3 441.3 441.3 373.0 303.0 234.7 166.4 96.3 28.0 28.0 28.0 215.4 401.0 586.7 774.1 961.4 1148.8 1148.8 1148.8 1141.8 1136.6 1129.6 1124.3 1117.3 1112.0 1112.0 1112.0 1210.1 1309.9 1409.8 1507.8 1609.4 1707.5 1707.5 1707.5 1658.4 1609.4 1560.4 1509.6 1458.8 1409.8 1409.8 1409.8 1185.6 961.4 735.5

configurarSolver --Gurobi

resolver --noConstante instance005_salida.csv

finalizar
