inicializar --t 360

agregarAgente --SaltoGrande
0.00006300
2719162864
4902 4901 4900 4900 4901 4903 4905 4907 4908 4910 4912 4914 4918 4920 4922 4924 4925 4927 4929 4931 4935 4937 4939 4941 4942 4944 4946 4948 4941 4932 4923 4914 4906 4897 4888 4879 4861 4852 4843 4834 4826 4817 4808 4799 4781 4772 4763 4754 4746 4737 4728 4719 4726 4741 4757 4773 4789 4804 4820 4836 4867 4883 4899 4915 4930 4946 4962 4978 5009 5025 5041 5056 5072 5088 5104 5119 5153 5171 5189 5207 5225 5243 5261 5279 5315 5333 5351 5369 5386 5404 5422 5440 5476 5494 5512 5530 5548 5566 5584 5602 5636 5653 5669 5686 5702 5718 5735 5751 5784 5800 5817 5833 5850 5866 5883 5899 5932 5948 5965 5981 5997 6014 6030 6047 6060 6058 6055 6052 6049 6047 6044 6041 6036 6033 6031 6028 6025 6022 6020 6017 6012 6009 6006 6004 6001 5998 5995 5993 5959 5929 5898 5868 5837 5807 5776 5746 5685 5654 5624 5593 5563 5532 5502 5471 5410 5380 5349 5319 5288 5258 5227 5197 5153 5139 5126 5112 5099 5085 5072 5058 5031 5018 5004 4991 4977 4964 4950 4937 4910 4896 4883 4869 4856 4842 4829 4815 4777 4752 4728 4703 4678 4653 4628 4603 4554 4529 4504 4479 4455 4430 4405 4380 4331 4306 4281 4256 4231 4206 4182 4157 4112 4091 4071 4050 4030 4009 3989 3968 3927 3907 3886 3866 3845 3825 3804 3784 3743 3722 3702 3681 3661 3640 3620 3599 3582 3584 3587 3590 3592 3595 3598 3600 3606 3608 3611 3614 3616 3619 3622 3624 3630 3632 3635 3638 3640 3643 3646 3648 3649 3647 3645 3643 3640 3638 3636 3634 3630 3628 3626 3624 3621 3619 3617 3615 3611 3609 3607 3605 3602 3600 3598 3596 3585 3575 3566 3556 3547 3537 3528 3518 3500 3490 3481 3471 3462 3452 3443 3433 3415 3405 3396 3386 3377 3367 3358 3348 3332 3324 3317 3309 3302 3294 3287 3279 3264 3257 3249 3242 3234 3227 3219 3212 3197 3189 3182 3174 3167 3159 3152 3144 3132 3126 3121 3116 3111 3105 3100 3095 3084 3079 3073 3068 3063 3058 3052 3047 3036 3031 3026 3020

agregarAgente --UnidadTermicaSimple
200
100

agregarAgente --DemandaFija
355 335 315 315 315 340 365 391 416 442 467 467 467 448 430 412 394 375 356 356 356 302 248 194 140 86 32 32 32 83 135 186 238 289 341 341 341 338 335 332 330 328 325 325 325 283 243 202 161 119 79 79 79 154 228 303 377 452 526 526 526 526 525 525 524 524 524 524 524 487 449 413 376 339 302 302 302 300 298 295 293 290 288 288 288 271 254 238 221 203 187 187 187 183 179 176 172 168 164 164 164 198 232 265 299 332 365 365 365 382 398 415 431 448 464 464 464 415 367 318 269 220 172 172 172 194 218 241 265 288 311 311 311 300 288 276 264 253 241 241 241 215 189 163 137 111 85 85 85 142 199 256 313 368 425 425 425 452 478 504 530 557 583 583 583 548 514 479 445 410 376 376 376 376 377 377 378 378 379 379 379 353 328 303 277 252 227 227 227 212 196 181 166 150 135 135 135 203 273 343 412 481 551 551 551 544 537 530 523 516 509 509 509 505 500 495 490 485 481 481 481 465 449 433 418 402 386 386 386 358 330 302 274 246 218 218 218 212 206 200 194 188 182 182 182 200 220 238 257 275 295 295 295 277 260 242 226 208 191 191 191 163 134 106 77 49 20 20 20 39 59 78 97 116 136 136 136 157 178 199 220 241 262 262 262 233 204 175 146 116 88 88 88 156 225 293 361 430 499 499 499 491 484 476 469 461 454 454 454 404 355 306 256 208 158 158 158 190 222 254 286 318 350 350 350 344 339 334 329 323 318 318 318 306 293 280 268 256 244 244 244 275 307 338 370 401 433 433 433 416 400 383 366 349 333 333 333 303 272 243

crearDespacho --mercado --conDemandaTotal
4
0.02 0.07 0.145 1.0
370 600 2400 4000
608 556 515 493 484 475 451 473 513 562 599 614 626 616 598 586 581 589 604 695 761 764 733 680 612 556 521 507 512 527 555 639 685 716 728 757 758 754 748 739 736 726 716 811 868 854 809 749 668 600 558 546 549 565 586 668 710 739 755 785 785 785 779 770 769 753 764 836 870 852 800 733 650 589 554 537 545 554 575 659 700 727 752 766 758 752 748 737 736 739 748 823 856 841 805 737 659 589 553 541 540 551 578 655 699 707 719 731 730 719 703 698 699 703 703 794 859 851 803 741 660 592 552 532 527 527 523 559 602 638 662 679 683 691 680 683 678 698 717 800 840 826 785 738 673 605 556 538 535 529 520 574 626 670 682 696 714 712 694 684 685 684 683 763 820 794 750 704 643 579 539 517 506 488 467 485 522 566 593 609 622 622 599 599 603 603 611 701 776 778 748 683 613 557 518 509 511 517 568 658 698 731 738 763 775 756 746 745 745 740 724 793 866 857 812 758 698 626 588 575 577 584 610 691 731 758 771 796 792 787 775 767 763 748 733 799 872 865 821 748 693 617 572 560 562 560 592 678 721 746 757 778 777 773 758 749 752 743 709 779 851 863 828 762 669 599 562 542 544 547 580 663 703 727 748 778 788 802 804 806 806 791 763 811 884 878 837 782 705 636 589 570 569 569 587 663 721 768 811 856 890 917 932 933 920 895 848 895 946 921 876 845 779 713 661 626 613 596 568 602 655 701 731 752 775 783 773 763 754 750 763 811 838 815 771 728 693 611 569 538 530 520 491 505 545 595 657 695 713 725 713 706 693 676 679 732 809 806 793 742

configurarSolver --Cplex
resolver --noConstante salida.csv
finalizar
