inicializar --t 360

agregarAgente --SaltoGrande
0.00120900
2256096256
2346 2347 2348 2348 2350 2352 2353 2355 2356 2357 2359 2360 2363 2364 2366 2367 2369 2370 2372 2373 2376 2377 2379 2380 2381 2383 2384 2386 2376 2365 2355 2344 2333 2322 2311 2300 2279 2268 2257 2246 2236 2225 2214 2203 2182 2171 2160 2149 2138 2127 2117 2106 2092 2089 2086 2083 2080 2077 2074 2071 2065 2062 2059 2056 2052 2049 2046 2043 2037 2034 2031 2028 2025 2022 2019 2016 2001 1989 1977 1964 1952 1940 1928 1916 1892 1879 1867 1855 1843 1831 1819 1806 1782 1770 1758 1746 1734 1721 1709 1697 1677 1669 1661 1653 1646 1638 1630 1622 1606 1598 1590 1582 1575 1567 1559 1551 1535 1527 1519 1511 1504 1496 1488 1480 1473 1473 1474 1475 1475 1476 1477 1477 1479 1479 1480 1481 1481 1482 1483 1483 1485 1485 1486 1487 1487 1488 1489 1489 1488 1486 1483 1481 1479 1477 1475 1473 1468 1466 1464 1462 1459 1457 1455 1453 1448 1446 1444 1442 1440 1438 1435 1433 1436 1441 1446 1451 1455 1460 1465 1470 1480 1485 1490 1495 1499 1504 1509 1514 1524 1529 1534 1539 1543 1548 1553 1558 1560 1557 1554 1551 1548 1545 1542 1539 1533 1530 1527 1524 1521 1518 1515 1512 1506 1503 1500 1497 1494 1491 1488 1485 1491 1499 1508 1517 1526 1534 1543 1552 1569 1578 1586 1595 1604 1613 1621 1630 1647 1656 1665 1673 1682 1691 1700 1708 1714 1711 1709 1706 1703 1700 1698 1695 1689 1686 1684 1681 1678 1675 1673 1670 1664 1661 1659 1656 1653 1650 1648 1645 1650 1658 1667 1675 1683 1691 1699 1707 1724 1732 1740 1748 1757 1765 1773 1781 1798 1806 1814 1822 1830 1838 1847 1855 1873 1882 1892 1901 1911 1920 1930 1939 1958 1968 1977 1987 1996 2006 2015 2025 2044 2053 2063 2072 2082 2091 2101 2110 2129 2139 2148 2157 2167 2176 2185 2195 2213 2223 2232 2241 2251 2260 2269 2279 2297 2307 2316 2325 2335 2344 2353 2363 2382 2391 2401 2411 2420 2430 2440 2449 2469 2478 2488 2498 2507 2517 2527 2536 2556 2565 2575 2585

agregarAgente --UnidadTermicaSimple
200
100

agregarAgente --DemandaFija
275 262 248 246 244 239 234 229 224 218 213 213 215 213 211 209 207 205 203 205 206 208 210 213 215 218 220 219 220 223 226 229 233 236 239 241 247 255 262 269 276 283 290 296 295 283 271 259 246 235 222 217 212 220 227 236 244 252 260 260 258 255 252 249 247 244 241 238 233 217 200 184 167 151 134 132 134 134 133 133 131 131 130 134 143 149 155 161 167 173 179 185 180 188 196 204 212 220 229 217 209 209 208 208 208 208 207 210 218 223 227 231 235 239 243 248 247 251 255 259 264 268 272 265 258 258 259 259 259 259 258 257 264 250 235 221 206 192 178 184 184 190 194 199 204 209 214 207 202 208 212 218 223 228 233 236 240 242 245 247 250 253 255 257 256 249 241 234 227 219 212 208 212 211 211 210 209 209 208 215 223 221 220 220 219 218 218 217 209 222 235 248 261 274 288 280 276 302 328 355 381 407 433 437 440 455 469 484 497 512 526 524 517 502 486 471 455 440 425 419 419 431 443 455 467 479 491 497 503 505 505 507 508 509 511 511 505 480 456 431 407 382 358 351 350 375 399 422 446 471 495 500 507 505 503 500 497 496 494 496 492 481 470 460 449 438 427 422 420 431 442 452 464 474 485 488 493 484 474 464 454 444 434 437 437 430 423 416 409 403 395 392 389 401 415 427 440 453 466 467 471 469 467 464 462 460 458 461 461 439 416 394 372 350 328 325 323 310 297 284 271 257 245 245 254 265 276 287 298 309 320 328 328 311 296 280 264 248 232 224 221 217 212 208 203 199 195 199 206 220 234 248 262 277 291 295 291 292 294 296

crearDespacho --mercado --conDemandaTotal
4
0.02 0.07 0.145 1.0
370 600 2400 4000
755 698 645 623 617 611 613 672 742 796 835 862 882 906 915 909 893 865 805 793 887 925 914 884 800 726 677 658 652 648 640 697 773 834 874 904 922 953 953 935 904 866 829 829 905 914 874 819 760 691 650 612 587 581 602 658 733 784 824 852 872 900 908 917 920 877 813 803 893 933 905 851 790 717 665 639 635 635 631 694 765 832 884 925 959 994 1001 986 952 907 842 826 911 937 907 862 806 742 692 661 647 635 608 637 684 736 775 807 833 859 869 867 862 838 796 788 884 906 876 843 799 744 698 664 645 625 581 590 623 664 704 743 787 820 833 830 818 796 757 758 860 913 917 881 820 751 700 673 665 668 659 714 790 855 897 935 965 998 1012 1008 986 939 878 857 943 988 956 922 872 798 740 712 695 692 679 732 814 884 933 977 1016 1065 1082 1079 1048 979 901 881 964 983 956 907 842 774 721 693 679 680 674 719 778 816 837 853 868 871 862 853 839 803 759 762 857 878 859 817 750 682 636 617 617 623 617 652 703 739 781 814 825 839 841 841 836 815 772 781 887 905 881 828 762 689 646 626 623 634 629 698 754 784 799 819 842 867 880 890 874 848 798 790 894 895 863 822 766 696 651 623 615 613 587 603 637 681 721 751 772 790 790 794 803 796 768 776 866 874 838 794 743 690 650 622 606 591 549 563 602 643 677 707 736 751 748 742 735 719 690 700 800 828 817 779 723 668 628 606 599 605 601 652 715 768 803 837 855 874 878 871 853 821 769 769 879 901 884 835 770 701 655 631 625 630 619 672 737 787 822 863 893 931 949 958 953 924 866 850 949 976 961 913

configurarSolver --Cplex
resolver --noConstante salida.csv
finalizar
