inicializar --t 360

agregarAgente --SaltoGrande
0.00041900
2001535362
6474 6457 6439 6422 6395 6386 6378 6369 6360 6351 6343 6334 6316 6307 6299 6290 6281 6272 6264 6255 6237 6228 6220 6211 6202 6193 6185 6176 6168 6168 6169 6170 6171 6171 6172 6173 6174 6175 6176 6177 6177 6178 6179 6180 6181 6182 6183 6183 6184 6185 6186 6186 6256 6324 6393 6462 6530 6599 6668 6736 6874 6942 7011 7080 7148 7217 7286 7354 7492 7560 7629 7698 7766 7835 7904 7972 8072 8103 8134 8165 8197 8228 8259 8290 8352 8383 8414 8445 8477 8508 8539 8570 8632 8663 8694 8725 8757 8788 8819 8850 8890 8898 8907 8916 8925 8933 8942 8951 8968 8977 8986 8995 9003 9012 9021 9030 9047 9056 9065 9073 9082 9091 9100 9108 9079 9041 9003 8964 8926 8888 8850 8812 8736 8697 8659 8621 8583 8545 8507 8468 8392 8354 8316 8278 8240 8201 8163 8125 8025 7962 7900 7838 7775 7713 7651 7588 7464 7401 7339 7277 7214 7152 7090 7027 6903 6840 6778 6716 6653 6591 6529 6466 6368 6332 6296 6260 6224 6188 6152 6116 6044 6008 5972 5936 5901 5865 5829 5793 5721 5685 5649 5613 5577 5541 5505 5469 5418 5402 5387 5372 5357 5341 5326 5311 5280 5265 5250 5235 5219 5204 5189 5174 5143 5128 5113 5097 5082 5067 5052 5036 5029 5037 5046 5054 5062 5070 5078 5086 5103 5111 5119 5127 5136 5144 5152 5160 5177 5185 5193 5201 5209 5217 5226 5234 5302 5362 5422 5482 5542 5602 5661 5721 5841 5901 5961 6021 6081 6141 6201 6261 6381 6441 6500 6560 6620 6680 6740 6800 6845 6829 6814 6798 6783 6768 6752 6737 6706 6691 6675 6660 6644 6629 6613 6598 6567 6552 6536 6521 6506 6490 6475 6459 6426 6408 6390 6372 6354 6336 6318 6300 6264 6246 6228 6210 6192 6174 6156 6138 6102 6084 6066 6048 6030 6012 5994 5976 5919 5881 5842 5804 5765 5727 5688 5650 5572 5534 5495 5457 5418 5380 5341 5303 5225 5187 5148 5110 5071 5033 4994 4956 4916 4916 4915 4914 4914 4913 4912 4912 4910 4910 4909 4908 4908 4907 4906 4906 4904 4904 4903 4902

agregarAgente --UnidadTermicaSimple
200
100

agregarAgente --DemandaFija
1019 1016 1013 1016 1.011500e+03 1016 1.020500e+03 1025 1.029500e+03 1.032500e+03 1037 1.032500e+03 1028 1028 1028 1028 1028 1.029500e+03 1.029500e+03 1.029500e+03 1.029500e+03 1.020500e+03 1013 1.005500e+03 9.965000e+02 9.875000e+02 9.815000e+02 980 9.815000e+02 992 1001 1010 1019 1.029500e+03 1.038500e+03 1.041500e+03 1046 1.050500e+03 1052 1055 1.056500e+03 1.059500e+03 1061 1064 1.065500e+03 1.059500e+03 1052 1.044500e+03 1.038500e+03 1031 1025 1.023500e+03 1016 1.011500e+03 1010 1.005500e+03 1.002500e+03 1001 998 992 992 998 1.005500e+03 1.011500e+03 1019 1025 1.032500e+03 1.038500e+03 1052 1043 1.032500e+03 1.023500e+03 1013 1004 9.935000e+02 1001 1010 1025 1040 1055 1070 1.083500e+03 1100 1100 1091 1.083500e+03 1076 1.068500e+03 1061 1052 1.044500e+03 1034 1.029500e+03 1019 1010 9.995000e+02 989 980 9.695000e+02 974 9.875000e+02 1004 1.023500e+03 1040 1.059500e+03 1076 1.095500e+03 1.101500e+03 1109 1115 1.122500e+03 1127 1.134500e+03 1.140500e+03 1.146500e+03 1.149500e+03 1142 1106 1070 1034 998 962 926 9.185000e+02 9.155000e+02 9.215000e+02 9.275000e+02 9.335000e+02 938 9.425000e+02 9.485000e+02 956 962 974 983 9.935000e+02 1004 1.014500e+03 1025 1025 1.017500e+03 998 9.785000e+02 9.575000e+02 938 917 8.975000e+02 8.885000e+02 884 8.855000e+02 8.855000e+02 8.855000e+02 887 887 887 890 8.945000e+02 9.035000e+02 914 923 9.335000e+02 9.425000e+02 953 953 944 9.305000e+02 917 9.035000e+02 890 8.765000e+02 863 854 848 848 8.465000e+02 845 845 845 845 848 8.495000e+02 8.585000e+02 8.675000e+02 8.765000e+02 8.855000e+02 893 902 902 893 8.765000e+02 8.585000e+02 842 824 8.075000e+02 791 782 7.775000e+02 7.805000e+02 782 785 7.865000e+02 788 791 7.955000e+02 803 815 827 839 851 8.615000e+02 8.735000e+02 8.765000e+02 872 857 8.405000e+02 824 8.075000e+02 791 776 767 7.505000e+02 7.415000e+02 734 7.265000e+02 7.205000e+02 713 7.055000e+02 6.965000e+02 6.965000e+02 722 746 7.715000e+02 7.955000e+02 821 845 8.525000e+02 8.615000e+02 866 8.705000e+02 8.765000e+02 881 8.855000e+02 890 890 899 9.065000e+02 9.125000e+02 920 9.275000e+02 935 9.425000e+02 9.485000e+02 9.635000e+02 9.755000e+02 989 1.002500e+03 1016 1028 1.041500e+03 1049 1.050500e+03 1.038500e+03 1025 1013 1001 9.875000e+02 9.755000e+02 9.695000e+02 962 9.695000e+02 9.785000e+02 986 9.935000e+02 1001 1010 1007 1010 1013 1016 1019 1.023500e+03 1.026500e+03 1.029500e+03 1034 1.023500e+03 998 971 9.455000e+02 920 893 8.675000e+02 854 8.525000e+02 8.765000e+02 899 923 947 971 9.935000e+02 1007 1022 1.032500e+03 1.041500e+03 1052 1061 1070 1.080500e+03 1085 1.083500e+03 1070 1.056500e+03 1.041500e+03 1028 1013 9.995000e+02 9.935000e+02 992 989 986 983 980 9.785000e+02 9.755000e+02 980 9.845000e+02 9.845000e+02 9.845000e+02 9.845000e+02 986 9.845000e+02 986 986 971 9.425000e+02 9.125000e+02 884 854 8.255000e+02 7.955000e+02 7.835000e+02 7.775000e+02 788 800 809 821 8.315000e+02 8.405000e+02 8.495000e+02 863 8.585000e+02 857 8.525000e+02 8.495000e+02 848 8.435000e+02 848 839 8.165000e+02 794 7.715000e+02

crearDespacho --mercado --conDemandaTotal
4
0.02 0.07 0.145 1.0
370 600 2400 4000
740 659 604 574 568 574 565 602 654 667 685 713 717 706 679 665 657 683 699 811 850 816 772 724 670 610 563 535 524 523 493 512 550 588 612 623 632 622 606 596 589 596 611 730 776 769 740 693 635 580 542 522 524 531 521 571 634 681 703 726 737 739 726 719 708 706 702 813 856 831 775 710 650 584 545 531 534 551 566 637 691 725 751 781 785 782 767 757 750 744 739 837 871 850 801 740 658 585 548 536 538 561 582 666 716 753 788 828 833 832 818 804 791 775 764 858 886 864 815 751 668 606 565 548 550 566 583 656 703 723 743 765 765 759 752 737 733 733 743 835 861 840 796 730 653 590 551 536 537 549 574 650 694 718 730 748 745 731 718 713 709 709 706 807 837 812 762 705 640 579 536 516 511 517 503 545 599 641 658 671 680 674 677 653 650 662 681 775 802 772 721 672 615 560 508 482 474 470 440 463 503 547 573 605 623 624 608 596 600 611 636 736 771 758 724 670 605 550 514 503 508 521 550 642 693 724 735 756 757 749 739 727 721 717 719 821 868 850 802 734 651 587 545 530 529 547 573 662 704 728 737 759 757 746 724 718 721 721 713 822 877 875 825 755 675 596 557 544 547 563 587 680 727 749 781 811 803 792 767 764 763 754 749 844 882 866 825 754 670 600 561 543 539 555 583 677 726 748 755 779 773 762 747 740 731 736 731 824 873 859 812 744 668 601 560 544 546 559 583 666 707 730 745 763 760 752 733 723 717 716 719 811 849 833 784 722 650 585 542 521 517 518 506 548 602 644 670 681 687 686 661 647 649 659 668 754 790 769 719 667

configurarSolver --Cplex
resolver --noConstante salida.csv
finalizar
