inicializar --t 360

agregarAgente --SaltoGrande
0.00076000
2104235473
1017 1019 1021 1022 1027 1030 1033 1036 1040 1043 1046 1049 1055 1058 1061 1064 1068 1071 1074 1077 1083 1086 1089 1092 1096 1099 1102 1105 1100 1093 1085 1077 1069 1062 1054 1046 1031 1023 1016 1008 1000 992 985 977 962 954 946 939 931 923 915 908 900 901 901 901 901 902 902 902 903 903 904 904 904 904 905 905 906 906 906 907 907 907 907 908 907 905 904 903 901 900 899 897 895 893 892 891 889 888 887 885 883 881 880 879 877 876 875 873 871 870 869 868 867 866 866 865 863 862 861 860 859 858 857 856 854 853 853 852 851 850 849 848 850 853 856 859 862 865 868 871 877 880 883 886 889 892 895 898 904 907 910 913 916 919 922 925 930 933 935 937 939 942 944 946 951 953 956 958 960 962 965 967 972 974 976 979 981 983 985 988 992 994 995 997 999 1001 1002 1004 1008 1010 1011 1013 1015 1017 1018 1020 1024 1026 1027 1029 1031 1033 1034 1036 1052 1067 1081 1096 1110 1125 1139 1154 1183 1197 1212 1226 1241 1255 1270 1284 1313 1328 1342 1357 1371 1386 1400 1415 1429 1429 1428 1428 1428 1428 1427 1427 1427 1427 1426 1426 1426 1426 1425 1425 1425 1425 1424 1424 1424 1424 1423 1423 1491 1558 1626 1693 1761 1829 1896 1964 2099 2167 2234 2302 2369 2437 2504 2572 2707 2775 2842 2910 2978 3045 3113 3180 3294 3340 3385 3431 3477 3523 3569 3615 3706 3752 3798 3844 3889 3935 3981 4027 4118 4164 4210 4256 4302 4348 4393 4439 4466 4446 4427 4407 4388 4368 4349 4329 4291 4271 4252 4232 4213 4193 4174 4154 4116 4096 4077 4057 4038 4018 3999 3979 3929 3898 3867 3836 3805 3774 3743 3712 3650 3619 3588 3557 3526 3495 3464 3433 3371 3340 3309 3278 3247 3216 3185 3154 3097 3072 3046 3020 2994 2969 2943 2917 2866 2840 2815 2789 2763 2737 2712 2686 2635 2609 2583 2558

agregarAgente --UnidadTermicaSimple
200
100

agregarAgente --DemandaFija
174 151 128 129 129 152 176 200 224 248 271 271 269 268 268 266 265 265 264 263 264 237 209 182 155 128 101 102 101 121 141 160 180 200 220 217 215 210 206 200 196 191 187 187 188 173 158 143 127 113 97 98 98 125 152 179 206 233 260 259 257 260 263 267 271 274 278 278 280 257 236 214 193 170 150 151 151 155 159 163 168 172 176 176 175 178 181 185 188 192 196 196 196 178 160 142 123 105 87 87 88 106 123 140 157 174 191 191 191 170 151 131 110 91 71 70 70 68 65 62 59 56 54 55 58 60 61 63 64 65 67 68 69 70 70 70 70 71 71 71 68 69 71 73 74 76 77 74 73 72 71 69 68 67 65 66 67 68 70 72 74 76 77 78 79 89 99 109 118 129 138 139 140 186 233 278 325 371 418 418 416 418 420 422 424 425 427 425 426 389 352 315 278 241 204 206 208 247 286 326 365 404 443 443 445 452 458 464 471 478 484 486 487 446 407 366 326 286 247 245 244 283 323 362 401 440 479 479 478 481 483 485 487 490 492 491 492 450 409 368 326 286 244 246 250 286 322 357 394 430 465 466 469 473 477 481 486 490 494 495 499 466 432 398 365 331 298 301 305 338 372 406 439 473 507 507 509 497 484 472 460 447 435 437 440 397 354 312 270 228 185 185 187 182 177 172 168 163 158 158 159 170 180 190 200 211 221 221 221 210 199 189 178 167 157 155 157 159 161 163 165 167 169 172 176 178 179 181 182 184 185 187 182 177 171 165 158 152 147 141 137 140 142 144 146 149 151 154 158 160 163 165 167 169 172 174 170 163 157 150

crearDespacho --mercado --conDemandaTotal
4
0.02 0.07 0.145 1.0
370 600 2400 4000
701 635 595 581 581 582 610 690 754 801 823 842 848 855 853 851 844 820 773 773 863 880 847 795 716 650 607 589 583 569 598 676 733 767 787 810 823 814 801 804 805 803 791 826 860 843 795 746 677 618 580 557 542 548 575 634 678 708 740 770 784 781 773 766 767 769 748 758 838 846 802 750 689 620 572 545 536 515 518 554 605 653 679 692 709 714 704 703 705 709 698 709 796 792 747 694 646 592 545 517 505 475 463 487 529 578 623 655 685 709 716 727 733 736 725 730 826 876 874 849 781 700 655 626 607 602 616 676 741 779 800 810 809 797 784 773 766 756 737 758 826 833 799 742 678 608 565 550 548 551 569 646 696 725 740 758 764 766 753 746 742 736 718 751 832 836 806 753 679 613 571 550 551 548 568 639 701 733 755 777 787 795 794 790 789 788 766 778 865 876 833 784 709 638 593 573 572 568 588 659 725 766 787 808 832 847 850 849 847 828 813 838 890 883 845 790 717 656 605 584 581 579 594 660 730 746 793 839 845 863 859 860 848 835 804 798 879 887 852 806 739 674 626 600 589 569 564 602 653 698 727 746 761 770 764 764 759 755 727 734 820 825 790 749 690 635 587 559 548 522 503 526 570 618 654 677 706 719 722 727 729 723 699 701 791 823 816 785 730 662 611 582 571 554 556 610 676 730 760 783 803 818 826 832 827 813 785 796 882 860 780 730 677 662 629 587 561 524 489 493 518 549 587 617 638 647 655 675 691 693 676 682 779 831 833 805 742 671 626 598 592 577 595 656 734 802 853 898 939 971 994 1000 986 950 892 869 962 995 973 928

configurarSolver --Cplex
resolver --noConstante salida.csv
finalizar
