inicializar --t 360

agregarAgente --SaltoGrande
0.00254500
2133902914
4486 4478 4469 4461 4450 4446 4443 4439 4436 4433 4429 4426 4419 4416 4412 4409 4405 4402 4398 4395 4388 4385 4381 4378 4375 4371 4368 4364 4356 4351 4345 4340 4335 4330 4324 4319 4309 4304 4298 4293 4288 4283 4277 4272 4262 4257 4251 4246 4241 4236 4230 4225 4213 4206 4198 4191 4184 4177 4170 4163 4148 4141 4134 4127 4119 4112 4105 4098 4083 4076 4069 4062 4055 4048 4040 4033 4013 4000 3986 3973 3960 3947 3933 3920 3894 3881 3867 3854 3841 3828 3814 3801 3775 3762 3748 3735 3722 3709 3695 3682 3661 3653 3645 3637 3629 3621 3613 3605 3589 3581 3573 3565 3556 3548 3540 3532 3516 3508 3500 3492 3484 3476 3468 3460 3446 3440 3434 3428 3422 3416 3410 3404 3392 3386 3380 3374 3368 3362 3356 3350 3338 3332 3326 3320 3314 3308 3302 3296 3314 3339 3363 3388 3412 3437 3461 3486 3535 3559 3584 3608 3633 3657 3682 3706 3755 3780 3804 3829 3853 3878 3902 3927 3983 4015 4046 4078 4110 4142 4174 4206 4269 4301 4333 4365 4396 4428 4460 4492 4555 4587 4619 4651 4683 4715 4746 4778 4787 4765 4742 4720 4697 4675 4652 4630 4585 4562 4540 4517 4495 4472 4450 4427 4382 4360 4337 4315 4292 4270 4247 4225 4182 4162 4142 4122 4103 4083 4063 4043 4003 3983 3963 3943 3924 3904 3884 3864 3824 3804 3784 3764 3745 3725 3705 3685 3649 3633 3617 3601 3585 3569 3553 3537 3505 3489 3473 3457 3441 3425 3409 3393 3361 3345 3329 3313 3297 3281 3265 3249 3225 3218 3210 3202 3195 3187 3180 3172 3157 3149 3141 3134 3126 3119 3111 3103 3088 3080 3073 3065 3058 3050 3042 3035 3024 3022 3019 3017 3014 3012 3009 3007 3002 2999 2997 2994 2992 2989 2987 2984 2979 2977 2974 2972 2969 2967 2964 2962 2958 2958 2957 2957 2956 2956 2955 2955 2954 2953 2953 2952 2952 2951 2951 2950 2949 2949 2948 2948 2947 2947 2946 2946 2938 2932 2925 2918 2911 2905 2898 2891 2878 2871 2864 2857 2851 2844 2837 2830 2817 2810 2803 2797

agregarAgente --UnidadTermicaSimple
200
100

agregarAgente --DemandaFija
332 251 1.685000e+02 1.685000e+02 1.685000e+02 2.765000e+02 3.815000e+02 4.895000e+02 596 701 809 809 809 8.645000e+02 920 9.755000e+02 1.029500e+03 1085 1.140500e+03 1.140500e+03 1.140500e+03 1079 1019 9.575000e+02 8.975000e+02 836 776 776 776 848 923 9.965000e+02 1070 1145 1217 1217 1217 1.206500e+03 1196 1.185500e+03 1.173500e+03 1163 1151 1151 1151 1094 1037 980 9.245000e+02 8.675000e+02 809 809 809 872 935 998 1.059500e+03 1.122500e+03 1.185500e+03 1.185500e+03 1.185500e+03 1208 1.230500e+03 1253 1.275500e+03 1298 1322 1322 1322 1151 983 812 6.425000e+02 4.715000e+02 3.035000e+02 3.035000e+02 3.035000e+02 347 392 4.355000e+02 4.805000e+02 5.255000e+02 5.705000e+02 5.705000e+02 5.705000e+02 5.675000e+02 5.645000e+02 5.615000e+02 560 557 5.555000e+02 5.555000e+02 5.555000e+02 494 431 371 308 2.465000e+02 185 185 185 2.645000e+02 344 422 503 581 6.605000e+02 6.605000e+02 6.605000e+02 743 824 9.065000e+02 989 1070 1151 1151 1151 1.083500e+03 1016 947 8.795000e+02 812 7.445000e+02 7.445000e+02 7.445000e+02 764 785 8.045000e+02 8.255000e+02 845 866 866 866 8.705000e+02 875 881 8.855000e+02 890 8.945000e+02 8.945000e+02 8.945000e+02 836 7.775000e+02 7.175000e+02 659 6.005000e+02 542 542 542 6.065000e+02 6.695000e+02 7.325000e+02 7.955000e+02 860 923 923 923 950 9.785000e+02 1004 1031 1058 1085 1085 1085 980 8.765000e+02 7.715000e+02 6.665000e+02 5.615000e+02 4.565000e+02 4.565000e+02 4.565000e+02 5.195000e+02 5.825000e+02 6.455000e+02 7.085000e+02 7.715000e+02 833 833 833 8.945000e+02 956 1016 1.077500e+03 1.137500e+03 1199 1199 1199 1091 9.845000e+02 878 770 6.635000e+02 5.555000e+02 5.555000e+02 5.555000e+02 6.425000e+02 7.295000e+02 8.165000e+02 902 989 1076 1076 1076 1.134500e+03 1.191500e+03 1250 1.308500e+03 1367 1.425500e+03 1.425500e+03 1.425500e+03 1.338500e+03 1253 1166 1079 9.935000e+02 9.065000e+02 9.065000e+02 9.065000e+02 9.425000e+02 9.785000e+02 1013 1.047500e+03 1.083500e+03 1.119500e+03 1.119500e+03 1.119500e+03 1079 1.041500e+03 1.002500e+03 9.635000e+02 9.245000e+02 8.855000e+02 8.855000e+02 8.855000e+02 7.535000e+02 623 4.895000e+02 359 2.255000e+02 9.350000e+01 9.350000e+01 9.350000e+01 200 305 410 5.165000e+02 6.215000e+02 7.265000e+02 7.265000e+02 7.265000e+02 698 6.695000e+02 641 6.125000e+02 584 5.555000e+02 5.555000e+02 5.555000e+02 494 4.325000e+02 371 3.095000e+02 248 1.865000e+02 1.865000e+02 1.865000e+02 272 359 4.445000e+02 533 6.185000e+02 7.055000e+02 7.055000e+02 7.055000e+02 731 755 7.805000e+02 8.045000e+02 830 8.555000e+02 8.555000e+02 8.555000e+02 7.235000e+02 5.915000e+02 4.595000e+02 3.275000e+02 1.955000e+02 65 65 65 6.650000e+01 6.950000e+01 7.250000e+01 7.550000e+01 7.850000e+01 80 80 80 98 1.175000e+02 1.355000e+02 1.535000e+02 1.715000e+02 1.895000e+02 1.895000e+02 1.895000e+02 1.685000e+02 1.475000e+02 128 1.055000e+02 8.450000e+01 65 65 65 83 101 119 137 155 1.745000e+02 1.745000e+02 1.745000e+02 200 227 254 2.795000e+02 3.065000e+02 332 332 332 3.095000e+02 2.855000e+02 263 239 2.135000e+02 191 191 191 3.185000e+02 4.475000e+02 575 704 8.315000e+02 9.605000e+02 9.605000e+02 9.605000e+02 941 9.215000e+02 9.035000e+02 8.855000e+02 866 8.465000e+02 8.465000e+02 8.465000e+02 7.445000e+02 6.425000e+02 5.405000e+02

crearDespacho --mercado --conDemandaTotal
4
0.02 0.07 0.145 1.0
370 600 2400 4000
708 637 588 568 570 593 660 733 755 785 802 818 805 798 783 770 773 815 932 970 979 959 913 826 733 657 607 596 593 616 689 774 798 835 865 897 908 902 890 876 878 921 1000 1024 1032 1015 964 878 774 681 626 605 604 626 713 807 840 874 882 887 892 876 854 829 827 860 972 1007 1012 989 932 874 781 704 647 614 611 615 641 686 719 778 817 836 847 844 831 824 825 857 955 978 967 936 883 835 755 676 619 582 565 567 572 570 593 656 696 710 721 715 697 683 686 727 844 876 889 883 848 791 725 649 601 578 574 591 635 692 738 800 828 844 842 841 821 801 808 846 952 991 1006 993 948 872 767 676 625 604 602 625 703 796 838 867 881 892 870 856 839 824 829 865 979 1030 1052 1043 988 902 781 690 643 622 624 650 734 832 884 923 920 914 889 861 843 832 829 869 995 1042 1060 1040 1004 920 801 709 654 632 633 657 735 849 883 913 917 907 881 857 837 823 824 857 984 1032 1053 1042 989 902 788 702 646 623 621 646 724 824 871 907 905 902 862 838 815 797 792 830 948 990 1006 1015 967 902 791 697 641 611 607 613 645 677 724 785 799 791 785 768 745 732 725 755 887 906 906 878 827 772 707 652 606 571 555 550 556 563 578 638 682 687 688 673 655 646 647 683 806 839 851 832 800 746 673 607 564 548 544 569 640 723 743 766 770 793 791 781 773 755 752 781 875 894 896 868 812 742 664 598 544 535 538 554 626 708 719 748 772 790 785 774 758 746 756 776 863 889 898 880 832 734 658 589 558 545 547 574 642 715 744 762 773 818 822 827 815 805 816 854 913 923 929 903 852 790

configurarSolver --Cplex
resolver --noConstante salida.csv
finalizar
