inicializar --t 360

agregarAgente --SaltoGrande
0.00086700
2032464238
9542 9596 9651 9705 9773 9786 9799 9812 9826 9839 9852 9865 9891 9904 9917 9930 9944 9957 9970 9983 10009 10022 10035 10048 10062 10075 10088 10101 10110 10106 10102 10097 10093 10089 10085 10081 10073 10068 10064 10060 10056 10052 10048 10043 10035 10031 10027 10023 10019 10014 10010 10006 9993 9984 9975 9966 9957 9948 9939 9930 9912 9903 9894 9885 9876 9867 9858 9849 9831 9822 9813 9804 9795 9786 9777 9768 9705 9651 9596 9542 9488 9434 9380 9326 9217 9163 9109 9055 9000 8946 8892 8838 8729 8675 8621 8567 8513 8459 8404 8350 8257 8218 8179 8140 8101 8062 8023 7984 7906 7867 7828 7789 7751 7712 7673 7634 7556 7517 7478 7439 7400 7361 7322 7283 7210 7177 7143 7109 7075 7042 7008 6974 6907 6873 6839 6805 6772 6738 6704 6670 6603 6569 6535 6502 6468 6434 6400 6367 6302 6271 6240 6208 6177 6146 6115 6084 6022 5990 5959 5928 5897 5866 5835 5803 5741 5710 5679 5648 5617 5585 5554 5523 5481 5470 5459 5448 5437 5426 5415 5404 5382 5371 5360 5349 5339 5328 5317 5306 5284 5273 5262 5251 5240 5229 5218 5207 5196 5195 5195 5194 5194 5194 5193 5193 5192 5192 5191 5191 5190 5190 5189 5189 5188 5188 5187 5187 5187 5186 5186 5185 5187 5190 5192 5194 5197 5199 5201 5204 5208 5211 5213 5215 5218 5220 5222 5225 5229 5232 5234 5236 5239 5241 5243 5246 5252 5257 5261 5265 5269 5274 5278 5282 5291 5295 5299 5303 5308 5312 5316 5320 5329 5333 5337 5342 5346 5350 5354 5359 5354 5346 5337 5328 5319 5311 5302 5293 5276 5267 5259 5250 5241 5232 5224 5215 5198 5189 5180 5172 5163 5154 5145 5137 5126 5123 5121 5118 5116 5113 5111 5108 5103 5101 5098 5096 5093 5091 5088 5086 5081 5078 5076 5073 5071 5068 5066 5063 5058 5055 5052 5049 5047 5044 5041 5038 5032 5029 5026 5023 5021 5018 5015 5012 5006 5003 5000 4997 4995 4992 4989 4986 4984 4984 4985 4986 4986 4987 4987 4988 4989 4990 4991 4991 4992 4992 4993 4994 4995 4996 4996 4997

agregarAgente --UnidadTermicaSimple
200
100

agregarAgente --DemandaFija
803 7.475000e+02 692 692 692 734 776 8.165000e+02 8.585000e+02 9.005000e+02 9.425000e+02 9.425000e+02 9.425000e+02 9.665000e+02 989 1013 1037 1061 1.083500e+03 1.083500e+03 1.083500e+03 1.023500e+03 9.635000e+02 902 8.435000e+02 782 722 722 7.235000e+02 7.685000e+02 8.135000e+02 857 902 947 992 9.935000e+02 9.935000e+02 1.008500e+03 1.023500e+03 1.038500e+03 1.053500e+03 1.068500e+03 1.083500e+03 1.083500e+03 1.083500e+03 1.020500e+03 9.575000e+02 8.945000e+02 8.315000e+02 767 704 704 7.055000e+02 7.505000e+02 797 845 890 938 983 983 983 995 1.005500e+03 1.017500e+03 1028 1.038500e+03 1.050500e+03 1.050500e+03 1.050500e+03 992 935 8.765000e+02 8.195000e+02 761 7.025000e+02 7.025000e+02 704 7.415000e+02 782 8.225000e+02 8.615000e+02 9.005000e+02 941 9.425000e+02 9.425000e+02 953 9.635000e+02 974 983 9.935000e+02 1004 1.005500e+03 1004 947 8.885000e+02 8.315000e+02 773 7.145000e+02 656 656 6.545000e+02 686 7.205000e+02 7.535000e+02 7.865000e+02 821 854 851 8.495000e+02 8.765000e+02 9.035000e+02 9.305000e+02 9.575000e+02 9.845000e+02 1.011500e+03 1013 1.011500e+03 950 8.885000e+02 827 7.655000e+02 7.055000e+02 644 6.425000e+02 641 659 6.755000e+02 692 710 728 7.445000e+02 7.445000e+02 7.415000e+02 761 7.805000e+02 7.985000e+02 8.195000e+02 839 8.585000e+02 857 8.525000e+02 8.105000e+02 7.685000e+02 7.265000e+02 686 644 602 5.975000e+02 593 6.365000e+02 6.785000e+02 7.235000e+02 767 809 8.525000e+02 8.525000e+02 8.525000e+02 872 890 9.095000e+02 929 9.485000e+02 9.665000e+02 9.665000e+02 953 911 8.675000e+02 827 785 743 701 6.875000e+02 6.815000e+02 6.965000e+02 710 7.265000e+02 740 755 770 776 7.835000e+02 800 8.165000e+02 8.315000e+02 848 8.645000e+02 881 881 866 8.285000e+02 791 752 7.145000e+02 677 638 6.245000e+02 623 6.365000e+02 653 668 683 6.995000e+02 713 7.265000e+02 7.415000e+02 752 7.625000e+02 773 7.835000e+02 794 8.045000e+02 8.075000e+02 8.015000e+02 7.835000e+02 764 7.445000e+02 7.265000e+02 707 6.875000e+02 680 6.785000e+02 695 710 7.265000e+02 740 7.565000e+02 7.715000e+02 779 7.865000e+02 800 8.135000e+02 827 8.405000e+02 854 8.675000e+02 8.675000e+02 8.615000e+02 8.345000e+02 8.075000e+02 782 755 728 701 6.965000e+02 686 686 683 683 6.815000e+02 6.815000e+02 6.785000e+02 674 674 6.875000e+02 7.025000e+02 7.175000e+02 7.325000e+02 7.475000e+02 7.625000e+02 764 7.535000e+02 7.445000e+02 7.355000e+02 725 716 7.055000e+02 6.965000e+02 683 6.695000e+02 677 686 6.935000e+02 701 7.085000e+02 716 716 7.265000e+02 749 770 791 8.135000e+02 836 860 8.705000e+02 8.705000e+02 8.525000e+02 833 815 7.955000e+02 7.775000e+02 7.595000e+02 7.505000e+02 755 7.685000e+02 7.805000e+02 791 8.045000e+02 8.165000e+02 8.285000e+02 842 857 857 8.555000e+02 8.555000e+02 854 854 8.525000e+02 854 8.405000e+02 827 815 8.015000e+02 7.895000e+02 776 7.625000e+02 749 746 761 7.775000e+02 7.925000e+02 8.075000e+02 8.225000e+02 839 8.495000e+02 866 8.855000e+02 9.065000e+02 926 944 965 9.845000e+02 989 9.875000e+02 947 905 863 8.225000e+02 7.805000e+02 740 7.325000e+02 731 7.355000e+02 740 7.445000e+02 749 7.535000e+02 758 764 7.745000e+02 7.955000e+02 8.165000e+02 8.375000e+02 8.585000e+02 8.795000e+02 9.005000e+02 905 8.945000e+02 854 812 770

crearDespacho --mercado --conDemandaTotal
4
0.02 0.07 0.145 1.0
370 600 2400 4000
728 653 610 593 589 607 669 728 771 787 793 806 793 777 757 742 743 755 794 910 931 925 878 808 721 644 596 578 580 599 681 728 779 817 835 854 860 846 824 812 815 824 869 941 947 920 871 807 726 655 601 577 571 590 614 625 673 722 742 750 746 737 712 689 683 697 740 839 848 820 767 719 667 607 560 527 506 503 506 489 533 592 634 659 678 670 647 635 631 650 716 789 802 789 756 707 651 585 531 518 517 550 604 649 718 757 776 796 790 790 783 772 770 760 798 888 890 867 825 782 689 614 571 556 559 574 620 662 729 749 781 799 803 808 788 768 764 747 746 853 891 872 812 753 668 611 586 574 561 575 602 586 632 754 764 773 773 773 749 742 734 730 760 871 887 880 838 775 678 619 576 557 556 581 619 636 631 657 717 771 778 761 753 740 728 716 737 854 876 859 823 764 719 626 580 559 558 571 605 648 706 741 753 770 771 770 756 752 758 752 756 853 861 837 789 737 683 619 567 532 533 545 547 583 631 651 682 707 728 730 736 733 736 754 803 842 821 796 728 694 616 575 571 509 508 514 493 482 526 569 601 628 637 642 624 609 609 625 657 744 790 785 744 689 634 577 544 524 535 569 619 686 720 742 742 770 764 749 729 721 721 719 751 865 904 889 835 764 690 641 585 572 576 598 648 713 739 752 751 733 746 753 748 731 731 736 752 859 882 861 815 743 658 579 538 529 535 566 616 675 713 736 749 767 763 760 739 731 735 751 791 881 899 885 830 760 684 616 575 562 568 586 622 686 734 751 768 782 769 757 745 733 736 756 793 884 902 879 833 769

configurarSolver --Cplex
resolver --noConstante salida.csv
finalizar
