inicializar --t 360

agregarAgente --SaltoGrande
0.00032700
2309268442
2861 2866 2871 2876 2885 2889 2893 2897 2902 2906 2910 2914 2922 2926 2930 2934 2939 2943 2947 2951 2959 2963 2967 2971 2976 2980 2984 2988 2984 2977 2969 2961 2954 2946 2938 2931 2915 2908 2900 2892 2885 2877 2869 2862 2846 2839 2831 2823 2816 2808 2800 2793 2778 2771 2764 2758 2751 2744 2737 2730 2716 2710 2703 2696 2689 2682 2675 2669 2655 2648 2641 2634 2627 2621 2614 2607 2590 2581 2571 2561 2552 2542 2533 2523 2504 2494 2484 2475 2465 2456 2446 2436 2417 2407 2398 2388 2379 2369 2359 2350 2338 2336 2334 2332 2330 2328 2326 2324 2320 2318 2316 2314 2312 2310 2308 2306 2302 2300 2298 2296 2294 2292 2290 2288 2280 2274 2268 2261 2255 2249 2243 2237 2225 2218 2212 2206 2200 2194 2188 2181 2169 2163 2157 2151 2145 2138 2132 2126 2119 2118 2117 2116 2115 2114 2114 2113 2111 2110 2109 2108 2107 2106 2105 2104 2102 2101 2101 2100 2099 2098 2097 2096 2089 2083 2077 2072 2066 2060 2054 2048 2036 2031 2025 2019 2013 2007 2001 1996 1984 1978 1972 1966 1960 1955 1949 1943 1932 1927 1922 1917 1912 1907 1901 1896 1886 1881 1876 1871 1866 1861 1856 1851 1841 1836 1830 1825 1820 1815 1810 1805 1787 1774 1761 1748 1735 1722 1710 1697 1671 1658 1645 1632 1619 1606 1593 1580 1554 1541 1529 1516 1503 1490 1477 1464 1448 1445 1442 1439 1436 1433 1430 1427 1421 1418 1415 1412 1410 1407 1404 1401 1395 1392 1389 1386 1383 1380 1377 1374 1361 1351 1341 1331 1322 1312 1302 1292 1272 1262 1252 1242 1233 1223 1213 1203 1183 1173 1163 1153 1144 1134 1124 1114 1100 1095 1091 1087 1083 1078 1074 1070 1061 1057 1053 1049 1044 1040 1036 1032 1023 1019 1015 1010 1006 1002 998 993 989 988 988 988 987 987 986 986 985 985 985 984 984 983 983 983 982 982 981 981 980 980 980 979 981 982 984 986 987 989 991 992 996 997 999 1001 1002 1004 1006 1007 1011 1012 1014 1016

agregarAgente --UnidadTermicaSimple
200
100

agregarAgente --DemandaFija
192 172 151 148 148 172 196 220 244 268 291 296 302 284 265 247 228 209 190 193 196 197 197 198 199 200 200 201 205 209 214 218 223 227 232 235 241 242 244 245 247 249 251 254 246 235 223 212 202 191 179 169 154 151 148 145 142 138 134 130 125 130 135 140 144 149 154 155 154 152 149 147 144 141 139 137 136 167 199 231 263 295 326 326 325 318 311 305 299 293 286 284 284 259 233 207 182 156 131 131 133 161 188 216 244 271 299 299 301 295 290 284 278 273 268 268 268 248 229 209 190 170 150 149 150 165 180 194 211 225 240 241 244 256 268 280 293 305 317 319 317 295 274 252 230 209 188 184 181 168 154 142 128 116 103 103 104 118 133 147 161 175 190 191 190 183 176 169 161 154 147 146 150 153 155 157 160 161 164 170 175 181 187 193 199 205 212 211 206 191 177 162 148 133 119 113 112 134 157 179 202 225 248 252 257 265 273 281 289 297 305 305 302 271 240 209 178 147 117 112 109 134 160 185 211 236 262 263 264 263 263 263 263 262 262 261 259 232 207 181 155 130 104 103 100 124 148 172 195 218 243 242 242 243 244 245 247 247 248 249 248 224 200 177 152 128 104 104 104 124 145 166 187 208 229 230 232 240 248 256 264 272 280 280 279 246 214 182 149 117 85 82 82 97 112 128 143 158 173 175 176 184 192 200 209 217 226 226 224 204 184 164 145 125 106 104 102 116 131 146 161 176 190 190 190 204 218 232 245 259 272 273 273 249 225 202 178 154 130 130 129 131 133 136 137 140 142 142 141 163 183 203 224 245 265 264 265 242 219 197

crearDespacho --mercado --conDemandaTotal
4
0.02 0.07 0.145 1.0
370 600 2400 4000
698 631 588 570 575 568 600 690 739 768 802 840 838 836 822 812 784 764 736 787 848 850 809 761 691 628 593 580 575 587 602 671 712 751 780 800 804 802 788 781 775 767 749 789 862 848 812 757 680 616 581 566 569 568 592 673 721 750 770 794 790 791 781 774 769 754 731 773 858 854 821 766 701 639 601 586 587 585 600 679 730 766 786 811 807 805 796 793 782 773 738 769 847 839 801 751 686 626 584 562 556 538 534 570 619 661 686 704 713 706 685 673 670 672 665 701 776 761 725 680 626 571 531 507 499 470 457 481 520 561 599 619 631 628 610 598 596 598 595 633 739 759 751 701 631 577 541 525 529 528 565 651 697 725 739 757 759 751 738 733 734 719 699 731 842 851 821 758 677 610 569 559 568 562 592 671 724 749 764 787 785 782 777 769 771 754 720 755 854 855 827 769 692 623 586 573 577 568 598 673 726 753 766 790 791 787 780 774 774 757 724 752 853 859 835 775 695 633 590 575 576 574 593 670 724 746 757 773 775 767 755 743 739 729 707 743 839 842 815 761 680 616 572 554 551 543 577 660 707 732 743 761 763 758 747 744 735 728 710 734 830 827 800 751 689 627 582 563 555 532 533 574 622 661 680 700 713 713 698 695 697 698 686 707 794 793 757 715 657 598 555 527 516 486 475 501 542 589 628 654 676 687 685 695 703 698 677 709 799 807 799 754 690 626 582 561 557 550 587 671 739 785 819 860 879 892 899 902 896 869 817 809 901 915 902 864 794 719 673 646 642 634 647 719 769 803 832 856 853 833 818 805 796 791 771 796 858 862 829 776

configurarSolver --Cplex
resolver --noConstante salida.csv
finalizar
