inicializar --t 360

agregarAgente --SaltoGrande
0.00044600
2200464102
5841 5865 5888 5912 5953 5970 5987 6004 6021 6038 6055 6072 6106 6123 6140 6157 6174 6191 6208 6225 6259 6276 6293 6310 6327 6344 6361 6378 6406 6417 6428 6439 6450 6461 6471 6482 6504 6515 6526 6537 6548 6559 6570 6581 6603 6614 6624 6635 6646 6657 6668 6679 6698 6705 6713 6721 6728 6736 6743 6751 6766 6774 6782 6789 6797 6804 6812 6820 6835 6843 6850 6858 6865 6873 6881 6888 6869 6842 6815 6788 6761 6734 6707 6680 6626 6599 6572 6545 6519 6492 6465 6438 6384 6357 6330 6303 6276 6249 6222 6195 6142 6117 6091 6065 6040 6014 5988 5963 5911 5886 5860 5834 5809 5783 5757 5732 5680 5655 5629 5603 5578 5552 5526 5501 5452 5429 5405 5382 5359 5336 5313 5290 5243 5220 5197 5174 5150 5127 5104 5081 5034 5011 4988 4965 4942 4919 4895 4872 4818 4786 4755 4723 4692 4661 4629 4598 4535 4504 4472 4441 4409 4378 4346 4315 4252 4221 4189 4158 4127 4095 4064 4032 4003 4006 4008 4011 4013 4016 4018 4021 4025 4028 4030 4033 4035 4038 4040 4043 4047 4050 4052 4055 4057 4060 4062 4065 4065 4062 4060 4057 4055 4052 4050 4047 4042 4040 4037 4035 4032 4030 4027 4025 4020 4017 4015 4012 4010 4007 4005 4002 4002 4005 4007 4009 4012 4014 4017 4019 4024 4026 4028 4031 4033 4036 4038 4040 4045 4047 4050 4052 4055 4057 4059 4062 4071 4078 4085 4092 4099 4106 4113 4120 4134 4141 4148 4155 4163 4170 4177 4184 4198 4205 4212 4219 4226 4233 4240 4247 4265 4276 4287 4299 4310 4321 4332 4343 4365 4377 4388 4399 4410 4421 4432 4444 4466 4477 4488 4499 4510 4522 4533 4544 4567 4578 4590 4601 4613 4625 4636 4648 4671 4683 4694 4706 4717 4729 4740 4752 4775 4787 4798 4810 4822 4833 4845 4856 4879 4889 4900 4911 4922 4932 4943 4954 4975 4986 4997 5008 5018 5029 5040 5051 5072 5083 5094 5104 5115 5126 5137 5147 5192 5226 5260 5294 5328 5362 5397 5431 5499 5533 5567 5601 5635 5669 5703 5737 5805 5839 5874 5908

agregarAgente --UnidadTermicaSimple
200
100

agregarAgente --DemandaFija
301 296 290 284 283 287 291 295 299 303 307 311 318 321 323 326 329 331 334 337 337 335 333 331 329 327 325 322 322 323 325 327 329 331 332 334 337 340 341 343 345 346 348 350 349 346 343 340 337 334 331 329 326 331 335 340 344 349 353 353 355 358 360 363 365 368 370 371 367 355 342 330 318 306 293 287 280 286 292 298 303 308 314 314 315 317 319 321 323 325 327 329 330 322 316 308 301 293 286 285 277 271 265 259 252 245 239 233 233 241 249 257 265 273 281 287 293 292 289 287 285 283 281 280 281 284 287 289 291 293 295 297 300 301 302 302 304 304 305 306 305 302 301 298 296 294 292 290 287 293 298 302 307 312 317 316 317 320 323 326 329 332 335 337 335 325 315 305 295 285 275 273 271 274 277 280 283 286 289 289 290 293 295 297 299 301 304 305 301 292 283 274 265 256 246 242 238 240 242 244 245 247 248 250 252 254 256 257 259 260 261 262 256 248 240 232 224 217 208 202 202 211 221 230 239 249 259 266 273 275 277 279 281 283 286 286 280 271 262 253 244 235 226 220 211 221 230 240 250 259 269 268 271 279 287 295 303 312 319 324 324 305 286 266 247 227 208 202 196 193 191 188 185 182 179 178 181 186 191 196 200 205 210 215 217 221 225 230 233 238 242 240 245 251 257 263 268 274 281 289 298 295 293 290 287 285 283 284 280 275 270 265 260 254 249 244 242 257 271 285 298 312 326 329 337 338 340 343 344 346 347 351 349 335 321 307 294 280 266 261 260 269 278 287 296 305 314 317 324 325 326 326 327 328 329 331 328 319 311 304

crearDespacho --mercado --conDemandaTotal
4
0.02 0.07 0.145 1.0
370 600 2400 4000
757 688 640 617 611 625 619 665 725 766 797 830 855 882 892 899 887 864 822 844 948 944 920 868 796 726 671 650 643 650 649 693 754 798 839 878 911 937 953 955 939 903 847 854 950 946 917 869 724 694 659 636 625 629 607 620 665 716 758 794 838 880 892 896 887 878 817 824 920 903 859 818 781 725 679 647 629 619 583 579 608 651 697 745 805 858 886 890 886 856 811 814 911 949 958 932 835 796 755 718 707 707 699 738 795 854 903 947 991 1025 1026 1022 1003 952 888 906 979 970 942 886 809 750 706 682 674 682 692 733 806 868 903 929 954 974 976 970 953 903 851 869 950 935 917 869 799 728 680 661 654 674 687 711 769 816 848 862 864 865 854 840 824 802 764 806 886 867 833 789 729 667 623 603 600 613 628 667 727 773 798 820 832 841 838 832 825 796 755 790 878 860 840 794 726 664 623 604 601 614 620 662 714 761 774 757 817 839 845 842 825 801 755 805 893 874 839 794 736 680 634 610 599 606 595 604 645 689 719 745 764 770 763 755 751 738 721 775 845 821 784 743 695 643 601 577 565 562 534 524 557 592 627 652 675 694 695 694 692 688 669 725 812 810 802 764 703 644 606 588 589 607 618 662 722 771 799 827 842 859 862 862 851 822 774 815 905 894 878 827 743 682 640 620 617 637 658 689 735 781 812 857 887 895 899 905 892 846 794 834 911 896 874 829 767 703 661 634 629 640 650 690 752 799 830 851 864 878 878 879 865 841 791 842 912 908 875 821 757 693 655 633 625 636 658 706 755 815 865 919 938 946 964 956 938 900 836 866 948 934 911 862

configurarSolver --Cplex
resolver --noConstante salida.csv
finalizar
