inicializar --t 360

agregarAgente --SaltoGrande
0.00116200
1696918051
2524 2527 2529 2532 2550 2566 2582 2598 2613 2629 2645 2661 2693 2709 2725 2741 2756 2772 2788 2804 2836 2852 2868 2884 2899 2915 2931 2947 2992 3022 3051 3080 3110 3139 3169 3198 3257 3286 3315 3345 3374 3404 3433 3462 3521 3550 3580 3609 3639 3668 3697 3727 3836 3916 3996 4076 4156 4236 4315 4395 4555 4635 4715 4795 4875 4955 5035 5115 5275 5355 5434 5514 5594 5674 5754 5834 5880 5847 5813 5780 5746 5713 5679 5646 5578 5545 5511 5478 5444 5411 5377 5344 5276 5243 5209 5176 5142 5109 5075 5042 5002 4996 4990 4984 4977 4971 4965 4959 4947 4941 4935 4929 4922 4916 4910 4904 4892 4886 4880 4874 4867 4861 4855 4849 4844 4844 4845 4846 4847 4847 4848 4849 4850 4851 4852 4853 4853 4854 4855 4856 4857 4858 4859 4859 4860 4861 4862 4862 4892 4921 4950 4979 5008 5037 5066 5095 5153 5182 5211 5240 5268 5297 5326 5355 5413 5442 5471 5500 5529 5558 5587 5616 5694 5743 5793 5842 5891 5940 5989 6038 6137 6186 6235 6284 6334 6383 6432 6481 6580 6629 6678 6727 6776 6825 6875 6924 7007 7041 7076 7110 7144 7178 7212 7246 7315 7349 7383 7417 7452 7486 7520 7554 7623 7657 7691 7725 7759 7793 7828 7862 7929 7962 7996 8029 8062 8095 8129 8162 8228 8261 8295 8328 8361 8394 8428 8461 8527 8560 8594 8627 8660 8693 8727 8760 8809 8826 8842 8858 8874 8891 8907 8923 8956 8972 8989 9005 9021 9037 9054 9070 9103 9119 9135 9152 9168 9184 9200 9217 9234 9236 9237 9239 9240 9242 9243 9245 9248 9249 9251 9252 9254 9255 9257 9258 9261 9263 9264 9266 9267 9269 9270 9272 9239 9205 9172 9138 9104 9070 9037 9003 8935 8901 8868 8834 8800 8766 8733 8699 8631 8597 8564 8530 8496 8462 8429 8395 8324 8287 8250 8213 8177 8140 8103 8066 7992 7955 7918 7881 7845 7808 7771 7734 7660 7623 7586 7549 7513 7476 7439 7402 7332 7298 7265 7231 7198 7164 7131 7097 7030 6997 6963 6930 6896 6863 6829 6796 6729 6695 6662 6628

agregarAgente --UnidadTermicaSimple
200
100

agregarAgente --DemandaFija
3.125000e+02 299 2.855000e+02 2.765000e+02 260 2.555000e+02 2.495000e+02 245 2.375000e+02 2.315000e+02 227 2.225000e+02 2.315000e+02 242 254 266 278 287 3.005000e+02 311 3.155000e+02 3.155000e+02 314 314 314 3.125000e+02 3.125000e+02 305 3.125000e+02 3.275000e+02 3.455000e+02 362 377 395 4.115000e+02 425 440 4.325000e+02 4.265000e+02 4.205000e+02 4.145000e+02 4.085000e+02 4.025000e+02 4.025000e+02 398 3.935000e+02 389 386 3.815000e+02 377 3.725000e+02 368 377 3.845000e+02 3.935000e+02 4.025000e+02 4.115000e+02 419 428 440 452 4.535000e+02 455 4.565000e+02 458 458 461 461 461 461 4.625000e+02 461 461 461 461 461 464 467 470 473 476 479 482 485 485 4.835000e+02 4.835000e+02 4.835000e+02 4.835000e+02 4.835000e+02 482 4.775000e+02 4.745000e+02 4.745000e+02 473 4.715000e+02 4.715000e+02 4.715000e+02 4.715000e+02 4.715000e+02 4.745000e+02 4.865000e+02 4.985000e+02 512 524 5.375000e+02 551 5.525000e+02 5.555000e+02 569 584 596 6.095000e+02 623 6.365000e+02 6.365000e+02 626 599 5.705000e+02 5.435000e+02 5.165000e+02 488 461 449 4.355000e+02 428 4.205000e+02 4.115000e+02 404 395 3.875000e+02 386 389 416 443 470 497 524 551 557 5.585000e+02 5.345000e+02 5.105000e+02 4.865000e+02 4.625000e+02 4.385000e+02 4.145000e+02 4.115000e+02 4.055000e+02 410 416 422 4.265000e+02 431 4.355000e+02 4.355000e+02 440 458 4.775000e+02 4.955000e+02 515 533 551 5.585000e+02 560 548 536 5.225000e+02 512 4.985000e+02 488 4.835000e+02 4.775000e+02 4.625000e+02 449 434 4.205000e+02 407 3.935000e+02 392 401 4.325000e+02 464 4.955000e+02 527 5.585000e+02 590 599 6.095000e+02 5.975000e+02 5.885000e+02 5.765000e+02 566 554 545 5.465000e+02 557 572 587 602 617 632 6.455000e+02 656 665 6.545000e+02 644 632 6.215000e+02 6.095000e+02 5.975000e+02 599 6.005000e+02 596 5.915000e+02 5.885000e+02 5.825000e+02 578 5.735000e+02 575 5.795000e+02 584 587 5.915000e+02 5.945000e+02 5.975000e+02 602 6.065000e+02 611 6.185000e+02 6.275000e+02 6.335000e+02 641 6.485000e+02 6.575000e+02 659 656 6.455000e+02 6.365000e+02 6.275000e+02 6.185000e+02 6.065000e+02 5.975000e+02 5.945000e+02 596 6.035000e+02 611 6.185000e+02 6.245000e+02 632 6.395000e+02 644 650 656 6.635000e+02 6.695000e+02 677 683 6.905000e+02 692 6.905000e+02 677 6.665000e+02 656 644 632 620 6.185000e+02 6.185000e+02 623 629 6.335000e+02 6.395000e+02 644 650 653 656 659 6.605000e+02 6.635000e+02 6.665000e+02 6.695000e+02 6.725000e+02 6.725000e+02 6.695000e+02 665 659 6.515000e+02 6.455000e+02 6.395000e+02 632 632 632 6.365000e+02 641 647 6.515000e+02 656 662 6.635000e+02 665 6.635000e+02 662 6.605000e+02 659 659 656 656 6.545000e+02 6.485000e+02 644 6.395000e+02 6.335000e+02 629 623 6.215000e+02 6.185000e+02 617 6.155000e+02 6.155000e+02 614 6.125000e+02 6.125000e+02 611 6.095000e+02 614 6.185000e+02 6.215000e+02 6.245000e+02 6.275000e+02 632 632 617 5.975000e+02 5.795000e+02 5.615000e+02 5.435000e+02 524 506 491 4.745000e+02 4.745000e+02 473 4.715000e+02 4.715000e+02 470 470 467 4.715000e+02 479 485 4.925000e+02 4.985000e+02 5.045000e+02 512 5.165000e+02 515 5.075000e+02 503 497

crearDespacho --mercado --conDemandaTotal
4
0.02 0.07 0.145 1.0
370 600 2400 4000
623 563 538 529 531 555 622 670 700 722 737 766 769 757 750 743 742 745 799 883 892 865 812 744 672 609 568 550 550 571 637 683 712 736 755 782 787 794 800 802 797 794 839 912 908 878 838 774 700 636 598 581 583 603 667 709 734 761 790 821 833 844 843 845 840 828 872 938 929 898 848 781 703 639 605 591 587 608 674 720 742 768 792 826 841 857 856 850 862 847 873 918 928 905 866 803 729 671 628 611 608 625 674 731 764 788 807 823 836 832 804 790 782 776 830 880 871 838 789 737 673 619 580 563 555 563 583 592 613 662 692 707 724 722 719 718 723 737 802 848 830 795 745 699 650 600 562 536 526 525 534 517 527 566 600 622 649 665 670 664 655 658 749 803 791 771 745 710 655 599 565 548 534 551 584 615 654 694 723 748 760 769 755 740 744 758 821 868 865 838 794 733 664 609 568 553 561 580 636 689 711 727 745 773 767 760 749 741 737 742 813 863 869 847 806 740 665 604 566 554 554 572 635 691 720 754 775 803 808 805 799 792 785 781 851 899 892 865 824 762 687 624 584 570 569 587 654 702 722 748 767 797 815 821 823 827 821 814 883 923 918 889 837 788 715 641 593 578 579 604 667 710 736 776 801 836 868 900 908 897 875 854 869 908 890 859 817 761 698 641 598 575 566 571 592 606 634 674 709 745 758 765 749 733 732 748 826 850 838 800 755 712 664 614 578 557 548 544 548 542 548 588 636 661 675 691 696 700 682 703 764 793 789 777 752 699 632 576 545 532 534 551 608 661 696 733 759 778 775 755 736 722 712 722 788 815 826 802 747 689

configurarSolver --Cplex
resolver --noConstante salida.csv
finalizar
