inicializar --t 360

agregarAgente --SaltoGrande
0.00062300
2509064937
6595 6561 6528 6494 6421 6381 6341 6301 6261 6221 6181 6141 6061 6021 5981 5941 5900 5860 5820 5780 5700 5660 5620 5580 5540 5500 5460 5420 5353 5326 5299 5272 5244 5217 5190 5163 5109 5082 5055 5028 5000 4973 4946 4919 4865 4838 4811 4784 4756 4729 4702 4675 4622 4596 4570 4544 4519 4493 4467 4441 4389 4363 4337 4311 4286 4260 4234 4208 4156 4130 4104 4078 4053 4027 4001 3975 3933 3918 3902 3887 3871 3856 3840 3825 3794 3778 3763 3747 3732 3716 3701 3685 3654 3639 3623 3608 3592 3577 3561 3546 3519 3508 3497 3486 3475 3464 3454 3443 3421 3410 3399 3388 3377 3366 3355 3344 3322 3311 3301 3290 3279 3268 3257 3246 3237 3239 3241 3243 3245 3247 3248 3250 3254 3256 3258 3260 3262 3264 3266 3268 3272 3274 3275 3277 3279 3281 3283 3285 3285 3284 3282 3281 3279 3277 3276 3274 3271 3269 3268 3266 3265 3263 3262 3260 3257 3255 3254 3252 3250 3249 3247 3246 3241 3239 3236 3234 3231 3229 3226 3224 3218 3216 3213 3211 3208 3206 3203 3201 3195 3193 3190 3188 3185 3183 3180 3178 3175 3174 3174 3173 3173 3173 3172 3172 3171 3171 3170 3170 3169 3169 3168 3168 3167 3167 3166 3166 3166 3165 3165 3164 3170 3175 3181 3186 3192 3198 3203 3209 3220 3226 3231 3237 3242 3248 3253 3259 3270 3276 3281 3287 3293 3298 3304 3309 3319 3322 3326 3330 3334 3337 3341 3345 3352 3356 3359 3363 3367 3371 3374 3378 3385 3389 3393 3396 3400 3404 3408 3411 3430 3445 3459 3474 3489 3504 3518 3533 3563 3578 3592 3607 3622 3637 3651 3666 3696 3711 3725 3740 3755 3770 3784 3799 3818 3822 3825 3829 3833 3837 3841 3845 3852 3856 3860 3864 3867 3871 3875 3879 3886 3890 3894 3898 3902 3906 3909 3913 3945 3973 4001 4029 4057 4085 4113 4141 4197 4225 4253 4281 4310 4338 4366 4394 4450 4478 4506 4534 4562 4590 4618 4646 4666 4658 4649 4641 4633 4625 4617 4609 4592 4584 4576 4568 4559 4551 4543 4535 4518 4510 4502 4494

agregarAgente --UnidadTermicaSimple
200
100

agregarAgente --DemandaFija
491 485 4.805000e+02 4.715000e+02 4.745000e+02 4.865000e+02 497 509 521 533 5.435000e+02 557 569 5.645000e+02 5.585000e+02 554 5.495000e+02 5.435000e+02 5.405000e+02 539 5.375000e+02 5.465000e+02 557 5.645000e+02 5.735000e+02 5.825000e+02 5.915000e+02 5.915000e+02 5.915000e+02 584 578 5.705000e+02 5.645000e+02 557 5.495000e+02 5.495000e+02 5.465000e+02 5.465000e+02 548 548 5.495000e+02 551 5.525000e+02 5.495000e+02 539 533 524 515 5.075000e+02 4.985000e+02 4.895000e+02 4.835000e+02 4.745000e+02 467 461 4.565000e+02 449 443 437 434 4.355000e+02 4.475000e+02 458 467 479 4.895000e+02 4.985000e+02 503 4.985000e+02 485 4.715000e+02 455 4.415000e+02 4.265000e+02 4.115000e+02 4.025000e+02 3.905000e+02 3.845000e+02 380 3.755000e+02 3.695000e+02 365 359 3.545000e+02 3.545000e+02 3.635000e+02 3.725000e+02 3.815000e+02 389 3.995000e+02 407 4.115000e+02 4.085000e+02 395 3.815000e+02 368 3.545000e+02 341 3.275000e+02 3.185000e+02 3.155000e+02 3.215000e+02 329 335 3.425000e+02 3.485000e+02 356 362 371 3.785000e+02 386 395 4.025000e+02 4.085000e+02 4.175000e+02 419 4.115000e+02 398 3.845000e+02 371 3.575000e+02 344 3.305000e+02 320 308 3.035000e+02 299 293 287 2.825000e+02 278 275 281 293 3.065000e+02 3.185000e+02 332 3.455000e+02 3.575000e+02 365 362 350 338 326 314 302 2.915000e+02 278 269 2.675000e+02 263 260 2.585000e+02 2.555000e+02 251 254 2.675000e+02 2.765000e+02 287 296 305 3.155000e+02 3.245000e+02 335 3.365000e+02 3.395000e+02 341 344 3.455000e+02 3.485000e+02 350 344 350 362 371 380 389 3.995000e+02 4.085000e+02 4.235000e+02 4.385000e+02 434 4.295000e+02 425 4.205000e+02 416 4.115000e+02 4.115000e+02 3.995000e+02 389 377 3.665000e+02 356 344 3.335000e+02 3.215000e+02 3.215000e+02 332 344 3.545000e+02 3.665000e+02 3.755000e+02 3.875000e+02 398 4.085000e+02 4.085000e+02 410 410 4.115000e+02 4.115000e+02 4.115000e+02 413 398 383 368 353 338 323 308 2.945000e+02 284 290 2.945000e+02 3.005000e+02 305 3.095000e+02 3.155000e+02 3.215000e+02 332 338 344 350 356 362 368 3.755000e+02 368 353 341 3.275000e+02 3.125000e+02 3.005000e+02 287 272 263 2.675000e+02 272 2.765000e+02 281 2.855000e+02 2.885000e+02 293 305 3.125000e+02 320 3.275000e+02 3.365000e+02 344 3.515000e+02 359 356 3.455000e+02 335 323 3.125000e+02 3.035000e+02 2.915000e+02 281 278 2.855000e+02 2.915000e+02 299 3.065000e+02 314 3.215000e+02 3.275000e+02 3.395000e+02 344 347 350 3.545000e+02 359 362 3.665000e+02 359 3.485000e+02 3.395000e+02 329 3.185000e+02 3.095000e+02 299 287 2.765000e+02 2.765000e+02 2.765000e+02 2.765000e+02 275 2.735000e+02 272 2.735000e+02 2.855000e+02 299 311 323 335 3.485000e+02 3.605000e+02 3.725000e+02 377 368 359 3.515000e+02 344 335 326 3.185000e+02 3.095000e+02 308 3.065000e+02 305 3.035000e+02 302 3.005000e+02 299 3.095000e+02 3.185000e+02 3.305000e+02 341 350 362 3.725000e+02 383 383 374 3.665000e+02 3.575000e+02 3.485000e+02 3.395000e+02 3.305000e+02 3.215000e+02 314 314 317 317 320 3.215000e+02 323 326 338 3.485000e+02 3.575000e+02 3.665000e+02 377 386 395 404 4.085000e+02 4.025000e+02 398 392

crearDespacho --mercado --conDemandaTotal
4
0.02 0.07 0.145 1.0
370 600 2400 4000
630 567 523 499 487 485 490 476 490 539 580 611 626 621 599 589 589 619 721 761 776 767 737 688 624 565 532 515 513 540 608 665 712 741 760 786 783 776 761 762 770 799 862 886 884 865 822 750 662 598 560 545 545 565 628 700 722 743 758 776 770 760 754 743 739 747 839 880 886 859 817 755 670 601 557 545 548 568 634 705 724 753 771 793 788 781 766 759 759 778 843 865 860 838 794 739 670 606 562 544 539 545 571 594 622 662 690 710 727 734 716 706 707 718 814 838 833 799 752 708 655 598 554 526 512 511 517 508 530 576 614 638 655 655 640 632 632 653 754 787 796 786 756 707 652 591 552 541 547 571 639 699 725 750 766 790 787 773 758 746 742 748 838 877 884 870 822 758 680 612 571 556 559 571 636 695 722 742 759 774 785 771 755 742 749 779 857 878 884 869 826 766 681 610 569 549 548 572 638 707 725 754 771 794 791 778 769 756 758 779 867 892 890 871 830 760 679 611 571 555 556 572 637 698 736 760 782 803 810 805 787 782 784 811 874 895 890 862 820 756 678 610 569 553 551 574 640 709 728 758 784 811 805 791 775 760 762 776 854 878 872 847 808 755 689 620 575 551 547 555 580 598 632 676 695 705 711 708 694 685 687 712 826 849 839 810 773 727 670 610 562 537 526 523 533 530 557 614 652 663 659 631 601 597 607 635 745 777 787 779 754 704 649 587 553 539 546 565 634 720 736 767 784 801 797 781 766 754 749 772 876 908 915 894 841 770 688 617 575 560 564 587 663 740 751 775 787 803 793 781 763 751 753 776 879 909 926 907 861 791

configurarSolver --Cplex
resolver --noConstante salida.csv
finalizar
