inicializar --t 360

agregarAgente --SaltoGrande
0.00323000
2200464102
5841 5865 5888 5912 5953 5970 5987 6004 6021 6038 6055 6072 6106 6123 6140 6157 6174 6191 6208 6225 6259 6276 6293 6310 6327 6344 6361 6378 6406 6417 6428 6439 6450 6461 6471 6482 6504 6515 6526 6537 6548 6559 6570 6581 6603 6614 6624 6635 6646 6657 6668 6679 6698 6705 6713 6721 6728 6736 6743 6751 6766 6774 6782 6789 6797 6804 6812 6820 6835 6843 6850 6858 6865 6873 6881 6888 6869 6842 6815 6788 6761 6734 6707 6680 6626 6599 6572 6545 6519 6492 6465 6438 6384 6357 6330 6303 6276 6249 6222 6195 6142 6117 6091 6065 6040 6014 5988 5963 5911 5886 5860 5834 5809 5783 5757 5732 5680 5655 5629 5603 5578 5552 5526 5501 5452 5429 5405 5382 5359 5336 5313 5290 5243 5220 5197 5174 5150 5127 5104 5081 5034 5011 4988 4965 4942 4919 4895 4872 4818 4786 4755 4723 4692 4661 4629 4598 4535 4504 4472 4441 4409 4378 4346 4315 4252 4221 4189 4158 4127 4095 4064 4032 4003 4006 4008 4011 4013 4016 4018 4021 4025 4028 4030 4033 4035 4038 4040 4043 4047 4050 4052 4055 4057 4060 4062 4065 4065 4062 4060 4057 4055 4052 4050 4047 4042 4040 4037 4035 4032 4030 4027 4025 4020 4017 4015 4012 4010 4007 4005 4002 4002 4005 4007 4009 4012 4014 4017 4019 4024 4026 4028 4031 4033 4036 4038 4040 4045 4047 4050 4052 4055 4057 4059 4062 4071 4078 4085 4092 4099 4106 4113 4120 4134 4141 4148 4155 4163 4170 4177 4184 4198 4205 4212 4219 4226 4233 4240 4247 4265 4276 4287 4299 4310 4321 4332 4343 4365 4377 4388 4399 4410 4421 4432 4444 4466 4477 4488 4499 4510 4522 4533 4544 4567 4578 4590 4601 4613 4625 4636 4648 4671 4683 4694 4706 4717 4729 4740 4752 4775 4787 4798 4810 4822 4833 4845 4856 4879 4889 4900 4911 4922 4932 4943 4954 4975 4986 4997 5008 5018 5029 5040 5051 5072 5083 5094 5104 5115 5126 5137 5147 5192 5226 5260 5294 5328 5362 5397 5431 5499 5533 5567 5601 5635 5669 5703 5737 5805 5839 5874 5908

agregarAgente --UnidadTermicaSimple
200
100

agregarAgente --DemandaFija
272 2.195000e+02 167 167 167 263 359 455 551 647 743 743 743 7.055000e+02 671 635 5.975000e+02 5.615000e+02 5.255000e+02 5.255000e+02 5.255000e+02 4.685000e+02 4.115000e+02 353 296 239 1.805000e+02 1.805000e+02 1.805000e+02 278 3.755000e+02 4.715000e+02 569 6.665000e+02 764 764 764 7.445000e+02 722 701 6.815000e+02 6.605000e+02 6.395000e+02 6.395000e+02 6.395000e+02 581 5.225000e+02 4.625000e+02 4.055000e+02 3.455000e+02 2.885000e+02 2.885000e+02 2.885000e+02 386 485 5.825000e+02 680 7.775000e+02 8.765000e+02 8.765000e+02 8.765000e+02 851 8.255000e+02 7.985000e+02 773 749 722 722 722 653 5.825000e+02 515 4.445000e+02 3.755000e+02 305 305 305 3.815000e+02 458 533 6.095000e+02 686 761 761 761 791 821 851 881 9.095000e+02 9.395000e+02 9.395000e+02 9.395000e+02 872 803 7.355000e+02 668 599 533 533 533 6.425000e+02 755 866 977 1.086500e+03 1199 1199 1199 1.182500e+03 1.164500e+03 1.149500e+03 1133 1.116500e+03 1100 1100 1100 1.077500e+03 1055 1034 1.011500e+03 989 9.665000e+02 9.665000e+02 9.665000e+02 9.695000e+02 971 971 974 9.755000e+02 9.785000e+02 9.785000e+02 9.785000e+02 950 9.245000e+02 8.975000e+02 8.705000e+02 8.435000e+02 8.165000e+02 8.165000e+02 8.165000e+02 785 755 722 692 6.605000e+02 6.305000e+02 6.305000e+02 6.305000e+02 587 5.435000e+02 500 4.565000e+02 413 3.695000e+02 3.695000e+02 3.695000e+02 374 3.785000e+02 383 3.875000e+02 392 3.965000e+02 3.965000e+02 3.965000e+02 404 4.115000e+02 419 4.265000e+02 434 4.415000e+02 4.415000e+02 4.415000e+02 512 581 6.515000e+02 7.205000e+02 791 8.615000e+02 8.615000e+02 8.615000e+02 8.675000e+02 8.765000e+02 884 8.915000e+02 899 9.065000e+02 9.065000e+02 9.065000e+02 8.675000e+02 827 788 749 7.085000e+02 6.695000e+02 6.695000e+02 6.695000e+02 722 776 830 884 938 992 992 992 9.575000e+02 9.245000e+02 890 857 821 788 788 788 7.595000e+02 7.325000e+02 704 677 6.485000e+02 6.215000e+02 6.215000e+02 6.215000e+02 659 6.965000e+02 7.355000e+02 773 8.105000e+02 848 848 848 791 7.355000e+02 677 620 5.645000e+02 5.075000e+02 5.075000e+02 5.075000e+02 4.985000e+02 491 4.835000e+02 4.745000e+02 467 4.595000e+02 4.595000e+02 4.595000e+02 4.925000e+02 5.255000e+02 557 590 623 656 656 656 623 5.885000e+02 554 521 4.865000e+02 452 452 452 449 4.475000e+02 4.445000e+02 4.415000e+02 4.385000e+02 4.355000e+02 4.355000e+02 4.355000e+02 530 626 719 815 9.095000e+02 1.005500e+03 1.005500e+03 1.005500e+03 950 8.945000e+02 8.405000e+02 7.865000e+02 731 677 677 677 6.365000e+02 596 557 5.165000e+02 476 4.385000e+02 4.385000e+02 4.385000e+02 5.435000e+02 6.485000e+02 7.535000e+02 8.585000e+02 9.635000e+02 1.068500e+03 1.068500e+03 1.068500e+03 1.023500e+03 9.785000e+02 932 887 8.405000e+02 7.955000e+02 7.955000e+02 7.955000e+02 764 731 698 665 6.335000e+02 6.005000e+02 6.005000e+02 6.005000e+02 668 7.355000e+02 803 872 938 1007 1007 1007 9.845000e+02 9.635000e+02 9.425000e+02 920 899 878 878 878 839 8.015000e+02 764 7.265000e+02 6.875000e+02 6.515000e+02 6.515000e+02 6.515000e+02 746 8.405000e+02 9.365000e+02 1.032500e+03 1.128500e+03 1223 1223 1223 1196 1169 1142 1.116500e+03 1088 1.062500e+03 1.062500e+03 1.062500e+03 1019 977 9.335000e+02

crearDespacho --mercado --conDemandaTotal
4
0.02 0.07 0.145 1.0
370 600 2400 4000
757 688 640 617 611 625 619 665 725 766 797 830 855 882 892 899 887 864 822 844 948 944 920 868 796 726 671 650 643 650 649 693 754 798 839 878 911 937 953 955 939 903 847 854 950 946 917 869 724 694 659 636 625 629 607 620 665 716 758 794 838 880 892 896 887 878 817 824 920 903 859 818 781 725 679 647 629 619 583 579 608 651 697 745 805 858 886 890 886 856 811 814 911 949 958 932 835 796 755 718 707 707 699 738 795 854 903 947 991 1025 1026 1022 1003 952 888 906 979 970 942 886 809 750 706 682 674 682 692 733 806 868 903 929 954 974 976 970 953 903 851 869 950 935 917 869 799 728 680 661 654 674 687 711 769 816 848 862 864 865 854 840 824 802 764 806 886 867 833 789 729 667 623 603 600 613 628 667 727 773 798 820 832 841 838 832 825 796 755 790 878 860 840 794 726 664 623 604 601 614 620 662 714 761 774 757 817 839 845 842 825 801 755 805 893 874 839 794 736 680 634 610 599 606 595 604 645 689 719 745 764 770 763 755 751 738 721 775 845 821 784 743 695 643 601 577 565 562 534 524 557 592 627 652 675 694 695 694 692 688 669 725 812 810 802 764 703 644 606 588 589 607 618 662 722 771 799 827 842 859 862 862 851 822 774 815 905 894 878 827 743 682 640 620 617 637 658 689 735 781 812 857 887 895 899 905 892 846 794 834 911 896 874 829 767 703 661 634 629 640 650 690 752 799 830 851 864 878 878 879 865 841 791 842 912 908 875 821 757 693 655 633 625 636 658 706 755 815 865 919 938 946 964 956 938 900 836 866 948 934 911 862

configurarSolver --Cplex
resolver --noConstante salida.csv
finalizar
