inicializar --t 360

agregarAgente --SaltoGrande
0.00038400
1115367887
4429 4465 4500 4536 4639 4705 4772 4839 4906 4972 5039 5106 5239 5306 5373 5440 5506 5573 5640 5707 5840 5907 5974 6040 6107 6174 6241 6307 6456 6537 6619 6701 6783 6864 6946 7028 7191 7273 7355 7437 7518 7600 7682 7764 7927 8009 8091 8172 8254 8336 8418 8499 8609 8636 8664 8692 8719 8747 8775 8802 8858 8885 8913 8941 8968 8996 9024 9051 9107 9134 9162 9190 9217 9245 9273 9300 9337 9347 9356 9365 9374 9384 9393 9402 9421 9430 9439 9448 9458 9467 9476 9485 9504 9513 9522 9532 9541 9550 9559 9569 9563 9548 9533 9519 9504 9489 9474 9459 9429 9415 9400 9385 9370 9355 9340 9326 9296 9281 9266 9251 9236 9222 9207 9192 9139 9102 9064 9026 8989 8951 8913 8876 8800 8763 8725 8687 8650 8612 8574 8537 8461 8424 8386 8348 8311 8273 8235 8198 8103 8046 7988 7931 7874 7817 7760 7703 7588 7531 7474 7417 7359 7302 7245 7188 7073 7016 6959 6902 6845 6788 6730 6673 6584 6553 6521 6490 6458 6427 6395 6364 6301 6269 6238 6206 6175 6143 6112 6080 6017 5986 5954 5923 5891 5860 5828 5797 5725 5684 5644 5603 5563 5523 5482 5442 5361 5321 5280 5240 5199 5159 5118 5078 4997 4957 4916 4876 4836 4795 4755 4714 4648 4623 4597 4571 4545 4520 4494 4468 4417 4391 4366 4340 4314 4288 4263 4237 4186 4160 4134 4109 4083 4057 4031 4006 3950 3920 3891 3861 3831 3801 3772 3742 3682 3652 3623 3593 3563 3533 3504 3474 3414 3384 3355 3325 3295 3265 3236 3206 3161 3145 3130 3114 3099 3083 3068 3052 3021 3006 2990 2975 2959 2944 2928 2913 2882 2866 2851 2835 2820 2804 2789 2773 2755 2753 2750 2747 2744 2742 2739 2736 2731 2728 2726 2723 2720 2717 2715 2712 2707 2704 2701 2699 2696 2693 2690 2688 2677 2669 2661 2653 2645 2637 2629 2621 2605 2597 2589 2581 2573 2565 2557 2549 2533 2525 2517 2509 2501 2493 2485 2477 2471 2474 2476 2479 2481 2483 2486 2488 2493 2495 2498 2500 2503 2505 2508 2510 2515 2517 2520 2522

agregarAgente --UnidadTermicaSimple
200
100

agregarAgente --DemandaFija
266 265 263 263 259 256 254 251 250 247 244 241 242 254 266 278 290 302 314 318 322 313 304 295 286 278 268 268 263 259 255 251 247 244 239 235 239 251 263 275 287 299 311 319 328 326 326 324 323 322 321 323 329 335 341 348 354 360 366 371 377 377 378 378 379 380 380 380 380 382 383 384 386 386 388 386 389 388 388 387 386 384 384 388 392 398 405 412 419 425 432 432 430 420 409 399 389 379 368 366 366 370 373 377 381 384 388 390 393 400 405 412 418 423 430 430 429 420 412 404 395 386 377 376 376 377 379 380 381 382 383 385 385 390 395 400 404 409 413 412 409 401 394 385 377 370 362 359 357 358 358 359 359 360 360 361 360 364 367 371 374 377 381 380 374 365 357 348 339 331 321 317 313 311 310 308 307 305 304 303 302 307 311 314 319 323 326 327 323 314 305 296 287 279 270 264 251 244 238 232 224 218 211 204 200 202 206 208 211 213 216 218 223 227 231 235 238 242 246 248 255 265 275 286 295 305 315 319 324 319 314 310 305 299 295 295 293 289 284 279 275 270 265 263 263 263 265 266 267 269 270 271 271 274 275 277 278 281 281 281 277 271 265 259 253 247 241 238 235 235 235 234 234 234 234 234 235 238 241 244 248 251 254 254 248 239 229 219 210 200 190 184 179 181 184 185 188 191 193 196 200 209 218 226 235 244 253 256 249 233 218 202 187 171 156 146 141 145 149 152 157 161 165 169 173 179 182 187 191 196 200 201 197 187 178 168 159 150 140 134 131 135 139 143 147 151 155 158 165 172 179 185 192 198 205 211 209 200 191 184

crearDespacho --mercado --conDemandaTotal
4
0.02 0.07 0.145 1.0
370 600 2400 4000
661 605 565 539 530 528 530 504 532 571 601 621 637 637 627 623 630 643 677 773 796 779 749 698 638 588 551 537 539 560 619 654 692 726 749 774 772 766 761 751 743 733 755 851 865 840 800 745 671 607 572 559 563 586 646 694 726 751 776 800 801 803 784 770 761 756 777 869 874 850 810 748 670 611 576 562 560 579 637 677 706 735 751 780 791 787 783 778 770 752 771 871 871 844 808 740 664 604 566 552 553 573 625 662 695 731 757 802 811 818 821 816 811 796 803 892 883 861 830 777 684 621 580 574 594 609 650 697 729 756 774 800 797 788 777 773 768 773 817 867 854 821 776 728 667 611 573 551 548 560 581 578 619 658 688 711 731 731 704 689 686 695 739 824 811 773 729 683 635 583 544 521 512 512 515 481 497 539 586 616 634 643 631 622 625 659 731 785 793 780 758 709 647 596 562 548 549 567 616 668 714 754 784 811 824 824 832 823 824 794 817 902 912 892 845 781 707 640 596 583 581 601 664 707 746 776 808 849 868 884 892 896 893 872 884 967 965 935 889 831 753 682 638 620 620 634 687 724 772 822 866 922 958 980 996 1006 1001 973 980 1052 1040 998 938 871 789 714 656 634 628 632 673 715 737 764 782 803 800 779 750 732 728 726 770 836 847 824 779 720 646 590 553 535 538 558 620 665 687 706 721 740 730 716 700 692 697 705 759 829 836 817 783 725 664 605 562 544 537 545 570 576 614 650 664 681 692 696 677 671 676 691 746 821 820 788 742 699 646 593 548 521 509 506 517 491 518 557 588 613 622 621 608 599 606 625 683 773 788 774 740 685

configurarSolver --Cplex
resolver --noConstante salida.csv
finalizar
