inicializar --t 360

agregarAgente --SaltoGrande
0.00170000
2250689819
2790 2783 2776 2770 2770 2778 2785 2792 2800 2807 2814 2822 2836 2844 2851 2858 2866 2873 2880 2888 2902 2910 2917 2924 2932 2939 2946 2954 2949 2936 2924 2912 2899 2887 2875 2862 2838 2825 2813 2801 2788 2776 2764 2751 2727 2714 2702 2690 2677 2665 2653 2640 2624 2619 2615 2611 2606 2602 2597 2593 2584 2580 2576 2571 2567 2562 2558 2554 2545 2541 2536 2532 2527 2523 2519 2514 2508 2505 2503 2500 2498 2496 2493 2491 2486 2484 2481 2479 2476 2474 2471 2469 2464 2462 2459 2457 2455 2452 2450 2447 2451 2457 2464 2470 2476 2482 2488 2494 2507 2513 2519 2525 2532 2538 2544 2550 2563 2569 2575 2581 2587 2593 2600 2606 2624 2636 2647 2659 2671 2683 2694 2706 2730 2742 2753 2765 2777 2789 2800 2812 2836 2848 2859 2871 2883 2895 2906 2918 2927 2924 2920 2917 2914 2911 2908 2905 2898 2895 2892 2889 2885 2882 2879 2876 2869 2866 2863 2860 2857 2854 2850 2847 2843 2842 2841 2839 2838 2837 2836 2835 2833 2831 2830 2829 2828 2827 2826 2824 2822 2821 2820 2819 2818 2816 2815 2814 2807 2801 2796 2790 2784 2778 2772 2766 2755 2749 2743 2737 2732 2726 2720 2714 2703 2697 2691 2685 2679 2673 2668 2662 2647 2637 2628 2618 2609 2599 2590 2580 2562 2552 2543 2533 2524 2514 2505 2495 2477 2467 2458 2448 2439 2429 2420 2410 2411 2422 2432 2442 2452 2463 2473 2483 2504 2514 2524 2534 2545 2555 2565 2575 2596 2606 2616 2627 2637 2647 2657 2668 2686 2695 2703 2712 2720 2729 2737 2746 2762 2771 2779 2788 2796 2805 2813 2822 2838 2847 2855 2864 2872 2881 2889 2898 2912 2918 2924 2930 2936 2942 2948 2954 2966 2972 2978 2984 2991 2997 3003 3009 3021 3027 3033 3039 3045 3051 3057 3063 3069 3068 3068 3068 3067 3067 3066 3066 3065 3065 3065 3064 3064 3063 3063 3063 3062 3062 3061 3061 3060 3060 3060 3059 3055 3050 3046 3042 3037 3033 3028 3024 3015 3011 3007 3002 2998 2993 2989 2985 2976 2972 2967 2963

agregarAgente --UnidadTermicaSimple
200
100

agregarAgente --DemandaFija
515 506 496 493 490 497 505 512 520 527 534 534 541 547 554 560 567 574 581 587 586 560 533 507 481 455 428 422 418 439 461 482 503 525 547 549 556 561 567 573 579 584 590 596 593 566 539 512 485 458 432 424 416 434 452 470 487 505 523 525 533 542 553 562 571 581 591 598 600 576 551 527 502 477 453 449 441 456 471 486 501 515 530 527 527 530 533 536 539 542 545 548 548 524 499 475 450 425 400 397 396 412 428 444 460 476 492 494 505 513 522 530 539 548 556 563 561 536 510 485 460 434 409 400 394 409 424 439 454 470 485 488 499 518 537 556 575 595 613 621 620 594 568 542 515 489 463 455 448 462 476 489 503 517 531 531 537 541 545 549 553 557 562 566 562 535 507 479 452 425 398 389 385 390 395 400 405 410 416 419 427 434 440 446 452 459 465 469 465 448 431 415 398 382 364 357 350 366 381 396 412 427 442 443 449 454 459 463 469 473 479 482 482 457 433 409 385 360 335 331 325 342 359 375 392 409 425 425 427 431 434 438 442 446 450 452 451 427 404 382 358 335 313 308 303 320 338 356 374 391 409 408 410 415 421 427 433 439 444 448 449 420 391 363 335 306 277 275 272 284 296 308 320 332 344 344 346 350 356 361 367 372 378 379 379 346 315 283 250 218 185 185 185 194 203 212 220 230 238 239 242 263 284 304 325 346 367 368 368 336 304 273 241 209 177 176 177 217 257 298 337 377 418 421 431 445 458 470 484 497 510 518 518 481 445 409 372 336 299 290 286 312 339 365 392 419 445 450 459 463 466 470 475 478 482 486 482 444 407 370

crearDespacho --mercado --conDemandaTotal
4
0.02 0.07 0.145 1.0
370 600 2400 4000
709 638 595 578 578 600 667 763 798 848 887 917 929 932 926 919 931 971 1024 1042 1049 1025 977 897 787 699 641 622 622 638 710 814 854 909 948 983 987 983 981 967 962 987 1045 1063 1061 1033 979 912 826 736 668 635 625 631 658 687 733 805 842 856 868 877 879 879 885 924 1010 1024 1019 984 927 877 805 722 657 622 605 601 601 599 620 697 745 763 770 769 764 771 784 826 925 952 970 956 916 846 757 673 614 595 593 622 704 811 856 908 937 955 955 946 931 927 935 970 1048 1076 1097 1085 1039 945 827 725 667 641 641 661 735 851 894 942 970 1008 990 974 971 950 936 959 1068 1108 1131 1117 1070 977 875 763 700 670 662 698 779 890 924 974 987 989 966 941 917 897 901 944 1063 1106 1142 1151 1108 1018 901 766 693 667 666 689 776 910 970 1025 1043 1049 1022 1001 990 980 975 989 1093 1140 1137 1137 1099 1010 889 758 695 665 662 688 773 901 950 1000 1017 1023 1004 976 947 926 916 964 1066 1102 1118 1114 1061 989 874 769 698 658 647 653 689 731 781 849 868 860 839 820 799 786 797 862 993 1025 1017 983 935 875 794 709 643 604 589 586 591 601 614 678 736 760 772 772 755 748 754 800 887 914 924 917 885 816 727 643 595 588 599 622 706 802 864 922 962 985 961 945 922 904 899 941 1000 1034 1066 1053 997 911 799 700 640 614 616 635 707 818 862 912 932 951 925 928 957 944 934 968 1052 1078 1103 1109 1067 969 842 739 677 647 635 667 740 880 943 1006 1050 1080 1088 1089 1074 1052 1045 1074 1124 1144 1156 1151 1100 990 865 758 696 668 665 685 769 903 959 1019 1033 1043 1031 1022 995 971 976 1016 1121 1154 1170 1147 1091 1007

configurarSolver --Cplex
resolver --noConstante salida.csv
finalizar
