inicializar --t 360

agregarAgente --SaltoGrande
0.00039700
2719162864
4902 4901 4900 4900 4901 4903 4905 4907 4908 4910 4912 4914 4918 4920 4922 4924 4925 4927 4929 4931 4935 4937 4939 4941 4942 4944 4946 4948 4941 4932 4923 4914 4906 4897 4888 4879 4861 4852 4843 4834 4826 4817 4808 4799 4781 4772 4763 4754 4746 4737 4728 4719 4726 4741 4757 4773 4789 4804 4820 4836 4867 4883 4899 4915 4930 4946 4962 4978 5009 5025 5041 5056 5072 5088 5104 5119 5153 5171 5189 5207 5225 5243 5261 5279 5315 5333 5351 5369 5386 5404 5422 5440 5476 5494 5512 5530 5548 5566 5584 5602 5636 5653 5669 5686 5702 5718 5735 5751 5784 5800 5817 5833 5850 5866 5883 5899 5932 5948 5965 5981 5997 6014 6030 6047 6060 6058 6055 6052 6049 6047 6044 6041 6036 6033 6031 6028 6025 6022 6020 6017 6012 6009 6006 6004 6001 5998 5995 5993 5959 5929 5898 5868 5837 5807 5776 5746 5685 5654 5624 5593 5563 5532 5502 5471 5410 5380 5349 5319 5288 5258 5227 5197 5153 5139 5126 5112 5099 5085 5072 5058 5031 5018 5004 4991 4977 4964 4950 4937 4910 4896 4883 4869 4856 4842 4829 4815 4777 4752 4728 4703 4678 4653 4628 4603 4554 4529 4504 4479 4455 4430 4405 4380 4331 4306 4281 4256 4231 4206 4182 4157 4112 4091 4071 4050 4030 4009 3989 3968 3927 3907 3886 3866 3845 3825 3804 3784 3743 3722 3702 3681 3661 3640 3620 3599 3582 3584 3587 3590 3592 3595 3598 3600 3606 3608 3611 3614 3616 3619 3622 3624 3630 3632 3635 3638 3640 3643 3646 3648 3649 3647 3645 3643 3640 3638 3636 3634 3630 3628 3626 3624 3621 3619 3617 3615 3611 3609 3607 3605 3602 3600 3598 3596 3585 3575 3566 3556 3547 3537 3528 3518 3500 3490 3481 3471 3462 3452 3443 3433 3415 3405 3396 3386 3377 3367 3358 3348 3332 3324 3317 3309 3302 3294 3287 3279 3264 3257 3249 3242 3234 3227 3219 3212 3197 3189 3182 3174 3167 3159 3152 3144 3132 3126 3121 3116 3111 3105 3100 3095 3084 3079 3073 3068 3063 3058 3052 3047 3036 3031 3026 3020

agregarAgente --UnidadTermicaSimple
200
100

agregarAgente --DemandaFija
749 7.265000e+02 7.025000e+02 689 6.785000e+02 7.055000e+02 7.325000e+02 758 785 812 839 8.435000e+02 851 866 881 896 911 926 9.425000e+02 947 944 923 9.035000e+02 8.825000e+02 863 8.405000e+02 821 812 7.955000e+02 7.895000e+02 7.835000e+02 779 773 767 7.625000e+02 7.535000e+02 752 761 770 7.775000e+02 7.865000e+02 7.955000e+02 8.045000e+02 812 818 809 803 7.955000e+02 7.895000e+02 7.835000e+02 776 773 776 7.865000e+02 7.955000e+02 8.075000e+02 818 830 839 845 854 8.615000e+02 8.705000e+02 878 887 8.945000e+02 9.035000e+02 908 9.035000e+02 8.945000e+02 887 8.795000e+02 8.705000e+02 863 8.555000e+02 8.465000e+02 848 8.615000e+02 8.765000e+02 893 908 923 938 9.485000e+02 965 9.875000e+02 1010 1034 1.056500e+03 1.080500e+03 1.104500e+03 1.110500e+03 1118 1.098500e+03 1.077500e+03 1058 1.038500e+03 1016 9.965000e+02 9.965000e+02 9.905000e+02 9.875000e+02 986 983 9.815000e+02 9.785000e+02 9.755000e+02 9.695000e+02 9.605000e+02 974 986 998 1.011500e+03 1.023500e+03 1037 1034 1037 1.023500e+03 1.008500e+03 995 980 9.665000e+02 9.515000e+02 956 9.635000e+02 962 9.605000e+02 9.575000e+02 956 9.545000e+02 953 956 962 953 941 9.305000e+02 920 908 8.975000e+02 9.005000e+02 902 9.005000e+02 899 8.975000e+02 896 8.945000e+02 893 893 893 899 905 911 9.155000e+02 923 9.275000e+02 929 929 929 9.305000e+02 932 9.335000e+02 935 9.365000e+02 935 929 9.155000e+02 9.005000e+02 887 8.735000e+02 860 845 8.405000e+02 8.315000e+02 827 8.225000e+02 8.195000e+02 8.135000e+02 809 8.045000e+02 8.015000e+02 7.985000e+02 809 818 827 8.375000e+02 848 8.585000e+02 8.585000e+02 854 818 782 746 710 6.725000e+02 638 632 6.245000e+02 620 6.185000e+02 6.155000e+02 611 608 6.065000e+02 602 6.035000e+02 6.125000e+02 620 6.305000e+02 6.395000e+02 647 656 662 6.605000e+02 6.515000e+02 6.425000e+02 6.335000e+02 6.245000e+02 6.155000e+02 605 6.005000e+02 6.035000e+02 614 623 632 6.425000e+02 6.515000e+02 6.605000e+02 671 6.785000e+02 677 6.755000e+02 674 6.725000e+02 6.725000e+02 671 6.695000e+02 662 6.575000e+02 653 6.485000e+02 6.425000e+02 6.395000e+02 6.335000e+02 629 629 629 629 6.275000e+02 6.275000e+02 6.275000e+02 6.275000e+02 6.335000e+02 6.395000e+02 6.455000e+02 6.515000e+02 659 6.635000e+02 6.695000e+02 6.755000e+02 677 6.665000e+02 659 6.515000e+02 6.425000e+02 6.365000e+02 6.275000e+02 620 6.095000e+02 6.065000e+02 638 6.695000e+02 6.995000e+02 731 7.625000e+02 794 800 8.075000e+02 821 833 845 857 8.705000e+02 884 8.855000e+02 8.705000e+02 8.315000e+02 7.925000e+02 7.535000e+02 7.145000e+02 674 6.365000e+02 6.185000e+02 6.065000e+02 620 6.335000e+02 647 662 6.755000e+02 6.905000e+02 695 7.055000e+02 722 7.385000e+02 755 7.715000e+02 788 8.045000e+02 812 8.075000e+02 785 7.625000e+02 740 7.175000e+02 6.965000e+02 674 6.605000e+02 656 6.635000e+02 6.725000e+02 6.815000e+02 6.905000e+02 698 707 7.145000e+02 7.235000e+02 731 737 743 749 755 761 764 7.535000e+02 7.325000e+02 7.145000e+02 695 674 6.545000e+02 6.365000e+02 6.215000e+02 608 6.155000e+02 6.215000e+02 6.275000e+02 6.335000e+02 641 647 647 6.515000e+02 659 665 671 677 683 6.905000e+02 695 692 6.725000e+02 650 629

crearDespacho --mercado --conDemandaTotal
4
0.02 0.07 0.145 1.0
370 600 2400 4000
608 556 515 493 484 475 451 473 513 562 599 614 626 616 598 586 581 589 604 695 761 764 733 680 612 556 521 507 512 527 555 639 685 716 728 757 758 754 748 739 736 726 716 811 868 854 809 749 668 600 558 546 549 565 586 668 710 739 755 785 785 785 779 770 769 753 764 836 870 852 800 733 650 589 554 537 545 554 575 659 700 727 752 766 758 752 748 737 736 739 748 823 856 841 805 737 659 589 553 541 540 551 578 655 699 707 719 731 730 719 703 698 699 703 703 794 859 851 803 741 660 592 552 532 527 527 523 559 602 638 662 679 683 691 680 683 678 698 717 800 840 826 785 738 673 605 556 538 535 529 520 574 626 670 682 696 714 712 694 684 685 684 683 763 820 794 750 704 643 579 539 517 506 488 467 485 522 566 593 609 622 622 599 599 603 603 611 701 776 778 748 683 613 557 518 509 511 517 568 658 698 731 738 763 775 756 746 745 745 740 724 793 866 857 812 758 698 626 588 575 577 584 610 691 731 758 771 796 792 787 775 767 763 748 733 799 872 865 821 748 693 617 572 560 562 560 592 678 721 746 757 778 777 773 758 749 752 743 709 779 851 863 828 762 669 599 562 542 544 547 580 663 703 727 748 778 788 802 804 806 806 791 763 811 884 878 837 782 705 636 589 570 569 569 587 663 721 768 811 856 890 917 932 933 920 895 848 895 946 921 876 845 779 713 661 626 613 596 568 602 655 701 731 752 775 783 773 763 754 750 763 811 838 815 771 728 693 611 569 538 530 520 491 505 545 595 657 695 713 725 713 706 693 676 679 732 809 806 793 742

configurarSolver --Cplex
resolver --noConstante salida.csv
finalizar
