inicializar --t 360

agregarAgente --SaltoGrande
0.00089300
2625516646
2912 2908 2904 2901 2914 2931 2948 2964 2981 2998 3015 3032 3066 3082 3099 3116 3133 3150 3167 3183 3217 3234 3251 3268 3285 3301 3318 3335 3339 3326 3313 3300 3287 3274 3261 3248 3222 3209 3196 3183 3170 3157 3144 3131 3105 3092 3079 3066 3053 3040 3027 3014 2998 2994 2991 2987 2984 2980 2977 2973 2966 2963 2959 2956 2952 2949 2945 2942 2935 2931 2928 2924 2921 2917 2914 2910 2899 2891 2883 2875 2866 2858 2850 2842 2826 2818 2810 2802 2793 2785 2777 2769 2753 2745 2737 2729 2720 2712 2704 2696 2686 2684 2683 2681 2679 2677 2675 2673 2670 2668 2666 2664 2663 2661 2659 2657 2654 2652 2650 2648 2646 2644 2643 2641 2629 2620 2610 2601 2591 2582 2572 2563 2544 2534 2525 2515 2506 2496 2487 2477 2458 2449 2439 2430 2420 2411 2401 2392 2384 2386 2389 2391 2393 2395 2398 2400 2404 2406 2409 2411 2413 2415 2418 2420 2424 2426 2429 2431 2433 2435 2438 2440 2453 2464 2475 2486 2496 2507 2518 2529 2551 2562 2573 2584 2594 2605 2616 2627 2649 2660 2671 2682 2692 2703 2714 2725 2739 2742 2745 2748 2751 2754 2757 2760 2766 2769 2772 2775 2778 2781 2784 2787 2793 2796 2799 2802 2805 2808 2811 2814 2817 2818 2818 2818 2819 2819 2819 2820 2820 2821 2821 2821 2822 2822 2822 2823 2823 2824 2824 2824 2825 2825 2825 2826 2821 2817 2812 2807 2802 2798 2793 2788 2779 2774 2770 2765 2760 2755 2751 2746 2737 2732 2727 2723 2718 2713 2708 2704 2689 2679 2670 2660 2650 2640 2630 2620 2601 2591 2581 2571 2562 2552 2542 2532 2513 2503 2493 2483 2473 2463 2454 2444 2431 2429 2426 2423 2421 2418 2415 2413 2407 2405 2402 2399 2397 2394 2391 2389 2383 2381 2378 2375 2373 2370 2367 2365 2361 2360 2359 2357 2356 2355 2354 2353 2351 2349 2348 2347 2346 2345 2344 2342 2340 2339 2338 2337 2336 2334 2333 2332 2332 2332 2333 2334 2334 2335 2336 2336 2338 2338 2339 2340 2340 2341 2342 2342 2344 2344 2345 2346

agregarAgente --UnidadTermicaSimple
200
100

agregarAgente --DemandaFija
296 296 296 296 296 311 328 344 359 376 392 392 392 380 367 355 343 331 319 319 319 338 358 379 398 418 438 438 438 470 502 533 565 596 628 628 628 625 621 617 613 610 607 607 607 577 548 518 489 460 430 430 430 437 444 452 460 467 474 474 474 478 482 487 490 494 499 499 499 470 440 411 382 352 323 323 323 339 355 371 386 402 418 418 418 425 431 439 445 453 460 460 460 409 358 307 256 206 155 155 155 187 221 254 286 320 353 353 353 380 408 436 464 491 518 518 518 496 472 449 426 403 380 380 380 360 341 322 302 283 263 263 263 278 294 308 323 338 353 353 353 302 251 200 149 98 47 47 47 98 149 199 250 301 352 352 352 393 433 475 515 556 597 597 597 520 444 367 291 215 138 138 138 209 279 350 421 492 563 563 563 532 501 470 439 409 378 378 378 329 280 232 183 135 86 86 86 146 207 266 326 387 446 446 446 416 387 356 326 296 266 266 266 248 230 212 194 176 158 158 158 256 353 451 548 646 743 743 743 722 701 680 659 638 618 618 618 593 569 545 521 497 473 473 473 544 614 684 755 826 896 896 896 842 788 734 680 626 572 572 572 529 487 444 401 358 316 316 316 385 455 524 593 662 732 732 732 709 684 660 637 612 588 588 588 572 556 540 523 507 491 491 491 524 559 592 626 660 694 694 694 671 650 628 605 584 562 562 562 554 547 540 532 524 517 517 517 509 501 493 485 477 469 469 469 417 365 313 262 210 158 158 158 142 125 109 92 76 60 60 60 91 122 153 184 215 247 247 247 282 318 354 390 425 462 462 462 450 439 428

crearDespacho --mercado --conDemandaTotal
4
0.02 0.07 0.145 1.0
370 600 2400 4000
660 647 623 587 563 533 497 503 520 551 574 595 601 600 593 593 593 595 592 610 702 755 754 716 662 615 578 557 554 542 545 598 672 724 756 785 809 835 848 854 841 812 764 774 877 906 880 825 756 698 641 607 594 584 589 647 707 760 789 820 853 888 904 905 903 880 831 818 912 959 942 903 827 755 702 668 659 635 639 698 770 838 894 950 1006 1053 1077 1084 1072 1027 953 923 1011 1072 1075 1043 970 879 808 766 746 721 708 757 827 890 934 958 971 970 958 937 913 883 829 833 886 888 865 820 765 724 678 646 627 605 584 619 652 683 697 707 732 738 728 718 710 707 689 702 802 831 806 763 700 640 596 566 551 528 500 516 547 584 611 634 664 691 706 715 713 706 686 687 787 854 845 812 771 692 644 617 604 593 596 656 722 775 815 868 913 962 986 992 967 928 872 858 949 1016 997 934 850 773 715 682 668 653 647 700 761 817 858 903 933 956 967 966 965 927 872 842 933 988 974 927 851 781 728 694 687 674 669 727 802 861 904 956 1023 1072 1082 1092 1057 1005 926 889 970 1031 1040 1010 946 868 809 774 756 724 721 779 860 935 992 1051 1094 1133 1157 1141 1103 1042 963 931 1023 1078 1080 1049 983 911 852 815 794 766 747 791 855 919 960 1007 1056 1093 1094 1067 1022 973 905 887 971 992 973 935 882 821 770 737 721 703 673 703 749 794 834 871 901 921 923 916 896 864 820 815 897 914 885 848 813 758 710 679 661 646 605 605 626 652 675 699 728 739 728 709 703 698 691 711 787 802 794 759 703 643 602 583 584 590 590 651 713 764 799 827 839 847 844 843 835 812 765 766 859 891 870 821

configurarSolver --Cplex
resolver --noConstante salida.csv
finalizar
