inicializar --t 360

agregarAgente --SaltoGrande
0.00229800
2256096256
2346 2347 2348 2348 2350 2352 2353 2355 2356 2357 2359 2360 2363 2364 2366 2367 2369 2370 2372 2373 2376 2377 2379 2380 2381 2383 2384 2386 2376 2365 2355 2344 2333 2322 2311 2300 2279 2268 2257 2246 2236 2225 2214 2203 2182 2171 2160 2149 2138 2127 2117 2106 2092 2089 2086 2083 2080 2077 2074 2071 2065 2062 2059 2056 2052 2049 2046 2043 2037 2034 2031 2028 2025 2022 2019 2016 2001 1989 1977 1964 1952 1940 1928 1916 1892 1879 1867 1855 1843 1831 1819 1806 1782 1770 1758 1746 1734 1721 1709 1697 1677 1669 1661 1653 1646 1638 1630 1622 1606 1598 1590 1582 1575 1567 1559 1551 1535 1527 1519 1511 1504 1496 1488 1480 1473 1473 1474 1475 1475 1476 1477 1477 1479 1479 1480 1481 1481 1482 1483 1483 1485 1485 1486 1487 1487 1488 1489 1489 1488 1486 1483 1481 1479 1477 1475 1473 1468 1466 1464 1462 1459 1457 1455 1453 1448 1446 1444 1442 1440 1438 1435 1433 1436 1441 1446 1451 1455 1460 1465 1470 1480 1485 1490 1495 1499 1504 1509 1514 1524 1529 1534 1539 1543 1548 1553 1558 1560 1557 1554 1551 1548 1545 1542 1539 1533 1530 1527 1524 1521 1518 1515 1512 1506 1503 1500 1497 1494 1491 1488 1485 1491 1499 1508 1517 1526 1534 1543 1552 1569 1578 1586 1595 1604 1613 1621 1630 1647 1656 1665 1673 1682 1691 1700 1708 1714 1711 1709 1706 1703 1700 1698 1695 1689 1686 1684 1681 1678 1675 1673 1670 1664 1661 1659 1656 1653 1650 1648 1645 1650 1658 1667 1675 1683 1691 1699 1707 1724 1732 1740 1748 1757 1765 1773 1781 1798 1806 1814 1822 1830 1838 1847 1855 1873 1882 1892 1901 1911 1920 1930 1939 1958 1968 1977 1987 1996 2006 2015 2025 2044 2053 2063 2072 2082 2091 2101 2110 2129 2139 2148 2157 2167 2176 2185 2195 2213 2223 2232 2241 2251 2260 2269 2279 2297 2307 2316 2325 2335 2344 2353 2363 2382 2391 2401 2411 2420 2430 2440 2449 2469 2478 2488 2498 2507 2517 2527 2536 2556 2565 2575 2585

agregarAgente --UnidadTermicaSimple
200
100

agregarAgente --DemandaFija
674 659 641 641 641 7.175000e+02 794 8.705000e+02 947 1.023500e+03 1100 1100 1100 1.047500e+03 998 9.455000e+02 8.945000e+02 8.435000e+02 794 794 794 731 6.695000e+02 6.065000e+02 545 4.835000e+02 4.205000e+02 4.205000e+02 4.205000e+02 527 6.335000e+02 740 845 9.515000e+02 1.059500e+03 1.059500e+03 1.059500e+03 1016 974 9.305000e+02 8.885000e+02 845 803 803 803 782 7.625000e+02 7.415000e+02 7.205000e+02 6.995000e+02 6.785000e+02 6.785000e+02 6.785000e+02 7.085000e+02 737 7.655000e+02 794 821 851 851 851 9.005000e+02 9.485000e+02 9.995000e+02 1049 1100 1148 1148 1148 1079 1010 9.395000e+02 872 8.015000e+02 7.325000e+02 7.325000e+02 7.325000e+02 7.535000e+02 773 794 8.135000e+02 833 854 854 854 8.705000e+02 887 9.035000e+02 920 938 953 953 953 932 911 890 8.675000e+02 8.465000e+02 8.255000e+02 8.255000e+02 8.255000e+02 8.675000e+02 911 953 9.965000e+02 1037 1079 1079 1079 1061 1.041500e+03 1.020500e+03 1.002500e+03 983 962 962 962 911 857 8.045000e+02 752 6.995000e+02 647 647 647 6.905000e+02 7.355000e+02 779 8.225000e+02 8.675000e+02 911 911 911 899 8.855000e+02 872 860 845 833 833 833 854 875 896 917 938 9.575000e+02 9.575000e+02 9.575000e+02 1.011500e+03 1064 1115 1.167500e+03 1.221500e+03 1.272500e+03 1.272500e+03 1.272500e+03 1.284500e+03 1.296500e+03 1.308500e+03 1.320500e+03 1331 1.344500e+03 1.344500e+03 1.344500e+03 1289 1235 1181 1127 1.071500e+03 1016 1016 1016 1052 1.086500e+03 1.122500e+03 1157 1.191500e+03 1.227500e+03 1.227500e+03 1.227500e+03 1.200500e+03 1175 1.149500e+03 1.122500e+03 1097 1070 1070 1070 1.029500e+03 989 9.485000e+02 908 8.675000e+02 8.255000e+02 8.255000e+02 8.255000e+02 7.805000e+02 7.325000e+02 686 638 5.915000e+02 5.435000e+02 5.435000e+02 5.435000e+02 5.105000e+02 476 443 4.085000e+02 3.755000e+02 3.395000e+02 3.395000e+02 3.395000e+02 3.425000e+02 3.455000e+02 3.485000e+02 350 353 356 356 356 4.085000e+02 4.625000e+02 515 569 6.215000e+02 674 674 674 638 602 566 530 494 4.565000e+02 4.565000e+02 4.565000e+02 431 404 3.785000e+02 353 326 3.005000e+02 3.005000e+02 3.005000e+02 3.185000e+02 3.365000e+02 356 3.755000e+02 3.935000e+02 413 413 413 3.905000e+02 368 3.455000e+02 323 3.005000e+02 278 278 278 2.525000e+02 227 2.015000e+02 1.745000e+02 1.505000e+02 125 125 125 2.015000e+02 2.795000e+02 3.575000e+02 4.355000e+02 5.135000e+02 5.915000e+02 5.915000e+02 5.915000e+02 647 701 758 8.135000e+02 869 9.245000e+02 9.245000e+02 9.245000e+02 8.975000e+02 8.705000e+02 842 8.165000e+02 7.895000e+02 7.625000e+02 7.625000e+02 7.625000e+02 728 6.935000e+02 6.605000e+02 626 5.915000e+02 557 557 557 5.165000e+02 4.745000e+02 4.325000e+02 3.905000e+02 3.485000e+02 308 308 308 329 350 3.725000e+02 395 416 437 437 437 497 5.555000e+02 6.155000e+02 674 734 794 794 794 7.325000e+02 6.695000e+02 6.095000e+02 5.465000e+02 485 4.235000e+02 4.235000e+02 4.235000e+02 3.995000e+02 3.755000e+02 350 326 3.005000e+02 2.765000e+02 2.765000e+02 2.765000e+02 3.545000e+02 434 512 5.885000e+02 668 746 746 746 764 7.805000e+02 7.985000e+02 815 8.315000e+02 8.495000e+02 8.495000e+02 8.495000e+02 7.715000e+02 692 614

crearDespacho --mercado --conDemandaTotal
4
0.02 0.07 0.145 1.0
370 600 2400 4000
755 698 645 623 617 611 613 672 742 796 835 862 882 906 915 909 893 865 805 793 887 925 914 884 800 726 677 658 652 648 640 697 773 834 874 904 922 953 953 935 904 866 829 829 905 914 874 819 760 691 650 612 587 581 602 658 733 784 824 852 872 900 908 917 920 877 813 803 893 933 905 851 790 717 665 639 635 635 631 694 765 832 884 925 959 994 1001 986 952 907 842 826 911 937 907 862 806 742 692 661 647 635 608 637 684 736 775 807 833 859 869 867 862 838 796 788 884 906 876 843 799 744 698 664 645 625 581 590 623 664 704 743 787 820 833 830 818 796 757 758 860 913 917 881 820 751 700 673 665 668 659 714 790 855 897 935 965 998 1012 1008 986 939 878 857 943 988 956 922 872 798 740 712 695 692 679 732 814 884 933 977 1016 1065 1082 1079 1048 979 901 881 964 983 956 907 842 774 721 693 679 680 674 719 778 816 837 853 868 871 862 853 839 803 759 762 857 878 859 817 750 682 636 617 617 623 617 652 703 739 781 814 825 839 841 841 836 815 772 781 887 905 881 828 762 689 646 626 623 634 629 698 754 784 799 819 842 867 880 890 874 848 798 790 894 895 863 822 766 696 651 623 615 613 587 603 637 681 721 751 772 790 790 794 803 796 768 776 866 874 838 794 743 690 650 622 606 591 549 563 602 643 677 707 736 751 748 742 735 719 690 700 800 828 817 779 723 668 628 606 599 605 601 652 715 768 803 837 855 874 878 871 853 821 769 769 879 901 884 835 770 701 655 631 625 630 619 672 737 787 822 863 893 931 949 958 953 924 866 850 949 976 961 913

configurarSolver --Cplex
resolver --noConstante salida.csv
finalizar
