inicializar --t 360

agregarAgente --SaltoGrande
0.00017300
2001535362
6474 6457 6439 6422 6395 6386 6378 6369 6360 6351 6343 6334 6316 6307 6299 6290 6281 6272 6264 6255 6237 6228 6220 6211 6202 6193 6185 6176 6168 6168 6169 6170 6171 6171 6172 6173 6174 6175 6176 6177 6177 6178 6179 6180 6181 6182 6183 6183 6184 6185 6186 6186 6256 6324 6393 6462 6530 6599 6668 6736 6874 6942 7011 7080 7148 7217 7286 7354 7492 7560 7629 7698 7766 7835 7904 7972 8072 8103 8134 8165 8197 8228 8259 8290 8352 8383 8414 8445 8477 8508 8539 8570 8632 8663 8694 8725 8757 8788 8819 8850 8890 8898 8907 8916 8925 8933 8942 8951 8968 8977 8986 8995 9003 9012 9021 9030 9047 9056 9065 9073 9082 9091 9100 9108 9079 9041 9003 8964 8926 8888 8850 8812 8736 8697 8659 8621 8583 8545 8507 8468 8392 8354 8316 8278 8240 8201 8163 8125 8025 7962 7900 7838 7775 7713 7651 7588 7464 7401 7339 7277 7214 7152 7090 7027 6903 6840 6778 6716 6653 6591 6529 6466 6368 6332 6296 6260 6224 6188 6152 6116 6044 6008 5972 5936 5901 5865 5829 5793 5721 5685 5649 5613 5577 5541 5505 5469 5418 5402 5387 5372 5357 5341 5326 5311 5280 5265 5250 5235 5219 5204 5189 5174 5143 5128 5113 5097 5082 5067 5052 5036 5029 5037 5046 5054 5062 5070 5078 5086 5103 5111 5119 5127 5136 5144 5152 5160 5177 5185 5193 5201 5209 5217 5226 5234 5302 5362 5422 5482 5542 5602 5661 5721 5841 5901 5961 6021 6081 6141 6201 6261 6381 6441 6500 6560 6620 6680 6740 6800 6845 6829 6814 6798 6783 6768 6752 6737 6706 6691 6675 6660 6644 6629 6613 6598 6567 6552 6536 6521 6506 6490 6475 6459 6426 6408 6390 6372 6354 6336 6318 6300 6264 6246 6228 6210 6192 6174 6156 6138 6102 6084 6066 6048 6030 6012 5994 5976 5919 5881 5842 5804 5765 5727 5688 5650 5572 5534 5495 5457 5418 5380 5341 5303 5225 5187 5148 5110 5071 5033 4994 4956 4916 4916 4915 4914 4914 4913 4912 4912 4910 4910 4909 4908 4908 4907 4906 4906 4904 4904 4903 4902

agregarAgente --UnidadTermicaSimple
200
100

agregarAgente --DemandaFija
646 644 642 644 641 644 647 650 653 655 658 655 652 652 652 652 652 653 653 653 653 647 642 637 631 625 621 620 621 628 634 640 646 653 659 661 664 667 668 670 671 673 674 676 677 673 668 663 659 654 650 649 644 641 640 637 635 634 632 628 628 632 637 641 646 650 655 659 668 662 655 649 642 636 629 634 640 650 660 670 680 689 700 700 694 689 684 679 674 668 663 656 653 646 640 633 626 620 613 616 625 636 649 660 673 684 697 701 706 710 715 718 723 727 731 733 728 704 680 656 632 608 584 579 577 581 585 589 592 595 599 604 608 616 622 629 636 643 650 650 645 632 619 605 592 578 565 559 556 557 557 557 558 558 558 560 563 569 576 582 589 595 602 602 596 587 578 569 560 551 542 536 532 532 531 530 530 530 530 532 533 539 545 551 557 562 568 568 562 551 539 528 516 505 494 488 485 487 488 490 491 492 494 497 502 510 518 526 534 541 549 551 548 538 527 516 505 494 484 478 467 461 456 451 447 442 437 431 431 448 464 481 497 514 530 535 541 544 547 551 554 557 560 560 566 571 575 580 585 590 595 599 609 617 626 635 644 652 661 666 667 659 650 642 634 625 617 613 608 613 619 624 629 634 640 638 640 642 644 646 649 651 653 656 649 632 614 597 580 562 545 536 535 551 566 582 598 614 629 638 648 655 661 668 674 680 687 690 689 680 671 661 652 642 633 629 628 626 624 622 620 619 617 620 623 623 623 623 624 623 624 624 614 595 575 556 536 517 497 489 485 492 500 506 514 521 527 533 542 539 538 535 533 532 529 532 526 511 496 481

crearDespacho --mercado --conDemandaTotal
4
0.02 0.07 0.145 1.0
370 600 2400 4000
740 659 604 574 568 574 565 602 654 667 685 713 717 706 679 665 657 683 699 811 850 816 772 724 670 610 563 535 524 523 493 512 550 588 612 623 632 622 606 596 589 596 611 730 776 769 740 693 635 580 542 522 524 531 521 571 634 681 703 726 737 739 726 719 708 706 702 813 856 831 775 710 650 584 545 531 534 551 566 637 691 725 751 781 785 782 767 757 750 744 739 837 871 850 801 740 658 585 548 536 538 561 582 666 716 753 788 828 833 832 818 804 791 775 764 858 886 864 815 751 668 606 565 548 550 566 583 656 703 723 743 765 765 759 752 737 733 733 743 835 861 840 796 730 653 590 551 536 537 549 574 650 694 718 730 748 745 731 718 713 709 709 706 807 837 812 762 705 640 579 536 516 511 517 503 545 599 641 658 671 680 674 677 653 650 662 681 775 802 772 721 672 615 560 508 482 474 470 440 463 503 547 573 605 623 624 608 596 600 611 636 736 771 758 724 670 605 550 514 503 508 521 550 642 693 724 735 756 757 749 739 727 721 717 719 821 868 850 802 734 651 587 545 530 529 547 573 662 704 728 737 759 757 746 724 718 721 721 713 822 877 875 825 755 675 596 557 544 547 563 587 680 727 749 781 811 803 792 767 764 763 754 749 844 882 866 825 754 670 600 561 543 539 555 583 677 726 748 755 779 773 762 747 740 731 736 731 824 873 859 812 744 668 601 560 544 546 559 583 666 707 730 745 763 760 752 733 723 717 716 719 811 849 833 784 722 650 585 542 521 517 518 506 548 602 644 670 681 687 686 661 647 649 659 668 754 790 769 719 667

configurarSolver --Cplex
resolver --noConstante salida.csv
finalizar
