inicializar --t 360

agregarAgente --SaltoGrande
0.00028200
2719162864
4902 4901 4900 4900 4901 4903 4905 4907 4908 4910 4912 4914 4918 4920 4922 4924 4925 4927 4929 4931 4935 4937 4939 4941 4942 4944 4946 4948 4941 4932 4923 4914 4906 4897 4888 4879 4861 4852 4843 4834 4826 4817 4808 4799 4781 4772 4763 4754 4746 4737 4728 4719 4726 4741 4757 4773 4789 4804 4820 4836 4867 4883 4899 4915 4930 4946 4962 4978 5009 5025 5041 5056 5072 5088 5104 5119 5153 5171 5189 5207 5225 5243 5261 5279 5315 5333 5351 5369 5386 5404 5422 5440 5476 5494 5512 5530 5548 5566 5584 5602 5636 5653 5669 5686 5702 5718 5735 5751 5784 5800 5817 5833 5850 5866 5883 5899 5932 5948 5965 5981 5997 6014 6030 6047 6060 6058 6055 6052 6049 6047 6044 6041 6036 6033 6031 6028 6025 6022 6020 6017 6012 6009 6006 6004 6001 5998 5995 5993 5959 5929 5898 5868 5837 5807 5776 5746 5685 5654 5624 5593 5563 5532 5502 5471 5410 5380 5349 5319 5288 5258 5227 5197 5153 5139 5126 5112 5099 5085 5072 5058 5031 5018 5004 4991 4977 4964 4950 4937 4910 4896 4883 4869 4856 4842 4829 4815 4777 4752 4728 4703 4678 4653 4628 4603 4554 4529 4504 4479 4455 4430 4405 4380 4331 4306 4281 4256 4231 4206 4182 4157 4112 4091 4071 4050 4030 4009 3989 3968 3927 3907 3886 3866 3845 3825 3804 3784 3743 3722 3702 3681 3661 3640 3620 3599 3582 3584 3587 3590 3592 3595 3598 3600 3606 3608 3611 3614 3616 3619 3622 3624 3630 3632 3635 3638 3640 3643 3646 3648 3649 3647 3645 3643 3640 3638 3636 3634 3630 3628 3626 3624 3621 3619 3617 3615 3611 3609 3607 3605 3602 3600 3598 3596 3585 3575 3566 3556 3547 3537 3528 3518 3500 3490 3481 3471 3462 3452 3443 3433 3415 3405 3396 3386 3377 3367 3358 3348 3332 3324 3317 3309 3302 3294 3287 3279 3264 3257 3249 3242 3234 3227 3219 3212 3197 3189 3182 3174 3167 3159 3152 3144 3132 3126 3121 3116 3111 3105 3100 3095 3084 3079 3073 3068 3063 3058 3052 3047 3036 3031 3026 3020

agregarAgente --UnidadTermicaSimple
200
100

agregarAgente --DemandaFija
466 451 435 426 419 437 455 472 490 508 526 529 534 544 554 564 574 584 595 598 596 582 569 555 542 527 514 508 497 493 489 486 482 478 475 469 468 474 480 485 491 497 503 508 512 506 502 497 493 489 484 482 484 491 497 505 512 520 526 530 536 541 547 552 558 563 569 572 569 563 558 553 547 542 537 531 532 541 551 562 572 582 592 599 610 625 640 656 671 687 703 707 712 699 685 672 659 644 631 631 627 625 624 622 621 619 617 613 607 616 624 632 641 649 658 656 658 649 639 630 620 611 601 604 609 608 607 605 604 603 602 604 608 602 594 587 580 572 565 567 568 567 566 565 564 563 562 562 562 566 570 574 577 582 585 586 586 586 587 588 589 590 591 590 586 577 567 558 549 540 530 527 521 518 515 513 509 506 503 501 499 506 512 518 525 532 539 539 536 512 488 464 440 415 392 388 383 380 379 377 374 372 371 368 369 375 380 387 393 398 404 408 407 401 395 389 383 377 370 367 369 376 382 388 395 401 407 414 419 418 417 416 415 415 414 413 408 405 402 399 395 393 389 386 386 386 386 385 385 385 385 389 393 397 401 406 409 413 417 418 411 406 401 395 391 385 380 373 371 392 413 433 454 475 496 500 505 514 522 530 538 547 556 557 547 521 495 469 443 416 391 379 371 380 389 398 408 417 427 430 437 448 459 470 481 492 503 508 505 490 475 460 445 431 416 407 404 409 415 421 427 432 438 443 449 454 458 462 466 470 474 476 469 455 443 430 416 403 391 381 372 377 381 385 389 394 398 398 401 406 410 414 418 422 427 430 428 415 400 386

crearDespacho --mercado --conDemandaTotal
4
0.02 0.07 0.145 1.0
370 600 2400 4000
608 556 515 493 484 475 451 473 513 562 599 614 626 616 598 586 581 589 604 695 761 764 733 680 612 556 521 507 512 527 555 639 685 716 728 757 758 754 748 739 736 726 716 811 868 854 809 749 668 600 558 546 549 565 586 668 710 739 755 785 785 785 779 770 769 753 764 836 870 852 800 733 650 589 554 537 545 554 575 659 700 727 752 766 758 752 748 737 736 739 748 823 856 841 805 737 659 589 553 541 540 551 578 655 699 707 719 731 730 719 703 698 699 703 703 794 859 851 803 741 660 592 552 532 527 527 523 559 602 638 662 679 683 691 680 683 678 698 717 800 840 826 785 738 673 605 556 538 535 529 520 574 626 670 682 696 714 712 694 684 685 684 683 763 820 794 750 704 643 579 539 517 506 488 467 485 522 566 593 609 622 622 599 599 603 603 611 701 776 778 748 683 613 557 518 509 511 517 568 658 698 731 738 763 775 756 746 745 745 740 724 793 866 857 812 758 698 626 588 575 577 584 610 691 731 758 771 796 792 787 775 767 763 748 733 799 872 865 821 748 693 617 572 560 562 560 592 678 721 746 757 778 777 773 758 749 752 743 709 779 851 863 828 762 669 599 562 542 544 547 580 663 703 727 748 778 788 802 804 806 806 791 763 811 884 878 837 782 705 636 589 570 569 569 587 663 721 768 811 856 890 917 932 933 920 895 848 895 946 921 876 845 779 713 661 626 613 596 568 602 655 701 731 752 775 783 773 763 754 750 763 811 838 815 771 728 693 611 569 538 530 520 491 505 545 595 657 695 713 725 713 706 693 676 679 732 809 806 793 742

configurarSolver --Cplex
resolver --noConstante salida.csv
finalizar
