inicializar --t 360

agregarAgente --SaltoGrande
0.00019100
2309268442
2861 2866 2871 2876 2885 2889 2893 2897 2902 2906 2910 2914 2922 2926 2930 2934 2939 2943 2947 2951 2959 2963 2967 2971 2976 2980 2984 2988 2984 2977 2969 2961 2954 2946 2938 2931 2915 2908 2900 2892 2885 2877 2869 2862 2846 2839 2831 2823 2816 2808 2800 2793 2778 2771 2764 2758 2751 2744 2737 2730 2716 2710 2703 2696 2689 2682 2675 2669 2655 2648 2641 2634 2627 2621 2614 2607 2590 2581 2571 2561 2552 2542 2533 2523 2504 2494 2484 2475 2465 2456 2446 2436 2417 2407 2398 2388 2379 2369 2359 2350 2338 2336 2334 2332 2330 2328 2326 2324 2320 2318 2316 2314 2312 2310 2308 2306 2302 2300 2298 2296 2294 2292 2290 2288 2280 2274 2268 2261 2255 2249 2243 2237 2225 2218 2212 2206 2200 2194 2188 2181 2169 2163 2157 2151 2145 2138 2132 2126 2119 2118 2117 2116 2115 2114 2114 2113 2111 2110 2109 2108 2107 2106 2105 2104 2102 2101 2101 2100 2099 2098 2097 2096 2089 2083 2077 2072 2066 2060 2054 2048 2036 2031 2025 2019 2013 2007 2001 1996 1984 1978 1972 1966 1960 1955 1949 1943 1932 1927 1922 1917 1912 1907 1901 1896 1886 1881 1876 1871 1866 1861 1856 1851 1841 1836 1830 1825 1820 1815 1810 1805 1787 1774 1761 1748 1735 1722 1710 1697 1671 1658 1645 1632 1619 1606 1593 1580 1554 1541 1529 1516 1503 1490 1477 1464 1448 1445 1442 1439 1436 1433 1430 1427 1421 1418 1415 1412 1410 1407 1404 1401 1395 1392 1389 1386 1383 1380 1377 1374 1361 1351 1341 1331 1322 1312 1302 1292 1272 1262 1252 1242 1233 1223 1213 1203 1183 1173 1163 1153 1144 1134 1124 1114 1100 1095 1091 1087 1083 1078 1074 1070 1061 1057 1053 1049 1044 1040 1036 1032 1023 1019 1015 1010 1006 1002 998 993 989 988 988 988 987 987 986 986 985 985 985 984 984 983 983 983 982 982 981 981 980 980 980 979 981 982 984 986 987 989 991 992 996 997 999 1001 1002 1004 1006 1007 1011 1012 1014 1016

agregarAgente --UnidadTermicaSimple
200
100

agregarAgente --DemandaFija
149 89 29 29 29 48 65 83 101 119 137 137 137 148 159 169 180 191 201 201 201 191 180 169 158 148 137 137 137 181 226 270 314 358 403 403 403 401 399 397 395 393 391 391 391 388 385 382 379 376 373 373 373 391 410 430 448 468 487 487 487 480 473 466 458 451 444 444 444 448 453 457 461 466 470 470 470 487 505 523 541 559 577 577 577 569 560 551 543 535 526 526 526 495 464 433 402 371 340 340 340 290 240 190 141 91 41 41 41 43 44 45 46 48 49 49 49 43 37 31 25 19 13 13 13 28 44 60 76 91 107 107 107 164 221 278 336 394 451 451 451 417 383 349 316 282 248 248 248 242 236 230 224 218 212 212 212 226 240 254 268 282 296 296 296 275 254 234 214 192 172 172 172 176 180 184 188 193 197 197 197 215 233 250 268 286 304 304 304 306 308 310 311 313 315 315 315 331 347 363 380 395 412 412 412 402 392 382 373 362 352 352 352 324 296 268 239 212 183 183 183 185 188 190 192 194 196 196 196 218 239 260 281 303 324 324 324 317 311 305 299 292 286 286 286 327 368 410 452 493 535 535 535 555 575 596 617 637 657 657 657 608 560 512 464 415 367 367 367 380 392 404 416 428 441 441 441 409 378 346 315 283 252 252 252 232 213 193 173 154 135 135 135 164 194 224 254 284 314 314 314 332 350 368 387 405 424 424 424 415 406 397 388 379 371 371 371 427 484 540 596 653 710 710 710 690 671 652 632 613 594 594 594 502 410 318 226 134 43 43 43 93 145 195 247 298 349 349 349 348 347 347 346 346 345 345 345 355 365 376

crearDespacho --mercado --conDemandaTotal
4
0.02 0.07 0.145 1.0
370 600 2400 4000
698 631 588 570 575 568 600 690 739 768 802 840 838 836 822 812 784 764 736 787 848 850 809 761 691 628 593 580 575 587 602 671 712 751 780 800 804 802 788 781 775 767 749 789 862 848 812 757 680 616 581 566 569 568 592 673 721 750 770 794 790 791 781 774 769 754 731 773 858 854 821 766 701 639 601 586 587 585 600 679 730 766 786 811 807 805 796 793 782 773 738 769 847 839 801 751 686 626 584 562 556 538 534 570 619 661 686 704 713 706 685 673 670 672 665 701 776 761 725 680 626 571 531 507 499 470 457 481 520 561 599 619 631 628 610 598 596 598 595 633 739 759 751 701 631 577 541 525 529 528 565 651 697 725 739 757 759 751 738 733 734 719 699 731 842 851 821 758 677 610 569 559 568 562 592 671 724 749 764 787 785 782 777 769 771 754 720 755 854 855 827 769 692 623 586 573 577 568 598 673 726 753 766 790 791 787 780 774 774 757 724 752 853 859 835 775 695 633 590 575 576 574 593 670 724 746 757 773 775 767 755 743 739 729 707 743 839 842 815 761 680 616 572 554 551 543 577 660 707 732 743 761 763 758 747 744 735 728 710 734 830 827 800 751 689 627 582 563 555 532 533 574 622 661 680 700 713 713 698 695 697 698 686 707 794 793 757 715 657 598 555 527 516 486 475 501 542 589 628 654 676 687 685 695 703 698 677 709 799 807 799 754 690 626 582 561 557 550 587 671 739 785 819 860 879 892 899 902 896 869 817 809 901 915 902 864 794 719 673 646 642 634 647 719 769 803 832 856 853 833 818 805 796 791 771 796 858 862 829 776

configurarSolver --Cplex
resolver --noConstante salida.csv
finalizar
