inicializar --t 360

agregarAgente --SaltoGrande
0.00010200
2108599337
3015 3010 3005 2999 2991 2987 2984 2980 2977 2973 2970 2966 2960 2956 2953 2949 2946 2942 2939 2935 2929 2925 2922 2918 2915 2911 2908 2904 2907 2912 2918 2924 2929 2935 2941 2946 2958 2963 2969 2975 2980 2986 2992 2997 3009 3014 3020 3026 3031 3037 3043 3048 3063 3072 3082 3091 3100 3109 3118 3127 3146 3155 3164 3173 3183 3192 3201 3210 3229 3238 3247 3256 3265 3274 3284 3293 3304 3306 3308 3310 3312 3314 3317 3319 3323 3325 3327 3329 3331 3333 3335 3337 3341 3343 3346 3348 3350 3352 3354 3356 3354 3350 3347 3343 3339 3335 3332 3328 3320 3316 3313 3309 3305 3301 3298 3294 3286 3282 3279 3275 3271 3267 3264 3260 3251 3245 3240 3234 3229 3223 3218 3212 3201 3196 3190 3185 3179 3174 3168 3163 3152 3146 3141 3135 3130 3124 3119 3113 3106 3104 3103 3101 3099 3097 3095 3093 3090 3088 3086 3084 3083 3081 3079 3077 3074 3072 3070 3068 3066 3064 3063 3061 3066 3072 3079 3086 3092 3099 3106 3112 3126 3132 3139 3146 3152 3159 3166 3172 3186 3192 3199 3206 3212 3219 3226 3232 3239 3239 3239 3239 3239 3239 3239 3239 3239 3239 3239 3239 3239 3239 3239 3239 3239 3239 3239 3239 3239 3239 3239 3239 3236 3233 3229 3226 3223 3220 3217 3214 3207 3204 3201 3198 3194 3191 3188 3185 3178 3175 3172 3169 3166 3163 3159 3156 3147 3141 3135 3130 3124 3118 3112 3106 3094 3089 3083 3077 3071 3065 3059 3054 3042 3036 3030 3024 3018 3013 3007 3001 2993 2992 2990 2988 2987 2985 2983 2982 2978 2977 2975 2973 2972 2970 2968 2967 2963 2962 2960 2958 2957 2955 2953 2952 2941 2931 2922 2913 2904 2894 2885 2876 2857 2848 2839 2830 2820 2811 2802 2793 2774 2765 2756 2746 2737 2728 2719 2709 2702 2703 2705 2707 2708 2710 2712 2713 2717 2718 2720 2722 2723 2725 2727 2728 2732 2733 2735 2737 2738 2740 2742 2743 2750 2755 2760 2765 2770 2775 2780 2785 2795 2800 2805 2810 2816 2821 2826 2831 2841 2846 2851 2856

agregarAgente --UnidadTermicaSimple
200
100

agregarAgente --DemandaFija
213 182 153 153 153 196 241 284 328 373 416 416 416 406 395 385 376 365 355 355 355 311 268 226 182 139 96 96 96 125 153 181 210 238 266 266 266 296 325 355 385 414 444 444 444 377 310 242 175 107 40 40 40 35 29 25 19 14 10 10 10 33 57 81 104 128 152 152 152 140 128 115 103 90 78 78 78 126 174 222 269 318 365 365 365 389 412 434 458 481 503 503 503 442 382 321 260 199 139 139 139 173 208 242 277 311 346 346 346 313 278 245 212 178 144 144 144 121 99 77 55 32 10 10 10 25 40 56 71 86 102 102 102 152 202 253 303 353 404 404 404 340 277 214 150 86 23 23 23 22 22 22 21 20 20 20 20 92 164 236 308 380 451 451 451 420 389 358 328 296 265 265 265 300 334 368 403 437 472 472 472 475 477 480 482 485 488 488 488 431 375 318 261 204 148 148 148 211 273 336 399 462 524 524 524 506 488 471 453 434 417 417 417 359 301 244 185 128 70 70 70 133 194 257 320 382 444 444 444 461 476 493 508 524 541 541 541 480 419 359 299 238 178 178 178 258 338 418 499 578 659 659 659 620 581 542 503 465 426 426 426 382 337 292 247 202 158 158 158 170 182 194 207 220 232 232 232 244 256 268 280 292 304 304 304 289 272 256 240 224 208 208 208 190 171 152 134 115 97 97 97 114 131 148 165 182 199 199 199 200 202 204 206 208 210 210 210 238 265 293 320 347 376 376 376 410 443 478 512 547 580 580 580 522 464 405 346 288 229 229 229 279 329 379 428 479 528 528 528 505 481 458 434 411 388 388 388 328 268 209

crearDespacho --mercado --conDemandaTotal
4
0.02 0.07 0.145 1.0
370 600 2400 4000
678 625 584 571 570 585 611 689 745 785 803 832 842 833 826 827 829 814 787 854 902 898 856 791 710 643 615 597 591 593 616 697 737 777 797 827 821 821 814 816 803 777 746 788 866 862 821 766 703 643 601 583 583 580 608 699 726 734 745 770 780 781 769 769 767 757 741 797 868 865 829 761 677 610 572 553 553 538 569 653 710 752 774 800 815 823 819 812 803 781 742 776 853 840 797 738 661 584 563 547 545 551 581 666 736 764 776 794 795 790 781 791 794 774 749 805 871 845 796 743 679 619 575 559 557 539 527 574 628 669 692 715 725 736 724 704 702 693 704 738 839 791 728 685 640 580 549 519 502 478 469 485 523 577 611 628 638 632 608 572 592 593 600 650 759 769 752 702 625 564 524 511 523 523 560 647 700 727 752 783 787 786 784 781 780 778 740 776 878 884 842 776 682 617 578 566 566 557 580 665 716 752 774 804 820 830 829 829 841 822 782 805 896 897 861 804 707 635 603 584 581 571 605 687 746 790 825 869 895 910 926 932 931 907 859 861 952 960 933 886 794 718 665 640 631 616 636 718 797 869 908 943 964 970 986 960 910 867 818 845 906 892 853 809 741 672 633 615 607 611 624 688 731 762 785 804 808 802 788 760 766 756 737 778 830 818 782 754 697 636 592 575 570 560 550 585 634 679 707 724 739 735 713 700 698 696 673 710 787 780 740 697 645 592 548 525 514 483 474 499 538 584 617 638 653 652 642 635 640 640 629 674 766 770 763 719 653 596 560 547 550 551 577 666 724 761 782 802 803 808 822 821 821 807 770 782 872 872 835 779

configurarSolver --Cplex
resolver --noConstante salida.csv
finalizar
