inicializar --t 360

agregarAgente --SaltoGrande
0.00060700
2108599337
3015 3010 3005 2999 2991 2987 2984 2980 2977 2973 2970 2966 2960 2956 2953 2949 2946 2942 2939 2935 2929 2925 2922 2918 2915 2911 2908 2904 2907 2912 2918 2924 2929 2935 2941 2946 2958 2963 2969 2975 2980 2986 2992 2997 3009 3014 3020 3026 3031 3037 3043 3048 3063 3072 3082 3091 3100 3109 3118 3127 3146 3155 3164 3173 3183 3192 3201 3210 3229 3238 3247 3256 3265 3274 3284 3293 3304 3306 3308 3310 3312 3314 3317 3319 3323 3325 3327 3329 3331 3333 3335 3337 3341 3343 3346 3348 3350 3352 3354 3356 3354 3350 3347 3343 3339 3335 3332 3328 3320 3316 3313 3309 3305 3301 3298 3294 3286 3282 3279 3275 3271 3267 3264 3260 3251 3245 3240 3234 3229 3223 3218 3212 3201 3196 3190 3185 3179 3174 3168 3163 3152 3146 3141 3135 3130 3124 3119 3113 3106 3104 3103 3101 3099 3097 3095 3093 3090 3088 3086 3084 3083 3081 3079 3077 3074 3072 3070 3068 3066 3064 3063 3061 3066 3072 3079 3086 3092 3099 3106 3112 3126 3132 3139 3146 3152 3159 3166 3172 3186 3192 3199 3206 3212 3219 3226 3232 3239 3239 3239 3239 3239 3239 3239 3239 3239 3239 3239 3239 3239 3239 3239 3239 3239 3239 3239 3239 3239 3239 3239 3239 3236 3233 3229 3226 3223 3220 3217 3214 3207 3204 3201 3198 3194 3191 3188 3185 3178 3175 3172 3169 3166 3163 3159 3156 3147 3141 3135 3130 3124 3118 3112 3106 3094 3089 3083 3077 3071 3065 3059 3054 3042 3036 3030 3024 3018 3013 3007 3001 2993 2992 2990 2988 2987 2985 2983 2982 2978 2977 2975 2973 2972 2970 2968 2967 2963 2962 2960 2958 2957 2955 2953 2952 2941 2931 2922 2913 2904 2894 2885 2876 2857 2848 2839 2830 2820 2811 2802 2793 2774 2765 2756 2746 2737 2728 2719 2709 2702 2703 2705 2707 2708 2710 2712 2713 2717 2718 2720 2722 2723 2725 2727 2728 2732 2733 2735 2737 2738 2740 2742 2743 2750 2755 2760 2765 2770 2775 2780 2785 2795 2800 2805 2810 2816 2821 2826 2831 2841 2846 2851 2856

agregarAgente --UnidadTermicaSimple
200
100

agregarAgente --DemandaFija
6.095000e+02 5.885000e+02 566 5.585000e+02 5.495000e+02 572 593 6.155000e+02 638 659 6.815000e+02 680 6.815000e+02 698 7.145000e+02 731 746 7.625000e+02 779 782 7.835000e+02 731 6.785000e+02 626 5.735000e+02 521 470 467 4.685000e+02 485 503 5.195000e+02 539 5.555000e+02 5.735000e+02 575 578 6.035000e+02 629 656 6.815000e+02 707 7.325000e+02 7.325000e+02 734 704 674 6.455000e+02 614 5.855000e+02 5.555000e+02 5.525000e+02 5.555000e+02 575 596 6.155000e+02 6.365000e+02 656 677 6.785000e+02 683 7.175000e+02 7.535000e+02 7.865000e+02 8.225000e+02 857 893 893 8.885000e+02 8.315000e+02 776 7.205000e+02 665 6.095000e+02 5.525000e+02 5.465000e+02 5.555000e+02 5.825000e+02 6.095000e+02 638 6.665000e+02 6.935000e+02 722 7.355000e+02 749 7.685000e+02 7.895000e+02 809 8.285000e+02 8.495000e+02 8.675000e+02 869 857 806 758 707 656 6.065000e+02 557 5.435000e+02 5.465000e+02 569 593 617 6.395000e+02 6.635000e+02 6.875000e+02 704 719 746 7.715000e+02 7.955000e+02 821 8.465000e+02 872 8.735000e+02 860 809 7.565000e+02 7.055000e+02 653 602 551 5.345000e+02 5.285000e+02 539 551 5.615000e+02 5.735000e+02 5.855000e+02 5.975000e+02 6.065000e+02 623 6.545000e+02 6.875000e+02 719 7.505000e+02 785 8.165000e+02 821 8.135000e+02 7.685000e+02 7.235000e+02 6.785000e+02 635 5.885000e+02 5.435000e+02 5.315000e+02 5.285000e+02 542 557 5.705000e+02 5.855000e+02 599 614 623 6.335000e+02 665 6.965000e+02 728 7.595000e+02 791 821 8.225000e+02 812 746 6.815000e+02 6.155000e+02 551 485 4.205000e+02 4.085000e+02 395 371 3.455000e+02 3.215000e+02 296 272 2.465000e+02 245 248 251 2.555000e+02 2.585000e+02 263 2.675000e+02 2.705000e+02 275 2.765000e+02 2.825000e+02 2.915000e+02 2.975000e+02 305 3.125000e+02 3.185000e+02 3.155000e+02 3.185000e+02 350 3.815000e+02 413 4.445000e+02 476 509 515 524 4.925000e+02 4.595000e+02 4.295000e+02 398 3.665000e+02 335 3.365000e+02 3.305000e+02 335 3.395000e+02 344 350 353 359 350 350 341 3.305000e+02 323 314 305 2.975000e+02 3.035000e+02 3.125000e+02 3.125000e+02 314 317 3.185000e+02 320 3.215000e+02 323 317 314 3.125000e+02 3.095000e+02 308 305 3.035000e+02 2.945000e+02 287 281 275 269 263 257 251 251 2.555000e+02 260 2.645000e+02 269 2.735000e+02 278 2.825000e+02 287 2.855000e+02 2.915000e+02 296 3.005000e+02 3.065000e+02 311 3.155000e+02 3.095000e+02 3.185000e+02 362 404 4.445000e+02 488 530 5.735000e+02 587 6.065000e+02 6.005000e+02 593 584 578 5.705000e+02 5.645000e+02 5.675000e+02 560 524 4.895000e+02 455 4.205000e+02 386 350 3.395000e+02 335 3.395000e+02 3.425000e+02 3.455000e+02 3.485000e+02 353 356 3.635000e+02 377 398 4.205000e+02 440 4.625000e+02 4.835000e+02 506 509 497 467 4.355000e+02 404 3.755000e+02 344 314 299 281 299 317 3.335000e+02 3.515000e+02 371 3.875000e+02 3.845000e+02 389 3.995000e+02 413 425 4.355000e+02 4.475000e+02 461 4.655000e+02 4.655000e+02 4.385000e+02 4.085000e+02 3.815000e+02 353 326 2.975000e+02 293 287 3.605000e+02 437 512 587 662 737 7.355000e+02 7.415000e+02 6.935000e+02 6.455000e+02 596 548 4.985000e+02 452 461 461 431 3.995000e+02 368

crearDespacho --mercado --conDemandaTotal
4
0.02 0.07 0.145 1.0
370 600 2400 4000
678 625 584 571 570 585 611 689 745 785 803 832 842 833 826 827 829 814 787 854 902 898 856 791 710 643 615 597 591 593 616 697 737 777 797 827 821 821 814 816 803 777 746 788 866 862 821 766 703 643 601 583 583 580 608 699 726 734 745 770 780 781 769 769 767 757 741 797 868 865 829 761 677 610 572 553 553 538 569 653 710 752 774 800 815 823 819 812 803 781 742 776 853 840 797 738 661 584 563 547 545 551 581 666 736 764 776 794 795 790 781 791 794 774 749 805 871 845 796 743 679 619 575 559 557 539 527 574 628 669 692 715 725 736 724 704 702 693 704 738 839 791 728 685 640 580 549 519 502 478 469 485 523 577 611 628 638 632 608 572 592 593 600 650 759 769 752 702 625 564 524 511 523 523 560 647 700 727 752 783 787 786 784 781 780 778 740 776 878 884 842 776 682 617 578 566 566 557 580 665 716 752 774 804 820 830 829 829 841 822 782 805 896 897 861 804 707 635 603 584 581 571 605 687 746 790 825 869 895 910 926 932 931 907 859 861 952 960 933 886 794 718 665 640 631 616 636 718 797 869 908 943 964 970 986 960 910 867 818 845 906 892 853 809 741 672 633 615 607 611 624 688 731 762 785 804 808 802 788 760 766 756 737 778 830 818 782 754 697 636 592 575 570 560 550 585 634 679 707 724 739 735 713 700 698 696 673 710 787 780 740 697 645 592 548 525 514 483 474 499 538 584 617 638 653 652 642 635 640 640 629 674 766 770 763 719 653 596 560 547 550 551 577 666 724 761 782 802 803 808 822 821 821 807 770 782 872 872 835 779

configurarSolver --Cplex
resolver --noConstante salida.csv
finalizar
