inicializar --t 360

agregarAgente --SaltoGrande
0.00000000
2133902914
4486 4478 4469 4461 4450 4446 4443 4439 4436 4433 4429 4426 4419 4416 4412 4409 4405 4402 4398 4395 4388 4385 4381 4378 4375 4371 4368 4364 4356 4351 4345 4340 4335 4330 4324 4319 4309 4304 4298 4293 4288 4283 4277 4272 4262 4257 4251 4246 4241 4236 4230 4225 4213 4206 4198 4191 4184 4177 4170 4163 4148 4141 4134 4127 4119 4112 4105 4098 4083 4076 4069 4062 4055 4048 4040 4033 4013 4000 3986 3973 3960 3947 3933 3920 3894 3881 3867 3854 3841 3828 3814 3801 3775 3762 3748 3735 3722 3709 3695 3682 3661 3653 3645 3637 3629 3621 3613 3605 3589 3581 3573 3565 3556 3548 3540 3532 3516 3508 3500 3492 3484 3476 3468 3460 3446 3440 3434 3428 3422 3416 3410 3404 3392 3386 3380 3374 3368 3362 3356 3350 3338 3332 3326 3320 3314 3308 3302 3296 3314 3339 3363 3388 3412 3437 3461 3486 3535 3559 3584 3608 3633 3657 3682 3706 3755 3780 3804 3829 3853 3878 3902 3927 3983 4015 4046 4078 4110 4142 4174 4206 4269 4301 4333 4365 4396 4428 4460 4492 4555 4587 4619 4651 4683 4715 4746 4778 4787 4765 4742 4720 4697 4675 4652 4630 4585 4562 4540 4517 4495 4472 4450 4427 4382 4360 4337 4315 4292 4270 4247 4225 4182 4162 4142 4122 4103 4083 4063 4043 4003 3983 3963 3943 3924 3904 3884 3864 3824 3804 3784 3764 3745 3725 3705 3685 3649 3633 3617 3601 3585 3569 3553 3537 3505 3489 3473 3457 3441 3425 3409 3393 3361 3345 3329 3313 3297 3281 3265 3249 3225 3218 3210 3202 3195 3187 3180 3172 3157 3149 3141 3134 3126 3119 3111 3103 3088 3080 3073 3065 3058 3050 3042 3035 3024 3022 3019 3017 3014 3012 3009 3007 3002 2999 2997 2994 2992 2989 2987 2984 2979 2977 2974 2972 2969 2967 2964 2962 2958 2958 2957 2957 2956 2956 2955 2955 2954 2953 2953 2952 2952 2951 2951 2950 2949 2949 2948 2948 2947 2947 2946 2946 2938 2932 2925 2918 2911 2905 2898 2891 2878 2871 2864 2857 2851 2844 2837 2830 2817 2810 2803 2797

agregarAgente --UnidadTermicaSimple
200
100

agregarAgente --DemandaFija
188 134 79 79 79 151 221 293 364 434 506 506 506 543 580 617 653 690 727 727 727 686 646 605 565 524 484 484 484 532 582 631 680 730 778 778 778 771 764 757 749 742 734 734 734 696 658 620 583 545 506 506 506 548 590 632 673 715 757 757 757 772 787 802 817 832 848 848 848 734 622 508 395 281 169 169 169 198 228 257 287 317 347 347 347 345 343 341 340 338 337 337 337 296 254 214 172 131 90 90 90 143 196 248 302 354 407 407 407 462 516 571 626 680 734 734 734 689 644 598 553 508 463 463 463 476 490 503 517 530 544 544 544 547 550 554 557 560 563 563 563 524 485 445 406 367 328 328 328 371 413 455 497 540 582 582 582 600 619 636 654 672 690 690 690 620 551 481 411 341 271 271 271 313 355 397 439 481 522 522 522 563 604 644 685 725 766 766 766 694 623 552 480 409 337 337 337 395 453 511 568 626 684 684 684 723 761 800 839 878 917 917 917 859 802 744 686 629 571 571 571 595 619 642 665 689 713 713 713 686 661 635 609 583 557 557 557 469 382 293 206 117 29 29 29 100 170 240 311 381 451 451 451 432 413 394 375 356 337 337 337 296 255 214 173 132 91 91 91 148 206 263 322 379 437 437 437 454 470 487 503 520 537 537 537 449 361 273 185 97 10 10 10 11 13 15 17 19 20 20 20 32 45 57 69 81 93 93 93 79 65 52 37 23 10 10 10 22 34 46 58 70 83 83 83 100 118 136 153 171 188 188 188 173 157 142 126 109 94 94 94 179 265 350 436 521 607 607 607 594 581 569 557 544 531 531 531 463 395 327

crearDespacho --mercado --conDemandaTotal
4
0.02 0.07 0.145 1.0
370 600 2400 4000
708 637 588 568 570 593 660 733 755 785 802 818 805 798 783 770 773 815 932 970 979 959 913 826 733 657 607 596 593 616 689 774 798 835 865 897 908 902 890 876 878 921 1000 1024 1032 1015 964 878 774 681 626 605 604 626 713 807 840 874 882 887 892 876 854 829 827 860 972 1007 1012 989 932 874 781 704 647 614 611 615 641 686 719 778 817 836 847 844 831 824 825 857 955 978 967 936 883 835 755 676 619 582 565 567 572 570 593 656 696 710 721 715 697 683 686 727 844 876 889 883 848 791 725 649 601 578 574 591 635 692 738 800 828 844 842 841 821 801 808 846 952 991 1006 993 948 872 767 676 625 604 602 625 703 796 838 867 881 892 870 856 839 824 829 865 979 1030 1052 1043 988 902 781 690 643 622 624 650 734 832 884 923 920 914 889 861 843 832 829 869 995 1042 1060 1040 1004 920 801 709 654 632 633 657 735 849 883 913 917 907 881 857 837 823 824 857 984 1032 1053 1042 989 902 788 702 646 623 621 646 724 824 871 907 905 902 862 838 815 797 792 830 948 990 1006 1015 967 902 791 697 641 611 607 613 645 677 724 785 799 791 785 768 745 732 725 755 887 906 906 878 827 772 707 652 606 571 555 550 556 563 578 638 682 687 688 673 655 646 647 683 806 839 851 832 800 746 673 607 564 548 544 569 640 723 743 766 770 793 791 781 773 755 752 781 875 894 896 868 812 742 664 598 544 535 538 554 626 708 719 748 772 790 785 774 758 746 756 776 863 889 898 880 832 734 658 589 558 545 547 574 642 715 744 762 773 818 822 827 815 805 816 854 913 923 929 903 852 790

configurarSolver --Cplex
resolver --noConstante salida.csv
finalizar
