inicializar --t 360

agregarAgente --SaltoGrande
0.00029600
2104235473
1017 1019 1021 1022 1027 1030 1033 1036 1040 1043 1046 1049 1055 1058 1061 1064 1068 1071 1074 1077 1083 1086 1089 1092 1096 1099 1102 1105 1100 1093 1085 1077 1069 1062 1054 1046 1031 1023 1016 1008 1000 992 985 977 962 954 946 939 931 923 915 908 900 901 901 901 901 902 902 902 903 903 904 904 904 904 905 905 906 906 906 907 907 907 907 908 907 905 904 903 901 900 899 897 895 893 892 891 889 888 887 885 883 881 880 879 877 876 875 873 871 870 869 868 867 866 866 865 863 862 861 860 859 858 857 856 854 853 853 852 851 850 849 848 850 853 856 859 862 865 868 871 877 880 883 886 889 892 895 898 904 907 910 913 916 919 922 925 930 933 935 937 939 942 944 946 951 953 956 958 960 962 965 967 972 974 976 979 981 983 985 988 992 994 995 997 999 1001 1002 1004 1008 1010 1011 1013 1015 1017 1018 1020 1024 1026 1027 1029 1031 1033 1034 1036 1052 1067 1081 1096 1110 1125 1139 1154 1183 1197 1212 1226 1241 1255 1270 1284 1313 1328 1342 1357 1371 1386 1400 1415 1429 1429 1428 1428 1428 1428 1427 1427 1427 1427 1426 1426 1426 1426 1425 1425 1425 1425 1424 1424 1424 1424 1423 1423 1491 1558 1626 1693 1761 1829 1896 1964 2099 2167 2234 2302 2369 2437 2504 2572 2707 2775 2842 2910 2978 3045 3113 3180 3294 3340 3385 3431 3477 3523 3569 3615 3706 3752 3798 3844 3889 3935 3981 4027 4118 4164 4210 4256 4302 4348 4393 4439 4466 4446 4427 4407 4388 4368 4349 4329 4291 4271 4252 4232 4213 4193 4174 4154 4116 4096 4077 4057 4038 4018 3999 3979 3929 3898 3867 3836 3805 3774 3743 3712 3650 3619 3588 3557 3526 3495 3464 3433 3371 3340 3309 3278 3247 3216 3185 3154 3097 3072 3046 3020 2994 2969 2943 2917 2866 2840 2815 2789 2763 2737 2712 2686 2635 2609 2583 2558

agregarAgente --UnidadTermicaSimple
200
100

agregarAgente --DemandaFija
385 395 406 406 406 454 501 548 596 644 691 691 691 648 604 560 517 473 429 429 429 361 293 224 156 88 19 19 19 26 34 42 49 56 64 64 64 71 79 87 95 103 111 111 111 101 91 82 72 62 52 52 52 100 148 196 245 293 341 341 341 347 353 360 367 373 380 380 380 354 329 303 277 252 227 227 227 281 337 392 448 503 559 559 559 559 559 559 559 560 560 560 560 478 395 313 230 148 65 65 65 130 193 258 323 387 452 452 452 466 481 496 511 526 541 541 541 479 418 356 295 233 172 172 172 208 244 280 317 353 390 390 390 389 387 386 385 383 382 382 382 350 318 285 253 221 189 189 189 234 279 325 370 415 460 460 460 472 485 497 510 522 535 535 535 517 499 481 463 444 425 425 425 454 482 509 538 566 593 593 593 599 604 610 616 622 627 627 627 613 599 586 572 559 545 545 545 574 602 630 658 686 715 715 715 703 689 677 664 652 639 639 639 620 601 581 563 544 524 524 524 530 536 542 548 553 559 559 559 547 535 523 511 499 487 487 487 475 461 448 435 422 409 409 409 409 408 407 406 406 405 405 405 419 433 446 461 475 488 488 488 487 487 485 484 483 482 482 482 490 497 505 512 520 527 527 527 527 527 527 526 526 526 526 526 486 445 405 364 323 283 283 283 332 382 431 481 530 579 579 579 546 512 479 445 412 379 379 379 330 281 233 184 135 86 86 86 113 140 167 194 221 247 247 247 244 241 238 234 230 227 227 227 223 218 213 208 203 198 198 198 274 350 427 503 579 655 655 655 619 582 546 509 473 436 436 436 403 370 337

crearDespacho --mercado --conDemandaTotal
4
0.02 0.07 0.145 1.0
370 600 2400 4000
701 635 595 581 581 582 610 690 754 801 823 842 848 855 853 851 844 820 773 773 863 880 847 795 716 650 607 589 583 569 598 676 733 767 787 810 823 814 801 804 805 803 791 826 860 843 795 746 677 618 580 557 542 548 575 634 678 708 740 770 784 781 773 766 767 769 748 758 838 846 802 750 689 620 572 545 536 515 518 554 605 653 679 692 709 714 704 703 705 709 698 709 796 792 747 694 646 592 545 517 505 475 463 487 529 578 623 655 685 709 716 727 733 736 725 730 826 876 874 849 781 700 655 626 607 602 616 676 741 779 800 810 809 797 784 773 766 756 737 758 826 833 799 742 678 608 565 550 548 551 569 646 696 725 740 758 764 766 753 746 742 736 718 751 832 836 806 753 679 613 571 550 551 548 568 639 701 733 755 777 787 795 794 790 789 788 766 778 865 876 833 784 709 638 593 573 572 568 588 659 725 766 787 808 832 847 850 849 847 828 813 838 890 883 845 790 717 656 605 584 581 579 594 660 730 746 793 839 845 863 859 860 848 835 804 798 879 887 852 806 739 674 626 600 589 569 564 602 653 698 727 746 761 770 764 764 759 755 727 734 820 825 790 749 690 635 587 559 548 522 503 526 570 618 654 677 706 719 722 727 729 723 699 701 791 823 816 785 730 662 611 582 571 554 556 610 676 730 760 783 803 818 826 832 827 813 785 796 882 860 780 730 677 662 629 587 561 524 489 493 518 549 587 617 638 647 655 675 691 693 676 682 779 831 833 805 742 671 626 598 592 577 595 656 734 802 853 898 939 971 994 1000 986 950 892 869 962 995 973 928

configurarSolver --Cplex
resolver --noConstante salida.csv
finalizar
