inicializar --t 360

agregarAgente --SaltoGrande
0.00335000
1807461596
4016 4013 4010 4008 4015 4025 4034 4044 4054 4064 4073 4083 4103 4113 4122 4132 4142 4152 4161 4171 4191 4201 4210 4220 4230 4240 4249 4259 4285 4302 4318 4334 4350 4367 4383 4399 4432 4448 4464 4480 4497 4513 4529 4545 4578 4594 4610 4627 4643 4659 4675 4692 4689 4671 4652 4634 4615 4597 4578 4560 4523 4504 4486 4467 4449 4430 4412 4393 4356 4338 4319 4301 4282 4264 4245 4227 4220 4231 4243 4255 4267 4278 4290 4302 4325 4337 4348 4360 4372 4384 4395 4407 4430 4442 4454 4465 4477 4489 4501 4512 4575 4626 4677 4727 4778 4829 4880 4931 5033 5083 5134 5185 5236 5287 5338 5388 5490 5541 5592 5643 5694 5744 5795 5846 5965 6032 6100 6168 6236 6303 6371 6439 6574 6642 6709 6777 6845 6913 6980 7048 7183 7251 7319 7386 7454 7522 7590 7657 7768 7810 7853 7896 7938 7981 8024 8066 8152 8194 8237 8280 8322 8365 8408 8450 8536 8578 8621 8664 8706 8749 8792 8834 8923 8970 9016 9063 9109 9156 9202 9249 9342 9388 9435 9481 9528 9574 9621 9667 9760 9807 9853 9900 9946 9993 10039 10086 10184 10236 10289 10341 10393 10445 10498 10550 10654 10706 10759 10811 10863 10915 10968 11020 11124 11176 11229 11281 11333 11385 11438 11490 11584 11625 11667 11709 11751 11792 11834 11876 11959 12001 12042 12084 12126 12168 12209 12251 12334 12376 12418 12459 12501 12543 12585 12626 12720 12773 12825 12878 12930 12983 13035 13088 13193 13245 13298 13350 13403 13455 13508 13560 13665 13718 13770 13823 13875 13928 13980 14033 14115 14145 14175 14205 14235 14265 14295 14325 14385 14415 14445 14475 14504 14534 14564 14594 14654 14684 14714 14744 14774 14804 14834 14864 14896 14898 14900 14902 14904 14906 14909 14911 14915 14917 14919 14921 14923 14925 14927 14929 14933 14935 14938 14940 14942 14944 14946 14948 14935 14919 14904 14888 14873 14857 14842 14826 14795 14780 14764 14749 14733 14718 14702 14687 14656 14640 14625 14609 14594 14578 14563 14547 14507 14482 14457 14432 14407 14382 14357 14332 14282 14257 14232 14207 14183 14158 14133 14108 14058 14033 14008 13983

agregarAgente --UnidadTermicaSimple
200
100

agregarAgente --DemandaFija
6.125000e+02 569 527 527 527 533 539 545 551 557 5.645000e+02 5.645000e+02 5.645000e+02 548 5.315000e+02 515 4.985000e+02 482 4.655000e+02 4.655000e+02 4.655000e+02 413 362 308 2.555000e+02 203 152 152 152 2.105000e+02 272 332 3.935000e+02 452 5.135000e+02 5.135000e+02 5.135000e+02 5.555000e+02 596 638 6.785000e+02 7.205000e+02 7.625000e+02 7.625000e+02 7.625000e+02 665 569 4.715000e+02 3.755000e+02 278 182 182 182 2.465000e+02 3.095000e+02 3.755000e+02 4.385000e+02 503 566 566 566 620 674 728 7.805000e+02 8.345000e+02 8.885000e+02 8.885000e+02 8.885000e+02 8.885000e+02 8.885000e+02 890 890 890 890 890 890 905 920 9.335000e+02 9.485000e+02 962 977 977 977 9.575000e+02 938 9.185000e+02 899 8.795000e+02 860 860 860 7.715000e+02 6.815000e+02 5.915000e+02 503 413 3.245000e+02 3.245000e+02 3.245000e+02 4.115000e+02 4.985000e+02 584 6.725000e+02 7.595000e+02 845 845 845 884 923 962 1001 1.038500e+03 1.077500e+03 1.077500e+03 1.077500e+03 980 8.825000e+02 785 6.875000e+02 5.885000e+02 4.925000e+02 4.925000e+02 4.925000e+02 4.955000e+02 4.985000e+02 503 5.075000e+02 5.105000e+02 515 515 515 512 5.075000e+02 506 503 4.985000e+02 497 497 497 4.295000e+02 362 2.945000e+02 227 161 9.350000e+01 9.350000e+01 9.350000e+01 1.205000e+02 149 176 2.045000e+02 2.315000e+02 260 260 260 362 464 566 6.695000e+02 773 875 875 875 8.015000e+02 728 6.545000e+02 5.795000e+02 506 4.325000e+02 4.325000e+02 4.325000e+02 497 560 6.245000e+02 6.875000e+02 752 8.165000e+02 8.165000e+02 8.165000e+02 9.125000e+02 1010 1.107500e+03 1205 1.302500e+03 1.398500e+03 1.398500e+03 1.398500e+03 1241 1082 9.245000e+02 767 6.095000e+02 4.505000e+02 4.505000e+02 4.505000e+02 488 5.255000e+02 563 6.005000e+02 638 6.755000e+02 6.755000e+02 6.755000e+02 7.535000e+02 830 908 986 1.062500e+03 1.140500e+03 1.140500e+03 1.140500e+03 1055 9.695000e+02 884 7.985000e+02 713 6.275000e+02 6.275000e+02 6.275000e+02 668 707 7.475000e+02 7.865000e+02 8.255000e+02 866 866 866 8.855000e+02 905 9.245000e+02 944 9.635000e+02 983 983 983 8.855000e+02 7.865000e+02 689 5.915000e+02 494 395 395 395 4.565000e+02 5.165000e+02 578 6.395000e+02 6.995000e+02 761 761 761 779 7.955000e+02 8.135000e+02 8.315000e+02 8.495000e+02 8.675000e+02 8.675000e+02 8.675000e+02 800 7.355000e+02 668 6.005000e+02 5.345000e+02 467 467 467 5.975000e+02 728 8.585000e+02 989 1.119500e+03 1250 1250 1250 1289 1.326500e+03 1.365500e+03 1.404500e+03 1442 1.482500e+03 1.482500e+03 1.482500e+03 1.401500e+03 1319 1.239500e+03 1157 1076 995 995 995 1.047500e+03 1.101500e+03 1154 1205 1259 1.311500e+03 1.311500e+03 1.311500e+03 1.347500e+03 1.380500e+03 1415 1.449500e+03 1484 1.518500e+03 1.518500e+03 1.518500e+03 1439 1.359500e+03 1280 1.200500e+03 1121 1.041500e+03 1.041500e+03 1.041500e+03 1.062500e+03 1.083500e+03 1.104500e+03 1.125500e+03 1.146500e+03 1.167500e+03 1.167500e+03 1.167500e+03 1151 1136 1121 1.104500e+03 1088 1073 1073 1073 9.275000e+02 782 6.365000e+02 4.895000e+02 344 197 197 197 200 2.015000e+02 203 2.045000e+02 206 209 209 209 317 4.265000e+02 5.345000e+02 6.425000e+02 752 860 860 860 842 8.255000e+02 809

crearDespacho --mercado --conDemandaTotal
4
0.02 0.07 0.145 1.0
370 600 2400 4000
784 694 614 573 555 552 559 576 596 667 722 735 717 705 697 722 748 787 904 956 985 983 947 869 767 683 634 610 612 639 721 839 893 949 970 986 970 955 928 916 926 961 1079 1129 1154 1139 1078 985 857 737 679 653 646 665 751 866 909 958 974 1005 1003 991 983 964 962 989 1053 1075 1079 1048 979 902 802 706 641 605 590 590 600 618 636 697 761 795 813 829 821 815 839 847 929 958 969 953 916 848 753 664 604 579 577 601 673 766 827 873 916 966 985 981 952 941 936 956 991 1023 1027 1006 966 878 763 680 630 603 604 623 686 793 863 918 971 1023 1044 1054 1055 1032 1028 1038 1103 1130 1138 1120 1085 1020 929 829 756 716 698 701 723 761 785 850 892 901 899 886 868 854 854 895 1004 1049 1069 1048 1006 947 844 754 680 635 616 612 622 629 653 757 853 890 911 917 901 893 904 920 1019 1056 1070 1065 1024 942 842 736 653 622 622 662 757 881 956 1015 1034 1040 1024 1004 984 969 964 1001 1110 1169 1205 1221 1166 1066 940 811 750 727 719 741 825 944 1004 1051 1063 1055 1040 1031 1013 989 982 1015 1118 1166 1202 1201 1146 1056 941 826 760 737 736 755 838 959 1011 1072 1088 1090 1076 1080 1083 1078 1088 1117 1155 1175 1196 1190 1130 1028 902 796 730 706 692 714 775 868 917 978 1017 1048 1059 1052 1040 1028 1029 1041 1105 1138 1144 1123 1068 975 869 769 698 666 662 683 754 857 906 962 992 1012 990 973 966 959 955 964 1040 1074 1082 1055 1012 948 865 766 694 661 647 650 672 700 735 816 881 925 952 965 958 952 946 953 1022 1045 1042 1039 999 952 890 804 704 651 629 619 622 629 646 724 809 872 945 971 965 959 955 967 1037 1072 1081 1067 1022 955

configurarSolver --Cplex
resolver --noConstante salida.csv
finalizar
