inicializar --t 360

agregarAgente --SaltoGrande
0.00000000
2618270994
4997 4998 4999 4999 4991 4982 4973 4964 4955 4946 4938 4929 4911 4902 4893 4884 4875 4866 4857 4848 4830 4821 4813 4804 4795 4786 4777 4768 4755 4752 4748 4745 4741 4737 4734 4730 4723 4719 4716 4712 4709 4705 4702 4698 4691 4687 4684 4680 4676 4673 4669 4666 4676 4690 4704 4718 4732 4746 4760 4774 4802 4816 4830 4844 4859 4873 4887 4901 4929 4943 4957 4971 4985 4999 5013 5027 5037 5033 5028 5024 5020 5016 5011 5007 4999 4995 4990 4986 4982 4978 4973 4969 4961 4957 4952 4948 4944 4940 4935 4931 4931 4936 4940 4944 4948 4953 4957 4961 4970 4974 4979 4983 4987 4991 4996 5000 5009 5013 5017 5022 5026 5030 5034 5039 5032 5022 5011 5001 4990 4979 4969 4958 4937 4926 4916 4905 4895 4884 4874 4863 4842 4831 4821 4810 4799 4789 4778 4768 4746 4734 4723 4711 4700 4688 4677 4665 4643 4631 4620 4608 4597 4585 4574 4562 4540 4528 4517 4505 4494 4482 4471 4459 4473 4499 4524 4550 4575 4601 4626 4652 4703 4728 4754 4779 4805 4830 4856 4881 4932 4958 4983 5009 5034 5060 5085 5111 5168 5199 5231 5262 5294 5325 5357 5388 5451 5483 5514 5546 5577 5609 5640 5672 5735 5766 5798 5829 5861 5892 5924 5955 5983 5979 5976 5972 5968 5964 5960 5956 5949 5945 5941 5937 5934 5930 5926 5922 5915 5911 5907 5903 5899 5895 5892 5888 5877 5871 5864 5857 5851 5844 5837 5831 5817 5811 5804 5797 5791 5784 5777 5771 5757 5751 5744 5737 5731 5724 5717 5711 5695 5686 5677 5668 5659 5650 5641 5632 5614 5605 5596 5587 5578 5569 5560 5551 5533 5524 5515 5506 5497 5488 5479 5470 5459 5456 5454 5452 5449 5447 5444 5442 5437 5435 5433 5430 5428 5425 5423 5421 5416 5414 5411 5409 5406 5404 5402 5399 5452 5507 5562 5617 5671 5726 5781 5836 5946 6001 6056 6111 6165 6220 6275 6330 6440 6495 6550 6605 6659 6714 6769 6824 6861 6844 6826 6809 6791 6773 6756 6738 6703 6685 6668 6650 6633 6615 6598 6580 6545 6527 6510 6492

agregarAgente --UnidadTermicaSimple
200
100

agregarAgente --DemandaFija
239 2.105000e+02 182 182 182 2.495000e+02 3.155000e+02 3.815000e+02 449 515 5.825000e+02 5.825000e+02 5.825000e+02 536 491 4.445000e+02 3.995000e+02 353 3.065000e+02 3.065000e+02 3.065000e+02 2.675000e+02 2.255000e+02 1.865000e+02 146 104 65 65 65 9.050000e+01 1.175000e+02 1.445000e+02 170 197 224 224 224 3.095000e+02 3.965000e+02 4.835000e+02 569 6.545000e+02 7.415000e+02 7.415000e+02 7.415000e+02 7.145000e+02 6.905000e+02 665 641 6.155000e+02 5.915000e+02 5.915000e+02 5.915000e+02 6.155000e+02 638 662 686 7.085000e+02 734 734 734 734 734 7.355000e+02 7.355000e+02 7.355000e+02 7.355000e+02 7.355000e+02 7.355000e+02 6.275000e+02 518 4.085000e+02 3.005000e+02 191 8.150000e+01 8.150000e+01 8.150000e+01 1.145000e+02 146 1.775000e+02 2.105000e+02 242 275 275 275 326 377 428 479 530 581 581 581 6.065000e+02 6.305000e+02 6.545000e+02 6.785000e+02 704 728 728 728 7.715000e+02 8.135000e+02 8.585000e+02 902 944 9.875000e+02 9.875000e+02 9.875000e+02 989 992 9.935000e+02 9.965000e+02 998 1001 1001 1001 9.485000e+02 899 848 797 746 695 695 695 734 7.715000e+02 809 845 884 9.215000e+02 9.215000e+02 9.215000e+02 953 9.875000e+02 1019 1052 1.083500e+03 1118 1118 1118 9.875000e+02 8.585000e+02 7.295000e+02 6.005000e+02 470 341 341 341 3.905000e+02 4.385000e+02 488 5.345000e+02 5.825000e+02 632 632 632 680 7.295000e+02 7.775000e+02 827 8.765000e+02 9.245000e+02 9.245000e+02 9.245000e+02 8.855000e+02 845 8.075000e+02 767 728 6.875000e+02 6.875000e+02 6.875000e+02 7.235000e+02 761 797 833 869 905 905 905 9.125000e+02 9.185000e+02 926 9.335000e+02 9.395000e+02 947 947 947 8.645000e+02 782 6.995000e+02 6.185000e+02 5.345000e+02 452 452 452 503 5.525000e+02 602 6.545000e+02 704 7.535000e+02 7.535000e+02 7.535000e+02 7.325000e+02 7.115000e+02 6.905000e+02 6.695000e+02 6.485000e+02 6.275000e+02 6.275000e+02 6.275000e+02 5.705000e+02 512 455 398 3.395000e+02 2.825000e+02 2.825000e+02 2.825000e+02 341 3.995000e+02 458 5.165000e+02 575 635 635 635 617 599 5.825000e+02 5.645000e+02 548 530 530 530 476 422 368 3.125000e+02 2.585000e+02 2.045000e+02 2.045000e+02 2.045000e+02 2.645000e+02 3.245000e+02 386 446 5.075000e+02 566 566 566 599 632 665 6.965000e+02 731 764 764 764 698 6.335000e+02 569 503 4.385000e+02 374 374 374 425 476 527 578 629 680 680 680 674 668 6.605000e+02 6.545000e+02 647 641 641 641 5.945000e+02 548 5.015000e+02 4.535000e+02 407 362 362 362 3.815000e+02 401 4.205000e+02 440 461 4.805000e+02 4.805000e+02 4.805000e+02 476 4.745000e+02 470 467 464 461 461 461 428 395 3.635000e+02 3.305000e+02 299 266 266 266 326 386 446 5.075000e+02 566 6.275000e+02 6.275000e+02 6.275000e+02 623 6.185000e+02 6.155000e+02 611 6.065000e+02 602 602 602 5.555000e+02 5.105000e+02 464 4.175000e+02 3.725000e+02 326 326 326 3.995000e+02 4.715000e+02 545 6.185000e+02 6.905000e+02 764 764 764 7.775000e+02 7.895000e+02 803 8.165000e+02 830 8.435000e+02 8.435000e+02 8.435000e+02 779 713 650

crearDespacho --mercado --conDemandaTotal
4
0.02 0.07 0.145 1.0
370 600 2400 4000
689 625 583 565 560 579 625 692 739 768 783 807 801 789 775 767 763 769 800 893 905 878 827 773 682 608 562 538 532 544 550 553 607 668 718 787 817 794 763 751 754 765 782 836 841 814 765 716 664 605 555 526 512 509 497 495 536 594 639 664 683 673 657 656 661 682 721 785 821 808 784 739 669 602 564 543 544 584 631 703 754 790 820 841 852 855 838 830 821 785 805 936 970 953 909 841 745 661 615 599 598 623 662 734 783 800 800 804 791 776 767 752 739 734 749 891 940 943 914 870 732 650 602 590 590 613 650 721 769 781 791 794 784 771 755 740 734 733 755 887 932 925 887 824 706 631 582 579 585 605 643 717 755 757 788 784 772 755 734 716 716 723 736 870 908 897 861 795 721 639 595 580 584 604 635 708 742 753 751 781 778 760 743 727 725 734 757 880 911 896 851 793 698 629 581 556 554 566 559 602 665 710 719 716 722 714 689 671 665 668 697 829 853 827 779 730 653 584 539 514 503 504 478 491 533 579 604 617 626 618 598 584 584 601 620 747 800 792 736 674 606 549 512 499 503 527 562 659 718 742 763 791 799 797 794 785 792 778 773 886 916 895 845 776 663 589 544 527 527 547 578 669 715 736 746 773 776 757 743 737 735 727 734 851 885 871 824 752 636 568 529 512 517 540 571 676 723 742 754 761 735 728 728 715 707 713 734 865 910 896 850 770 642 572 532 522 530 552 590 700 749 772 781 798 796 804 790 788 796 807 797 898 931 947 899 823 697 622 590 580 574 593 635 702 769 807 843 872 876 868 848 838 827 836 861 942 961 938 880 806

configurarSolver --Cplex
resolver --noConstante salida.csv
finalizar
