inicializar --t 360

agregarAgente --SaltoGrande
0.00263000
1681415995
5942 5976 6010 6044 6077 6075 6074 6072 6071 6069 6068 6066 6063 6062 6060 6059 6057 6056 6054 6053 6050 6048 6047 6045 6044 6042 6041 6039 6020 6003 5985 5967 5949 5932 5914 5896 5861 5843 5825 5807 5790 5772 5754 5736 5701 5683 5665 5648 5630 5612 5594 5577 5528 5497 5467 5436 5405 5374 5343 5312 5251 5220 5189 5158 5128 5097 5066 5035 4974 4943 4912 4881 4850 4819 4789 4758 4701 4675 4650 4624 4598 4572 4546 4520 4469 4443 4417 4391 4366 4340 4314 4288 4237 4211 4185 4159 4133 4107 4082 4056 4016 4003 3989 3976 3962 3949 3935 3922 3894 3881 3867 3854 3840 3827 3813 3800 3772 3759 3745 3732 3718 3705 3691 3678 3644 3623 3603 3583 3562 3542 3522 3501 3461 3440 3420 3400 3379 3359 3339 3318 3278 3257 3237 3217 3196 3176 3156 3135 3094 3073 3053 3032 3011 2990 2970 2949 2907 2886 2866 2845 2824 2803 2783 2762 2720 2699 2679 2658 2637 2616 2596 2575 2541 2527 2514 2500 2487 2473 2460 2446 2419 2406 2392 2379 2365 2352 2338 2325 2298 2284 2271 2257 2244 2230 2217 2203 2183 2175 2168 2160 2153 2146 2138 2131 2116 2109 2101 2094 2086 2079 2071 2064 2049 2042 2034 2027 2020 2012 2005 1997 1985 1981 1976 1972 1967 1962 1958 1953 1944 1939 1935 1930 1926 1921 1917 1912 1903 1898 1894 1889 1884 1880 1875 1871 1864 1862 1861 1859 1857 1855 1854 1852 1848 1846 1845 1843 1841 1839 1838 1836 1832 1830 1829 1827 1825 1823 1822 1820 1820 1822 1824 1826 1829 1831 1833 1835 1839 1841 1843 1845 1848 1850 1852 1854 1858 1860 1862 1864 1867 1869 1871 1873 1878 1882 1885 1888 1892 1895 1899 1902 1909 1912 1915 1919 1922 1926 1929 1932 1939 1942 1946 1949 1953 1956 1959 1963 1969 1973 1976 1980 1983 1987 1990 1994 2000 2004 2007 2011 2014 2018 2021 2025 2031 2035 2038 2042 2045 2049 2052 2056 2055 2051 2047 2043 2039 2035 2030 2026 2018 2014 2010 2006 2002 1998 1994 1990 1982 1978 1973 1969

agregarAgente --UnidadTermicaSimple
200
100

agregarAgente --DemandaFija
494 482 470 461 4.565000e+02 4.655000e+02 4.715000e+02 479 4.865000e+02 494 5.015000e+02 5.075000e+02 515 527 539 551 5.615000e+02 575 587 5.885000e+02 584 5.855000e+02 587 5.885000e+02 590 5.915000e+02 593 587 584 584 584 5.825000e+02 5.825000e+02 5.825000e+02 5.825000e+02 5.855000e+02 590 605 620 635 650 6.635000e+02 6.785000e+02 6.785000e+02 671 692 713 734 755 776 7.985000e+02 7.895000e+02 7.805000e+02 794 806 818 830 8.435000e+02 8.555000e+02 857 860 875 8.915000e+02 908 9.245000e+02 9.395000e+02 956 9.575000e+02 9.545000e+02 9.035000e+02 8.525000e+02 8.015000e+02 7.505000e+02 6.995000e+02 6.485000e+02 6.425000e+02 6.305000e+02 602 575 5.465000e+02 518 491 4.625000e+02 458 4.565000e+02 455 455 455 4.535000e+02 4.535000e+02 4.535000e+02 4.565000e+02 449 4.325000e+02 416 3.995000e+02 3.845000e+02 368 350 3.395000e+02 332 3.545000e+02 377 3.995000e+02 422 4.445000e+02 467 470 479 497 5.165000e+02 536 5.555000e+02 575 5.945000e+02 6.005000e+02 593 566 5.405000e+02 515 4.865000e+02 461 434 422 4.175000e+02 422 428 434 440 4.475000e+02 452 458 467 4.715000e+02 476 4.805000e+02 485 4.895000e+02 494 500 497 4.925000e+02 485 479 4.715000e+02 4.655000e+02 458 452 455 458 4.625000e+02 467 473 4.775000e+02 4.835000e+02 4.925000e+02 5.045000e+02 4.985000e+02 494 4.895000e+02 485 4.805000e+02 476 4.775000e+02 4.655000e+02 4.655000e+02 464 4.625000e+02 4.625000e+02 461 461 446 443 4.595000e+02 4.775000e+02 4.955000e+02 5.135000e+02 5.315000e+02 548 560 5.735000e+02 584 596 605 617 6.275000e+02 6.365000e+02 641 6.275000e+02 608 5.885000e+02 569 551 530 5.105000e+02 4.925000e+02 4.835000e+02 4.865000e+02 491 494 4.985000e+02 5.015000e+02 5.045000e+02 512 5.255000e+02 530 536 5.405000e+02 5.465000e+02 551 5.555000e+02 5.615000e+02 560 5.435000e+02 527 5.105000e+02 494 479 4.625000e+02 4.535000e+02 434 425 416 4.055000e+02 3.965000e+02 386 377 368 359 362 3.635000e+02 3.665000e+02 368 371 371 374 371 371 371 371 371 371 371 3.665000e+02 3.605000e+02 3.635000e+02 3.665000e+02 371 3.725000e+02 377 3.815000e+02 3.815000e+02 3.845000e+02 386 3.905000e+02 3.935000e+02 3.965000e+02 401 404 407 4.085000e+02 3.905000e+02 3.755000e+02 3.575000e+02 341 323 308 308 308 299 290 2.825000e+02 2.735000e+02 266 2.585000e+02 2.585000e+02 260 2.825000e+02 305 326 3.485000e+02 371 392 3.935000e+02 3.905000e+02 362 3.305000e+02 299 269 2.375000e+02 2.075000e+02 2.045000e+02 2.015000e+02 236 269 3.035000e+02 3.365000e+02 371 4.055000e+02 407 4.085000e+02 4.115000e+02 413 416 4.175000e+02 422 4.235000e+02 425 425 389 3.545000e+02 320 284 2.495000e+02 215 212 2.105000e+02 2.405000e+02 272 3.005000e+02 332 362 392 3.935000e+02 398 4.025000e+02 4.055000e+02 4.085000e+02 4.115000e+02 416 4.175000e+02 422 422 4.085000e+02 395 3.815000e+02 368 353 3.395000e+02 3.365000e+02 3.335000e+02 3.695000e+02 404 440 4.745000e+02 5.105000e+02 5.465000e+02 548 5.525000e+02 557 560 5.645000e+02 566 5.705000e+02 5.735000e+02 578 578 5.405000e+02 503 4.655000e+02

crearDespacho --mercado --conDemandaTotal
4
0.02 0.07 0.145 1.0
370 600 2400 4000
796 730 683 664 660 667 694 739 792 855 901 938 959 980 989 987 963 907 844 874 936 917 885 842 785 729 677 650 638 640 628 632 678 730 770 808 848 871 872 874 850 817 783 826 881 851 811 782 736 683 643 613 598 594 574 559 592 630 672 715 758 787 792 792 790 773 735 784 861 866 859 817 766 706 665 643 639 651 669 701 775 841 893 943 950 964 952 934 899 862 800 845 905 894 859 801 739 672 632 614 607 622 653 693 733 769 788 815 815 807 796 794 793 769 733 802 881 862 827 769 695 638 599 586 586 596 598 662 701 738 764 792 814 816 815 806 785 758 737 806 869 850 818 778 702 637 598 583 587 600 634 677 715 749 776 809 813 817 828 825 816 788 749 814 878 866 838 787 710 652 612 599 593 605 643 689 736 774 808 851 863 872 877 878 868 843 798 852 901 872 845 814 739 672 628 607 602 606 605 610 656 703 734 775 812 836 844 851 848 834 803 863 911 876 834 800 753 697 655 626 610 602 582 555 568 593 620 643 649 646 634 620 617 624 626 709 766 757 741 695 633 581 551 541 539 565 605 657 700 729 750 776 776 774 772 769 761 741 718 807 857 841 803 748 671 613 581 565 565 588 629 674 706 742 779 815 826 806 792 794 788 752 728 831 885 856 817 758 683 626 585 569 568 587 632 673 713 745 767 790 803 814 829 836 828 807 794 883 925 895 847 769 700 639 602 587 585 598 640 667 706 734 751 772 767 755 742 739 731 719 722 807 845 826 791 730 662 602 565 551 557 581 626 669 707 731 748 772 767 766 764 757 754 743 730 823 860 847 803 741

configurarSolver --Cplex
resolver --noConstante salida.csv
finalizar
